,latitude,longitude,accommodates,bedrooms,beds,price,review_scores_rating,total_viviendas_host,reviews_per_month,amenities_len,room_type_code,eur_distrito,ranking,dist_p_sol,bathrooms_num,bathrooms_priv_or_shar,facturas_inc,pet,airport,breakfast,wifi,pool,air_cond,elevator,balcony,workspace,nespresso,single_level,host_since_years,metros_cuadr,rangos_precios
0,40.45724,-3.67688,2,1.0,1.0,60.0,98.0,1,0.58,272,50,4508.0,67.220486,5.8,1.0,0,0,0,1,0,1,0,1,1,0,0,0,0,13,18.0,100.0
1,40.40381,-3.7413,1,1.0,1.0,31.0,92.0,2,0.42,444,50,2287.0,47.008319,4.7,1.0,1,0,0,0,0,1,0,1,1,0,1,0,0,12,10.5,50.0
2,40.3884,-3.69511,6,3.0,5.0,50.0,0.0,7,0.0,631,200,3917.0,55.025641,1.9,2.0,1,0,0,0,0,1,1,0,1,1,1,0,1,12,51.0,50.0
3,40.42183,-3.70529,3,0.0,1.0,92.0,98.0,1,0.13,460,200,4503.0,68.043894,0.8,1.0,1,0,0,0,0,1,0,1,1,0,1,0,0,2,25.5,100.0
4,40.38975,-3.69018,1,1.0,1.0,26.0,94.0,1,1.12,215,50,3917.0,55.025641,1.9,1.0,1,0,0,0,0,1,0,0,1,1,0,0,0,12,10.5,50.0
5,40.3886,-3.69492,6,3.0,4.0,85.0,80.0,7,0.03,154,200,3917.0,55.025641,1.9,1.0,0,0,0,0,0,1,1,1,1,0,0,0,0,12,48.0,100.0
6,40.41476,-3.70418,2,1.0,2.0,65.0,93.0,3,1.29,127,200,4503.0,68.043894,0.8,1.0,1,0,0,0,0,1,0,1,1,0,0,0,0,12,18.0,100.0
7,40.41259,-3.70105,2,1.0,1.0,54.0,88.0,1,0.11,155,200,4503.0,68.043894,0.8,1.0,1,0,0,0,0,1,0,0,1,0,0,0,0,12,18.0,100.0
9,40.41969,-3.69736,4,1.0,2.0,79.0,93.0,11,0.91,437,200,4503.0,68.043894,0.8,1.0,1,0,0,0,0,1,0,1,1,0,1,0,0,7,33.0,100.0
10,40.42247,-3.70577,3,1.0,3.0,90.0,93.0,3,0.38,105,200,4503.0,68.043894,0.8,1.0,1,0,0,0,0,1,0,1,1,0,0,0,0,12,25.5,100.0
11,40.42792,-3.67682,3,2.0,2.0,82.0,97.0,2,0.44,316,200,5328.0,74.694253,2.2,2.0,1,0,0,0,0,1,0,1,1,0,1,0,0,12,28.5,100.0
12,40.42103,-3.71038,1,1.0,1.0,40.0,99.0,1,0.15,294,50,4503.0,68.043894,0.8,1.0,0,0,0,0,0,1,0,0,1,0,0,0,0,0,10.5,50.0
13,40.41884,-3.69655,3,1.0,2.0,24.0,91.0,2,2.21,250,50,4503.0,68.043894,0.8,1.5,0,0,0,0,0,1,0,0,0,0,1,0,0,12,27.0,50.0
14,40.48543,-3.72318,2,1.0,1.0,21.0,95.0,2,0.46,322,50,3545.0,57.198083,16.4,1.0,0,0,0,0,0,1,0,0,1,0,1,0,0,12,18.0,50.0
15,40.42381,-3.71038,2,1.0,1.0,51.0,97.0,1,0.33,421,200,4503.0,68.043894,0.8,1.0,1,0,0,0,0,1,0,1,1,1,1,0,0,11,18.0,100.0
16,40.42191,-3.71038,3,2.0,2.0,75.0,80.0,1,0.1,363,200,4503.0,68.043894,0.8,1.0,1,0,0,0,0,1,0,1,0,0,1,0,0,11,25.5,100.0
17,40.4115,-3.70449,5,3.0,6.0,139.0,91.0,5,0.87,439,200,4503.0,68.043894,0.8,1.5,1,0,0,0,0,1,0,1,0,1,1,0,0,11,42.0,150.0
18,40.40864,-3.70884,4,1.0,2.0,80.0,92.0,1,0.11,401,200,4503.0,68.043894,0.8,1.0,1,0,0,0,0,1,0,1,0,1,1,0,0,11,33.0,100.0
19,40.40892,-3.69697,3,1.0,2.0,63.0,95.0,1,0.51,341,200,4503.0,68.043894,0.8,1.0,1,0,0,0,0,1,0,1,1,0,0,0,0,11,25.5,100.0
20,40.42342,-3.68123,2,1.0,1.0,63.0,96.0,1,0.89,133,200,5328.0,74.694253,2.2,1.0,1,0,0,0,0,1,0,0,1,0,0,0,0,11,18.0,100.0
21,40.40866,-3.70374,2,1.0,1.0,46.0,93.0,1,1.53,400,200,4503.0,68.043894,0.8,1.0,1,0,0,0,0,1,0,1,1,0,0,0,1,12,18.0,50.0
22,40.40939,-3.69812,5,3.0,3.0,125.0,96.0,5,1.28,522,200,4503.0,68.043894,0.8,1.0,1,0,0,0,0,1,0,1,0,1,1,0,0,11,40.5,150.0
23,40.41358,-3.71353,6,2.0,3.0,114.0,96.0,1,1.75,533,200,4503.0,68.043894,0.8,1.0,1,0,0,0,0,1,0,1,1,0,1,0,0,11,48.0,150.0
24,40.42491,-3.69552,2,1.0,1.0,70.0,99.0,1,0.76,325,50,4503.0,68.043894,0.8,1.5,0,0,0,0,0,1,0,1,0,1,0,0,0,11,19.5,100.0
25,40.42378,-3.70248,3,1.0,2.0,45.0,89.0,3,5.31,388,50,4503.0,68.043894,0.8,2.0,0,0,0,0,1,1,0,0,1,1,1,0,0,11,28.5,50.0
26,40.38159,-3.65534,2,1.0,2.0,31.0,91.0,7,0.64,275,50,1890.0,41.443535,5.0,1.0,1,0,0,0,0,1,0,0,1,0,0,0,0,11,18.0,50.0
27,40.50044,-3.67032,2,1.0,1.0,60.0,93.0,1,0.05,165,200,3545.0,57.198083,16.4,1.0,1,0,0,0,0,0,1,0,1,0,0,0,0,11,18.0,100.0
28,40.40786,-3.70223,2,0.0,1.0,50.0,95.0,4,0.68,325,200,4503.0,68.043894,0.8,1.0,1,0,0,0,0,1,0,0,0,1,1,0,0,9,18.0,50.0
29,40.43422,-3.64196,1,1.0,1.0,19.0,0.0,1,0.0,293,50,2893.0,50.090625,6.5,1.0,0,0,0,0,1,1,0,1,0,1,1,0,0,11,10.5,50.0
30,40.42318,-3.69748,4,2.0,2.0,96.0,94.0,1,0.19,385,200,4503.0,68.043894,0.8,1.0,1,0,0,0,0,1,0,1,0,1,1,0,0,11,33.0,100.0
31,40.43815,-3.69764,4,2.0,3.0,70.0,91.0,6,1.57,338,200,4855.0,64.056634,2.4,2.0,1,0,0,1,0,1,0,1,1,0,1,0,0,11,36.0,100.0
32,40.4382,-3.69389,4,1.0,2.0,70.0,91.0,6,0.98,280,200,4855.0,64.056634,2.4,1.0,1,0,0,1,0,1,1,1,1,0,1,0,0,11,33.0,100.0
33,40.40919,-3.70908,4,2.0,1.0,105.0,93.0,7,0.67,273,200,4503.0,68.043894,0.8,1.0,1,0,0,0,0,1,0,1,1,0,0,0,0,11,33.0,150.0
34,40.41143,-3.70912,2,1.0,2.0,20.0,95.0,4,1.68,513,50,4503.0,68.043894,0.8,1.0,0,0,0,1,0,1,0,0,1,0,1,0,0,11,18.0,50.0
35,40.42231,-3.70482,2,1.0,1.0,32.0,91.0,3,1.84,283,50,4503.0,68.043894,0.8,1.0,1,0,0,1,0,1,0,0,1,0,0,0,0,11,18.0,50.0
36,40.41001,-3.70704,3,0.0,2.0,44.0,93.0,4,4.46,570,200,4503.0,68.043894,0.8,1.0,1,0,0,1,0,1,0,1,0,0,1,0,0,11,25.5,50.0
37,40.4141,-3.70289,8,2.0,2.0,148.0,93.0,1,0.86,394,200,4503.0,68.043894,0.8,2.5,1,0,0,0,0,1,0,1,0,0,1,0,0,11,67.5,150.0
38,40.41012,-3.69709,1,1.0,1.0,30.0,98.0,1,2.21,94,50,4503.0,68.043894,0.8,1.0,1,0,0,0,0,1,0,0,0,0,1,0,0,11,10.5,50.0
39,40.35761,-3.69723,1,1.0,1.0,21.0,99.0,1,0.6,519,50,1696.0,37.641618,9.0,1.0,0,0,0,0,0,1,0,1,1,0,1,0,1,11,10.5,50.0
40,40.41392,-3.70049,4,1.0,3.0,69.0,90.0,8,0.82,153,200,4503.0,68.043894,0.8,1.0,1,0,0,0,0,1,0,1,0,0,0,0,0,11,33.0,100.0
41,40.43765,-3.70408,4,1.0,2.0,65.0,95.0,1,0.07,250,200,4855.0,64.056634,2.4,1.0,1,0,0,0,0,1,0,0,0,0,1,0,0,0,33.0,100.0
42,40.45575,-3.64912,2,1.0,1.0,45.0,97.0,2,0.22,170,50,3312.0,62.061453,9.2,1.0,1,0,0,1,1,1,1,1,0,0,0,0,1,11,18.0,50.0
43,40.42386,-3.70489,4,2.0,4.0,91.0,90.0,2,1.65,449,200,4503.0,68.043894,0.8,1.0,1,0,0,0,0,1,0,1,1,1,0,0,0,11,33.0,100.0
44,40.41678,-3.71156,3,2.0,2.0,120.0,98.0,1,0.09,549,200,4503.0,68.043894,0.8,1.0,1,0,0,0,0,1,0,1,0,1,1,0,0,11,25.5,150.0
45,40.42876,-3.70379,2,0.0,1.0,72.0,90.0,25,0.11,872,200,4503.0,68.043894,0.8,1.0,1,0,0,0,0,1,0,0,1,0,0,1,0,11,18.0,100.0
46,40.42399,-3.70389,3,1.0,2.0,20.0,82.0,4,0.52,112,50,4503.0,68.043894,0.8,1.0,0,0,0,0,0,1,0,0,0,0,0,0,0,11,25.5,50.0
47,40.42609,-3.70551,3,1.0,2.0,18.0,84.0,4,0.93,180,50,4503.0,68.043894,0.8,1.0,0,0,0,0,0,1,0,0,0,0,0,0,0,11,25.5,50.0
48,40.41235,-3.70967,4,1.0,1.0,55.0,95.0,2,2.46,257,200,4503.0,68.043894,0.8,1.0,1,0,0,0,0,1,0,1,0,0,0,0,0,11,33.0,100.0
49,40.4257,-3.70383,2,1.0,1.0,28.0,89.0,1,0.35,304,50,4503.0,68.043894,0.8,1.0,0,0,0,0,0,1,0,0,1,0,1,0,0,11,18.0,50.0
50,40.41319,-3.7024,2,1.0,1.0,75.0,97.0,1,1.27,274,50,4503.0,68.043894,0.8,1.0,1,0,0,0,1,1,0,0,0,0,1,0,0,11,18.0,100.0
51,40.43201,-3.68358,8,2.0,7.0,214.0,0.0,1,0.0,27,200,5328.0,74.694253,2.2,1.0,1,0,0,0,0,0,0,0,0,0,0,0,0,12,63.0,200.0
52,40.4221,-3.70685,2,1.0,1.0,40.0,94.0,3,0.45,198,50,4503.0,68.043894,0.8,1.0,0,0,0,1,0,1,0,0,1,0,0,0,0,11,18.0,50.0
53,40.4152,-3.69668,5,2.0,2.0,80.0,97.0,1,0.86,531,200,4503.0,68.043894,0.8,2.0,1,0,0,0,0,1,0,1,1,1,1,0,0,11,43.5,100.0
54,40.42116,-3.70384,2,0.0,1.0,85.0,99.0,2,2.33,513,200,4503.0,68.043894,0.8,1.0,1,0,0,0,0,1,0,1,1,0,1,0,0,11,18.0,100.0
55,40.42829,-3.72119,1,1.0,1.0,50.0,100.0,4,0.08,208,50,3555.0,63.451906,5.9,1.0,1,0,0,0,0,1,0,1,1,0,0,0,0,12,10.5,50.0
56,40.41126,-3.70347,1,1.0,1.0,30.0,98.0,1,0.33,102,50,4503.0,68.043894,0.8,1.0,0,0,0,0,0,1,0,1,0,0,0,0,0,11,10.5,50.0
57,40.37935,-3.73162,9,3.0,6.0,94.0,90.0,1,1.66,657,200,2195.0,47.402837,6.6,1.0,1,0,0,0,0,1,0,1,1,0,1,0,1,11,70.5,100.0
58,40.45959,-3.64699,2,1.0,1.0,55.0,99.0,1,1.06,341,50,3312.0,62.061453,9.2,1.0,1,0,0,0,1,1,0,1,1,0,0,0,0,11,18.0,100.0
59,40.41538,-3.70741,8,2.0,6.0,101.0,97.0,7,1.81,459,200,4503.0,68.043894,0.8,1.0,1,0,0,0,0,1,0,1,0,1,1,0,0,10,63.0,150.0
60,40.42377,-3.70241,3,3.0,2.0,19.0,87.0,3,1.6,407,50,4503.0,68.043894,0.8,2.0,1,0,0,0,0,1,0,0,1,1,1,0,0,11,28.5,50.0
61,40.41366,-3.69788,2,1.0,1.0,30.0,93.0,1,1.3,309,50,4503.0,68.043894,0.8,1.0,1,0,0,0,0,1,0,0,0,0,0,0,0,11,18.0,50.0
62,40.43595,-3.70706,1,1.0,1.0,25.0,97.0,3,0.3,317,50,4855.0,64.056634,2.4,1.0,0,0,0,0,0,1,0,0,1,0,1,0,0,11,10.5,50.0
63,40.4078,-3.70085,3,1.0,1.0,43.0,86.0,3,4.25,145,200,4503.0,68.043894,0.8,1.0,1,1,1,1,1,1,1,1,1,1,1,1,1,11,25.5,50.0
64,40.43699,-3.70037,1,1.0,1.0,61.0,0.0,1,0.0,27,50,4855.0,64.056634,2.4,1.0,0,0,0,0,0,0,0,0,0,0,0,0,0,11,10.5,100.0
65,40.3924,-3.72344,2,1.0,2.0,25.0,88.0,2,0.67,59,50,2195.0,47.402837,6.6,0.0,1,0,0,0,0,0,0,0,0,0,0,0,0,11,15.0,50.0
66,40.41428,-3.70767,12,3.0,9.0,80.0,91.0,7,1.32,297,200,4503.0,68.043894,0.8,1.0,1,0,0,0,0,1,0,1,0,1,0,0,0,10,93.0,100.0
67,40.40743,-3.70114,4,1.0,1.0,88.0,90.0,1,0.32,409,200,4503.0,68.043894,0.8,1.0,1,0,0,0,0,1,0,0,0,0,1,0,0,11,33.0,100.0
68,40.47189,-3.62966,4,4.0,4.0,95.0,94.0,4,1.24,492,200,3312.0,62.061453,9.2,1.5,1,0,0,1,0,1,0,0,1,0,1,0,0,11,34.5,100.0
69,40.42269,-3.70378,2,1.0,1.0,67.0,98.0,1,4.22,957,200,4503.0,68.043894,0.8,1.0,1,0,0,0,0,1,0,1,0,1,1,0,0,11,18.0,100.0
70,40.47142,-3.62881,2,2.0,2.0,64.0,95.0,4,1.05,496,200,3312.0,62.061453,9.2,1.0,1,0,0,0,0,1,0,1,1,1,1,0,0,11,18.0,100.0
71,40.41194,-3.70339,4,1.0,3.0,79.0,94.0,1,0.51,555,200,4503.0,68.043894,0.8,1.0,1,0,0,0,0,1,0,1,0,0,1,0,0,11,33.0,100.0
72,40.42457,-3.70802,4,1.0,2.0,110.0,96.0,25,0.34,610,200,4503.0,68.043894,0.8,1.0,1,0,0,0,0,1,0,1,1,1,1,0,1,11,33.0,150.0
73,40.41685,-3.70882,4,1.0,2.0,68.0,91.0,1,1.9,407,200,4503.0,68.043894,0.8,1.0,1,0,0,0,0,0,0,1,0,0,1,0,0,11,33.0,100.0
74,40.41391,-3.7005,4,1.0,4.0,71.0,88.0,8,0.49,223,200,4503.0,68.043894,0.8,1.0,1,0,0,0,0,1,0,1,0,0,0,0,0,11,33.0,100.0
75,40.41392,-3.70049,4,1.0,2.0,59.0,91.0,8,0.65,153,200,4503.0,68.043894,0.8,1.0,1,0,0,0,0,1,0,1,0,0,0,0,0,11,33.0,100.0
76,40.42432,-3.68329,4,2.0,3.0,175.0,97.0,1,1.02,608,200,5328.0,74.694253,2.2,2.0,1,0,0,0,0,1,0,1,1,1,1,0,1,11,36.0,200.0
77,40.41681,-3.70747,6,2.0,3.0,106.0,98.0,1,0.47,638,200,4503.0,68.043894,0.8,2.0,1,0,0,0,0,1,0,1,1,0,1,0,0,11,51.0,150.0
78,40.42683,-3.71108,1,1.0,2.0,30.0,100.0,2,0.1,107,50,4503.0,68.043894,0.8,1.0,1,0,0,0,0,1,0,0,1,0,0,0,0,11,10.5,50.0
79,40.41758,-3.69631,4,1.0,3.0,26.0,90.0,22,1.81,441,50,4503.0,68.043894,0.8,1.0,1,0,0,0,0,1,0,0,0,0,1,0,0,11,33.0,50.0
80,40.42226,-3.69959,3,1.0,3.0,50.0,88.0,4,0.33,282,50,4503.0,68.043894,0.8,1.0,0,0,0,0,0,1,0,0,1,1,0,0,0,11,25.5,50.0
81,40.42226,-3.69959,1,1.0,1.0,37.0,92.0,4,0.49,255,50,4503.0,68.043894,0.8,1.0,0,0,0,0,0,1,0,0,1,0,0,0,0,11,10.5,50.0
82,40.41414,-3.69419,4,1.0,2.0,89.0,87.0,6,0.91,545,200,4503.0,68.043894,0.8,1.0,1,0,0,0,1,1,1,1,1,1,1,0,0,9,33.0,100.0
83,40.40908,-3.69514,6,2.0,4.0,61.0,92.0,1,1.03,418,200,4503.0,68.043894,0.8,1.0,1,0,0,1,0,1,0,1,1,0,1,0,0,10,48.0,100.0
84,40.42163,-3.70785,4,1.0,1.0,68.0,93.0,1,2.77,205,200,4503.0,68.043894,0.8,1.0,1,0,0,0,0,1,0,1,1,0,1,0,0,10,33.0,100.0
85,40.42365,-3.70379,7,3.0,7.0,172.0,93.0,4,1.89,452,200,4503.0,68.043894,0.8,4.0,1,0,0,0,0,1,0,1,0,0,1,0,0,11,64.5,200.0
86,40.41822,-3.70845,2,1.0,1.0,200.0,97.0,3,0.25,217,50,4503.0,68.043894,0.8,1.0,1,0,0,0,0,1,0,0,1,0,1,0,0,12,18.0,200.0
87,40.41392,-3.70049,4,1.0,1.0,59.0,90.0,8,0.59,164,200,4503.0,68.043894,0.8,1.0,1,1,1,1,1,1,1,1,1,1,1,1,1,11,33.0,100.0
88,40.39516,-3.69309,6,4.0,4.0,106.0,96.0,5,1.4,450,200,3917.0,55.025641,1.9,2.0,1,0,0,0,0,1,0,1,1,1,1,0,0,10,51.0,150.0
89,40.42242,-3.69562,5,2.0,3.0,65.0,92.0,1,0.4,336,200,4503.0,68.043894,0.8,1.0,1,0,0,0,0,1,0,1,0,1,0,0,0,10,40.5,100.0
90,40.41593,-3.70602,2,1.0,1.0,87.0,99.0,2,0.96,439,50,4503.0,68.043894,0.8,1.5,1,0,0,0,1,1,0,1,1,0,1,0,0,10,19.5,100.0
91,40.44663,-3.67625,1,1.0,1.0,35.0,100.0,1,0.07,126,50,4508.0,67.220486,5.8,2.0,0,0,0,0,0,1,0,0,1,0,0,0,0,10,13.5,50.0
92,40.42838,-3.70345,4,1.0,2.0,64.0,98.0,2,1.13,481,200,4503.0,68.043894,0.8,1.0,1,0,0,0,0,1,0,1,0,0,1,0,0,10,33.0,100.0
93,40.41285,-3.69553,4,1.0,2.0,82.0,97.0,1,1.44,531,200,4503.0,68.043894,0.8,1.0,1,0,0,0,0,1,0,1,1,0,1,0,0,10,33.0,100.0
94,40.41204,-3.6975,6,2.0,3.0,80.0,0.0,1,0.02,49,200,4503.0,68.043894,0.8,1.0,1,0,0,0,0,1,0,0,0,0,0,0,0,10,48.0,100.0
95,40.41037,-3.70018,2,1.0,1.0,55.0,94.0,1,1.51,348,200,4503.0,68.043894,0.8,1.0,1,0,0,0,0,1,0,0,0,0,1,0,0,10,18.0,100.0
96,40.41015,-3.69797,3,1.0,2.0,79.0,96.0,2,0.3,412,200,4503.0,68.043894,0.8,1.0,1,0,0,0,0,1,0,1,1,0,1,0,0,10,25.5,100.0
97,40.45005,-3.67569,1,1.0,1.0,70.0,97.0,1,0.6,397,50,4508.0,67.220486,5.8,1.0,0,0,0,0,0,1,0,0,1,1,1,0,0,10,10.5,100.0
98,40.41392,-3.70049,4,1.0,2.0,59.0,86.0,8,1.07,237,200,4503.0,68.043894,0.8,1.0,1,0,0,0,0,1,0,1,0,0,0,0,0,11,33.0,100.0
99,40.42365,-3.70536,3,1.0,2.0,89.0,80.0,4,0.04,120,200,4503.0,68.043894,0.8,2.0,1,0,0,0,0,1,0,1,0,0,0,0,0,11,28.5,100.0
100,40.42531,-3.70597,2,2.0,2.0,77.0,87.0,4,0.05,278,50,4503.0,68.043894,0.8,1.0,1,0,0,0,0,1,0,1,0,0,0,0,0,11,18.0,100.0
101,40.42504,-3.704,2,1.0,1.0,77.0,100.0,4,0.04,261,50,4503.0,68.043894,0.8,1.5,1,1,1,1,1,1,1,1,1,1,1,1,1,11,19.5,100.0
102,40.47148,-3.68946,6,3.0,4.0,166.0,87.0,2,0.28,402,200,3476.0,60.621287,5.9,2.0,1,0,0,0,0,1,0,1,0,1,1,0,0,10,51.0,200.0
103,40.42881,-3.66605,6,3.0,4.0,223.0,90.0,2,0.39,321,200,5328.0,74.694253,2.2,2.0,1,0,0,0,0,1,0,1,0,0,1,0,0,10,51.0,200.0
104,40.4249,-3.7097,3,2.0,3.0,70.0,95.0,2,0.35,213,200,4503.0,68.043894,0.8,1.0,1,0,0,0,0,1,0,0,1,0,0,0,0,11,25.5,100.0
105,40.40988,-3.67503,5,2.0,4.0,100.0,91.0,2,1.41,377,200,4220.0,63.672727,3.2,1.0,1,0,0,0,0,1,0,1,1,0,1,0,0,10,40.5,100.0
106,40.41676,-3.70682,2,1.0,1.0,44.0,90.0,1,3.62,256,50,4503.0,68.043894,0.8,1.5,0,0,0,1,0,1,0,0,1,0,0,0,0,10,19.5,50.0
107,40.41944,-3.70945,3,1.0,2.0,80.0,97.0,1,0.72,408,200,4503.0,68.043894,0.8,1.0,1,0,0,0,0,1,0,1,1,0,1,0,0,10,25.5,100.0
108,40.40334,-3.70254,2,1.0,1.0,19.0,93.0,4,1.41,306,50,3917.0,55.025641,1.9,1.5,1,1,1,1,1,1,1,1,1,1,1,1,1,10,19.5,50.0
109,40.41115,-3.69673,2,1.0,1.0,42.0,89.0,2,0.21,481,200,4503.0,68.043894,0.8,1.0,1,0,0,0,0,1,0,1,0,0,1,0,0,10,18.0,50.0
110,40.42163,-3.66249,2,1.0,1.0,30.0,94.0,2,0.33,599,50,5328.0,74.694253,2.2,1.5,0,0,0,0,1,1,0,1,0,1,1,0,0,10,19.5,50.0
111,40.37733,-3.67441,2,1.0,1.0,35.0,98.0,2,0.12,194,50,1890.0,41.443535,5.0,1.0,0,0,0,0,0,1,0,1,0,0,1,0,0,10,18.0,50.0
112,40.41959,-3.70373,3,1.0,2.0,88.0,97.0,1,1.1,396,200,4503.0,68.043894,0.8,1.0,1,0,0,0,1,1,0,1,1,0,1,0,0,10,25.5,100.0
113,40.42978,-3.67817,1,1.0,2.0,25.0,99.0,1,1.14,426,50,5328.0,74.694253,2.2,1.5,1,0,0,0,0,1,0,0,1,0,1,0,0,10,12.0,50.0
114,40.41401,-3.70004,3,1.0,1.0,56.0,88.0,1,3.49,275,200,4503.0,68.043894,0.8,1.0,1,0,0,1,0,1,0,1,1,0,0,0,0,10,25.5,100.0
115,40.41737,-3.70015,4,0.0,2.0,140.0,97.0,5,1.4,405,200,4503.0,68.043894,0.8,1.0,1,0,0,0,0,1,0,1,1,0,1,0,0,10,33.0,150.0
116,40.40827,-3.70049,3,1.0,1.0,58.0,93.0,1,1.39,413,200,4503.0,68.043894,0.8,1.0,1,0,0,0,0,1,0,1,1,0,1,0,0,10,25.5,100.0
117,40.379,-3.67423,2,1.0,1.0,30.0,95.0,2,0.6,87,50,1890.0,41.443535,5.0,1.0,0,0,0,1,0,1,0,0,0,0,0,0,0,10,18.0,50.0
118,40.42738,-3.70635,2,1.0,1.0,57.0,84.0,5,6.0,330,200,4503.0,68.043894,0.8,1.0,1,0,0,0,0,1,0,0,0,0,0,0,0,9,18.0,100.0
119,40.42719,-3.70142,4,1.0,2.0,100.0,0.0,1,0.02,302,200,4503.0,68.043894,0.8,1.0,1,0,0,0,0,1,0,1,1,0,0,0,0,10,33.0,100.0
120,40.45399,-3.69957,1,1.0,1.0,30.0,85.0,2,0.04,350,50,3476.0,60.621287,5.9,0.0,0,0,0,0,0,1,0,0,1,0,0,0,0,0,7.5,50.0
121,40.41155,-3.70146,2,1.0,1.0,65.0,92.0,2,0.07,147,200,4503.0,68.043894,0.8,1.5,1,1,1,1,1,1,1,1,1,1,1,1,1,10,19.5,100.0
122,40.43028,-3.70732,5,2.0,4.0,103.0,96.0,2,1.7,269,200,4855.0,64.056634,2.4,2.0,1,0,0,0,0,1,0,1,0,0,0,0,0,10,43.5,150.0
123,40.4135,-3.70145,3,1.0,1.0,65.0,100.0,2,0.02,138,200,4503.0,68.043894,0.8,1.5,1,1,1,1,1,1,1,1,1,1,1,1,1,10,27.0,100.0
124,40.42827,-3.72226,2,1.0,1.0,30.0,96.0,4,0.94,279,50,3555.0,63.451906,5.9,2.0,0,0,0,0,0,1,0,1,1,0,1,0,0,10,21.0,50.0
125,40.41275,-3.70862,2,1.0,1.0,25.0,91.0,1,1.88,143,50,4503.0,68.043894,0.8,1.0,0,0,0,0,0,1,0,0,0,0,0,0,0,0,18.0,50.0
126,40.42224,-3.69776,2,1.0,1.0,100.0,98.0,1,0.12,83,200,4503.0,68.043894,0.8,1.0,1,0,0,0,0,1,0,1,0,0,0,0,0,10,18.0,100.0
127,40.43015,-3.69864,4,1.0,1.0,30.0,99.0,1,0.07,56,200,4855.0,64.056634,2.4,1.0,1,0,0,0,0,1,0,0,0,0,0,0,0,11,33.0,50.0
128,40.42389,-3.6977,2,2.0,3.0,96.0,92.0,1,0.17,440,200,4503.0,68.043894,0.8,1.0,1,0,0,1,0,1,0,1,1,0,1,0,0,10,18.0,100.0
129,40.40182,-3.75334,2,1.0,1.0,25.0,0.0,1,0.0,74,50,2287.0,47.008319,4.7,1.0,1,0,0,0,0,1,0,0,1,0,0,0,0,10,18.0,50.0
130,40.42849,-3.70183,2,1.0,1.0,49.0,97.0,1,2.65,497,200,4503.0,68.043894,0.8,1.0,1,0,0,0,0,1,0,1,1,1,1,0,0,10,18.0,50.0
131,40.39032,-3.71382,1,1.0,1.0,30.0,100.0,1,0.15,159,50,2195.0,47.402837,6.6,1.0,0,0,0,0,0,1,0,0,1,0,1,0,0,11,10.5,50.0
132,40.48503,-3.69858,2,3.0,3.0,15.0,0.0,1,0.0,284,50,3545.0,57.198083,16.4,2.0,0,0,0,0,0,1,0,1,1,1,1,0,0,10,21.0,50.0
133,40.40869,-3.71073,6,2.0,4.0,121.0,98.0,1,0.57,906,200,4503.0,68.043894,0.8,1.0,1,0,0,0,0,1,0,1,1,1,1,1,1,10,48.0,150.0
134,40.42186,-3.70341,4,2.0,3.0,85.0,98.0,1,0.55,119,200,4503.0,68.043894,0.8,1.0,1,0,0,0,0,1,0,1,1,0,0,0,0,10,33.0,100.0
135,40.42859,-3.69521,3,1.0,2.0,72.0,95.0,1,0.31,218,200,4855.0,64.056634,2.4,2.0,1,0,0,1,0,1,0,1,1,0,1,0,0,10,28.5,100.0
136,40.42123,-3.70133,3,1.0,2.0,25.0,92.0,1,2.49,412,200,4503.0,68.043894,0.8,1.5,1,0,0,0,0,1,0,0,1,0,0,0,1,10,27.0,50.0
137,40.41018,-3.70164,4,1.0,2.0,77.0,94.0,1,0.35,631,200,4503.0,68.043894,0.8,1.0,1,0,0,0,1,1,0,1,0,1,1,0,0,10,33.0,100.0
138,40.42349,-3.70024,6,3.0,3.0,74.0,91.0,1,0.51,362,200,4503.0,68.043894,0.8,2.0,1,0,0,0,0,1,0,1,0,0,1,0,0,10,51.0,100.0
139,40.43202,-3.60353,2,3.0,4.0,76.0,85.0,1,0.13,530,50,2477.0,70.967532,7.3,2.0,0,0,0,1,0,1,1,1,1,0,1,0,0,10,21.0,100.0
140,40.40996,-3.72491,3,2.0,2.0,38.0,91.0,1,0.18,545,50,2287.0,47.008319,4.7,1.5,0,0,0,0,0,1,0,0,1,0,1,0,0,10,27.0,50.0
141,40.42885,-3.70479,2,1.0,1.0,70.0,93.0,1,0.1,103,200,4503.0,68.043894,0.8,1.0,1,0,0,0,0,1,0,0,0,0,0,0,0,10,18.0,100.0
142,40.41322,-3.70949,2,1.0,1.0,69.0,97.0,1,2.07,233,200,4503.0,68.043894,0.8,1.0,1,0,0,0,0,1,0,1,0,0,1,0,0,10,18.0,100.0
143,40.40655,-3.70629,4,1.0,2.0,54.0,93.0,1,1.91,324,200,4503.0,68.043894,0.8,1.0,1,0,0,0,1,1,0,1,1,0,1,0,0,10,33.0,100.0
144,40.40808,-3.68338,3,1.0,2.0,60.0,94.0,3,2.02,531,200,4220.0,63.672727,3.2,1.0,1,0,1,0,0,1,0,1,0,0,1,0,0,10,25.5,100.0
145,40.41234,-3.70186,5,2.0,4.0,97.0,98.0,1,1.6,567,200,4503.0,68.043894,0.8,1.0,1,0,0,0,0,1,0,1,1,1,1,0,0,10,40.5,100.0
146,40.41155,-3.69492,1,1.0,1.0,48.0,96.0,1,1.43,530,50,4503.0,68.043894,0.8,1.0,0,0,0,0,0,1,0,1,0,1,1,0,0,10,10.5,50.0
147,40.44117,-3.64841,4,2.0,3.0,68.0,98.0,1,6.51,794,200,2893.0,50.090625,6.5,1.0,1,0,0,0,0,0,0,1,1,0,1,0,1,10,33.0,100.0
148,40.42323,-3.70434,4,2.0,2.0,84.0,98.0,5,0.22,372,200,4503.0,68.043894,0.8,1.5,1,0,0,0,0,1,0,1,0,0,0,0,0,10,34.5,100.0
149,40.41412,-3.70057,1,3.0,3.0,46.0,100.0,1,0.08,156,50,4503.0,68.043894,0.8,2.0,0,0,0,0,0,1,0,1,1,0,0,0,0,10,13.5,50.0
150,40.40445,-3.7398,1,1.0,1.0,31.0,96.0,2,0.26,411,50,2287.0,47.008319,4.7,1.0,1,1,1,1,1,1,1,1,1,1,1,1,1,12,10.5,50.0
151,40.42297,-3.61193,2,1.0,1.0,17.0,98.0,4,0.22,605,50,2477.0,70.967532,7.3,1.5,0,0,0,0,0,1,0,0,0,0,1,0,0,10,19.5,50.0
152,40.4127,-3.7126,3,1.0,2.0,65.0,86.0,1,2.04,260,200,4503.0,68.043894,0.8,1.0,1,0,0,1,0,0,0,0,0,0,1,0,0,10,25.5,100.0
153,40.42756,-3.61577,2,1.0,2.0,21.0,96.0,4,0.18,580,50,2477.0,70.967532,7.3,1.5,0,0,0,0,0,1,0,0,0,0,1,0,0,10,19.5,50.0
154,40.41012,-3.70484,3,1.0,2.0,40.0,85.0,1,0.09,83,50,4503.0,68.043894,0.8,1.0,1,0,0,0,0,1,0,0,0,0,1,0,0,11,25.5,50.0
155,40.45591,-3.68773,1,1.0,1.0,20.0,0.0,5,0.0,202,50,4508.0,67.220486,5.8,1.0,0,0,0,1,0,1,0,1,1,0,0,0,0,10,10.5,50.0
156,40.4154,-3.70255,4,1.0,2.0,75.0,96.0,14,1.15,405,200,4503.0,68.043894,0.8,1.0,1,0,0,0,0,1,0,1,1,1,1,0,1,10,33.0,100.0
157,40.41152,-3.70991,5,2.0,2.0,76.0,94.0,1,1.14,256,200,4503.0,68.043894,0.8,1.5,1,0,0,0,0,1,0,0,1,0,0,0,0,10,42.0,100.0
158,40.41327,-3.70223,2,1.0,1.0,65.0,98.0,1,3.65,302,50,4503.0,68.043894,0.8,1.0,1,0,0,0,0,1,0,1,1,0,1,0,0,10,18.0,100.0
159,40.4057,-3.67605,1,1.0,1.0,19.0,86.0,1,0.01,85,50,4220.0,63.672727,3.2,1.0,0,0,0,0,0,1,0,0,1,0,0,0,0,10,10.5,50.0
160,40.41604,-3.70834,5,2.0,4.0,42.0,95.0,1,4.81,1097,200,4503.0,68.043894,0.8,1.0,1,0,0,0,0,1,0,1,1,0,1,1,0,11,40.5,50.0
161,40.41004,-3.71233,6,2.0,4.0,100.0,97.0,1,0.13,215,200,4503.0,68.043894,0.8,1.0,1,0,0,0,0,1,0,1,0,0,1,0,0,0,48.0,100.0
162,40.42286,-3.70236,2,1.0,1.0,34.0,98.0,1,5.02,409,50,4503.0,68.043894,0.8,1.0,0,0,0,0,1,1,0,1,0,1,1,0,0,10,18.0,50.0
163,40.39317,-3.69358,10,5.0,9.0,70.0,60.0,1,0.04,141,200,3917.0,55.025641,1.9,1.0,0,0,0,0,0,1,0,1,1,0,0,0,0,11,78.0,100.0
164,40.40108,-3.69113,1,1.0,1.0,25.0,96.0,2,0.18,81,50,3917.0,55.025641,1.9,1.5,1,0,0,0,0,1,0,0,1,0,0,0,0,10,12.0,50.0
165,40.40954,-3.70096,4,1.0,1.0,55.0,90.0,3,2.37,573,200,4503.0,68.043894,0.8,1.0,1,0,0,0,0,1,0,1,0,1,1,0,1,10,33.0,100.0
166,40.46905,-3.66637,6,4.0,2.0,300.0,0.0,1,0.0,2,200,2893.0,50.090625,6.5,1.0,0,0,0,0,0,0,0,0,0,0,0,0,0,10,48.0,200.0
167,40.45841,-3.67598,1,1.0,1.0,21.0,95.0,3,0.39,465,50,4508.0,67.220486,5.8,1.0,0,0,0,0,0,1,0,1,1,0,1,0,0,11,10.5,50.0
168,40.43474,-3.71233,4,2.0,1.0,40.0,60.0,1,0.04,63,200,4855.0,64.056634,2.4,1.0,1,0,0,0,0,1,0,0,1,0,0,0,0,10,33.0,50.0
169,40.42159,-3.67713,1,1.0,1.0,43.0,60.0,1,0.01,45,50,4220.0,63.672727,3.2,1.0,1,0,0,0,1,1,0,0,1,0,0,0,0,10,10.5,50.0
170,40.44599,-3.70334,3,0.0,2.0,99.0,95.0,1,0.16,467,200,4855.0,64.056634,2.4,1.5,1,0,0,0,0,1,0,1,0,1,1,0,1,10,27.0,100.0
171,40.419,-3.67774,4,2.0,3.0,90.0,99.0,1,1.43,914,200,4220.0,63.672727,3.2,1.0,1,0,0,0,0,1,0,1,1,1,1,0,0,10,33.0,100.0
172,40.37057,-3.61511,1,1.0,1.0,50.0,0.0,1,0.01,93,50,2382.0,49.659794,11.0,1.0,1,0,0,0,0,1,1,0,1,0,0,0,0,10,10.5,50.0
173,40.41309,-3.69775,2,1.0,1.0,35.0,97.0,1,2.44,270,50,4503.0,68.043894,0.8,1.5,0,0,0,0,0,1,0,0,1,0,0,0,0,10,19.5,50.0
174,40.42297,-3.69095,2,1.0,1.0,134.0,92.0,25,0.26,537,200,5328.0,74.694253,2.2,1.0,1,0,0,0,0,1,0,1,1,0,1,1,0,11,18.0,150.0
175,40.40683,-3.69932,3,2.0,2.0,37.0,85.0,1,2.07,455,200,4503.0,68.043894,0.8,1.0,1,0,0,0,0,1,0,0,0,0,1,0,0,10,25.5,50.0
176,40.40913,-3.699,2,1.0,2.0,50.0,97.0,2,0.29,273,200,4503.0,68.043894,0.8,1.0,1,0,0,0,0,1,0,1,1,0,1,0,0,10,18.0,50.0
177,40.41016,-3.72863,2,1.0,1.0,20.0,98.0,1,1.92,255,50,2287.0,47.008319,4.7,1.0,1,0,0,0,0,1,0,1,1,0,1,0,0,10,18.0,50.0
178,40.447,-3.70291,1,2.0,1.0,20.0,91.0,2,0.33,261,50,3476.0,60.621287,5.9,1.0,1,1,1,1,1,1,1,1,1,1,1,1,1,10,10.5,50.0
179,40.42993,-3.70339,2,1.0,1.0,30.0,0.0,1,0.0,73,50,4855.0,64.056634,2.4,2.0,1,0,0,0,1,1,0,0,0,0,0,0,0,10,21.0,50.0
180,40.4739,-3.57583,8,2.0,6.0,78.0,94.0,1,3.86,560,200,3047.0,56.183432,11.8,1.0,1,0,0,1,1,1,0,1,0,1,1,0,0,10,63.0,100.0
182,40.42671,-3.72858,5,2.0,1.0,86.0,80.0,2,0.33,129,200,3555.0,63.451906,5.9,1.0,1,1,1,1,1,1,1,1,1,1,1,1,1,10,40.5,100.0
183,40.41151,-3.70257,6,2.0,3.0,190.0,90.0,1,0.06,180,200,4503.0,68.043894,0.8,2.0,1,0,0,0,0,1,0,0,0,0,1,0,0,10,51.0,200.0
184,40.4158,-3.70962,2,1.0,1.0,165.0,99.0,1,0.7,558,200,4503.0,68.043894,0.8,1.0,1,0,0,0,0,1,0,1,1,1,1,0,0,10,18.0,200.0
185,40.36701,-3.68667,2,1.0,1.0,50.0,96.0,1,0.55,565,50,2316.0,43.910072,4.6,1.0,0,0,0,0,0,1,0,0,1,1,1,0,0,10,18.0,50.0
186,40.40661,-3.6952,3,1.0,1.0,85.0,97.0,1,0.83,574,200,3917.0,55.025641,1.9,1.0,1,0,0,0,0,1,0,1,1,0,1,0,0,10,25.5,100.0
187,40.41596,-3.70846,1,1.0,1.0,33.0,91.0,1,0.07,166,50,4503.0,68.043894,0.8,1.0,1,0,0,1,0,1,0,0,0,0,0,0,0,10,10.5,50.0
188,40.42397,-3.69721,2,1.0,1.0,25.0,94.0,1,1.38,631,50,4503.0,68.043894,0.8,1.0,0,0,0,0,0,1,0,0,1,1,0,0,0,10,18.0,50.0
189,40.42675,-3.70683,2,1.0,1.0,37.0,85.0,5,3.85,191,200,4503.0,68.043894,0.8,1.0,1,0,0,0,0,1,0,0,0,0,0,0,0,10,18.0,50.0
190,40.4312,-3.68502,4,1.0,2.0,110.0,90.0,1,0.02,195,200,5328.0,74.694253,2.2,1.0,1,0,0,0,0,1,0,0,1,0,0,0,0,10,33.0,150.0
191,40.457,-3.70436,2,1.0,2.0,23.0,84.0,3,0.57,178,50,3476.0,60.621287,5.9,1.0,1,0,0,0,0,1,0,0,1,0,0,0,0,10,18.0,50.0
192,40.40743,-3.74293,1,1.0,1.0,14.0,97.0,3,1.66,268,50,2287.0,47.008319,4.7,1.0,0,0,0,0,0,1,0,0,1,0,0,0,0,10,10.5,50.0
193,40.45021,-3.78733,1,1.0,1.0,28.0,93.0,2,0.77,459,50,3555.0,63.451906,5.9,1.0,1,0,0,0,0,1,0,0,0,1,1,0,0,10,10.5,50.0
194,40.39366,-3.66535,2,1.0,3.0,45.0,0.0,1,0.03,92,50,1890.0,41.443535,5.0,1.0,1,0,0,0,0,1,0,1,1,0,0,0,0,10,18.0,50.0
195,40.41744,-3.70873,2,0.0,2.0,49.0,95.0,5,4.34,379,200,4503.0,68.043894,0.8,1.0,1,0,0,0,0,1,0,0,0,0,1,0,0,10,18.0,50.0
196,40.41769,-3.69974,4,1.0,2.0,70.0,100.0,1,0.07,91,200,4503.0,68.043894,0.8,1.0,1,0,0,1,0,1,0,1,0,0,0,0,0,10,33.0,100.0
197,40.43922,-3.67574,1,1.0,1.0,23.0,97.0,1,0.71,184,50,4508.0,67.220486,5.8,1.0,0,0,0,1,0,1,0,0,0,0,1,0,0,10,10.5,50.0
198,40.41771,-3.70925,2,0.0,2.0,76.0,96.0,5,2.88,402,200,4503.0,68.043894,0.8,1.0,1,0,0,0,0,1,0,0,0,1,1,0,0,10,18.0,100.0
199,40.40349,-3.70418,2,1.0,1.0,60.0,93.0,1,0.27,111,200,3917.0,55.025641,1.9,2.0,1,0,0,0,0,1,1,1,1,0,0,0,0,10,21.0,100.0
200,40.4173,-3.70208,8,4.0,4.0,279.0,94.0,3,0.71,515,200,4503.0,68.043894,0.8,2.0,1,0,0,0,0,1,0,1,1,0,1,0,0,10,66.0,200.0
201,40.47143,-3.6748,4,2.0,4.0,75.0,100.0,1,0.01,560,200,4508.0,67.220486,5.8,2.0,1,0,0,0,0,1,1,1,1,0,1,0,0,10,36.0,100.0
202,40.42245,-3.70504,2,1.0,1.0,46.0,98.0,3,0.45,192,50,4503.0,68.043894,0.8,1.0,0,0,0,0,0,1,0,0,0,0,1,0,0,10,18.0,50.0
203,40.41256,-3.70373,2,1.0,2.0,10.0,91.0,2,0.58,199,50,4503.0,68.043894,0.8,1.0,1,0,0,0,0,1,0,0,0,0,1,0,0,10,18.0,50.0
204,40.42432,-3.6399,1,1.0,1.0,25.0,100.0,3,0.11,401,50,2893.0,50.090625,6.5,1.0,0,0,0,0,0,1,0,0,0,0,1,0,0,10,10.5,50.0
205,40.41163,-3.70822,4,2.0,2.0,58.0,94.0,1,0.17,472,200,4503.0,68.043894,0.8,1.0,1,0,0,0,0,1,0,1,1,0,1,0,0,11,33.0,100.0
206,40.43188,-3.71386,2,1.0,1.0,40.0,99.0,1,0.65,232,50,4855.0,64.056634,2.4,1.0,1,0,0,0,0,1,0,0,1,0,1,0,0,10,18.0,50.0
207,40.42432,-3.6399,2,1.0,2.0,30.0,0.0,3,0.0,442,50,2893.0,50.090625,6.5,1.0,0,0,0,0,0,1,0,0,0,0,1,0,0,10,18.0,50.0
208,40.40969,-3.70457,2,1.0,2.0,65.0,94.0,1,0.27,585,200,4503.0,68.043894,0.8,1.5,1,0,0,0,0,1,0,1,0,0,1,0,0,11,19.5,100.0
209,40.40264,-3.68309,2,2.0,4.0,29.0,90.0,2,0.08,406,50,4220.0,63.672727,3.2,1.0,0,0,0,0,0,1,1,1,1,0,1,0,0,10,18.0,50.0
210,40.37093,-3.62298,2,1.0,2.0,23.0,90.0,1,0.06,55,50,2382.0,49.659794,11.0,1.0,1,0,0,0,0,1,0,0,0,0,0,0,0,10,18.0,50.0
211,40.43287,-3.7007,1,1.0,1.0,46.0,97.0,2,0.89,214,50,4855.0,64.056634,2.4,1.0,1,0,0,0,0,1,0,0,1,0,0,0,0,0,10.5,50.0
212,40.40222,-3.68096,4,2.0,3.0,75.0,96.0,1,0.89,509,200,4220.0,63.672727,3.2,1.0,1,0,0,0,0,1,1,0,1,0,1,0,0,0,33.0,100.0
213,40.40419,-3.70383,4,1.0,2.0,70.0,80.0,1,0.22,154,200,3917.0,55.025641,1.9,1.0,1,0,0,0,0,1,0,1,1,0,0,0,0,10,33.0,100.0
214,40.42136,-3.70541,2,1.0,1.0,48.0,97.0,1,0.07,207,50,4503.0,68.043894,0.8,1.0,0,0,0,0,0,1,0,1,0,0,1,0,0,10,18.0,50.0
215,40.4064,-3.70898,1,1.0,1.0,90.0,0.0,1,0.0,86,200,4503.0,68.043894,0.8,1.0,1,0,0,0,0,0,0,1,1,0,0,0,0,12,10.5,100.0
216,40.43189,-3.67793,6,4.0,4.0,280.0,97.0,11,0.53,732,200,5328.0,74.694253,2.2,3.0,1,0,0,0,0,1,0,0,1,0,1,0,1,9,54.0,200.0
217,40.37609,-3.74279,2,2.0,1.0,20.0,0.0,1,0.01,93,200,2195.0,47.402837,6.6,1.0,1,0,0,0,0,1,0,1,0,0,0,0,0,10,18.0,50.0
218,40.41747,-3.70979,3,1.0,2.0,108.0,94.0,1,1.49,578,200,4503.0,68.043894,0.8,1.0,1,0,0,0,0,1,0,1,1,0,1,0,1,10,25.5,150.0
219,40.4696,-3.65012,12,4.0,12.0,182.0,85.0,6,1.24,376,200,3312.0,62.061453,9.2,3.0,1,0,0,0,0,1,0,1,0,0,1,0,0,10,99.0,200.0
220,40.47444,-3.67135,1,1.0,1.0,40.0,93.0,1,0.15,320,50,2893.0,50.090625,6.5,2.0,1,0,0,0,0,1,1,0,1,0,1,0,0,10,13.5,50.0
221,40.39992,-3.69537,1,1.0,1.0,20.0,95.0,3,0.71,280,50,3917.0,55.025641,1.9,1.0,1,1,1,1,1,1,1,1,1,1,1,1,1,11,10.5,50.0
222,40.40066,-3.69719,2,1.0,1.0,37.0,96.0,3,0.29,446,50,3917.0,55.025641,1.9,1.0,0,0,0,0,0,1,0,1,0,0,1,1,1,11,18.0,50.0
223,40.36089,-3.69594,8,3.0,4.0,88.0,93.0,6,1.71,603,200,1696.0,37.641618,9.0,2.0,1,0,0,0,0,1,0,1,1,0,1,1,0,10,66.0,100.0
224,40.41261,-3.7088,4,1.0,2.0,75.0,97.0,1,2.16,202,200,4503.0,68.043894,0.8,1.0,1,0,0,0,0,1,0,1,1,0,1,0,0,10,33.0,100.0
225,40.35701,-3.69643,5,3.0,3.0,70.0,94.0,6,2.03,551,200,1696.0,37.641618,9.0,1.0,1,0,0,0,0,1,0,1,1,0,1,0,0,10,40.5,100.0
226,40.4256,-3.70436,6,3.0,4.0,141.0,93.0,1,3.22,383,200,4503.0,68.043894,0.8,1.0,1,0,0,0,0,1,0,1,0,0,1,0,0,10,48.0,150.0
228,40.45519,-3.706,2,1.0,1.0,35.0,97.0,1,1.62,285,50,3476.0,60.621287,5.9,1.0,0,0,0,0,0,1,0,0,1,0,0,0,0,10,18.0,50.0
230,40.44374,-3.68161,2,1.0,1.0,50.0,87.0,2,0.05,229,200,4508.0,67.220486,5.8,1.0,1,0,0,0,0,1,0,1,1,0,1,0,0,10,18.0,50.0
231,40.41697,-3.70732,4,1.0,1.0,69.0,97.0,1,5.33,420,200,4503.0,68.043894,0.8,1.5,1,0,0,0,0,1,0,1,0,1,1,0,0,10,34.5,100.0
232,40.4523,-3.59142,2,1.0,2.0,31.0,97.0,3,1.7,593,50,3047.0,56.183432,11.8,1.0,0,0,0,1,0,1,1,0,1,0,1,0,0,10,18.0,50.0
233,40.42616,-3.70263,6,1.0,4.0,81.0,92.0,1,0.87,306,200,4503.0,68.043894,0.8,1.0,1,0,0,0,0,1,0,1,0,0,1,0,0,10,48.0,100.0
234,40.41222,-3.71365,2,1.0,1.0,85.0,98.0,1,1.57,137,200,4503.0,68.043894,0.8,2.0,1,0,0,0,0,1,0,1,1,0,0,0,0,10,21.0,100.0
235,40.50069,-3.68994,2,1.0,2.0,50.0,97.0,1,0.3,591,200,3545.0,57.198083,16.4,1.0,1,0,0,0,0,1,0,0,0,1,1,0,0,10,18.0,50.0
236,40.42536,-3.69887,6,2.0,3.0,75.0,95.0,1,1.54,517,200,4503.0,68.043894,0.8,2.0,1,0,0,0,0,1,0,1,0,1,1,0,0,10,51.0,100.0
237,40.4107,-3.70253,4,1.0,2.0,89.0,89.0,3,0.43,265,200,4503.0,68.043894,0.8,1.0,1,0,0,0,0,1,0,1,0,0,0,0,0,10,33.0,100.0
238,40.43998,-3.71405,8,4.0,4.0,150.0,0.0,2,0.0,137,200,4855.0,64.056634,2.4,3.0,1,0,0,1,0,1,0,1,1,0,0,0,0,10,69.0,150.0
239,40.39368,-3.66975,4,2.0,2.0,44.0,85.0,4,0.32,474,200,1890.0,41.443535,5.0,1.0,1,0,0,0,1,1,0,1,0,1,1,0,0,11,33.0,50.0
240,40.41534,-3.70757,7,2.0,5.0,140.0,96.0,4,1.63,608,200,4503.0,68.043894,0.8,2.0,1,0,0,0,0,1,0,1,1,0,1,0,0,10,58.5,150.0
241,40.41826,-3.71244,6,2.0,4.0,79.0,95.0,4,0.31,526,200,4503.0,68.043894,0.8,2.0,1,0,0,0,0,1,0,1,1,0,1,0,0,10,51.0,100.0
242,40.42881,-3.70401,4,2.0,1.0,130.0,95.0,1,0.65,735,200,4503.0,68.043894,0.8,2.0,1,0,0,0,0,1,0,1,1,1,1,0,1,10,36.0,150.0
243,40.43653,-3.70421,1,1.0,1.0,27.0,98.0,1,0.6,576,50,4855.0,64.056634,2.4,1.0,0,0,0,0,0,0,0,1,1,0,0,0,0,10,10.5,50.0
244,40.41731,-3.6731,1,1.0,1.0,50.0,100.0,1,0.07,77,50,4220.0,63.672727,3.2,1.0,1,0,0,0,0,0,0,0,1,0,0,0,0,10,10.5,50.0
245,40.40812,-3.70531,3,1.0,1.0,40.0,90.0,1,1.48,258,200,4503.0,68.043894,0.8,1.0,1,1,1,1,1,1,1,1,1,1,1,1,1,10,25.5,50.0
246,40.41102,-3.70083,1,1.0,1.0,26.0,90.0,1,2.57,331,50,4503.0,68.043894,0.8,1.0,0,0,0,0,0,1,0,0,0,0,1,0,0,10,10.5,50.0
247,40.40449,-3.70463,2,1.0,2.0,35.0,92.0,5,0.21,229,50,3917.0,55.025641,1.9,1.0,1,0,0,0,0,1,0,1,1,0,1,0,0,10,18.0,50.0
248,40.40449,-3.70463,2,1.0,2.0,35.0,95.0,5,4.74,456,50,3917.0,55.025641,1.9,1.0,0,0,0,0,0,1,0,1,1,0,1,0,0,10,18.0,50.0
249,40.42329,-3.70833,4,1.0,1.0,69.0,98.0,3,2.55,407,200,4503.0,68.043894,0.8,1.0,1,0,0,0,0,1,0,1,1,0,1,0,0,10,33.0,100.0
250,40.40333,-3.7025,1,1.0,1.0,18.0,93.0,4,1.49,225,50,3917.0,55.025641,1.9,1.5,1,1,1,1,1,1,1,1,1,1,1,1,1,10,12.0,50.0
251,40.42796,-3.72054,2,0.0,1.0,40.0,100.0,4,0.13,346,200,3555.0,63.451906,5.9,1.0,1,0,0,0,0,1,0,1,1,0,1,0,0,12,18.0,50.0
252,40.42057,-3.70486,2,1.0,1.0,75.0,85.0,3,0.25,105,200,4503.0,68.043894,0.8,1.0,1,0,0,0,0,1,0,1,1,0,0,0,0,12,18.0,100.0
253,40.42482,-3.71084,9,4.0,6.0,205.0,100.0,1,0.61,306,200,4503.0,68.043894,0.8,2.5,1,0,0,0,0,1,0,0,1,1,1,0,0,10,75.0,200.0
254,40.41429,-3.70649,4,1.0,2.0,59.0,97.0,2,4.25,351,200,4503.0,68.043894,0.8,1.0,1,0,0,0,0,1,0,1,0,0,1,0,0,10,33.0,100.0
255,40.40687,-3.70917,5,2.0,3.0,110.0,90.0,1,1.11,344,200,4503.0,68.043894,0.8,1.0,1,0,0,0,0,1,0,0,1,1,0,0,1,12,40.5,150.0
256,40.41233,-3.70641,2,1.0,1.0,51.0,94.0,2,2.04,359,200,4503.0,68.043894,0.8,1.0,1,0,0,0,0,1,0,1,0,0,1,0,0,10,18.0,100.0
257,40.40788,-3.73147,1,1.0,1.0,45.0,0.0,1,0.0,100,50,2287.0,47.008319,4.7,1.0,0,0,0,0,0,1,0,1,0,0,0,0,0,10,10.5,50.0
258,40.41382,-3.69514,8,3.0,5.0,135.0,96.0,1,2.58,516,200,4503.0,68.043894,0.8,2.0,1,0,0,0,0,1,0,0,0,0,1,0,0,10,66.0,150.0
259,40.42761,-3.6158,2,1.0,2.0,21.0,96.0,4,0.17,571,50,2477.0,70.967532,7.3,1.5,0,0,0,0,0,1,0,0,0,0,1,0,0,10,19.5,50.0
260,40.41497,-3.70853,4,1.0,2.0,59.0,98.0,2,3.83,405,200,4503.0,68.043894,0.8,1.0,1,0,0,0,0,1,0,1,0,0,1,0,0,10,33.0,100.0
261,40.41805,-3.70848,4,1.0,2.0,71.0,97.0,6,1.7,404,200,4503.0,68.043894,0.8,1.0,1,0,0,0,0,1,0,1,1,1,1,0,0,10,33.0,100.0
262,40.42333,-3.69989,5,2.0,5.0,91.0,86.0,1,0.6,284,200,4503.0,68.043894,0.8,2.0,1,0,0,0,0,1,0,0,1,0,0,0,0,11,43.5,100.0
263,40.45989,-3.69472,8,3.0,5.0,163.0,95.0,4,0.91,876,200,3476.0,60.621287,5.9,2.0,1,0,0,0,0,0,0,0,1,1,1,0,0,10,66.0,200.0
264,40.44791,-3.57918,3,2.0,2.0,85.0,83.0,3,0.4,111,200,2477.0,70.967532,7.3,2.0,1,0,0,0,0,1,1,1,1,0,0,0,0,10,28.5,100.0
265,40.44655,-3.58128,2,1.0,1.0,57.0,87.0,3,0.43,215,200,2477.0,70.967532,7.3,1.0,1,0,0,0,0,1,0,1,1,0,0,0,0,10,18.0,100.0
266,40.41399,-3.70776,4,1.0,2.0,59.0,98.0,2,4.06,235,200,4503.0,68.043894,0.8,1.0,1,0,0,0,0,1,0,1,0,0,1,0,0,10,33.0,100.0
267,40.4483,-3.57965,2,1.0,1.0,57.0,85.0,3,2.1,714,200,2477.0,70.967532,7.3,1.0,1,0,0,0,0,1,0,1,1,0,1,0,0,10,18.0,100.0
268,40.41522,-3.70414,4,2.0,3.0,105.0,93.0,7,0.4,220,200,4503.0,68.043894,0.8,1.0,1,0,0,0,0,1,0,1,1,0,0,0,0,11,33.0,150.0
269,40.40789,-3.71404,4,1.0,2.0,63.0,95.0,1,1.02,85,200,4503.0,68.043894,0.8,1.0,1,0,0,0,0,1,0,0,1,0,0,0,0,10,33.0,100.0
270,40.41189,-3.70107,2,1.0,1.0,55.0,88.0,3,3.87,377,200,4503.0,68.043894,0.8,1.0,1,0,0,0,0,1,0,1,0,0,1,0,0,10,18.0,100.0
271,40.41166,-3.71007,2,1.0,3.0,59.0,96.0,1,1.51,530,200,4503.0,68.043894,0.8,1.0,1,0,0,0,0,1,0,1,1,1,1,0,0,10,18.0,100.0
272,40.46154,-3.63003,1,4.0,1.0,34.0,91.0,1,0.28,282,50,3312.0,62.061453,9.2,2.0,0,0,0,0,0,0,0,1,1,0,1,0,0,10,13.5,50.0
273,40.40645,-3.70109,6,2.0,5.0,76.0,88.0,3,0.08,675,200,4503.0,68.043894,0.8,1.5,1,0,0,0,0,1,0,1,1,0,1,0,0,11,49.5,100.0
275,40.42874,-3.6996,2,1.0,1.0,31.0,98.0,3,0.4,425,50,4855.0,64.056634,2.4,1.0,0,0,0,0,0,1,0,1,0,1,1,0,0,10,18.0,50.0
276,40.40997,-3.70155,2,1.0,1.0,47.0,89.0,8,2.1,371,200,4503.0,68.043894,0.8,1.0,1,0,0,0,0,1,0,1,0,0,0,0,0,10,18.0,50.0
277,40.47974,-3.66852,2,1.0,1.0,35.0,0.0,3,0.0,125,50,2893.0,50.090625,6.5,1.0,0,0,0,1,0,1,1,0,1,0,0,0,0,10,18.0,50.0
278,40.42507,-3.70663,2,1.0,2.0,44.0,0.0,3,0.0,30,50,4503.0,68.043894,0.8,1.0,0,0,0,0,0,1,0,0,0,0,0,0,0,10,18.0,50.0
279,40.40869,-3.6975,2,1.0,1.0,73.0,96.0,4,1.9,753,200,4503.0,68.043894,0.8,1.0,1,0,0,0,0,1,0,1,1,1,1,0,1,10,18.0,100.0
280,40.40115,-3.69657,8,3.0,6.0,149.0,84.0,1,0.22,226,200,3917.0,55.025641,1.9,2.0,1,0,0,0,0,1,0,1,1,0,1,0,0,10,66.0,150.0
281,40.40876,-3.70878,1,1.0,1.0,35.0,97.0,1,0.38,373,50,4503.0,68.043894,0.8,1.0,0,0,0,0,0,1,0,1,1,1,0,0,0,10,10.5,50.0
282,40.47731,-3.66659,1,1.0,1.0,22.0,98.0,2,0.32,545,50,2893.0,50.090625,6.5,1.0,0,0,0,0,0,1,0,0,1,0,1,0,0,10,10.5,50.0
283,40.42853,-3.72286,1,1.0,1.0,21.0,99.0,4,0.2,323,50,3555.0,63.451906,5.9,1.0,1,0,0,0,0,1,0,1,1,0,1,0,0,12,10.5,50.0
284,40.41027,-3.7122,6,3.0,4.0,203.0,96.0,1,3.34,368,200,4503.0,68.043894,0.8,3.5,1,0,0,0,0,1,0,1,0,0,0,0,0,10,55.5,200.0
285,40.42162,-3.71158,2,1.0,1.0,65.0,94.0,1,0.4,107,200,4503.0,68.043894,0.8,1.0,1,0,0,0,0,1,0,1,0,0,0,0,0,0,18.0,100.0
286,40.41411,-3.70862,2,1.0,1.0,58.0,82.0,1,0.53,179,200,4503.0,68.043894,0.8,1.0,1,0,0,0,0,1,0,1,1,0,0,0,0,10,18.0,100.0
287,40.43602,-3.63506,3,2.0,2.0,46.0,95.0,1,2.3,153,200,2477.0,70.967532,7.3,2.0,1,0,0,0,0,1,0,1,1,0,0,0,0,10,28.5,50.0
288,40.41495,-3.70941,2,1.0,1.0,90.0,97.0,1,2.43,185,200,4503.0,68.043894,0.8,1.0,1,0,0,0,0,1,0,1,0,0,0,0,0,10,18.0,100.0
289,40.47281,-3.58827,2,4.0,1.0,28.0,100.0,2,0.02,234,50,3047.0,56.183432,11.8,2.0,0,0,0,0,0,1,0,1,0,0,1,0,0,10,21.0,50.0
290,40.42242,-3.69674,4,2.0,2.0,82.0,94.0,2,1.44,468,200,4503.0,68.043894,0.8,1.0,1,0,0,0,0,1,0,1,0,1,0,0,0,10,33.0,100.0
291,40.4403,-3.63464,2,1.0,2.0,30.0,0.0,1,0.0,27,50,2477.0,70.967532,7.3,1.0,0,0,0,0,0,0,0,0,0,0,0,0,0,10,18.0,50.0
293,40.4077,-3.68473,1,1.0,1.0,20.0,91.0,3,0.33,250,50,4220.0,63.672727,3.2,2.0,0,0,0,1,0,1,0,0,1,0,0,0,0,10,13.5,50.0
294,40.4112,-3.69567,4,2.0,2.0,60.0,89.0,4,2.46,478,200,4503.0,68.043894,0.8,1.0,1,0,0,0,0,1,0,0,0,0,1,0,0,10,33.0,100.0
295,40.41013,-3.70453,2,1.0,1.0,59.0,98.0,2,4.24,257,50,4503.0,68.043894,0.8,1.0,1,1,1,1,1,1,1,1,1,1,1,1,1,10,18.0,100.0
296,40.44214,-3.63756,1,1.0,1.0,32.0,100.0,1,0.06,305,50,2477.0,70.967532,7.3,1.0,0,0,0,1,0,1,0,1,1,0,0,0,1,10,10.5,50.0
297,40.40857,-3.69801,4,1.0,2.0,65.0,94.0,1,0.36,87,200,4503.0,68.043894,0.8,1.0,1,0,0,1,0,1,0,1,0,0,0,0,0,10,33.0,100.0
298,40.43715,-3.69866,3,1.0,2.0,45.0,91.0,1,0.11,464,200,4855.0,64.056634,2.4,1.0,1,0,0,0,0,1,0,1,0,0,1,0,0,10,25.5,50.0
299,40.42556,-3.70175,4,1.0,2.0,56.0,90.0,4,1.82,484,200,4503.0,68.043894,0.8,1.0,1,0,0,0,0,1,0,1,1,1,1,0,1,10,33.0,100.0
300,40.46913,-3.58258,8,4.0,7.0,93.0,98.0,1,1.9,798,200,3047.0,56.183432,11.8,2.5,1,0,0,0,0,1,1,1,1,1,1,0,1,10,67.5,100.0
301,40.39826,-3.66722,2,1.0,2.0,26.0,95.0,1,1.38,299,50,1890.0,41.443535,5.0,1.5,1,0,0,0,0,1,0,1,1,0,0,0,0,10,19.5,50.0
302,40.42841,-3.71386,4,0.0,4.0,125.0,89.0,1,1.59,340,200,4503.0,68.043894,0.8,1.0,1,0,0,0,0,1,0,1,1,0,1,0,0,10,33.0,150.0
303,40.40646,-3.68289,2,1.0,2.0,25.0,93.0,3,5.29,374,50,4220.0,63.672727,3.2,2.0,0,0,0,1,0,1,0,0,1,0,0,0,0,10,21.0,50.0
304,40.40625,-3.68479,1,1.0,1.0,21.0,93.0,3,2.14,149,50,4220.0,63.672727,3.2,2.0,1,0,0,1,0,1,0,0,1,0,0,0,0,10,13.5,50.0
305,40.44919,-3.71006,2,1.0,1.0,114.0,100.0,1,0.06,186,200,3555.0,63.451906,5.9,1.0,1,0,0,0,0,1,0,1,1,0,1,0,0,10,18.0,150.0
306,40.41726,-3.70269,4,1.0,2.0,66.0,91.0,1,0.31,191,200,4503.0,68.043894,0.8,1.0,1,0,0,0,0,0,0,1,1,0,0,0,0,10,33.0,100.0
307,40.41601,-3.70951,4,1.0,2.0,10.0,93.0,1,0.74,534,200,4503.0,68.043894,0.8,1.0,1,0,0,0,1,1,0,1,1,0,1,0,0,10,33.0,50.0
308,40.41858,-3.70077,2,1.0,1.0,50.0,94.0,1,5.59,258,50,4503.0,68.043894,0.8,1.0,0,0,0,0,1,1,0,0,1,0,1,0,0,10,18.0,50.0
309,40.40721,-3.64994,8,4.0,1.0,140.0,97.0,4,0.82,352,200,2547.0,45.581197,5.0,2.0,1,1,1,1,1,1,1,1,1,1,1,1,1,0,66.0,150.0
310,40.41826,-3.71188,2,1.0,1.0,60.0,100.0,2,0.01,118,50,4503.0,68.043894,0.8,2.0,1,0,0,0,0,1,0,1,1,0,0,0,0,11,21.0,100.0
311,40.40903,-3.70786,2,1.0,1.0,24.0,94.0,1,0.17,273,50,4503.0,68.043894,0.8,1.0,1,1,1,1,1,1,1,1,1,1,1,1,1,10,18.0,50.0
312,40.42294,-3.70468,2,1.0,1.0,65.0,96.0,1,0.5,507,200,4503.0,68.043894,0.8,1.0,1,1,1,1,1,1,1,1,1,1,1,1,1,10,18.0,100.0
313,40.42741,-3.70807,2,1.0,1.0,95.0,98.0,1,0.62,312,200,4503.0,68.043894,0.8,1.0,1,0,0,0,0,1,0,0,1,0,1,0,0,10,18.0,100.0
314,40.39742,-3.76862,1,1.0,1.0,30.0,98.0,2,0.17,226,50,2287.0,47.008319,4.7,1.0,0,0,0,0,0,1,0,0,1,0,0,0,0,10,10.5,50.0
315,40.41454,-3.6991,3,1.0,1.0,70.0,88.0,3,0.92,235,200,4503.0,68.043894,0.8,2.0,1,0,0,0,0,1,0,1,1,0,1,0,0,11,28.5,100.0
317,40.44416,-3.57199,2,1.0,1.0,48.0,100.0,1,0.04,145,50,2477.0,70.967532,7.3,1.0,1,0,0,0,0,1,1,1,1,0,0,0,0,10,18.0,50.0
318,40.40964,-3.71139,4,1.0,2.0,51.0,95.0,3,2.95,477,200,4503.0,68.043894,0.8,1.0,1,0,0,0,0,1,0,1,1,0,1,0,0,10,33.0,100.0
319,40.40076,-3.69641,1,1.0,1.0,33.0,99.0,1,1.44,340,50,3917.0,55.025641,1.9,1.0,0,0,0,0,0,1,0,1,1,0,1,0,0,10,10.5,50.0
320,40.40956,-3.7009,3,1.0,2.0,47.0,92.0,1,3.16,765,200,4503.0,68.043894,0.8,1.0,1,0,0,0,0,0,0,0,0,1,0,0,0,10,25.5,50.0
321,40.42106,-3.71121,3,1.0,3.0,211.0,93.0,10,0.54,478,50,4503.0,68.043894,0.8,2.0,0,0,0,0,0,1,0,0,0,0,1,0,0,10,28.5,200.0
322,40.40818,-3.70191,4,1.0,3.0,53.0,88.0,2,2.42,287,200,4503.0,68.043894,0.8,1.0,1,0,0,0,0,1,0,1,0,0,0,0,0,10,33.0,100.0
323,40.40873,-3.69961,4,2.0,1.0,101.0,100.0,3,0.01,142,200,4503.0,68.043894,0.8,1.0,1,0,0,0,0,1,0,0,1,0,0,0,0,9,33.0,150.0
324,40.42298,-3.70895,3,1.0,2.0,100.0,94.0,1,2.04,484,200,4503.0,68.043894,0.8,1.0,1,0,0,0,0,1,0,1,0,0,1,0,0,10,25.5,100.0
325,40.4449,-3.63508,2,1.0,2.0,30.0,99.0,1,0.93,494,50,2477.0,70.967532,7.3,1.0,1,0,0,1,0,1,1,0,1,1,1,0,0,9,18.0,50.0
326,40.42551,-3.67958,3,1.0,1.0,42.0,100.0,1,0.02,111,200,5328.0,74.694253,2.2,1.0,1,0,0,0,0,0,0,1,1,0,0,0,0,9,25.5,50.0
327,40.42151,-3.7098,2,1.0,1.0,46.0,76.0,1,0.05,179,50,4503.0,68.043894,0.8,1.5,1,1,1,1,1,1,1,1,1,1,1,1,1,9,19.5,50.0
328,40.43741,-3.71162,5,3.0,6.0,105.0,96.0,1,0.54,185,200,4855.0,64.056634,2.4,1.5,1,0,0,1,0,1,0,1,1,0,0,0,0,9,42.0,150.0
329,40.42656,-3.7036,2,1.0,1.0,113.0,97.0,6,3.29,317,200,4503.0,68.043894,0.8,1.0,1,0,0,0,0,1,0,1,0,0,0,0,0,9,18.0,150.0
330,40.42849,-3.70194,2,1.0,1.0,80.0,93.0,1,0.06,89,200,4503.0,68.043894,0.8,1.0,1,0,0,1,0,1,0,1,1,0,0,0,0,9,18.0,100.0
331,40.39505,-3.70763,2,1.0,1.0,63.0,96.0,1,1.88,478,200,2195.0,47.402837,6.6,1.0,1,0,0,0,0,1,0,1,1,0,1,0,0,9,18.0,100.0
332,40.40726,-3.74174,1,1.0,1.0,14.0,93.0,3,0.1,131,50,2287.0,47.008319,4.7,1.0,1,0,0,0,0,1,0,0,1,0,0,0,0,10,10.5,50.0
333,40.41482,-3.70266,2,1.0,3.0,29.0,80.0,12,0.04,399,50,4503.0,68.043894,0.8,1.0,1,0,0,0,0,1,0,1,1,0,1,0,0,9,18.0,50.0
334,40.41482,-3.70266,2,1.0,2.0,29.0,90.0,12,0.02,482,50,4503.0,68.043894,0.8,1.0,1,0,0,0,0,1,0,1,1,1,1,0,0,9,18.0,50.0
335,40.42187,-3.68775,2,1.0,2.0,50.0,93.0,12,0.07,593,200,5328.0,74.694253,2.2,1.0,1,0,0,0,0,1,0,1,1,0,1,1,0,9,18.0,50.0
336,40.47058,-3.68539,2,1.0,4.0,50.0,92.0,4,0.52,430,200,4508.0,67.220486,5.8,1.0,1,0,0,0,0,1,1,1,1,0,1,0,0,9,18.0,50.0
337,40.43065,-3.67261,5,3.0,2.0,80.0,0.0,2,0.0,177,200,5328.0,74.694253,2.2,1.5,1,0,0,0,0,0,0,1,1,0,1,0,0,9,42.0,100.0
338,40.41825,-3.71239,4,2.0,2.0,132.0,98.0,2,1.12,520,200,4503.0,68.043894,0.8,2.0,1,0,0,0,0,1,0,1,1,0,1,0,0,11,36.0,150.0
339,40.41174,-3.70271,2,2.0,1.0,51.0,90.0,1,0.75,149,200,4503.0,68.043894,0.8,1.0,1,0,0,0,0,1,0,0,0,0,0,0,0,9,18.0,100.0
340,40.40766,-3.69952,4,1.0,2.0,64.0,88.0,2,0.76,299,200,4503.0,68.043894,0.8,1.0,1,0,0,0,0,1,0,0,1,0,1,0,0,9,33.0,100.0
341,40.41845,-3.70544,4,2.0,3.0,96.0,93.0,20,3.26,603,200,4503.0,68.043894,0.8,1.0,1,0,0,0,0,1,0,1,1,0,1,0,0,9,33.0,100.0
342,40.41866,-3.70547,4,1.0,1.0,60.0,93.0,20,3.41,568,200,4503.0,68.043894,0.8,1.0,1,0,0,0,0,1,0,1,1,1,1,1,0,9,33.0,100.0
343,40.42062,-3.70766,6,2.0,3.0,98.0,92.0,20,3.08,686,200,4503.0,68.043894,0.8,2.0,1,0,0,0,0,1,0,1,1,1,1,0,0,9,51.0,100.0
344,40.4334,-3.65682,2,1.0,1.0,110.0,80.0,1,0.06,444,50,2893.0,50.090625,6.5,1.0,1,1,1,1,1,1,1,1,1,1,1,1,1,9,18.0,150.0
345,40.42157,-3.70539,2,1.0,1.0,35.0,97.0,3,0.19,118,50,4503.0,68.043894,0.8,1.0,1,0,0,0,0,1,0,0,0,0,0,0,0,9,18.0,50.0
346,40.38901,-3.64185,2,1.0,1.0,21.0,96.0,1,0.42,494,50,1890.0,41.443535,5.0,1.0,1,1,1,1,1,1,1,1,1,1,1,1,1,9,18.0,50.0
347,40.42613,-3.70534,3,1.0,1.0,19.0,83.0,4,0.47,200,50,4503.0,68.043894,0.8,1.0,0,0,0,0,0,1,0,0,0,0,0,0,0,11,25.5,50.0
348,40.42473,-3.67977,4,1.0,1.0,60.0,93.0,2,0.75,295,200,5328.0,74.694253,2.2,1.0,1,1,1,1,1,1,1,1,1,1,1,1,1,9,33.0,100.0
349,40.42194,-3.70194,4,2.0,2.0,130.0,99.0,1,1.35,1209,200,4503.0,68.043894,0.8,1.0,1,0,0,0,0,0,0,0,0,1,0,0,0,10,33.0,150.0
350,40.41873,-3.67761,5,1.0,3.0,94.0,96.0,8,0.13,268,200,4220.0,63.672727,3.2,1.0,1,0,0,0,0,1,0,1,1,0,1,0,0,9,40.5,100.0
351,40.41538,-3.70351,2,1.0,1.0,48.0,94.0,13,4.57,583,50,4503.0,68.043894,0.8,1.0,1,0,0,0,0,1,0,1,1,1,1,0,1,9,18.0,50.0
352,40.42259,-3.70152,5,2.0,3.0,50.0,93.0,5,1.5,344,200,4503.0,68.043894,0.8,1.0,1,0,0,0,0,1,0,1,0,0,1,0,0,9,40.5,50.0
353,40.41245,-3.69688,4,1.0,2.0,64.0,96.0,14,4.25,359,200,4503.0,68.043894,0.8,1.0,1,0,0,0,0,1,0,1,0,0,1,0,0,10,33.0,100.0
354,40.40788,-3.69564,3,1.0,1.0,65.0,0.0,1,0.0,125,200,4503.0,68.043894,0.8,1.0,1,0,0,0,0,1,0,1,0,0,0,0,0,9,25.5,100.0
355,40.40546,-3.69213,5,2.0,3.0,100.0,94.0,1,0.86,765,200,3917.0,55.025641,1.9,1.0,1,0,0,0,1,1,0,0,1,1,1,1,0,5,40.5,100.0
356,40.4183,-3.71239,4,2.0,3.0,129.0,95.0,1,0.38,367,200,4503.0,68.043894,0.8,2.5,1,0,0,0,0,1,0,0,0,0,1,0,0,9,37.5,150.0
357,40.42722,-3.68388,4,2.0,4.0,262.0,95.0,11,0.16,538,200,5328.0,74.694253,2.2,2.0,1,0,0,0,0,1,0,1,0,0,1,0,0,9,36.0,200.0
358,40.41391,-3.70264,4,2.0,4.0,45.0,80.0,6,0.06,105,200,4503.0,68.043894,0.8,2.0,1,0,0,0,0,1,0,1,1,0,0,0,0,11,36.0,50.0
359,40.40224,-3.70001,4,2.0,3.0,70.0,97.0,1,0.97,403,200,3917.0,55.025641,1.9,1.5,1,0,0,0,0,1,0,1,1,1,1,0,0,9,34.5,100.0
360,40.415,-3.70582,3,1.0,2.0,76.0,98.0,2,2.57,175,200,4503.0,68.043894,0.8,1.0,1,0,0,1,0,1,0,1,1,0,0,0,0,9,25.5,100.0
361,40.42609,-3.7043,8,3.0,5.0,40.0,67.0,4,0.05,112,50,4503.0,68.043894,0.8,1.0,0,0,0,0,0,1,0,0,0,0,0,0,0,11,63.0,50.0
362,40.41324,-3.70651,2,0.0,1.0,68.0,96.0,1,2.39,351,200,4503.0,68.043894,0.8,1.0,1,0,0,0,0,0,0,1,1,0,0,0,0,9,18.0,100.0
363,40.40777,-3.74013,2,1.0,1.0,21.0,95.0,3,2.17,234,50,2287.0,47.008319,4.7,1.0,1,0,0,0,0,1,0,0,1,1,0,0,0,10,18.0,50.0
364,40.42744,-3.70658,4,1.0,1.0,81.0,97.0,1,2.9,520,200,4503.0,68.043894,0.8,1.0,1,0,0,0,0,1,0,0,0,0,1,0,0,9,33.0,100.0
365,40.41835,-3.68955,16,5.0,13.0,350.0,98.0,1,0.85,482,200,4220.0,63.672727,3.2,5.0,1,0,0,0,0,1,0,1,1,0,1,0,0,9,135.0,200.0
367,40.40773,-3.69476,1,1.0,1.0,22.0,92.0,2,0.1,559,50,4503.0,68.043894,0.8,2.0,0,0,0,0,0,1,0,0,1,0,1,0,0,9,13.5,50.0
368,40.43358,-3.70524,2,1.0,1.0,35.0,100.0,1,0.01,95,50,4855.0,64.056634,2.4,1.0,1,0,0,0,0,1,0,1,1,0,0,0,0,9,18.0,50.0
369,40.42661,-3.70222,4,2.0,3.0,102.0,91.0,8,0.15,1187,200,4503.0,68.043894,0.8,1.0,1,0,0,0,0,1,0,1,1,1,1,0,1,11,33.0,150.0
370,40.42986,-3.7023,2,1.0,2.0,32.0,100.0,8,0.04,1068,200,4855.0,64.056634,2.4,1.0,1,0,0,0,0,1,0,1,1,1,1,0,1,11,18.0,50.0
371,40.43165,-3.70152,4,2.0,3.0,92.0,90.0,8,0.25,1289,200,4855.0,64.056634,2.4,2.0,1,0,0,0,0,0,0,1,1,1,1,0,1,11,36.0,100.0
372,40.40215,-3.66263,2,1.0,1.0,32.0,96.0,2,0.26,413,50,1890.0,41.443535,5.0,1.0,0,0,0,0,0,1,0,0,0,0,1,0,0,9,18.0,50.0
373,40.45126,-3.69369,4,1.0,1.0,40.0,92.0,1,3.92,595,200,3476.0,60.621287,5.9,1.0,1,0,0,0,0,1,0,1,1,1,1,0,0,9,33.0,50.0
374,40.41369,-3.70252,2,1.0,2.0,66.0,96.0,1,0.19,404,200,4503.0,68.043894,0.8,1.0,1,0,0,0,0,1,0,1,1,0,1,0,0,9,18.0,100.0
375,40.44796,-3.66138,4,3.0,2.0,198.0,0.0,1,0.0,27,200,2893.0,50.090625,6.5,2.0,1,0,0,0,0,0,0,0,0,0,0,0,0,10,36.0,200.0
376,40.41156,-3.70546,3,1.0,1.0,70.0,87.0,3,3.97,261,200,4503.0,68.043894,0.8,1.0,1,1,1,1,1,1,1,1,1,1,1,1,1,11,25.5,100.0
377,40.42337,-3.70113,4,2.0,2.0,48.0,86.0,53,3.31,662,200,4503.0,68.043894,0.8,1.0,1,0,0,0,0,1,0,0,0,1,1,0,0,9,33.0,50.0
378,40.4869,-3.65722,1,1.0,1.0,30.0,100.0,1,0.05,219,50,3312.0,62.061453,9.2,1.0,0,0,0,0,0,1,0,0,1,0,0,0,0,9,10.5,50.0
379,40.43316,-3.71393,1,1.0,1.0,30.0,96.0,1,0.67,193,50,4855.0,64.056634,2.4,1.0,0,0,0,0,0,1,0,0,1,0,1,0,0,9,10.5,50.0
380,40.43736,-3.71721,1,1.0,2.0,33.0,0.0,2,0.0,99,50,4855.0,64.056634,2.4,1.0,1,0,0,0,0,1,0,0,1,0,0,0,0,9,10.5,50.0
381,40.41095,-3.71199,3,1.0,2.0,80.0,94.0,1,0.54,186,200,4503.0,68.043894,0.8,1.0,1,0,0,0,0,1,0,1,1,0,1,0,0,9,25.5,100.0
382,40.41523,-3.70831,4,1.0,1.0,45.0,90.0,3,4.09,375,200,4503.0,68.043894,0.8,1.0,1,0,0,0,0,1,0,1,1,0,1,0,0,9,33.0,50.0
383,40.47479,-3.57467,2,1.0,1.0,47.0,100.0,1,0.04,172,200,3047.0,56.183432,11.8,1.0,1,0,0,1,0,1,0,1,1,0,0,0,0,9,18.0,50.0
384,40.41667,-3.6756,5,1.0,3.0,104.0,90.0,8,0.1,501,200,4220.0,63.672727,3.2,1.0,1,0,0,0,0,1,0,1,1,1,1,0,0,9,40.5,150.0
385,40.46549,-3.75115,16,1.0,14.0,112.0,0.0,1,0.0,146,50,3555.0,63.451906,5.9,1.0,0,0,0,0,0,0,1,1,0,0,0,0,0,9,123.0,150.0
386,40.4287,-3.6862,2,1.0,2.0,46.0,95.0,4,1.33,571,50,5328.0,74.694253,2.2,1.0,0,0,0,0,0,1,0,0,1,0,1,0,0,9,18.0,50.0
387,40.40786,-3.70223,2,1.0,1.0,50.0,95.0,4,0.69,284,200,4503.0,68.043894,0.8,1.0,1,0,0,1,0,1,0,0,0,0,0,0,0,9,18.0,50.0
388,40.41045,-3.7057,5,2.0,4.0,70.0,97.0,1,1.89,504,200,4503.0,68.043894,0.8,1.0,1,0,0,0,0,1,0,0,0,1,1,0,0,9,40.5,100.0
389,40.44338,-3.69662,1,1.0,1.0,30.0,100.0,1,0.14,201,50,4855.0,64.056634,2.4,1.0,1,0,0,1,0,0,0,0,1,0,0,0,0,9,10.5,50.0
390,40.43542,-3.70755,2,1.0,2.0,30.0,96.0,1,0.37,384,50,4855.0,64.056634,2.4,2.0,1,0,0,0,0,1,0,1,1,0,1,0,0,9,21.0,50.0
391,40.40946,-3.69809,4,1.0,2.0,70.0,96.0,1,2.09,161,200,4503.0,68.043894,0.8,1.0,1,0,0,0,0,1,0,1,1,0,0,0,0,11,33.0,100.0
392,40.42001,-3.70824,8,3.0,5.0,101.0,91.0,1,1.76,536,200,4503.0,68.043894,0.8,2.0,1,0,0,1,0,1,0,0,1,1,1,0,0,9,66.0,150.0
393,40.41483,-3.70927,4,1.0,1.0,79.0,94.0,1,0.09,633,200,4503.0,68.043894,0.8,1.0,1,0,0,0,0,1,0,1,0,1,1,0,0,9,33.0,100.0
394,40.43812,-3.7108,1,1.0,1.0,22.0,93.0,1,0.04,112,50,4855.0,64.056634,2.4,1.5,1,0,0,0,0,1,0,0,1,0,0,0,0,9,12.0,50.0
395,40.42555,-3.70427,4,2.0,2.0,35.0,85.0,53,4.75,661,200,4503.0,68.043894,0.8,1.0,1,0,0,0,0,1,0,0,0,1,1,0,0,9,33.0,50.0
396,40.42266,-3.70525,4,1.0,2.0,44.0,84.0,53,4.53,645,200,4503.0,68.043894,0.8,1.0,1,0,0,0,0,1,0,0,0,1,1,0,0,9,33.0,50.0
397,40.46544,-3.69534,4,2.0,2.0,100.0,89.0,2,0.46,374,200,3476.0,60.621287,5.9,2.0,1,0,0,0,0,1,0,0,0,0,1,0,0,9,36.0,100.0
398,40.41328,-3.69498,2,1.0,1.0,75.0,91.0,1,2.21,270,200,4503.0,68.043894,0.8,1.0,1,0,0,0,0,1,0,1,1,0,1,0,0,9,18.0,100.0
399,40.41707,-3.70536,5,2.0,5.0,101.0,91.0,1,0.78,521,200,4503.0,68.043894,0.8,1.0,1,0,0,0,0,1,0,1,1,0,1,0,0,9,40.5,150.0
400,40.42208,-3.70471,4,1.0,2.0,135.0,85.0,2,0.06,251,200,4503.0,68.043894,0.8,1.0,1,0,0,0,0,1,0,1,1,0,1,0,0,9,33.0,150.0
401,40.43747,-3.69949,4,1.0,2.0,102.0,93.0,1,0.19,579,200,4855.0,64.056634,2.4,1.0,1,0,0,0,0,1,0,1,1,0,1,0,1,8,33.0,150.0
402,40.4287,-3.6862,1,1.0,1.0,46.0,96.0,4,1.51,571,50,5328.0,74.694253,2.2,1.0,1,0,0,0,0,1,0,0,1,0,1,0,0,9,10.5,50.0
403,40.4259,-3.7025,2,1.0,1.0,76.0,97.0,6,2.27,484,200,4503.0,68.043894,0.8,1.0,1,0,0,0,0,1,0,1,0,0,1,0,0,9,18.0,100.0
404,40.40912,-3.70074,3,1.0,3.0,54.0,96.0,1,0.16,547,200,4503.0,68.043894,0.8,1.0,1,0,0,0,0,1,0,1,0,1,1,0,0,10,25.5,100.0
405,40.42463,-3.69692,1,1.0,1.0,29.0,97.0,1,0.31,171,50,4503.0,68.043894,0.8,1.0,0,0,0,0,0,1,0,0,0,0,0,0,0,10,10.5,50.0
406,40.41301,-3.70848,4,1.0,1.0,127.0,97.0,5,0.25,397,200,4503.0,68.043894,0.8,1.0,1,0,0,0,0,1,0,0,0,1,1,0,1,10,33.0,150.0
407,40.41368,-3.70544,3,1.0,2.0,85.0,96.0,5,0.2,273,200,4503.0,68.043894,0.8,1.0,1,0,0,0,0,1,0,0,1,0,0,0,0,10,25.5,100.0
408,40.41353,-3.70715,8,3.0,3.0,230.0,97.0,5,0.8,347,200,4503.0,68.043894,0.8,2.0,1,0,0,0,0,1,0,0,0,1,1,0,0,10,66.0,200.0
409,40.4287,-3.6862,2,1.0,2.0,39.0,97.0,4,1.43,624,50,5328.0,74.694253,2.2,1.0,0,0,0,0,0,1,0,0,1,0,1,0,0,9,18.0,50.0
410,40.39651,-3.69944,2,1.0,1.0,30.0,96.0,1,1.81,333,50,3917.0,55.025641,1.9,1.0,1,0,0,0,1,1,0,1,1,0,0,0,0,9,18.0,50.0
411,40.40795,-3.70673,2,1.0,1.0,50.0,91.0,1,1.03,391,200,4503.0,68.043894,0.8,1.0,1,0,0,0,0,1,0,0,0,0,0,0,0,11,18.0,50.0
413,40.42951,-3.7019,1,1.0,1.0,50.0,0.0,1,0.0,105,50,4855.0,64.056634,2.4,1.0,1,0,0,0,0,1,0,1,1,0,0,0,0,9,10.5,50.0
414,40.42117,-3.71103,3,1.0,1.0,47.0,84.0,2,2.06,204,200,4503.0,68.043894,0.8,1.0,1,0,0,0,0,1,0,1,0,0,0,0,0,0,25.5,50.0
415,40.40259,-3.6642,1,1.0,2.0,25.0,97.0,3,0.76,249,50,1890.0,41.443535,5.0,1.0,1,0,0,0,0,1,0,0,1,0,0,0,0,9,10.5,50.0
416,40.42204,-3.69989,2,1.0,1.0,139.0,92.0,1,0.02,122,200,4503.0,68.043894,0.8,1.0,1,0,0,0,0,1,0,1,1,0,1,0,0,9,18.0,150.0
417,40.42361,-3.69809,4,0.0,1.0,58.0,92.0,5,3.33,397,200,4503.0,68.043894,0.8,1.0,1,0,0,0,0,1,0,1,1,0,1,0,0,9,33.0,100.0
418,40.42422,-3.70078,1,1.0,1.0,21.0,88.0,5,0.17,173,50,4503.0,68.043894,0.8,3.0,0,0,0,0,0,1,0,0,1,0,0,0,0,9,16.5,50.0
419,40.42414,-3.67547,1,1.0,2.0,17.0,97.0,2,0.22,189,50,5328.0,74.694253,2.2,1.0,0,0,0,0,0,1,0,0,1,0,0,0,0,0,10.5,50.0
420,40.40965,-3.70341,2,1.0,1.0,44.0,90.0,1,1.79,118,200,4503.0,68.043894,0.8,1.0,1,0,0,0,0,1,0,1,0,0,0,0,0,9,18.0,50.0
421,40.43401,-3.70052,1,0.0,1.0,20.0,0.0,2,0.0,294,200,4855.0,64.056634,2.4,1.0,1,0,0,0,0,1,0,1,0,0,1,0,0,11,10.5,50.0
422,40.43454,-3.70036,1,1.0,1.0,24.0,100.0,2,0.08,351,200,4855.0,64.056634,2.4,1.0,1,0,0,0,0,1,0,1,1,0,1,0,0,11,10.5,50.0
423,40.41163,-3.69811,4,2.0,3.0,510.0,100.0,1,0.04,156,200,4503.0,68.043894,0.8,1.0,1,0,0,0,0,1,0,1,0,0,1,0,0,11,33.0,200.0
424,40.4085,-3.69743,3,1.0,2.0,53.0,88.0,1,0.15,435,200,4503.0,68.043894,0.8,1.0,1,0,0,0,0,1,0,1,1,0,1,0,0,9,25.5,100.0
425,40.41353,-3.71157,2,1.0,1.0,54.0,96.0,1,0.2,181,50,4503.0,68.043894,0.8,1.0,1,0,0,0,0,1,0,0,0,0,1,0,0,11,18.0,100.0
426,40.43752,-3.70019,1,1.0,1.0,44.0,96.0,1,0.21,161,50,4855.0,64.056634,2.4,1.5,1,1,1,1,1,1,1,1,1,1,1,1,1,9,12.0,50.0
427,40.41179,-3.69622,4,1.0,2.0,575.0,67.0,32,0.08,452,200,4503.0,68.043894,0.8,1.0,1,0,0,0,0,1,0,1,0,0,1,0,0,9,33.0,200.0
428,40.41018,-3.69925,3,0.0,3.0,58.0,94.0,32,0.58,400,200,4503.0,68.043894,0.8,1.0,1,0,0,1,0,1,0,1,0,0,1,0,0,9,25.5,100.0
429,40.43907,-3.70305,1,1.0,1.0,48.0,80.0,12,0.05,155,50,4855.0,64.056634,2.4,1.0,1,0,0,0,0,1,0,1,1,0,0,0,0,11,10.5,50.0
430,40.43715,-3.71356,2,1.0,1.0,32.0,91.0,2,1.34,284,50,4855.0,64.056634,2.4,1.0,1,0,0,0,0,1,0,1,1,1,0,0,0,10,18.0,50.0
431,40.34993,-3.70594,4,1.0,1.0,70.0,99.0,2,0.18,336,200,1696.0,37.641618,9.0,1.0,1,0,0,0,0,1,1,1,1,0,1,0,0,10,33.0,100.0
432,40.35618,-3.69082,1,1.0,1.0,78.0,0.0,1,0.0,101,50,1696.0,37.641618,9.0,1.0,1,0,0,0,0,1,0,0,0,0,0,0,0,9,10.5,100.0
433,40.41031,-3.69438,2,1.0,1.0,45.0,90.0,1,0.09,220,200,4503.0,68.043894,0.8,1.0,1,1,1,1,1,1,1,1,1,1,1,1,1,9,18.0,50.0
434,40.42087,-3.70118,2,1.0,2.0,48.0,94.0,1,0.09,364,200,4503.0,68.043894,0.8,1.0,1,0,0,0,0,1,0,1,1,0,0,0,0,9,18.0,50.0
435,40.40698,-3.67882,6,3.0,4.0,160.0,97.0,1,1.51,701,200,4220.0,63.672727,3.2,1.0,1,0,0,0,0,1,0,1,0,0,1,0,0,9,48.0,200.0
436,40.4183,-3.70731,4,2.0,3.0,107.0,98.0,6,0.96,584,200,4503.0,68.043894,0.8,1.0,1,0,0,0,0,1,0,1,1,1,1,0,1,10,33.0,150.0
437,40.3969,-3.71329,2,1.0,1.0,21.0,94.0,1,1.79,212,50,2195.0,47.402837,6.6,1.0,0,0,0,0,0,1,0,0,1,0,0,0,0,9,18.0,50.0
438,40.40786,-3.70223,4,1.0,2.0,65.0,92.0,4,1.14,335,200,4503.0,68.043894,0.8,1.0,1,0,0,1,0,1,0,1,0,0,0,0,0,9,33.0,100.0
439,40.41816,-3.67559,5,1.0,3.0,104.0,83.0,8,0.19,482,200,4220.0,63.672727,3.2,1.0,1,0,0,0,0,1,0,1,1,0,1,0,0,9,40.5,150.0
440,40.40339,-3.69393,2,1.0,2.0,35.0,98.0,1,0.17,418,50,3917.0,55.025641,1.9,1.5,0,0,0,0,0,1,0,1,1,1,1,0,0,9,19.5,50.0
441,40.39236,-3.69462,4,2.0,3.0,83.0,94.0,1,3.7,550,200,3917.0,55.025641,1.9,2.0,1,0,0,0,0,1,0,0,0,1,1,0,0,10,36.0,100.0
442,40.39842,-3.667,2,1.0,1.0,19.0,91.0,1,0.58,266,50,1890.0,41.443535,5.0,1.0,0,0,0,0,0,1,0,0,0,0,0,0,0,10,18.0,50.0
443,40.41682,-3.70233,6,2.0,2.0,75.0,89.0,3,2.18,286,200,4503.0,68.043894,0.8,1.0,1,0,0,0,0,1,0,1,1,0,0,0,0,9,48.0,100.0
444,40.41568,-3.70486,2,1.0,1.0,43.0,97.0,1,0.93,141,50,4503.0,68.043894,0.8,1.0,1,0,0,0,0,1,0,0,0,0,0,0,0,9,18.0,50.0
445,40.41195,-3.696,2,1.0,1.0,200.0,0.0,1,0.0,346,200,4503.0,68.043894,0.8,1.0,1,0,0,0,0,1,0,1,1,0,1,0,0,9,18.0,200.0
446,40.42117,-3.69746,3,1.0,4.0,86.0,92.0,2,0.33,423,200,4503.0,68.043894,0.8,1.0,1,0,0,0,0,1,0,1,1,1,1,0,0,9,25.5,100.0
447,40.42202,-3.707,5,2.0,3.0,39.0,82.0,53,3.75,620,200,4503.0,68.043894,0.8,1.0,1,0,0,0,0,1,0,0,0,0,0,0,1,9,40.5,50.0
448,40.42124,-3.69913,3,1.0,3.0,575.0,87.0,32,0.18,400,200,4503.0,68.043894,0.8,1.0,1,0,0,0,0,1,0,1,0,0,1,0,0,9,25.5,200.0
449,40.41884,-3.702,5,1.0,1.0,75.0,92.0,3,2.26,127,200,4503.0,68.043894,0.8,1.0,1,0,0,0,0,1,0,1,1,0,0,0,0,9,40.5,100.0
450,40.43355,-3.713,2,1.0,1.0,39.0,0.0,2,0.0,39,50,4855.0,64.056634,2.4,1.0,1,0,0,0,0,0,0,0,1,0,0,0,0,9,18.0,50.0
451,40.41697,-3.70949,2,1.0,1.0,32.0,97.0,3,1.02,66,50,4503.0,68.043894,0.8,2.0,1,0,0,0,0,1,0,0,1,0,0,0,0,9,21.0,50.0
452,40.39979,-3.69071,2,1.0,1.0,80.0,0.0,1,0.0,27,200,3917.0,55.025641,1.9,1.0,0,0,0,0,0,0,0,0,0,0,0,0,0,9,18.0,100.0
453,40.40441,-3.69717,4,2.0,2.0,55.0,90.0,1,0.53,275,200,3917.0,55.025641,1.9,1.0,1,0,0,0,0,1,0,0,1,0,1,0,0,9,33.0,100.0
454,40.39518,-3.69349,6,4.0,5.0,81.0,95.0,2,1.35,717,50,3917.0,55.025641,1.9,2.0,1,0,0,0,0,1,0,1,1,1,1,0,1,9,51.0,100.0
455,40.41239,-3.71197,4,1.0,2.0,89.0,96.0,1,0.58,163,200,4503.0,68.043894,0.8,1.0,1,0,0,0,0,1,0,0,0,0,1,0,0,10,33.0,100.0
456,40.40648,-3.70429,2,1.0,1.0,35.0,97.0,2,0.25,283,50,4503.0,68.043894,0.8,1.0,0,0,0,0,0,1,0,0,1,0,0,0,0,9,18.0,50.0
457,40.42543,-3.7037,8,4.0,4.0,40.0,85.0,8,1.29,602,200,4503.0,68.043894,0.8,1.0,1,0,0,0,0,1,0,0,0,1,1,0,0,10,63.0,50.0
458,40.39963,-3.69485,2,1.0,1.0,43.0,96.0,2,4.05,406,50,3917.0,55.025641,1.9,1.0,0,0,0,0,0,1,0,0,1,0,1,0,0,10,18.0,50.0
459,40.39848,-3.69692,3,1.0,1.0,44.0,97.0,2,3.49,360,50,3917.0,55.025641,1.9,1.0,1,1,1,1,1,1,1,1,1,1,1,1,1,10,25.5,50.0
460,40.42239,-3.70986,4,1.0,1.0,48.0,93.0,20,2.74,337,200,4503.0,68.043894,0.8,1.0,1,0,0,0,0,1,0,0,0,0,1,0,0,9,33.0,50.0
461,40.41688,-3.70384,6,2.0,2.0,75.0,90.0,3,2.0,305,200,4503.0,68.043894,0.8,1.0,1,0,0,0,0,1,0,1,1,0,0,0,0,9,48.0,100.0
462,40.42055,-3.71043,2,1.0,1.0,51.0,94.0,20,2.38,345,200,4503.0,68.043894,0.8,1.0,1,0,0,0,0,1,0,0,0,0,1,0,0,9,18.0,100.0
463,40.42703,-3.7041,4,2.0,2.0,100.0,97.0,1,0.15,195,200,4503.0,68.043894,0.8,1.0,1,0,0,0,0,1,0,1,0,0,1,0,0,9,33.0,100.0
464,40.43831,-3.69859,5,2.0,3.0,62.0,87.0,2,0.37,421,200,4855.0,64.056634,2.4,1.0,1,0,0,0,0,1,0,1,1,0,1,0,0,10,40.5,100.0
465,40.44656,-3.66016,3,2.0,2.0,80.0,97.0,1,0.78,357,200,2893.0,50.090625,6.5,2.0,1,0,0,0,0,1,1,1,1,0,1,0,0,10,28.5,100.0
466,40.41784,-3.69943,1,1.0,1.0,60.0,100.0,2,0.03,258,200,4503.0,68.043894,0.8,1.0,1,0,0,0,0,1,0,1,0,0,1,0,0,9,10.5,100.0
467,40.4034,-3.60575,4,1.0,3.0,41.0,94.0,1,1.65,641,200,2246.0,55.472222,11.2,1.5,1,0,0,0,0,1,0,1,0,1,1,0,0,12,34.5,50.0
468,40.41312,-3.69776,3,2.0,2.0,48.0,80.0,1,0.14,370,200,4503.0,68.043894,0.8,1.0,1,0,0,0,0,1,0,1,1,0,1,0,0,9,25.5,50.0
469,40.41495,-3.70061,4,1.0,1.0,82.0,94.0,23,3.67,444,200,4503.0,68.043894,0.8,1.0,1,0,0,0,0,1,0,1,1,1,0,0,0,10,33.0,100.0
470,40.40752,-3.69284,4,2.0,3.0,51.0,92.0,1,4.69,207,200,3917.0,55.025641,1.9,1.0,1,0,0,0,0,1,0,1,0,0,0,0,0,9,33.0,100.0
471,40.42341,-3.70226,5,2.0,3.0,43.0,87.0,53,5.11,666,200,4503.0,68.043894,0.8,1.0,1,0,0,0,0,1,0,0,0,0,1,0,0,9,40.5,50.0
472,40.42481,-3.69799,2,1.0,1.0,27.0,94.0,3,0.08,224,50,4503.0,68.043894,0.8,1.0,0,0,0,0,0,1,0,0,0,0,1,0,0,10,18.0,50.0
473,40.4926,-3.65542,2,1.0,1.0,29.0,98.0,1,1.99,434,50,3312.0,62.061453,9.2,1.0,1,0,0,1,0,1,1,0,1,0,1,0,1,9,18.0,50.0
474,40.44964,-3.69652,2,1.0,2.0,56.0,96.0,1,0.39,407,200,3476.0,60.621287,5.9,1.5,1,0,0,0,0,1,0,1,1,1,0,0,0,10,19.5,100.0
475,40.41156,-3.70848,4,1.0,2.0,68.0,94.0,1,2.43,510,200,4503.0,68.043894,0.8,1.0,1,0,0,0,0,1,0,1,0,1,1,0,0,9,33.0,100.0
476,40.42186,-3.70158,2,1.0,1.0,54.0,89.0,1,0.29,146,200,4503.0,68.043894,0.8,1.0,1,0,0,0,0,1,0,1,1,0,0,0,0,9,18.0,100.0
477,40.40872,-3.70761,2,1.0,1.0,41.0,90.0,2,1.84,471,200,4503.0,68.043894,0.8,1.0,1,0,0,0,0,1,0,1,0,0,1,0,0,9,18.0,50.0
478,40.42785,-3.70102,2,1.0,1.0,59.0,95.0,1,1.38,421,200,4503.0,68.043894,0.8,1.5,1,0,0,0,0,1,0,1,1,0,1,0,0,9,19.5,100.0
479,40.46396,-3.68005,2,1.0,3.0,75.0,90.0,1,0.2,372,200,4508.0,67.220486,5.8,1.0,1,0,0,0,0,1,1,0,1,1,1,0,0,9,18.0,100.0
480,40.43817,-3.69863,1,1.0,1.0,41.0,97.0,2,0.46,249,50,4855.0,64.056634,2.4,1.0,0,0,0,0,0,1,0,0,1,0,0,0,0,10,10.5,50.0
481,40.4171,-3.70871,1,1.0,1.0,48.0,96.0,1,3.92,371,50,4503.0,68.043894,0.8,1.0,0,0,0,0,0,1,0,0,0,0,1,0,0,9,10.5,50.0
482,40.40769,-3.70653,4,1.0,2.0,46.0,93.0,1,0.63,407,200,4503.0,68.043894,0.8,1.0,1,0,0,0,0,1,0,1,0,0,1,0,0,9,33.0,50.0
483,40.42055,-3.70332,4,1.0,1.0,51.0,90.0,2,2.19,418,200,4503.0,68.043894,0.8,1.0,1,0,0,0,0,1,0,1,0,1,1,0,0,11,33.0,100.0
485,40.42187,-3.69876,2,1.0,1.0,181.0,89.0,1,1.8,348,200,4503.0,68.043894,0.8,1.0,1,0,0,0,1,1,0,1,0,1,1,0,0,9,18.0,200.0
486,40.42176,-3.7024,6,2.0,1.0,91.0,94.0,1,3.9,326,200,4503.0,68.043894,0.8,1.5,1,1,1,1,1,1,1,1,1,1,1,1,1,9,49.5,100.0
487,40.4129,-3.70847,1,1.0,1.0,65.0,96.0,1,5.82,382,200,4503.0,68.043894,0.8,1.0,1,0,0,0,0,1,0,1,0,1,1,0,0,9,10.5,100.0
488,40.41708,-3.7028,2,2.0,2.0,68.0,0.0,1,0.05,248,200,4503.0,68.043894,0.8,1.0,1,0,0,0,0,1,0,0,0,0,1,0,0,10,18.0,100.0
489,40.422,-3.70445,2,1.0,2.0,62.0,93.0,1,2.76,491,200,4503.0,68.043894,0.8,1.0,1,0,0,0,0,1,0,1,0,0,1,0,0,9,18.0,100.0
490,40.41198,-3.70247,2,2.0,1.0,41.0,100.0,2,0.2,375,50,4503.0,68.043894,0.8,1.0,1,1,1,1,1,1,1,1,1,1,1,1,1,9,18.0,50.0
491,40.44282,-3.68077,2,1.0,2.0,30.0,97.0,2,0.19,171,50,4508.0,67.220486,5.8,1.0,1,0,0,1,0,1,0,0,1,0,0,0,0,9,18.0,50.0
492,40.41797,-3.69855,1,1.0,2.0,60.0,0.0,1,0.0,237,50,4503.0,68.043894,0.8,1.0,1,0,0,0,0,1,0,1,1,0,1,0,0,9,10.5,100.0
493,40.41639,-3.71313,3,1.0,1.0,78.0,95.0,1,2.26,740,200,4503.0,68.043894,0.8,1.0,1,0,0,0,0,1,0,1,0,1,1,1,0,9,25.5,100.0
494,40.41009,-3.71201,6,2.0,3.0,57.0,94.0,1,1.07,451,200,4503.0,68.043894,0.8,1.0,1,0,0,0,0,1,0,1,0,0,1,0,1,9,48.0,100.0
495,40.39178,-3.72023,2,1.0,2.0,38.0,80.0,1,0.03,478,200,2195.0,47.402837,6.6,1.5,1,0,0,0,0,1,1,0,1,0,1,0,0,9,19.5,50.0
496,40.42202,-3.70324,3,1.0,3.0,34.0,82.0,5,1.12,384,200,4503.0,68.043894,0.8,1.0,1,0,0,0,0,1,0,1,0,0,1,0,0,9,25.5,50.0
497,40.42183,-3.71091,4,1.0,2.0,84.0,94.0,14,0.52,536,200,4503.0,68.043894,0.8,1.0,1,0,0,0,0,1,0,1,1,1,1,0,0,10,33.0,100.0
498,40.44234,-3.69849,7,3.0,7.0,120.0,92.0,1,0.84,375,200,4855.0,64.056634,2.4,2.0,1,0,0,1,0,1,0,1,1,0,1,0,0,9,58.5,150.0
499,40.42183,-3.71091,4,2.0,2.0,145.0,93.0,14,0.45,500,200,4503.0,68.043894,0.8,2.0,1,0,0,0,0,1,0,1,1,1,1,0,0,10,36.0,150.0
500,40.4058,-3.69604,3,1.0,2.0,69.0,92.0,1,0.36,446,200,3917.0,55.025641,1.9,1.0,1,0,0,0,0,1,0,1,1,1,1,0,0,9,25.5,100.0
501,40.41028,-3.70913,6,3.0,3.0,82.0,97.0,17,3.34,409,200,4503.0,68.043894,0.8,1.0,1,0,0,0,0,1,0,1,1,0,1,0,0,9,48.0,100.0
502,40.42336,-3.70716,2,1.0,1.0,60.0,0.0,1,0.0,79,200,4503.0,68.043894,0.8,1.0,1,0,0,0,0,0,0,1,0,0,0,0,0,9,18.0,100.0
503,40.50458,-3.69065,2,1.0,1.0,59.0,97.0,1,2.05,855,200,3545.0,57.198083,16.4,1.0,1,0,0,0,0,1,1,1,0,1,1,1,1,9,18.0,100.0
504,40.41272,-3.70616,1,1.0,1.0,23.0,80.0,1,0.01,154,50,4503.0,68.043894,0.8,1.5,0,0,0,0,0,1,0,0,0,0,0,0,0,9,12.0,50.0
505,40.42303,-3.67129,6,3.0,5.0,140.0,93.0,1,0.27,481,200,5328.0,74.694253,2.2,2.0,1,0,0,0,0,1,0,1,1,1,1,0,0,9,51.0,150.0
506,40.42498,-3.67932,7,4.0,1.0,135.0,91.0,1,0.84,282,200,5328.0,74.694253,2.2,1.5,1,1,1,1,1,1,1,1,1,1,1,1,1,9,57.0,150.0
507,40.41909,-3.61418,2,1.0,1.0,60.0,91.0,1,0.4,259,200,2477.0,70.967532,7.3,1.0,1,0,0,0,0,0,0,0,1,0,1,0,0,9,18.0,100.0
508,40.4244,-3.67485,1,1.0,1.0,13.0,97.0,2,0.22,271,50,5328.0,74.694253,2.2,1.0,1,0,0,0,0,1,0,0,1,0,0,0,0,0,10.5,50.0
509,40.40705,-3.70384,3,1.0,2.0,49.0,88.0,2,1.94,219,200,4503.0,68.043894,0.8,1.5,1,0,0,0,1,1,0,1,0,0,1,0,0,0,27.0,50.0
511,40.42066,-3.7101,3,1.0,1.0,54.0,94.0,20,2.86,389,200,4503.0,68.043894,0.8,1.0,1,0,0,0,0,1,0,0,0,0,1,0,0,9,25.5,100.0
512,40.42326,-3.66745,2,0.0,2.0,59.0,80.0,1,0.54,635,200,5328.0,74.694253,2.2,1.0,1,0,0,1,0,0,0,0,1,1,1,0,1,9,18.0,100.0
513,40.41934,-3.70214,2,1.0,2.0,80.0,88.0,1,0.53,624,200,4503.0,68.043894,0.8,1.5,1,0,0,0,0,1,0,1,1,0,1,0,0,9,19.5,100.0
514,40.42483,-3.6984,3,1.0,1.0,79.0,89.0,2,0.17,603,200,4503.0,68.043894,0.8,1.0,1,0,0,0,0,1,0,0,1,1,1,0,0,0,25.5,100.0
515,40.42816,-3.7045,2,1.0,1.0,51.0,95.0,2,5.8,329,200,4503.0,68.043894,0.8,1.0,1,0,0,0,0,1,0,0,0,0,1,0,0,9,18.0,100.0
516,40.36148,-3.59824,2,1.0,2.0,35.0,94.0,1,0.57,72,50,2382.0,49.659794,11.0,1.0,1,0,0,0,0,1,0,0,1,0,0,0,0,9,18.0,50.0
517,40.41055,-3.70656,2,1.0,1.0,50.0,94.0,2,1.45,476,200,4503.0,68.043894,0.8,1.5,1,0,0,0,0,1,0,1,0,0,1,0,0,9,19.5,50.0
518,40.40301,-3.68698,2,1.0,1.0,50.0,86.0,2,0.11,236,50,3917.0,55.025641,1.9,2.0,1,0,0,0,0,1,0,0,1,0,1,0,0,9,21.0,50.0
519,40.4028,-3.74828,2,1.0,1.0,36.0,97.0,1,0.49,150,50,2287.0,47.008319,4.7,1.0,1,0,0,1,0,1,0,0,0,0,0,0,0,9,18.0,50.0
520,40.42929,-3.67663,4,1.0,2.0,96.0,89.0,1,0.81,262,200,5328.0,74.694253,2.2,1.0,1,0,0,0,0,1,0,1,1,0,0,0,0,9,33.0,100.0
521,40.42171,-3.70564,4,1.0,1.0,93.0,96.0,1,0.71,438,200,4503.0,68.043894,0.8,1.0,1,0,0,0,0,1,0,1,1,0,1,0,0,9,33.0,100.0
522,40.40847,-3.72874,1,1.0,1.0,16.0,80.0,2,0.39,260,50,2287.0,47.008319,4.7,1.0,0,0,0,0,0,1,0,0,0,1,1,0,0,9,10.5,50.0
523,40.39883,-3.70025,1,1.0,1.0,25.0,97.0,1,0.35,227,50,3917.0,55.025641,1.9,1.0,1,1,1,1,1,1,1,1,1,1,1,1,1,10,10.5,50.0
524,40.43778,-3.71294,4,1.0,2.0,100.0,89.0,2,0.25,190,200,4855.0,64.056634,2.4,1.0,1,0,0,0,0,1,0,0,0,0,0,0,0,10,33.0,100.0
525,40.44544,-3.5861,2,1.0,1.0,71.0,0.0,1,0.0,381,200,2477.0,70.967532,7.3,1.0,1,0,0,0,0,0,1,1,1,0,0,0,0,9,18.0,100.0
526,40.41336,-3.69875,2,1.0,1.0,82.0,92.0,1,1.13,436,200,4503.0,68.043894,0.8,1.0,1,0,0,0,0,1,0,1,1,1,1,0,1,10,18.0,100.0
527,40.41312,-3.7067,6,3.0,5.0,135.0,88.0,1,0.8,330,200,4503.0,68.043894,0.8,2.0,1,0,0,0,0,0,0,1,1,0,0,0,1,9,51.0,150.0
528,40.42595,-3.7053,2,2.0,1.0,400.0,95.0,1,0.62,322,50,4503.0,68.043894,0.8,2.0,0,0,0,0,0,1,0,1,1,1,1,0,0,9,21.0,200.0
529,40.42701,-3.69553,3,1.0,2.0,80.0,97.0,2,0.46,482,200,4503.0,68.043894,0.8,1.0,1,0,0,0,0,1,0,1,1,0,1,0,0,10,25.5,100.0
530,40.42611,-3.69307,6,2.0,3.0,66.0,96.0,1,1.53,647,200,4503.0,68.043894,0.8,1.0,1,0,0,0,0,1,0,1,0,0,1,0,0,9,48.0,100.0
531,40.42183,-3.71091,4,1.0,2.0,75.0,93.0,14,0.76,620,200,4503.0,68.043894,0.8,1.0,1,0,0,0,0,1,0,1,1,1,1,0,0,10,33.0,100.0
532,40.42183,-3.71091,4,2.0,2.0,97.0,95.0,14,0.78,524,200,4503.0,68.043894,0.8,2.0,1,0,0,0,0,1,0,1,1,1,1,0,0,10,36.0,100.0
533,40.40366,-3.7059,6,2.0,3.0,100.0,95.0,5,1.33,460,200,3917.0,55.025641,1.9,2.0,1,0,0,0,0,1,1,1,1,0,0,0,0,9,51.0,100.0
534,40.41544,-3.70038,4,1.0,2.0,63.0,96.0,8,0.65,288,200,4503.0,68.043894,0.8,1.0,1,0,0,0,0,1,0,1,1,0,1,0,0,9,33.0,100.0
535,40.41751,-3.69832,2,1.0,1.0,21.0,93.0,22,2.04,456,50,4503.0,68.043894,0.8,1.0,1,0,0,0,0,1,0,0,0,0,1,0,0,11,18.0,50.0
536,40.42642,-3.71578,2,0.0,2.0,80.0,96.0,1,0.07,271,200,3555.0,63.451906,5.9,1.0,1,0,0,0,0,1,0,1,1,0,1,0,0,9,18.0,100.0
537,40.4163,-3.70046,5,2.0,3.0,45.0,91.0,8,0.53,446,200,4503.0,68.043894,0.8,1.0,1,0,0,0,0,1,0,1,1,1,1,0,0,9,40.5,50.0
538,40.43044,-3.6537,2,1.0,1.0,55.0,96.0,1,1.07,535,200,2893.0,50.090625,6.5,1.0,1,0,0,1,0,1,0,1,1,0,1,0,0,9,18.0,100.0
539,40.44349,-3.67322,1,1.0,1.0,23.0,99.0,1,0.55,502,50,4508.0,67.220486,5.8,1.5,0,0,0,0,0,1,0,1,1,1,1,0,0,10,12.0,50.0
540,40.41396,-3.70446,3,1.0,1.0,103.0,94.0,6,2.57,418,200,4503.0,68.043894,0.8,1.0,1,1,1,1,1,1,1,1,1,1,1,1,1,0,25.5,150.0
541,40.40901,-3.68895,1,1.0,1.0,50.0,83.0,2,0.59,404,50,4220.0,63.672727,3.2,1.0,0,0,0,0,0,1,0,0,1,1,1,0,0,9,10.5,50.0
542,40.42065,-3.69905,2,1.0,1.0,90.0,95.0,3,1.43,452,200,4503.0,68.043894,0.8,1.0,1,0,0,0,0,1,0,1,1,1,1,0,0,9,18.0,100.0
543,40.42116,-3.70157,4,2.0,2.0,110.0,95.0,3,1.91,270,200,4503.0,68.043894,0.8,2.0,1,0,0,0,0,1,0,0,1,1,0,0,0,9,36.0,150.0
544,40.42394,-3.70396,3,1.0,2.0,55.0,92.0,1,2.28,356,200,4503.0,68.043894,0.8,1.0,1,0,0,0,0,1,0,0,0,1,1,0,0,9,25.5,100.0
545,40.38533,-3.71209,1,1.0,1.0,25.0,98.0,2,0.12,446,50,2316.0,43.910072,4.6,1.0,0,0,0,0,0,1,0,1,1,0,0,0,0,9,10.5,50.0
546,40.41735,-3.70879,2,1.0,1.0,36.0,94.0,1,0.8,205,50,4503.0,68.043894,0.8,1.0,1,0,0,1,0,1,0,0,0,1,0,0,0,9,18.0,50.0
547,40.42491,-3.65433,2,1.0,1.0,25.0,96.0,2,2.3,277,50,2893.0,50.090625,6.5,1.0,0,0,0,0,0,1,0,0,0,1,1,0,0,9,18.0,50.0
548,40.42192,-3.70427,3,1.0,2.0,68.0,93.0,1,0.79,202,200,4503.0,68.043894,0.8,1.0,1,0,0,0,0,1,0,1,1,0,1,0,0,9,25.5,100.0
549,40.41474,-3.70744,2,1.0,1.0,72.0,95.0,14,3.81,367,200,4503.0,68.043894,0.8,1.0,1,0,0,0,0,1,0,1,0,1,1,0,0,10,18.0,100.0
550,40.44033,-3.61872,4,2.0,4.0,71.0,95.0,2,3.42,678,200,2477.0,70.967532,7.3,1.5,1,0,0,0,0,1,0,1,1,1,0,1,0,9,34.5,100.0
551,40.41666,-3.70222,3,1.0,2.0,90.0,94.0,2,2.3,508,200,4503.0,68.043894,0.8,1.0,1,0,0,0,0,1,0,1,1,0,1,0,0,9,25.5,100.0
552,40.42075,-3.70358,4,1.0,2.0,36.0,86.0,53,2.62,642,200,4503.0,68.043894,0.8,1.0,1,0,0,0,0,1,0,0,0,0,1,0,0,9,33.0,50.0
553,40.41555,-3.69955,4,1.0,2.0,39.0,95.0,8,0.47,464,200,4503.0,68.043894,0.8,1.0,1,0,0,0,0,1,0,1,0,1,1,0,0,9,33.0,50.0
554,40.42372,-3.70087,2,1.0,1.0,53.0,99.0,1,1.0,380,50,4503.0,68.043894,0.8,1.5,1,0,0,0,0,1,0,0,0,1,1,0,0,9,19.5,100.0
555,40.41135,-3.69868,7,2.0,4.0,70.0,90.0,1,3.63,325,200,4503.0,68.043894,0.8,1.0,1,0,0,0,0,1,0,1,1,0,1,0,0,9,55.5,100.0
556,40.42803,-3.67591,3,2.0,2.0,74.0,98.0,1,3.39,370,200,5328.0,74.694253,2.2,1.0,1,0,0,0,1,1,0,1,1,0,1,0,0,11,25.5,100.0
557,40.41024,-3.70736,2,1.0,2.0,62.0,96.0,2,0.68,666,200,4503.0,68.043894,0.8,1.0,1,0,0,0,0,0,0,1,1,0,1,0,0,9,18.0,100.0
558,40.45502,-3.69977,1,1.0,1.0,30.0,80.0,2,0.03,185,50,3476.0,60.621287,5.9,1.0,0,0,0,0,0,1,0,0,1,0,0,0,0,0,10.5,50.0
559,40.41662,-3.69616,2,1.0,2.0,24.0,91.0,22,1.91,426,50,4503.0,68.043894,0.8,1.0,0,0,0,0,0,1,0,0,0,0,1,0,0,11,18.0,50.0
560,40.41746,-3.70646,5,2.0,3.0,71.0,88.0,2,4.22,535,200,4503.0,68.043894,0.8,1.5,1,0,0,0,0,1,0,1,1,1,1,0,0,10,42.0,100.0
561,40.40564,-3.65427,8,3.0,3.0,105.0,96.0,4,0.99,335,200,2547.0,45.581197,5.0,2.0,1,0,0,0,0,1,0,1,1,0,1,0,0,0,66.0,150.0
562,40.41466,-3.70115,2,1.0,1.0,63.0,98.0,1,1.93,394,200,4503.0,68.043894,0.8,1.0,1,0,0,0,0,1,0,1,1,0,1,0,0,9,18.0,100.0
563,40.41014,-3.70096,2,1.0,1.0,50.0,96.0,1,1.76,371,200,4503.0,68.043894,0.8,1.0,1,0,0,0,0,1,0,1,0,0,1,0,0,9,18.0,50.0
564,40.44278,-3.69748,2,1.0,2.0,46.0,93.0,1,0.19,357,50,4855.0,64.056634,2.4,1.0,1,0,0,0,0,1,0,0,1,0,1,0,0,9,18.0,50.0
565,40.4203,-3.70173,3,1.0,1.0,80.0,98.0,1,4.63,564,200,4503.0,68.043894,0.8,1.0,1,0,0,0,0,1,0,1,1,1,1,0,0,10,25.5,100.0
566,40.4152,-3.70429,4,1.0,2.0,62.0,92.0,13,5.04,660,200,4503.0,68.043894,0.8,1.0,1,0,0,0,0,1,0,1,1,0,1,0,1,9,33.0,100.0
567,40.42852,-3.70034,2,1.0,2.0,40.0,100.0,8,1.0,160,200,4503.0,68.043894,0.8,1.0,1,0,0,0,0,1,0,1,1,0,0,0,0,11,18.0,50.0
568,40.40489,-3.69532,6,2.0,2.0,51.0,98.0,2,0.75,740,200,3917.0,55.025641,1.9,2.0,1,0,0,0,0,1,0,1,1,0,1,0,0,9,51.0,100.0
569,40.4258,-3.70723,2,1.0,2.0,50.0,93.0,2,0.32,271,200,4503.0,68.043894,0.8,1.0,1,0,0,0,0,1,0,1,0,0,0,0,0,9,18.0,50.0
570,40.42629,-3.70215,4,2.0,2.0,72.0,0.0,8,0.0,1135,200,4503.0,68.043894,0.8,1.0,1,0,0,0,0,1,0,1,1,1,1,0,1,11,33.0,100.0
571,40.42318,-3.70166,2,1.0,1.0,60.0,93.0,4,3.66,435,200,4503.0,68.043894,0.8,1.0,1,0,0,0,0,1,0,1,1,0,1,0,0,10,18.0,100.0
572,40.40955,-3.71055,3,1.0,2.0,51.0,93.0,1,0.65,421,200,4503.0,68.043894,0.8,1.0,1,0,0,0,0,1,0,0,0,0,1,0,0,9,25.5,100.0
573,40.42222,-3.70554,2,1.0,1.0,75.0,100.0,1,0.08,180,200,4503.0,68.043894,0.8,1.0,1,0,0,0,0,1,0,1,0,0,0,0,0,10,18.0,100.0
574,40.41083,-3.70229,4,1.0,2.0,56.0,97.0,1,2.51,579,200,4503.0,68.043894,0.8,1.0,1,0,0,0,0,1,0,1,0,0,1,0,0,9,33.0,100.0
575,40.40498,-3.7006,5,2.0,4.0,31.0,0.0,1,0.0,450,200,3917.0,55.025641,1.9,1.0,1,0,0,0,0,1,0,0,1,1,0,1,0,10,40.5,50.0
576,40.42456,-3.696,2,1.0,1.0,70.0,100.0,1,0.03,142,200,4503.0,68.043894,0.8,1.0,1,0,0,0,0,1,0,1,0,0,0,0,0,9,18.0,100.0
577,40.41464,-3.70822,2,1.0,1.0,105.0,100.0,2,0.81,542,200,4503.0,68.043894,0.8,1.0,1,0,0,0,0,1,0,1,1,1,1,0,1,10,18.0,150.0
578,40.42406,-3.69642,2,1.0,1.0,65.0,90.0,1,0.05,100,200,4503.0,68.043894,0.8,1.0,1,0,0,0,0,0,0,1,1,0,0,0,0,10,18.0,100.0
579,40.42448,-3.70263,6,3.0,4.0,71.0,91.0,2,2.65,520,200,4503.0,68.043894,0.8,1.0,1,0,0,0,0,1,0,1,0,0,1,0,0,10,48.0,100.0
580,40.41614,-3.69575,4,1.0,2.0,33.0,93.0,22,1.78,453,50,4503.0,68.043894,0.8,1.5,1,0,0,0,0,1,0,0,0,0,1,0,0,11,34.5,50.0
581,40.42896,-3.70693,2,0.0,1.0,80.0,0.0,1,0.0,81,200,4503.0,68.043894,0.8,1.0,1,0,0,0,0,1,0,1,1,0,0,0,0,9,18.0,100.0
582,40.42129,-3.68397,2,1.0,1.0,123.0,93.0,25,0.11,705,200,5328.0,74.694253,2.2,1.5,1,0,0,0,0,1,1,0,1,0,1,1,0,11,19.5,150.0
583,40.42077,-3.70738,6,3.0,4.0,65.0,84.0,53,3.23,643,200,4503.0,68.043894,0.8,2.0,1,0,0,0,0,1,0,0,1,0,1,0,0,9,51.0,100.0
584,40.40108,-3.69683,2,1.0,1.0,57.0,96.0,1,0.22,309,200,3917.0,55.025641,1.9,1.0,1,0,0,0,0,0,0,1,1,0,0,0,0,9,18.0,100.0
585,40.43271,-3.66726,4,2.0,3.0,93.0,99.0,1,1.71,481,200,5328.0,74.694253,2.2,2.0,1,0,0,0,0,1,0,1,1,1,1,0,1,9,36.0,100.0
586,40.42249,-3.70641,6,3.0,7.0,55.0,82.0,53,2.85,656,200,4503.0,68.043894,0.8,2.5,1,0,0,0,0,1,0,0,1,0,1,0,0,9,52.5,100.0
587,40.38298,-3.65734,4,1.0,3.0,28.0,91.0,7,0.19,94,50,1890.0,41.443535,5.0,2.0,0,0,0,0,0,1,0,0,1,0,0,0,0,11,36.0,50.0
588,40.40597,-3.6982,3,1.0,2.0,33.0,93.0,1,0.07,194,200,3917.0,55.025641,1.9,1.0,1,0,0,0,0,1,0,1,1,0,1,0,0,9,25.5,50.0
589,40.41394,-3.70055,1,1.0,1.0,33.0,100.0,1,0.14,492,50,4503.0,68.043894,0.8,1.0,0,0,0,0,0,1,0,0,0,1,1,0,0,9,10.5,50.0
590,40.40155,-3.67772,2,1.0,1.0,56.0,94.0,1,0.25,76,200,4220.0,63.672727,3.2,1.0,1,0,0,0,0,1,0,1,1,0,0,0,0,10,18.0,100.0
591,40.41868,-3.67246,2,1.0,1.0,22.0,93.0,2,0.92,413,50,4220.0,63.672727,3.2,1.5,0,0,0,1,0,1,0,1,1,0,1,0,1,9,19.5,50.0
592,40.40847,-3.72231,1,1.0,1.0,31.0,98.0,1,0.38,458,50,2287.0,47.008319,4.7,1.5,1,0,0,0,0,1,0,1,1,0,1,0,1,0,12.0,50.0
593,40.42363,-3.70076,4,2.0,2.0,149.0,97.0,2,2.24,481,200,4503.0,68.043894,0.8,2.0,1,0,0,0,0,1,0,1,0,0,1,0,0,9,36.0,150.0
594,40.41137,-3.71299,2,1.0,1.0,76.0,92.0,1,0.57,384,200,4503.0,68.043894,0.8,1.0,1,0,0,0,0,1,0,0,1,1,1,0,0,0,18.0,100.0
595,40.42649,-3.70003,4,1.0,2.0,90.0,95.0,8,0.08,1159,200,4503.0,68.043894,0.8,1.0,1,0,0,0,0,1,0,1,1,1,1,0,1,11,33.0,100.0
596,40.43597,-3.70842,2,1.0,1.0,100.0,96.0,3,0.1,99,50,4855.0,64.056634,2.4,1.0,1,0,0,0,0,1,0,0,1,0,0,0,0,11,18.0,100.0
597,40.43194,-3.70153,4,2.0,3.0,54.0,40.0,8,0.02,1153,200,4855.0,64.056634,2.4,2.0,1,0,0,0,0,1,0,1,1,0,1,0,1,11,36.0,100.0
598,40.43128,-3.70191,4,3.0,4.0,106.0,95.0,8,0.05,1114,200,4855.0,64.056634,2.4,2.0,1,0,0,0,0,1,0,1,1,0,1,0,1,11,36.0,150.0
599,40.41568,-3.69793,3,1.0,2.0,27.0,90.0,22,1.78,412,50,4503.0,68.043894,0.8,1.5,1,0,0,0,1,1,0,0,0,0,1,0,0,11,27.0,50.0
600,40.4188,-3.70144,3,0.0,2.0,44.0,93.0,20,5.09,408,200,4503.0,68.043894,0.8,1.0,1,0,0,0,0,1,0,1,0,0,1,0,0,9,25.5,50.0
601,40.4509,-3.68718,1,1.0,1.0,29.0,99.0,1,1.0,212,50,4508.0,67.220486,5.8,1.0,1,0,0,1,0,1,0,1,1,0,1,0,0,9,10.5,50.0
602,40.42665,-3.69758,2,1.0,1.0,18.0,90.0,5,0.27,394,50,4503.0,68.043894,0.8,1.0,0,0,0,0,0,1,0,0,0,1,1,0,0,9,18.0,50.0
603,40.41793,-3.71183,4,2.0,3.0,420.0,0.0,1,0.0,172,200,4503.0,68.043894,0.8,2.0,1,0,0,0,0,1,0,1,1,0,0,0,0,9,36.0,200.0
604,40.39524,-3.70052,3,1.0,2.0,15.0,94.0,4,2.34,532,50,3917.0,55.025641,1.9,2.0,0,0,0,0,0,1,0,0,0,1,0,0,0,9,28.5,50.0
605,40.41015,-3.70218,2,1.0,1.0,51.0,95.0,1,0.56,706,200,4503.0,68.043894,0.8,1.0,1,0,0,0,0,1,0,0,0,1,0,0,0,9,18.0,100.0
606,40.41142,-3.71047,5,3.0,4.0,157.0,97.0,1,0.91,576,200,4503.0,68.043894,0.8,1.0,1,0,0,0,0,1,0,1,1,0,1,0,0,10,40.5,200.0
607,40.4253,-3.69801,2,1.0,1.0,31.0,97.0,2,3.24,393,50,4503.0,68.043894,0.8,1.0,1,0,0,0,0,1,0,0,1,1,1,0,0,9,18.0,50.0
608,40.41367,-3.69494,2,1.0,1.0,88.0,91.0,1,1.72,442,200,4503.0,68.043894,0.8,1.0,1,0,0,0,0,1,1,1,1,1,1,0,0,9,18.0,100.0
609,40.42326,-3.70261,4,1.0,2.0,39.0,87.0,4,4.15,376,50,4503.0,68.043894,0.8,2.0,1,0,0,0,0,1,0,1,0,0,0,0,0,10,36.0,50.0
610,40.42354,-3.70317,4,1.0,2.0,49.0,90.0,4,3.15,340,50,4503.0,68.043894,0.8,1.0,1,0,0,0,0,1,0,1,0,0,0,0,0,10,33.0,50.0
611,40.41209,-3.70278,4,1.0,2.0,69.0,98.0,1,0.23,175,200,4503.0,68.043894,0.8,1.0,1,0,0,0,0,1,0,1,1,0,1,0,0,9,33.0,100.0
612,40.43344,-3.7146,1,1.0,1.0,51.0,0.0,2,0.0,304,50,4855.0,64.056634,2.4,1.0,1,1,1,1,1,1,0,0,1,0,1,0,0,9,10.5,100.0
613,40.41154,-3.70803,2,1.0,1.0,100.0,96.0,1,1.64,406,200,4503.0,68.043894,0.8,1.0,1,0,0,0,0,1,0,1,1,1,1,0,0,9,18.0,100.0
614,40.41077,-3.70317,6,2.0,4.0,75.0,96.0,2,4.2,434,200,4503.0,68.043894,0.8,1.0,1,0,0,0,0,1,0,1,0,0,0,0,0,10,48.0,100.0
615,40.38789,-3.6491,1,1.0,1.0,21.0,88.0,4,0.12,299,50,1890.0,41.443535,5.0,1.0,1,1,1,1,1,1,1,1,1,1,1,1,1,11,10.5,50.0
616,40.42094,-3.70045,5,1.0,2.0,45.0,90.0,4,2.49,326,50,4503.0,68.043894,0.8,1.5,1,0,0,0,0,1,0,1,0,0,0,0,0,10,42.0,50.0
617,40.42094,-3.70141,4,1.0,1.0,40.0,90.0,4,3.19,317,50,4503.0,68.043894,0.8,1.5,1,0,0,0,0,1,0,1,0,0,0,0,0,10,34.5,50.0
618,40.41128,-3.70224,1,1.0,1.0,46.0,99.0,1,2.2,483,50,4503.0,68.043894,0.8,1.0,0,0,0,0,0,1,0,1,1,0,1,0,0,9,10.5,50.0
619,40.41197,-3.70245,4,2.0,2.0,75.0,98.0,2,0.69,409,200,4503.0,68.043894,0.8,1.0,1,0,0,0,0,1,0,0,0,0,1,0,0,9,33.0,100.0
620,40.41584,-3.70683,11,2.0,8.0,80.0,95.0,7,1.86,324,200,4503.0,68.043894,0.8,2.0,1,0,0,0,0,1,0,1,1,1,0,0,0,10,88.5,100.0
621,40.41497,-3.7014,6,2.0,3.0,134.0,94.0,23,4.64,508,200,4503.0,68.043894,0.8,2.0,1,0,0,0,0,1,0,1,1,1,1,0,0,10,51.0,150.0
622,40.42241,-3.70532,6,2.0,3.0,38.0,84.0,53,3.43,629,200,4503.0,68.043894,0.8,1.0,1,0,0,0,0,1,0,0,1,0,1,0,0,9,48.0,50.0
623,40.44733,-3.70123,2,1.0,1.0,60.0,0.0,1,0.0,234,200,3476.0,60.621287,5.9,1.0,1,0,0,0,0,1,0,1,1,0,0,0,0,9,18.0,100.0
624,40.41959,-3.70891,4,1.0,2.0,70.0,0.0,2,0.0,405,200,4503.0,68.043894,0.8,1.0,1,0,0,0,0,0,0,1,1,0,1,0,1,9,33.0,100.0
625,40.41627,-3.7098,4,2.0,2.0,75.0,100.0,1,0.06,85,200,4503.0,68.043894,0.8,1.0,1,0,0,0,0,1,0,0,1,0,0,0,0,9,33.0,100.0
627,40.39798,-3.76535,3,2.0,1.0,75.0,100.0,2,0.06,210,200,2287.0,47.008319,4.7,1.5,1,1,1,1,1,1,1,1,1,1,1,1,1,9,27.0,100.0
628,40.41034,-3.70095,3,1.0,1.0,75.0,100.0,2,0.53,311,200,4503.0,68.043894,0.8,1.5,1,0,0,0,0,1,0,0,1,0,1,0,0,9,27.0,100.0
629,40.4313,-3.65535,4,2.0,2.0,80.0,80.0,1,0.02,176,200,2893.0,50.090625,6.5,1.0,1,0,0,0,0,0,0,0,0,0,0,0,0,9,33.0,100.0
630,40.46107,-3.70196,2,1.0,1.0,65.0,97.0,1,0.19,438,200,3476.0,60.621287,5.9,1.0,1,0,0,0,0,1,0,1,0,1,0,0,0,10,18.0,100.0
631,40.41811,-3.70353,2,0.0,1.0,78.0,91.0,2,0.68,430,200,4503.0,68.043894,0.8,1.0,1,0,0,0,1,1,0,1,1,1,1,0,0,11,18.0,100.0
632,40.42069,-3.70097,2,1.0,1.0,55.0,90.0,7,0.03,191,200,4503.0,68.043894,0.8,1.0,1,1,1,1,1,1,1,1,1,1,1,1,1,9,18.0,100.0
633,40.41976,-3.70146,2,1.0,1.0,67.0,100.0,7,0.02,344,200,4503.0,68.043894,0.8,1.0,1,1,1,1,1,1,1,1,1,1,1,1,1,9,18.0,100.0
634,40.42471,-3.7049,4,1.0,1.0,82.0,73.0,18,0.14,256,200,4503.0,68.043894,0.8,1.0,1,0,0,0,0,1,0,1,1,0,1,0,0,10,33.0,100.0
635,40.41976,-3.70146,3,0.0,3.0,97.0,100.0,7,0.01,375,200,4503.0,68.043894,0.8,1.0,1,0,0,0,0,1,0,1,1,1,0,0,0,9,25.5,100.0
636,40.41976,-3.70146,3,1.0,3.0,76.0,80.0,7,0.02,355,200,4503.0,68.043894,0.8,1.0,1,0,0,0,0,1,0,1,1,0,0,0,0,9,25.5,100.0
637,40.41976,-3.70146,2,1.0,2.0,86.0,80.0,7,0.07,344,200,4503.0,68.043894,0.8,1.0,1,0,0,0,0,1,0,1,1,0,0,0,0,9,18.0,100.0
638,40.42073,-3.70458,4,1.0,2.0,81.0,96.0,2,1.81,476,200,4503.0,68.043894,0.8,1.0,1,0,0,0,0,1,0,1,1,0,1,0,0,9,33.0,100.0
639,40.42324,-3.70649,4,1.0,2.0,134.0,0.0,18,0.01,245,200,4503.0,68.043894,0.8,1.0,1,0,0,0,0,1,0,1,1,0,1,0,0,10,33.0,150.0
640,40.40756,-3.70568,1,1.0,1.0,25.0,96.0,4,3.16,353,50,4503.0,68.043894,0.8,1.0,0,0,0,0,0,1,0,0,1,0,0,0,0,9,10.5,50.0
641,40.42539,-3.70225,2,1.0,1.0,50.0,100.0,2,0.02,73,200,4503.0,68.043894,0.8,2.0,1,0,0,0,0,1,0,0,0,0,0,0,0,0,21.0,50.0
642,40.41203,-3.72582,1,1.0,1.0,28.0,100.0,1,0.03,37,50,2287.0,47.008319,4.7,1.0,1,0,0,0,0,1,0,0,1,0,0,0,0,9,10.5,50.0
643,40.40948,-3.69958,2,1.0,1.0,41.0,95.0,3,0.07,175,50,4503.0,68.043894,0.8,1.0,1,0,0,0,0,1,0,0,1,0,0,0,0,9,18.0,50.0
644,40.4162,-3.70428,4,1.0,1.0,59.0,91.0,8,1.93,287,50,4503.0,68.043894,0.8,1.0,1,1,1,1,1,1,1,1,1,1,1,1,1,10,33.0,100.0
645,40.4162,-3.70428,4,1.0,4.0,60.0,89.0,8,3.36,322,200,4503.0,68.043894,0.8,1.0,1,0,0,0,0,1,0,1,1,0,0,0,0,10,33.0,100.0
646,40.4161,-3.70448,3,0.0,3.0,51.0,89.0,8,2.97,339,200,4503.0,68.043894,0.8,1.0,1,0,0,0,0,1,0,1,1,0,0,0,0,10,25.5,100.0
647,40.42328,-3.70655,8,2.0,8.0,149.0,89.0,18,0.23,225,200,4503.0,68.043894,0.8,1.0,1,0,0,0,0,1,0,1,1,1,1,0,0,10,63.0,150.0
648,40.4243,-3.70442,7,2.0,5.0,161.0,90.0,18,0.06,89,200,4503.0,68.043894,0.8,1.0,1,0,0,0,0,1,0,0,0,0,1,0,0,10,55.5,200.0
649,40.41976,-3.70146,4,2.0,4.0,100.0,90.0,7,0.14,355,200,4503.0,68.043894,0.8,1.0,1,0,0,0,0,1,0,1,1,0,0,0,0,9,33.0,100.0
650,40.41441,-3.70587,6,3.0,4.0,132.0,96.0,4,2.78,324,200,4503.0,68.043894,0.8,2.0,1,0,0,0,0,1,0,1,1,0,0,0,0,10,51.0,150.0
651,40.40926,-3.70559,2,1.0,3.0,50.0,83.0,1,1.43,352,200,4503.0,68.043894,0.8,1.0,1,0,0,0,0,1,0,1,0,0,1,0,0,9,18.0,50.0
652,40.42146,-3.69943,4,2.0,3.0,45.0,96.0,7,3.0,518,200,4503.0,68.043894,0.8,1.0,1,0,0,0,0,1,0,1,1,0,1,0,0,11,33.0,50.0
657,40.41531,-3.6733,6,2.0,4.0,68.0,90.0,32,0.17,479,200,4220.0,63.672727,3.2,2.0,1,0,0,0,0,1,0,1,0,0,1,0,0,9,51.0,100.0
658,40.46526,-3.65829,5,3.0,5.0,172.0,97.0,1,0.33,897,200,3312.0,62.061453,9.2,2.0,1,0,0,0,0,1,1,1,1,1,1,1,0,8,43.5,200.0
659,40.41584,-3.70683,4,2.0,2.0,136.0,99.0,8,2.6,758,200,4503.0,68.043894,0.8,1.0,1,0,0,0,0,1,0,1,1,1,1,0,0,10,33.0,150.0
660,40.42761,-3.69428,1,1.0,1.0,45.0,0.0,10,0.0,185,50,4855.0,64.056634,2.4,6.0,1,0,0,0,1,1,0,1,1,0,0,0,0,8,25.5,50.0
661,40.38953,-3.71413,5,2.0,3.0,19.0,95.0,1,0.51,525,200,2195.0,47.402837,6.6,1.0,1,0,0,0,0,1,0,0,0,1,1,0,0,8,40.5,50.0
662,40.43122,-3.71432,2,1.0,1.0,52.0,90.0,1,2.35,452,200,4855.0,64.056634,2.4,1.0,1,0,0,0,0,1,0,1,1,1,1,0,0,8,18.0,100.0
663,40.4032,-3.69777,1,1.0,1.0,58.0,92.0,1,1.67,541,50,3917.0,55.025641,1.9,1.0,1,0,0,0,0,1,0,1,0,0,1,0,0,8,10.5,100.0
664,40.42522,-3.70378,2,1.0,1.0,30.0,94.0,2,0.55,249,50,4503.0,68.043894,0.8,1.0,0,0,0,0,0,1,0,0,0,0,0,0,0,8,18.0,50.0
665,40.47054,-3.68104,1,1.0,1.0,26.0,98.0,2,3.54,432,50,4508.0,67.220486,5.8,1.0,0,0,0,0,0,1,1,1,1,1,1,0,0,8,10.5,50.0
666,40.44317,-3.67298,3,1.0,1.0,25.0,80.0,1,0.01,71,50,4508.0,67.220486,5.8,2.0,1,1,1,1,1,1,1,1,1,1,1,1,1,9,28.5,50.0
667,40.41536,-3.70881,4,1.0,1.0,126.0,99.0,2,0.93,331,200,4503.0,68.043894,0.8,1.0,1,0,0,0,0,1,0,1,1,0,1,0,0,8,33.0,150.0
668,40.40974,-3.7102,4,1.0,1.0,58.0,93.0,4,0.36,574,200,4503.0,68.043894,0.8,1.0,1,0,0,0,0,1,0,1,0,1,1,0,1,8,33.0,100.0
669,40.40986,-3.69752,2,0.0,1.0,41.0,96.0,17,2.34,393,200,4503.0,68.043894,0.8,1.0,1,0,0,0,0,1,0,0,1,0,1,0,0,9,18.0,50.0
670,40.42506,-3.70752,3,1.0,1.0,72.0,94.0,2,2.35,441,200,4503.0,68.043894,0.8,1.0,1,0,0,0,0,1,0,1,1,1,1,0,0,10,25.5,100.0
671,40.44026,-3.67281,3,0.0,2.0,49.0,91.0,1,1.06,130,200,4508.0,67.220486,5.8,1.0,1,0,0,0,0,1,0,1,1,0,0,0,0,8,25.5,50.0
672,40.42018,-3.70465,2,0.0,2.0,68.0,96.0,2,0.6,430,200,4503.0,68.043894,0.8,1.0,1,0,0,0,1,1,0,1,1,1,1,0,0,11,18.0,100.0
673,40.44293,-3.67068,2,1.0,1.0,75.0,96.0,1,0.79,354,200,4508.0,67.220486,5.8,1.0,1,1,1,1,1,1,1,1,1,1,1,1,1,9,18.0,100.0
674,40.40926,-3.67569,6,3.0,5.0,144.0,95.0,3,0.69,438,200,4220.0,63.672727,3.2,1.0,1,0,0,0,0,1,0,1,0,1,1,0,0,4,48.0,150.0
675,40.39877,-3.69426,3,1.0,2.0,58.0,92.0,1,0.64,192,200,3917.0,55.025641,1.9,1.0,1,0,0,0,0,1,1,1,1,0,0,0,0,9,25.5,100.0
676,40.40938,-3.70282,2,1.0,2.0,70.0,94.0,25,3.48,453,200,4503.0,68.043894,0.8,1.0,1,0,0,0,1,1,0,1,0,1,1,0,0,9,18.0,100.0
677,40.41004,-3.71064,3,2.0,2.0,50.0,96.0,1,0.15,100,200,4503.0,68.043894,0.8,1.0,1,0,0,0,0,0,0,1,1,0,0,0,0,9,25.5,50.0
678,40.41012,-3.69828,4,1.0,2.0,31.0,98.0,1,0.31,462,200,4503.0,68.043894,0.8,1.0,1,0,0,0,0,1,0,0,1,0,1,1,0,8,33.0,50.0
679,40.42617,-3.64297,1,1.0,1.0,31.0,92.0,1,0.29,161,50,2893.0,50.090625,6.5,1.0,0,0,0,0,0,1,0,0,0,0,0,0,0,8,10.5,50.0
680,40.42312,-3.69761,4,1.0,2.0,200.0,0.0,1,0.0,219,200,4503.0,68.043894,0.8,1.0,1,0,0,0,0,1,0,1,1,0,1,0,0,9,33.0,200.0
681,40.41941,-3.70102,3,0.0,2.0,83.0,95.0,1,3.07,577,200,4503.0,68.043894,0.8,1.0,1,0,0,0,1,1,0,1,1,0,1,0,0,10,25.5,100.0
682,40.41187,-3.69662,2,1.0,1.0,38.0,96.0,9,6.73,390,200,4503.0,68.043894,0.8,1.0,1,1,1,1,1,1,1,1,1,1,1,1,1,8,18.0,50.0
683,40.42781,-3.61522,3,1.0,2.0,20.0,90.0,4,0.25,591,50,2477.0,70.967532,7.3,1.5,0,0,0,0,0,1,0,0,0,0,1,0,0,10,27.0,50.0
684,40.40672,-3.69915,4,1.0,1.0,45.0,94.0,1,3.15,357,200,4503.0,68.043894,0.8,1.0,1,0,0,0,0,1,0,1,0,0,1,0,0,8,33.0,50.0
685,40.41712,-3.67553,4,0.0,2.0,94.0,82.0,8,0.17,476,200,4220.0,63.672727,3.2,1.0,1,0,0,0,0,1,0,1,1,1,1,0,0,9,33.0,100.0
686,40.41697,-3.70505,6,2.0,5.0,75.0,96.0,1,1.56,491,200,4503.0,68.043894,0.8,2.0,1,0,0,0,0,1,0,1,1,1,1,0,0,8,51.0,100.0
687,40.40846,-3.73169,5,2.0,3.0,70.0,91.0,1,0.81,378,200,2287.0,47.008319,4.7,1.0,1,0,0,0,0,1,0,0,0,1,1,0,0,9,40.5,100.0
688,40.41464,-3.70134,6,2.0,4.0,80.0,93.0,23,4.29,606,200,4503.0,68.043894,0.8,1.0,1,0,0,0,0,1,0,1,1,1,0,0,1,10,48.0,100.0
689,40.39918,-3.66577,1,1.0,1.0,25.0,90.0,2,0.22,281,50,1890.0,41.443535,5.0,1.5,0,0,0,0,0,1,0,0,1,0,1,0,0,8,12.0,50.0
690,40.41145,-3.6979,6,3.0,4.0,110.0,83.0,7,0.55,381,200,4503.0,68.043894,0.8,1.5,1,0,0,0,0,1,0,1,0,0,1,0,0,11,49.5,150.0
691,40.41677,-3.70241,4,1.0,2.0,80.0,95.0,13,6.18,660,200,4503.0,68.043894,0.8,1.0,1,0,0,0,0,1,0,1,1,1,1,0,1,9,33.0,100.0
692,40.42057,-3.70579,4,1.0,2.0,47.0,85.0,53,4.53,642,200,4503.0,68.043894,0.8,1.0,1,0,0,0,0,1,0,0,0,0,1,0,0,9,33.0,50.0
693,40.42562,-3.69878,4,1.0,2.0,75.0,91.0,1,0.87,302,200,4503.0,68.043894,0.8,1.0,1,0,0,0,0,1,0,1,0,0,1,0,0,8,33.0,100.0
694,40.4269,-3.71367,3,1.0,1.0,78.0,96.0,4,2.84,342,200,3555.0,63.451906,5.9,1.0,1,0,0,0,0,1,0,1,1,0,0,0,0,8,25.5,100.0
695,40.41119,-3.70075,2,1.0,1.0,64.0,99.0,1,1.73,343,200,4503.0,68.043894,0.8,1.0,1,0,0,0,0,1,0,1,1,1,0,0,0,9,18.0,100.0
696,40.40558,-3.69366,2,1.0,1.0,30.0,96.0,1,1.56,123,50,3917.0,55.025641,1.9,2.0,1,0,0,1,1,1,0,0,1,0,0,0,0,8,21.0,50.0
697,40.42545,-3.70078,4,2.0,3.0,66.0,97.0,1,2.32,527,200,4503.0,68.043894,0.8,1.0,1,0,0,0,0,1,0,1,1,0,1,0,0,8,33.0,100.0
698,40.41489,-3.71794,4,2.0,2.0,40.0,98.0,1,0.09,374,200,4503.0,68.043894,0.8,1.0,1,0,0,0,0,1,0,0,1,1,1,0,0,9,33.0,50.0
699,40.42498,-3.70893,4,1.0,3.0,100.0,94.0,1,1.25,411,200,4503.0,68.043894,0.8,1.0,1,0,0,0,0,1,0,1,0,1,1,0,0,9,33.0,100.0
700,40.4124,-3.71344,4,2.0,4.0,100.0,88.0,1,0.52,75,200,4503.0,68.043894,0.8,1.0,1,0,0,0,0,0,0,0,1,0,0,0,0,8,33.0,100.0
701,40.42409,-3.6671,3,1.0,1.0,70.0,98.0,2,0.37,368,200,5328.0,74.694253,2.2,1.5,1,0,0,0,0,1,0,1,0,0,1,0,0,8,27.0,100.0
702,40.42264,-3.6667,3,1.0,1.0,70.0,91.0,2,1.16,351,200,5328.0,74.694253,2.2,2.0,1,0,0,0,0,1,0,1,0,0,0,0,0,8,28.5,100.0
703,40.42809,-3.70396,2,1.0,3.0,25.0,95.0,2,0.05,389,50,4503.0,68.043894,0.8,1.0,0,0,0,0,0,1,0,1,1,1,1,0,0,8,18.0,50.0
704,40.46969,-3.69092,4,2.0,3.0,76.0,91.0,1,0.36,163,200,3476.0,60.621287,5.9,1.0,1,0,0,0,0,1,0,0,0,0,0,0,0,8,33.0,100.0
705,40.41142,-3.70903,1,1.0,1.0,26.0,94.0,4,2.49,469,50,4503.0,68.043894,0.8,1.0,0,0,0,0,0,1,0,0,1,1,1,0,0,11,10.5,50.0
706,40.42779,-3.70244,2,1.0,1.0,90.0,0.0,2,0.0,179,200,4503.0,68.043894,0.8,2.0,1,0,0,0,0,1,0,1,0,0,0,0,0,11,21.0,100.0
707,40.43981,-3.68089,7,2.0,4.0,136.0,94.0,4,0.45,902,200,4508.0,67.220486,5.8,2.0,1,0,0,0,0,0,0,0,1,0,1,0,1,10,58.5,150.0
708,40.43604,-3.70037,3,3.0,4.0,100.0,96.0,3,0.17,117,50,4855.0,64.056634,2.4,1.0,0,0,0,0,0,1,0,0,1,0,0,0,0,8,25.5,100.0
709,40.41106,-3.71315,1,1.0,1.0,20.0,92.0,8,0.65,632,50,4503.0,68.043894,0.8,1.0,0,0,0,0,0,1,0,0,0,0,1,0,0,10,10.5,50.0
710,40.40819,-3.69989,5,1.0,2.0,70.0,88.0,1,0.87,334,200,4503.0,68.043894,0.8,1.5,1,0,0,0,0,1,0,0,1,0,1,0,0,8,42.0,100.0
711,40.42849,-3.70446,2,1.0,2.0,90.0,98.0,2,0.16,128,200,4503.0,68.043894,0.8,1.0,1,0,0,0,0,1,0,1,1,0,0,0,0,11,18.0,100.0
712,40.43757,-3.71334,3,1.0,1.0,75.0,100.0,1,0.01,85,200,4855.0,64.056634,2.4,1.0,1,0,0,0,0,1,0,0,1,0,0,0,0,8,25.5,100.0
713,40.4204,-3.69744,4,1.0,2.0,78.0,96.0,3,1.78,481,200,4503.0,68.043894,0.8,1.0,1,0,0,0,0,1,0,1,1,1,1,0,1,9,33.0,100.0
714,40.42139,-3.70354,2,1.0,1.0,106.0,99.0,1,0.59,445,200,4503.0,68.043894,0.8,1.0,1,0,0,0,0,1,0,1,1,1,1,0,0,8,18.0,150.0
715,40.41186,-3.71354,4,1.0,2.0,67.0,94.0,14,3.18,440,200,4503.0,68.043894,0.8,1.0,1,0,0,0,0,1,0,1,1,1,1,0,0,10,33.0,100.0
716,40.4282,-3.704,2,1.0,1.0,23.0,80.0,2,0.16,312,50,4503.0,68.043894,0.8,1.0,0,0,0,0,0,1,0,0,1,0,1,0,0,8,18.0,50.0
717,40.41029,-3.69903,2,1.0,1.0,25.0,93.0,1,2.69,358,50,4503.0,68.043894,0.8,1.0,0,0,0,0,1,1,0,0,0,0,1,0,0,8,18.0,50.0
718,40.47055,-3.69137,2,1.0,1.0,19.0,97.0,3,0.79,473,50,3476.0,60.621287,5.9,1.0,0,0,0,0,0,1,0,0,0,1,1,0,1,8,18.0,50.0
719,40.41661,-3.70548,3,1.0,2.0,58.0,97.0,5,4.08,536,200,4503.0,68.043894,0.8,1.0,1,0,0,0,0,1,0,1,1,1,1,0,0,8,25.5,100.0
720,40.41648,-3.70482,2,1.0,1.0,62.0,97.0,5,4.21,521,200,4503.0,68.043894,0.8,1.0,1,0,0,0,0,1,0,1,1,0,1,0,0,8,18.0,100.0
721,40.4346,-3.69136,2,1.0,1.0,65.0,100.0,1,0.03,173,50,4855.0,64.056634,2.4,2.0,1,0,0,0,0,1,0,0,1,0,1,0,0,11,21.0,100.0
722,40.43068,-3.7008,4,2.0,2.0,60.0,60.0,1,0.03,130,200,4855.0,64.056634,2.4,1.0,1,0,0,0,0,1,0,1,0,0,1,0,0,8,33.0,100.0
723,40.43951,-3.6993,4,1.0,2.0,65.0,96.0,1,0.59,438,200,4855.0,64.056634,2.4,1.0,1,0,0,0,0,1,0,1,1,0,1,0,0,8,33.0,100.0
724,40.4116,-3.69666,4,0.0,2.0,67.0,93.0,2,2.95,581,200,4503.0,68.043894,0.8,1.0,1,0,0,0,0,1,0,1,0,1,1,0,0,8,33.0,100.0
725,40.412,-3.69681,3,1.0,2.0,78.0,94.0,2,3.46,584,200,4503.0,68.043894,0.8,1.0,1,0,0,0,0,1,0,1,0,1,1,0,0,8,25.5,100.0
726,40.42755,-3.70255,1,1.0,1.0,20.0,85.0,1,0.28,454,50,4503.0,68.043894,0.8,1.5,1,0,0,0,0,1,0,0,1,1,1,0,0,8,12.0,50.0
727,40.42333,-3.69957,2,1.0,1.0,79.0,98.0,1,1.66,471,200,4503.0,68.043894,0.8,1.0,1,0,0,0,1,1,0,1,0,1,1,0,0,8,18.0,100.0
728,40.40884,-3.69802,2,1.0,1.0,95.0,100.0,1,0.16,103,200,4503.0,68.043894,0.8,1.0,1,0,0,0,0,1,0,0,1,0,0,0,0,8,18.0,100.0
729,40.40805,-3.70113,4,2.0,2.0,72.0,94.0,2,2.21,420,200,4503.0,68.043894,0.8,1.0,1,0,0,0,0,1,0,1,0,0,1,0,0,10,33.0,100.0
730,40.42483,-3.70843,5,1.0,3.0,36.0,86.0,53,2.99,636,200,4503.0,68.043894,0.8,1.0,1,0,0,0,0,1,0,0,0,1,1,0,0,9,40.5,50.0
731,40.41134,-3.70203,5,2.0,3.0,96.0,92.0,2,3.42,478,200,4503.0,68.043894,0.8,1.0,1,0,0,0,0,1,0,1,0,1,0,0,0,8,40.5,100.0
732,40.41143,-3.70912,2,1.0,1.0,19.0,89.0,4,1.47,801,50,4503.0,68.043894,0.8,1.0,0,0,0,0,0,1,0,0,1,0,0,0,0,11,18.0,50.0
733,40.42625,-3.70428,2,1.0,1.0,40.0,91.0,4,1.29,334,200,4503.0,68.043894,0.8,1.0,1,0,0,0,0,1,0,0,1,0,1,0,0,8,18.0,50.0
734,40.40775,-3.7059,4,1.0,2.0,55.0,93.0,1,0.27,481,200,4503.0,68.043894,0.8,1.0,1,0,0,0,0,1,0,1,0,0,0,0,0,8,33.0,100.0
735,40.42009,-3.69636,2,1.0,1.0,55.0,94.0,1,0.31,184,200,4503.0,68.043894,0.8,1.0,1,0,0,0,0,1,0,1,1,0,0,0,0,8,18.0,100.0
736,40.40395,-3.69327,4,2.0,3.0,55.0,92.0,1,0.83,1036,200,3917.0,55.025641,1.9,1.0,1,0,0,1,0,1,0,1,1,1,0,0,1,8,33.0,100.0
737,40.42242,-3.69323,4,1.0,1.0,575.0,91.0,32,0.13,420,200,4503.0,68.043894,0.8,1.0,1,0,0,0,0,1,0,1,0,0,0,0,0,9,33.0,200.0
738,40.42198,-3.70901,2,1.0,1.0,59.0,97.0,2,0.18,451,200,4503.0,68.043894,0.8,1.0,1,0,0,0,0,1,0,1,1,0,1,0,0,8,18.0,100.0
739,40.42705,-3.70162,2,1.0,1.0,35.0,92.0,2,0.47,221,50,4503.0,68.043894,0.8,1.0,0,0,0,0,0,1,0,0,0,0,0,0,0,8,18.0,50.0
740,40.41072,-3.69903,2,1.0,1.0,40.0,0.0,1,0.0,61,50,4503.0,68.043894,0.8,1.0,0,0,0,0,0,1,0,0,1,0,0,0,0,8,18.0,50.0
741,40.40441,-3.70095,1,1.0,1.0,18.0,83.0,1,0.3,285,50,3917.0,55.025641,1.9,1.0,0,0,0,0,0,1,0,0,1,0,1,0,0,9,10.5,50.0
742,40.41368,-3.70963,2,1.0,1.0,61.0,97.0,1,1.82,451,200,4503.0,68.043894,0.8,1.0,1,0,0,0,0,1,0,1,1,0,1,0,0,10,18.0,100.0
743,40.4128,-3.69456,2,2.0,2.0,46.0,94.0,2,0.54,568,50,4503.0,68.043894,0.8,1.0,1,0,0,0,0,1,0,1,1,1,1,0,0,12,18.0,50.0
744,40.43038,-3.67337,2,0.0,1.0,56.0,96.0,1,4.43,607,200,5328.0,74.694253,2.2,1.0,1,0,0,0,0,1,1,1,1,0,1,0,0,8,18.0,100.0
745,40.42333,-3.7066,2,1.0,1.0,41.0,93.0,20,5.2,221,50,4503.0,68.043894,0.8,1.0,1,0,0,0,0,1,0,0,0,0,1,0,0,8,18.0,50.0
746,40.56274,-3.86391,4,2.0,3.0,36.0,94.0,2,0.42,478,50,3545.0,57.198083,16.4,1.0,0,0,0,0,0,1,1,0,0,0,1,0,0,5,33.0,50.0
747,40.48909,-3.72331,2,1.0,1.0,60.0,95.0,3,0.05,356,50,3545.0,57.198083,16.4,1.0,1,1,1,1,1,1,1,1,1,1,1,1,1,10,18.0,100.0
748,40.4485,-3.69919,5,2.0,1.0,123.0,95.0,1,0.14,192,200,3476.0,60.621287,5.9,1.0,1,1,1,1,1,1,1,1,1,1,1,1,1,8,40.5,150.0
749,40.41047,-3.7089,2,2.0,2.0,95.0,90.0,1,0.26,260,200,4503.0,68.043894,0.8,1.0,1,0,0,0,0,1,0,1,0,0,0,0,0,8,18.0,100.0
750,40.42355,-3.70271,3,1.0,2.0,34.0,89.0,5,1.64,381,200,4503.0,68.043894,0.8,1.0,1,0,0,0,0,0,0,1,0,0,1,0,0,9,25.5,50.0
751,40.42636,-3.70458,6,3.0,4.0,277.0,97.0,6,4.3,577,200,4503.0,68.043894,0.8,2.0,1,0,0,0,0,1,0,1,1,1,1,0,0,9,51.0,200.0
752,40.40477,-3.69128,4,1.0,2.0,57.0,84.0,2,3.1,450,200,3917.0,55.025641,1.9,1.0,1,0,0,0,0,1,0,1,0,0,1,0,0,8,33.0,100.0
753,40.40546,-3.6901,6,2.0,4.0,91.0,93.0,2,4.76,526,200,3917.0,55.025641,1.9,1.0,1,0,0,0,0,1,0,1,1,0,1,0,0,8,48.0,100.0
754,40.46919,-3.7249,1,1.0,1.0,17.0,98.0,3,0.27,737,50,3555.0,63.451906,5.9,1.0,1,0,0,0,0,1,1,1,0,1,1,0,0,9,10.5,50.0
755,40.42484,-3.70708,8,2.0,5.0,84.0,94.0,18,0.13,266,200,4503.0,68.043894,0.8,1.0,1,0,0,0,0,1,0,1,1,0,1,0,0,10,63.0,100.0
756,40.42321,-3.70572,8,2.0,6.0,75.0,80.0,18,0.03,193,200,4503.0,68.043894,0.8,1.0,1,0,0,0,0,1,0,1,1,0,1,0,0,10,63.0,100.0
757,40.41568,-3.69931,4,1.0,1.0,104.0,93.0,7,1.03,393,200,4503.0,68.043894,0.8,1.0,1,0,0,0,0,1,0,1,1,0,1,0,0,11,33.0,150.0
758,40.42787,-3.69966,4,2.0,2.0,90.0,91.0,1,0.11,98,200,4503.0,68.043894,0.8,1.0,1,0,0,0,0,1,0,1,0,0,0,0,0,8,33.0,100.0
759,40.41559,-3.70314,4,1.0,2.0,57.0,97.0,2,6.59,367,200,4503.0,68.043894,0.8,1.0,1,0,0,0,0,1,0,1,0,0,1,0,0,9,33.0,100.0
760,40.42186,-3.71223,2,1.0,1.0,25.0,87.0,3,0.19,111,50,4503.0,68.043894,0.8,1.0,0,0,0,0,0,1,0,0,0,0,0,0,0,8,18.0,50.0
761,40.41559,-3.70314,6,2.0,4.0,51.0,97.0,2,6.95,361,200,4503.0,68.043894,0.8,1.0,1,0,0,0,0,1,0,1,0,0,1,0,0,9,48.0,100.0
762,40.40549,-3.68245,1,1.0,1.0,35.0,96.0,3,0.84,508,50,4220.0,63.672727,3.2,1.5,0,0,0,0,0,1,0,1,1,1,1,1,0,8,12.0,50.0
763,40.41339,-3.70448,4,1.0,4.0,90.0,85.0,6,0.05,139,200,4503.0,68.043894,0.8,1.0,1,0,0,0,0,1,0,1,1,0,0,0,0,11,33.0,100.0
764,40.4229,-3.70029,6,3.0,5.0,184.0,90.0,3,1.94,372,200,4503.0,68.043894,0.8,2.0,1,0,0,0,0,1,0,1,1,1,1,0,0,8,51.0,200.0
765,40.43681,-3.67533,4,2.0,4.0,68.0,94.0,1,0.6,404,200,5328.0,74.694253,2.2,1.0,1,0,0,1,0,1,0,0,1,0,1,0,0,8,33.0,100.0
766,40.40663,-3.69844,2,0.0,1.0,22.0,100.0,1,0.07,73,200,4503.0,68.043894,0.8,1.0,1,0,0,0,0,0,0,0,0,0,0,0,0,10,18.0,50.0
768,40.42314,-3.70683,4,0.0,2.0,120.0,87.0,18,0.04,193,200,4503.0,68.043894,0.8,1.0,1,0,0,0,0,1,0,1,1,0,1,0,0,10,33.0,150.0
769,40.42325,-3.7057,2,0.0,1.0,118.0,73.0,18,0.05,266,200,4503.0,68.043894,0.8,1.0,1,0,0,0,0,1,0,1,1,0,1,0,0,10,18.0,150.0
770,40.41156,-3.72714,4,1.0,1.0,70.0,95.0,1,0.15,120,200,2287.0,47.008319,4.7,1.0,1,0,0,0,0,0,0,1,1,0,0,0,0,8,33.0,100.0
771,40.42652,-3.67776,5,1.0,1.0,116.0,88.0,8,0.16,500,200,5328.0,74.694253,2.2,1.0,1,0,0,0,0,1,0,1,1,0,1,0,0,9,40.5,150.0
772,40.41712,-3.67694,5,1.0,3.0,96.0,87.0,8,0.12,468,200,4220.0,63.672727,3.2,1.0,1,0,0,0,0,1,0,1,1,0,1,0,0,9,40.5,100.0
773,40.41116,-3.69885,1,1.0,1.0,20.0,93.0,1,0.74,452,50,4503.0,68.043894,0.8,1.0,0,0,0,0,0,1,0,0,1,1,1,0,0,8,10.5,50.0
774,40.45367,-3.71058,2,1.0,1.0,65.0,98.0,1,1.93,384,50,3476.0,60.621287,5.9,1.0,1,0,0,0,1,1,1,1,1,0,1,0,0,8,18.0,100.0
775,40.43471,-3.67388,1,3.0,1.0,20.0,90.0,1,0.25,122,50,5328.0,74.694253,2.2,1.0,0,0,0,1,0,1,0,0,1,0,0,0,0,8,10.5,50.0
776,40.41387,-3.70783,3,1.0,2.0,49.0,98.0,2,4.42,481,200,4503.0,68.043894,0.8,1.0,1,0,0,0,0,1,0,1,0,0,1,0,0,10,25.5,50.0
777,40.42239,-3.70626,6,2.0,2.0,139.0,93.0,6,1.36,763,200,4503.0,68.043894,0.8,2.5,1,0,0,0,0,1,0,1,1,1,1,1,1,8,52.5,150.0
778,40.42239,-3.70626,4,1.0,3.0,94.0,97.0,6,0.07,556,200,4503.0,68.043894,0.8,1.0,1,0,0,0,0,1,0,1,1,1,1,0,1,8,33.0,100.0
779,40.42239,-3.70626,2,1.0,1.0,84.0,90.0,6,0.03,620,200,4503.0,68.043894,0.8,1.0,1,0,0,0,0,1,0,1,0,1,1,0,1,8,18.0,100.0
780,40.42239,-3.70626,2,0.0,1.0,74.0,80.0,6,0.02,652,200,4503.0,68.043894,0.8,1.0,1,0,0,0,0,1,0,1,1,1,1,0,1,8,18.0,100.0
781,40.42239,-3.70626,8,3.0,3.0,165.0,87.0,6,0.55,737,200,4503.0,68.043894,0.8,3.0,1,0,0,0,0,1,0,1,1,1,1,0,1,8,69.0,200.0
782,40.42239,-3.70626,14,5.0,7.0,305.0,95.0,6,2.8,755,200,4503.0,68.043894,0.8,5.5,1,0,0,0,0,1,0,1,0,1,1,1,1,8,121.5,200.0
783,40.42306,-3.7052,8,2.0,4.0,99.0,73.0,18,0.08,218,200,4503.0,68.043894,0.8,1.0,1,0,0,0,0,1,0,1,1,0,1,0,0,10,63.0,100.0
784,40.39418,-3.69561,3,1.0,1.0,60.0,88.0,1,0.07,206,200,3917.0,55.025641,1.9,1.0,1,0,0,0,0,1,0,1,0,0,1,0,0,8,25.5,100.0
785,40.42085,-3.70106,4,2.0,2.0,120.0,95.0,3,1.9,280,200,4503.0,68.043894,0.8,2.0,1,0,0,0,0,1,0,0,1,1,1,0,0,9,36.0,150.0
786,40.42529,-3.70588,2,1.0,1.0,22.0,92.0,2,0.96,177,50,4503.0,68.043894,0.8,1.0,0,0,0,0,0,1,0,0,0,0,0,0,0,9,18.0,50.0
787,40.41172,-3.69552,2,1.0,1.0,53.0,92.0,2,1.65,118,200,4503.0,68.043894,0.8,1.0,1,0,0,0,0,1,0,1,0,0,0,0,0,8,18.0,100.0
788,40.41224,-3.7135,4,2.0,4.0,86.0,95.0,4,3.19,711,200,4503.0,68.043894,0.8,1.0,1,0,0,0,0,1,0,1,1,0,1,0,0,10,33.0,100.0
789,40.40765,-3.70174,1,1.0,1.0,27.0,0.0,1,0.0,27,200,4503.0,68.043894,0.8,1.0,1,0,0,0,0,0,0,0,0,0,0,0,0,8,10.5,50.0
790,40.40718,-3.70706,4,1.0,2.0,70.0,93.0,1,2.59,268,200,4503.0,68.043894,0.8,1.0,1,0,0,0,0,1,0,0,0,0,0,0,0,8,33.0,100.0
791,40.48025,-3.68282,3,1.0,2.0,90.0,100.0,2,0.03,358,200,4508.0,67.220486,5.8,1.0,1,0,0,0,0,1,0,1,1,1,1,0,0,8,25.5,100.0
792,40.40921,-3.71146,2,1.0,1.0,60.0,96.0,1,1.03,447,200,4503.0,68.043894,0.8,1.0,1,0,0,0,0,1,0,1,0,0,1,0,0,8,18.0,100.0
793,40.42469,-3.70249,1,1.0,1.0,16.0,98.0,2,1.3,76,50,4503.0,68.043894,0.8,1.0,1,1,1,1,1,1,1,1,1,1,1,1,1,0,10.5,50.0
794,40.42042,-3.70094,2,1.0,1.0,35.0,97.0,3,7.09,302,50,4503.0,68.043894,0.8,1.0,0,0,0,0,0,1,0,1,0,1,0,0,0,8,18.0,50.0
795,40.42729,-3.7148,1,1.0,1.0,28.0,96.0,1,2.63,185,50,3555.0,63.451906,5.9,1.0,0,0,0,0,0,1,0,0,1,0,0,0,0,8,10.5,50.0
796,40.42074,-3.7007,2,1.0,1.0,26.0,96.0,3,6.85,139,50,4503.0,68.043894,0.8,1.0,0,0,0,0,0,1,0,1,0,0,0,0,0,8,18.0,50.0
797,40.422,-3.70498,6,2.0,2.0,95.0,94.0,1,1.5,450,200,4503.0,68.043894,0.8,1.0,1,0,0,0,0,1,0,0,1,0,0,0,0,8,48.0,100.0
798,40.41026,-3.70907,4,2.0,3.0,59.0,96.0,17,2.44,483,200,4503.0,68.043894,0.8,1.0,1,0,0,0,0,1,0,1,1,1,1,0,0,9,33.0,100.0
799,40.42089,-3.70539,4,1.0,2.0,48.0,81.0,53,3.34,654,200,4503.0,68.043894,0.8,1.0,1,0,0,0,0,1,0,0,1,0,1,0,0,9,33.0,50.0
800,40.457,-3.71174,1,3.0,1.0,45.0,93.0,2,0.08,201,50,3476.0,60.621287,5.9,2.0,1,1,1,1,1,1,1,1,1,1,1,1,1,8,13.5,50.0
801,40.44739,-3.71322,4,2.0,3.0,78.0,99.0,1,0.28,420,200,3555.0,63.451906,5.9,2.0,1,0,0,0,0,1,0,1,1,1,1,0,0,8,36.0,100.0
802,40.45464,-3.71235,2,1.0,1.0,46.0,100.0,1,0.15,425,200,3476.0,60.621287,5.9,1.0,1,0,0,0,0,1,1,1,1,0,1,0,0,8,18.0,50.0
803,40.42226,-3.70631,7,5.0,5.0,90.0,92.0,1,0.35,261,200,4503.0,68.043894,0.8,1.0,1,0,0,0,0,1,0,0,0,0,1,0,0,8,55.5,100.0
804,40.42924,-3.70837,4,1.0,1.0,80.0,87.0,1,0.08,74,200,4503.0,68.043894,0.8,1.5,1,0,0,0,0,1,0,1,0,0,0,0,0,8,34.5,100.0
805,40.40957,-3.69389,4,2.0,2.0,150.0,0.0,1,0.0,245,200,4503.0,68.043894,0.8,3.0,1,0,0,0,0,1,0,1,1,0,1,0,0,8,39.0,150.0
806,40.41097,-3.69872,4,1.0,2.0,80.0,96.0,2,1.97,307,200,4503.0,68.043894,0.8,1.5,1,0,0,0,0,1,0,1,0,1,0,0,0,8,34.5,100.0
807,40.42847,-3.70693,2,1.0,1.0,46.0,100.0,1,0.01,151,50,4503.0,68.043894,0.8,1.0,1,0,0,0,0,1,0,0,0,0,0,0,0,8,18.0,50.0
808,40.41163,-3.69629,3,1.0,1.0,49.0,89.0,2,0.81,274,200,4503.0,68.043894,0.8,1.5,1,0,0,0,0,1,0,0,1,0,1,0,0,8,27.0,50.0
809,40.4267,-3.70226,6,2.0,3.0,102.0,87.0,23,3.63,509,200,4503.0,68.043894,0.8,1.0,1,0,0,1,0,1,0,1,1,1,0,0,0,10,48.0,150.0
810,40.42206,-3.71041,4,1.0,2.0,48.0,96.0,5,2.76,391,200,4503.0,68.043894,0.8,1.0,1,0,0,0,0,1,0,0,0,0,1,0,0,10,33.0,50.0
811,40.41163,-3.69629,2,1.0,1.0,30.0,99.0,2,0.47,130,200,4503.0,68.043894,0.8,1.0,1,0,0,0,0,1,0,0,0,0,0,0,0,8,18.0,50.0
812,40.41076,-3.70224,3,1.0,1.0,43.0,87.0,8,0.33,283,200,4503.0,68.043894,0.8,1.0,1,0,0,0,0,1,0,0,0,0,1,0,0,10,25.5,50.0
813,40.45317,-3.70383,1,1.0,1.0,12.0,93.0,3,0.42,230,50,3476.0,60.621287,5.9,1.0,0,0,0,0,0,1,0,0,0,0,0,0,0,12,10.5,50.0
814,40.41196,-3.69778,5,2.0,3.0,139.0,99.0,1,0.69,624,200,4503.0,68.043894,0.8,1.0,1,0,0,0,0,1,0,1,0,1,1,0,0,8,40.5,150.0
815,40.42204,-3.70694,6,4.0,7.0,65.0,85.0,53,3.35,674,200,4503.0,68.043894,0.8,2.0,1,0,0,0,0,1,0,0,1,1,1,0,0,9,51.0,100.0
816,40.41144,-3.69844,2,1.0,1.0,48.0,92.0,2,0.26,360,200,4503.0,68.043894,0.8,1.0,1,0,0,0,0,1,0,1,0,0,0,0,0,10,18.0,50.0
817,40.42056,-3.70708,4,1.0,2.0,38.0,83.0,53,3.78,504,200,4503.0,68.043894,0.8,1.0,1,0,0,0,0,1,0,1,1,0,1,0,0,9,33.0,50.0
818,40.41673,-3.70458,6,2.0,3.0,135.0,90.0,4,0.08,130,200,4503.0,68.043894,0.8,2.0,1,0,0,0,0,1,0,1,1,0,0,0,0,10,51.0,150.0
819,40.43076,-3.72025,1,1.0,1.0,28.0,97.0,1,0.51,248,50,3555.0,63.451906,5.9,1.0,0,0,0,0,0,1,0,0,1,0,1,0,0,8,10.5,50.0
820,40.40907,-3.70587,2,1.0,1.0,58.0,98.0,1,4.52,261,200,4503.0,68.043894,0.8,1.0,1,0,0,0,0,1,0,1,0,0,0,0,0,8,18.0,100.0
821,40.41995,-3.7005,4,1.0,1.0,99.0,98.0,2,3.4,359,200,4503.0,68.043894,0.8,1.0,1,1,1,1,1,1,1,1,1,1,1,1,1,8,33.0,100.0
822,40.41675,-3.71023,2,1.0,1.0,52.0,98.0,1,0.14,131,50,4503.0,68.043894,0.8,1.0,1,0,0,0,0,1,0,1,1,0,0,0,0,10,18.0,100.0
823,40.41721,-3.70597,6,2.0,3.0,101.0,96.0,2,0.98,549,200,4503.0,68.043894,0.8,2.0,1,0,0,0,0,1,0,1,1,1,1,0,0,8,51.0,150.0
824,40.41228,-3.70417,4,1.0,1.0,55.0,96.0,5,0.29,552,200,4503.0,68.043894,0.8,1.0,1,0,0,0,0,1,0,1,1,1,1,0,0,10,33.0,100.0
825,40.41029,-3.69913,2,1.0,1.0,51.0,87.0,3,0.06,188,50,4503.0,68.043894,0.8,1.0,1,0,0,0,0,1,0,0,1,0,0,0,0,9,18.0,100.0
826,40.39904,-3.69987,2,1.0,1.0,26.0,89.0,3,0.7,143,50,3917.0,55.025641,1.9,1.0,0,0,0,0,0,1,0,1,1,0,0,0,0,8,18.0,50.0
827,40.4267,-3.70453,7,3.0,4.0,115.0,95.0,1,2.13,821,200,4503.0,68.043894,0.8,2.0,1,0,0,0,0,1,0,1,1,0,1,1,0,9,58.5,150.0
828,40.42464,-3.71255,4,1.0,3.0,70.0,94.0,2,1.26,276,200,3555.0,63.451906,5.9,1.0,1,0,0,0,0,1,0,1,1,0,0,0,0,10,33.0,100.0
829,40.3983,-3.69457,2,1.0,1.0,21.0,93.0,1,0.07,72,50,3917.0,55.025641,1.9,1.0,1,0,0,0,0,1,0,0,0,0,0,0,0,8,18.0,50.0
830,40.41509,-3.7064,6,1.0,3.0,112.0,95.0,1,0.34,451,200,4503.0,68.043894,0.8,1.0,1,0,0,0,0,0,0,1,0,1,1,0,0,8,48.0,150.0
831,40.39972,-3.69364,2,1.0,1.0,39.0,98.0,1,0.75,180,50,3917.0,55.025641,1.9,1.0,1,0,0,0,0,1,0,1,1,0,1,0,0,8,18.0,50.0
833,40.40733,-3.70071,1,1.0,1.0,40.0,100.0,1,0.03,121,50,4503.0,68.043894,0.8,1.0,0,0,0,0,0,1,0,0,0,1,0,0,0,10,10.5,50.0
834,40.40447,-3.67834,3,1.0,4.0,20.0,91.0,1,0.16,518,50,4220.0,63.672727,3.2,1.0,0,0,0,0,0,1,0,0,1,0,1,0,1,9,25.5,50.0
835,40.40772,-3.70045,2,1.0,1.0,30.0,92.0,1,0.62,129,50,4503.0,68.043894,0.8,1.0,0,0,0,0,0,1,0,0,1,0,0,0,0,8,18.0,50.0
836,40.42392,-3.69891,2,0.0,1.0,33.0,80.0,5,5.94,271,200,4503.0,68.043894,0.8,1.0,1,0,0,0,0,1,0,1,0,0,0,0,0,9,18.0,50.0
837,40.41313,-3.71523,4,1.0,2.0,51.0,97.0,1,0.14,438,200,4503.0,68.043894,0.8,1.0,1,0,0,0,0,1,0,1,0,0,1,0,0,9,33.0,100.0
838,40.41117,-3.70838,4,1.0,2.0,46.0,91.0,1,5.56,167,200,4503.0,68.043894,0.8,1.0,1,0,0,0,0,1,0,1,0,0,0,0,0,8,33.0,50.0
839,40.40945,-3.70965,4,1.0,2.0,80.0,98.0,1,2.41,362,200,4503.0,68.043894,0.8,1.0,1,0,0,0,0,1,0,1,0,0,1,0,0,9,33.0,100.0
840,40.43172,-3.70315,2,0.0,1.0,70.0,94.0,2,0.74,370,200,4855.0,64.056634,2.4,1.0,1,0,0,0,0,1,0,0,0,0,0,0,0,8,18.0,100.0
841,40.42162,-3.70186,2,1.0,1.0,61.0,97.0,2,7.23,282,200,4503.0,68.043894,0.8,1.0,1,0,0,0,0,1,0,0,0,0,1,0,0,9,18.0,100.0
842,40.41227,-3.71243,2,1.0,1.0,85.0,95.0,1,0.37,172,200,4503.0,68.043894,0.8,1.0,1,0,0,0,0,1,0,0,0,0,0,0,0,8,18.0,100.0
843,40.42423,-3.70664,2,1.0,2.0,71.0,98.0,1,1.89,418,200,4503.0,68.043894,0.8,1.0,1,0,0,0,0,1,0,1,0,0,1,0,0,8,18.0,100.0
844,40.41199,-3.70387,1,1.0,1.0,45.0,98.0,1,0.89,323,50,4503.0,68.043894,0.8,1.0,0,0,0,0,0,1,0,0,1,0,0,0,0,8,10.5,50.0
845,40.40846,-3.69586,4,1.0,1.0,49.0,97.0,1,0.52,456,200,4503.0,68.043894,0.8,1.0,1,0,0,0,0,1,0,1,0,1,1,0,0,8,33.0,50.0
846,40.42729,-3.70222,4,2.0,2.0,160.0,97.0,1,1.19,287,200,4503.0,68.043894,0.8,2.0,1,0,0,0,0,1,0,0,1,0,1,0,0,8,36.0,200.0
847,40.41282,-3.69768,3,0.0,3.0,79.0,83.0,1,0.55,278,200,4503.0,68.043894,0.8,1.0,1,0,0,0,0,1,0,0,0,0,1,0,0,11,25.5,100.0
848,40.41578,-3.7092,6,2.0,4.0,110.0,91.0,4,2.22,303,200,4503.0,68.043894,0.8,2.0,1,0,0,0,0,1,0,1,1,0,0,0,0,10,51.0,150.0
849,40.38922,-3.74073,1,1.0,1.0,14.0,93.0,2,0.12,76,50,2195.0,47.402837,6.6,1.0,0,0,0,0,0,1,0,0,0,0,0,0,0,8,10.5,50.0
850,40.43552,-3.70348,2,1.0,1.0,35.0,90.0,3,0.18,211,50,4855.0,64.056634,2.4,1.0,0,0,0,0,0,1,0,0,1,0,0,0,0,8,18.0,50.0
851,40.45245,-3.66019,2,1.0,2.0,40.0,0.0,1,0.0,90,50,2893.0,50.090625,6.5,1.0,1,0,0,0,0,1,0,0,1,0,0,0,0,8,18.0,50.0
852,40.41449,-3.69607,4,2.0,3.0,52.0,90.0,8,2.44,391,200,4503.0,68.043894,0.8,1.0,1,0,0,0,0,1,0,1,0,1,1,0,0,10,33.0,100.0
853,40.40092,-3.67068,4,1.0,2.0,41.0,90.0,3,3.25,435,200,4220.0,63.672727,3.2,1.0,1,0,0,0,0,1,0,1,0,0,1,0,0,6,33.0,50.0
854,40.41027,-3.72447,4,2.0,3.0,100.0,0.0,1,0.0,274,200,2287.0,47.008319,4.7,1.0,1,0,0,0,0,1,0,1,0,0,0,0,0,8,33.0,100.0
855,40.42865,-3.67613,2,1.0,3.0,50.0,95.0,4,0.07,557,200,5328.0,74.694253,2.2,1.5,1,1,1,1,1,1,0,1,1,1,1,0,0,8,19.5,50.0
856,40.40781,-3.71392,2,1.0,1.0,80.0,96.0,1,0.91,514,200,4503.0,68.043894,0.8,1.0,1,0,0,0,0,1,0,0,0,0,1,0,0,8,18.0,100.0
857,40.41176,-3.69733,1,1.0,1.0,17.0,96.0,1,0.18,27,50,4503.0,68.043894,0.8,1.5,1,0,0,0,0,0,0,0,0,0,0,0,0,9,12.0,50.0
858,40.43378,-3.70631,2,1.0,2.0,45.0,95.0,2,0.84,262,50,4855.0,64.056634,2.4,1.0,0,0,0,0,0,1,0,1,1,0,0,0,0,8,18.0,50.0
859,40.50385,-3.6669,4,3.0,5.0,148.0,0.0,31,0.0,384,200,3545.0,57.198083,16.4,2.0,1,0,0,1,0,1,1,0,1,0,1,0,0,8,36.0,150.0
860,40.42389,-3.69951,1,1.0,1.0,34.0,92.0,3,0.81,196,50,4503.0,68.043894,0.8,1.0,0,0,0,0,0,1,0,0,0,0,0,0,0,8,10.5,50.0
861,40.42614,-3.69276,2,1.0,1.0,33.0,95.0,2,1.9,218,200,4503.0,68.043894,0.8,1.0,1,0,0,0,0,1,0,1,1,0,0,0,0,8,18.0,50.0
862,40.4219,-3.70332,4,1.0,4.0,100.0,94.0,2,1.88,444,200,4503.0,68.043894,0.8,1.0,1,0,0,1,0,1,0,1,1,1,1,0,0,8,33.0,100.0
863,40.42195,-3.71159,3,1.0,1.0,31.0,94.0,3,0.09,269,50,4503.0,68.043894,0.8,1.0,1,1,1,1,1,1,1,1,1,1,1,1,1,8,25.5,50.0
864,40.42204,-3.71152,1,1.0,1.0,28.0,92.0,3,0.33,351,50,4503.0,68.043894,0.8,1.0,0,0,0,0,0,1,0,0,0,0,0,0,1,8,10.5,50.0
865,40.41934,-3.70398,2,1.0,1.0,45.0,90.0,1,1.64,57,50,4503.0,68.043894,0.8,1.0,1,0,0,0,0,1,0,0,1,0,0,0,0,8,18.0,50.0
866,40.42678,-3.67212,3,2.0,2.0,60.0,83.0,1,2.17,377,200,5328.0,74.694253,2.2,1.0,1,0,0,0,0,1,0,0,0,0,0,0,0,10,25.5,100.0
867,40.40097,-3.70109,1,1.0,1.0,35.0,99.0,1,0.35,124,50,3917.0,55.025641,1.9,1.0,1,0,0,0,0,1,0,1,1,0,0,0,0,9,10.5,50.0
868,40.42539,-3.68181,5,3.0,3.0,89.0,92.0,1,2.14,433,200,5328.0,74.694253,2.2,1.5,1,0,0,0,0,1,0,0,1,1,1,0,0,8,42.0,100.0
869,40.41179,-3.72058,1,1.0,1.0,39.0,100.0,1,0.06,141,50,3917.0,55.025641,1.9,1.0,0,0,0,0,0,1,0,0,0,0,0,0,0,8,10.5,50.0
870,40.40092,-3.69525,1,1.0,1.0,20.0,0.0,1,0.0,104,50,3917.0,55.025641,1.9,1.0,1,0,0,0,0,1,0,0,1,0,0,0,0,8,10.5,50.0
871,40.41352,-3.70035,1,1.0,1.0,24.0,0.0,1,0.0,139,50,4503.0,68.043894,0.8,1.0,0,0,0,0,0,1,0,0,0,0,1,0,0,9,10.5,50.0
872,40.47196,-3.68466,2,0.0,4.0,50.0,94.0,4,0.67,437,200,4508.0,67.220486,5.8,1.0,1,0,0,0,0,1,1,1,1,0,1,0,0,9,18.0,50.0
873,40.41517,-3.70028,3,1.0,1.0,46.0,89.0,8,0.3,370,200,4503.0,68.043894,0.8,1.0,1,0,0,0,0,1,0,1,1,0,1,0,0,10,25.5,50.0
874,40.42279,-3.70295,3,1.0,2.0,68.0,85.0,2,0.58,568,200,4503.0,68.043894,0.8,1.0,1,0,0,0,0,1,0,1,0,0,1,0,0,8,25.5,100.0
875,40.44832,-3.67175,1,1.0,1.0,20.0,0.0,1,0.01,88,50,4508.0,67.220486,5.8,1.0,1,0,0,0,0,1,0,0,1,0,0,0,0,10,10.5,50.0
876,40.41472,-3.70559,4,1.0,2.0,74.0,98.0,5,4.07,480,200,4503.0,68.043894,0.8,1.0,1,0,0,0,0,1,0,1,1,1,1,0,0,8,33.0,100.0
877,40.42813,-3.64537,1,1.0,1.0,21.0,96.0,1,0.33,386,50,2893.0,50.090625,6.5,2.0,0,0,0,0,0,1,0,0,1,0,1,0,0,8,13.5,50.0
878,40.40738,-3.69719,2,1.0,1.0,29.0,84.0,8,3.55,271,50,4503.0,68.043894,0.8,1.5,0,0,0,0,0,1,0,0,1,0,0,0,0,8,19.5,50.0
879,40.40755,-3.67771,2,0.0,1.0,66.0,88.0,1,0.48,347,200,4220.0,63.672727,3.2,1.0,1,0,0,0,0,1,0,1,1,0,1,0,0,8,18.0,100.0
880,40.42055,-3.71116,4,1.0,2.0,57.0,96.0,5,3.77,358,200,4503.0,68.043894,0.8,1.0,1,0,0,0,0,1,0,0,0,0,0,0,0,10,33.0,100.0
881,40.40254,-3.70196,1,1.0,1.0,28.0,100.0,1,0.33,138,50,3917.0,55.025641,1.9,1.0,1,0,0,0,0,1,0,1,1,0,0,0,0,8,10.5,50.0
883,40.44816,-3.69085,2,1.0,1.0,86.0,100.0,1,0.08,467,50,4508.0,67.220486,5.8,1.0,1,1,1,1,1,1,1,1,1,1,1,1,1,10,18.0,100.0
884,40.42854,-3.69117,8,3.0,4.0,189.0,100.0,1,0.01,140,200,4855.0,64.056634,2.4,3.0,1,0,0,0,0,1,0,1,1,0,0,0,0,9,69.0,200.0
885,40.41359,-3.71837,2,3.0,1.0,20.0,100.0,2,0.1,156,50,3917.0,55.025641,1.9,1.0,1,0,0,0,0,1,0,0,1,0,0,0,0,8,18.0,50.0
886,40.4254,-3.70403,2,1.0,2.0,70.0,99.0,1,0.86,174,200,4503.0,68.043894,0.8,1.0,1,0,0,0,0,1,0,1,0,0,1,0,0,9,18.0,100.0
887,40.43522,-3.70179,2,1.0,1.0,25.0,0.0,1,0.0,85,50,4855.0,64.056634,2.4,2.0,1,0,0,0,0,1,0,0,1,0,0,0,0,8,21.0,50.0
888,40.42845,-3.7037,2,1.0,1.0,71.0,99.0,1,0.25,800,200,4503.0,68.043894,0.8,2.0,1,0,0,1,1,1,0,0,1,0,0,0,0,8,21.0,100.0
889,40.4241,-3.68986,2,0.0,1.0,60.0,0.0,1,0.0,89,200,5328.0,74.694253,2.2,1.0,1,0,0,0,0,0,0,1,0,0,0,0,0,8,18.0,100.0
890,40.42248,-3.7052,2,1.0,1.0,79.0,94.0,1,0.5,202,200,4503.0,68.043894,0.8,1.0,1,1,1,1,1,1,1,1,1,1,1,1,1,10,18.0,100.0
891,40.42847,-3.69451,2,1.0,1.0,45.0,0.0,10,0.0,171,50,4855.0,64.056634,2.4,6.0,1,0,0,0,0,1,0,1,1,0,0,0,0,8,33.0,50.0
892,40.42874,-3.65161,1,1.0,2.0,40.0,100.0,1,0.01,413,50,2893.0,50.090625,6.5,1.5,0,0,0,0,0,1,0,1,0,1,1,0,0,8,12.0,50.0
893,40.41629,-3.69605,2,1.0,1.0,22.0,92.0,22,0.7,453,50,4503.0,68.043894,0.8,1.0,0,0,0,0,0,1,0,1,0,1,1,0,0,11,18.0,50.0
894,40.40863,-3.70078,4,2.0,1.0,500.0,100.0,1,0.01,172,200,4503.0,68.043894,0.8,1.0,1,1,1,1,1,1,1,1,1,1,1,1,1,8,33.0,200.0
895,40.43092,-3.67853,2,1.0,1.0,40.0,1.0,7,1.0,349,50,5328.0,74.694253,2.2,2.5,1,1,1,1,1,1,1,1,1,1,1,1,1,8,22.5,50.0
896,40.42864,-3.69435,1,1.0,1.0,60.0,0.0,10,0.0,146,50,4855.0,64.056634,2.4,1.0,1,0,0,0,0,1,0,1,0,0,0,0,0,8,10.5,100.0
897,40.4267,-3.69469,1,1.0,1.0,45.0,0.0,10,0.0,173,50,4503.0,68.043894,0.8,6.0,1,0,0,0,0,1,0,1,0,0,0,0,0,8,25.5,50.0
898,40.42688,-3.69645,2,1.0,1.0,45.0,0.0,10,0.0,185,50,4503.0,68.043894,0.8,6.0,1,0,0,0,0,1,0,1,1,0,0,0,0,8,33.0,50.0
899,40.42682,-3.69491,2,1.0,1.0,45.0,90.0,10,0.03,175,50,4503.0,68.043894,0.8,6.0,1,0,0,0,0,1,0,1,1,0,0,0,0,8,33.0,50.0
900,40.40945,-3.69922,2,0.0,2.0,31.0,85.0,7,3.29,334,200,4503.0,68.043894,0.8,1.0,1,0,0,0,0,1,0,0,0,0,1,0,0,8,18.0,50.0
901,40.43727,-3.67535,6,3.0,4.0,115.0,100.0,2,0.4,628,200,5328.0,74.694253,2.2,1.5,1,0,0,0,0,1,1,1,1,1,1,0,0,8,49.5,150.0
902,40.41507,-3.70511,7,2.0,4.0,300.0,100.0,5,0.27,150,200,4503.0,68.043894,0.8,2.0,1,0,0,0,0,1,0,1,1,0,0,0,0,8,58.5,200.0
903,40.44874,-3.71741,4,3.0,3.0,59.0,0.0,1,0.0,158,200,3555.0,63.451906,5.9,1.0,1,0,0,0,0,0,0,0,1,0,1,0,0,8,33.0,100.0
904,40.41937,-3.70851,2,1.0,2.0,70.0,0.0,1,0.0,107,50,4503.0,68.043894,0.8,1.0,1,0,0,0,0,0,0,1,0,0,0,0,0,10,18.0,100.0
905,40.42788,-3.73394,2,1.0,1.0,20.0,0.0,1,0.0,169,50,3555.0,63.451906,5.9,1.0,1,0,0,0,0,1,0,0,1,0,0,0,0,9,18.0,50.0
906,40.38897,-3.71511,2,1.0,1.0,27.0,99.0,2,4.62,544,50,2195.0,47.402837,6.6,1.5,0,0,0,0,1,1,0,1,0,1,1,0,1,9,19.5,50.0
907,40.40806,-3.68332,4,2.0,2.0,79.0,95.0,3,3.73,677,200,4220.0,63.672727,3.2,1.0,1,0,0,0,0,1,0,1,0,1,1,0,0,10,33.0,100.0
908,40.41681,-3.70665,5,3.0,3.0,145.0,86.0,3,0.99,142,200,4503.0,68.043894,0.8,1.0,1,0,0,0,0,1,0,1,1,0,1,0,0,8,40.5,150.0
909,40.4149,-3.70699,4,2.0,2.0,108.0,88.0,3,0.86,205,200,4503.0,68.043894,0.8,1.0,1,0,0,0,0,1,0,1,1,0,1,0,0,8,33.0,150.0
910,40.37751,-3.73402,2,1.0,1.0,20.0,91.0,2,3.11,320,50,2195.0,47.402837,6.6,1.0,1,0,0,0,0,1,0,0,1,0,1,0,0,8,18.0,50.0
911,40.41655,-3.70331,4,2.0,3.0,100.0,96.0,2,4.49,420,200,4503.0,68.043894,0.8,1.0,1,0,0,0,0,1,0,1,1,1,1,0,0,8,33.0,100.0
912,40.40698,-3.67671,1,1.0,1.0,30.0,100.0,3,0.27,114,50,4220.0,63.672727,3.2,1.0,1,0,0,0,0,1,0,0,1,0,0,0,0,8,10.5,50.0
913,40.42252,-3.70543,4,1.0,2.0,69.0,84.0,23,3.33,458,200,4503.0,68.043894,0.8,1.0,1,0,0,1,0,1,0,1,0,0,0,0,1,10,33.0,100.0
914,40.411,-3.70328,2,0.0,1.0,70.0,100.0,1,0.14,148,200,4503.0,68.043894,0.8,1.0,1,0,0,0,0,1,0,1,0,0,0,0,0,8,18.0,100.0
915,40.41757,-3.69808,2,1.0,2.0,29.0,87.0,22,1.72,293,50,4503.0,68.043894,0.8,3.0,0,0,0,0,1,1,0,0,0,0,0,0,0,11,24.0,50.0
916,40.4716,-3.67378,4,2.0,2.0,50.0,89.0,1,1.07,742,200,4508.0,67.220486,5.8,1.0,1,0,0,0,0,1,1,1,1,0,1,0,1,10,33.0,50.0
917,40.42126,-3.70305,4,1.0,2.0,48.0,96.0,1,6.13,456,200,4503.0,68.043894,0.8,1.0,1,0,0,0,0,1,0,1,1,1,1,0,0,9,33.0,50.0
918,40.4112,-3.70597,2,0.0,1.0,45.0,94.0,1,0.39,187,200,4503.0,68.043894,0.8,1.0,1,0,0,0,0,1,0,0,0,0,1,0,0,10,18.0,50.0
919,40.40722,-3.70969,1,1.0,1.0,20.0,98.0,1,0.41,99,50,4503.0,68.043894,0.8,1.0,1,0,0,0,0,1,0,0,0,0,0,0,0,8,10.5,50.0
920,40.40219,-3.68098,2,1.0,1.0,40.0,94.0,3,1.52,365,50,4220.0,63.672727,3.2,1.5,1,0,0,0,0,1,0,1,1,0,1,0,0,8,19.5,50.0
921,40.41804,-3.67748,5,1.0,3.0,102.0,90.0,8,0.07,372,200,4220.0,63.672727,3.2,1.0,1,0,0,1,0,1,0,1,1,0,1,0,0,9,40.5,150.0
922,40.41831,-3.67756,4,1.0,3.0,103.0,96.0,8,0.15,421,200,4220.0,63.672727,3.2,1.0,1,0,0,0,0,1,0,1,1,0,0,0,0,9,33.0,150.0
923,40.41245,-3.70542,4,1.0,1.0,84.0,90.0,17,3.9,517,200,4503.0,68.043894,0.8,1.0,1,0,0,0,0,1,0,1,1,0,1,0,0,8,33.0,100.0
924,40.42135,-3.6999,4,2.0,3.0,125.0,97.0,7,0.4,288,200,4503.0,68.043894,0.8,1.0,1,0,0,0,0,1,0,1,1,0,0,0,0,11,33.0,150.0
925,40.41246,-3.70757,5,2.0,4.0,50.0,94.0,6,2.15,357,200,4503.0,68.043894,0.8,1.0,1,0,0,0,0,1,0,1,1,0,0,0,0,10,40.5,50.0
927,40.42842,-3.69474,1,1.0,1.0,45.0,90.0,10,0.04,241,50,4855.0,64.056634,2.4,1.0,1,0,0,0,0,1,0,1,1,0,1,0,0,8,10.5,50.0
929,40.40906,-3.7132,2,1.0,1.0,63.0,92.0,4,1.31,283,200,4503.0,68.043894,0.8,1.0,1,0,0,0,0,1,0,1,1,0,1,0,0,8,18.0,100.0
930,40.44986,-3.70871,6,2.0,3.0,64.0,93.0,1,2.0,559,200,3476.0,60.621287,5.9,1.0,1,0,0,0,0,1,0,1,1,0,1,0,0,8,48.0,100.0
931,40.42231,-3.67136,2,1.0,1.0,38.0,100.0,1,0.04,169,50,5328.0,74.694253,2.2,1.0,0,0,0,0,0,1,0,0,0,0,0,0,0,8,18.0,50.0
932,40.47266,-3.68533,2,1.0,2.0,50.0,92.0,4,0.46,458,200,4508.0,67.220486,5.8,1.5,1,0,0,0,0,1,1,1,1,0,1,0,0,9,19.5,50.0
933,40.42981,-3.6934,3,1.0,2.0,95.0,100.0,1,0.04,112,200,4855.0,64.056634,2.4,1.5,1,0,0,1,0,1,0,1,0,0,0,0,0,9,27.0,100.0
934,40.42512,-3.69743,2,1.0,1.0,136.0,0.0,2,0.0,309,200,4503.0,68.043894,0.8,1.0,1,0,0,0,0,1,0,1,1,0,1,0,0,10,18.0,150.0
935,40.42467,-3.70226,4,2.0,3.0,32.0,87.0,5,0.22,392,200,4503.0,68.043894,0.8,1.0,1,0,0,0,0,1,0,1,0,0,1,0,0,9,33.0,50.0
936,40.42902,-3.68073,2,1.0,3.0,71.0,87.0,4,0.19,479,200,5328.0,74.694253,2.2,1.5,1,0,0,0,0,1,0,1,1,1,1,0,0,8,19.5,100.0
937,40.42315,-3.70104,2,1.0,2.0,85.0,100.0,1,0.04,147,200,4503.0,68.043894,0.8,1.0,1,0,0,0,0,1,0,1,1,0,0,0,0,8,18.0,100.0
938,40.41021,-3.69713,2,1.0,1.0,38.0,97.0,1,2.85,160,50,4503.0,68.043894,0.8,1.0,1,0,0,0,0,1,0,1,1,0,0,0,0,8,18.0,50.0
940,40.42349,-3.70634,2,1.0,1.0,20.0,92.0,1,0.06,155,50,4503.0,68.043894,0.8,1.0,1,0,0,0,0,1,0,1,1,0,0,0,0,9,18.0,50.0
941,40.4088,-3.70582,2,1.0,1.0,30.0,99.0,1,0.72,116,50,4503.0,68.043894,0.8,1.0,1,1,1,1,1,1,1,1,1,1,1,1,1,8,18.0,50.0
942,40.43857,-3.61918,1,1.0,1.0,26.0,92.0,1,0.71,362,50,2477.0,70.967532,7.3,1.0,0,0,0,1,0,1,1,0,1,0,1,0,0,9,10.5,50.0
943,40.40959,-3.71687,3,1.0,2.0,58.0,95.0,1,1.76,181,200,4503.0,68.043894,0.8,1.0,1,0,0,0,0,1,0,1,0,0,0,0,0,9,25.5,100.0
944,40.41255,-3.70337,2,1.0,2.0,42.0,91.0,7,0.19,612,200,4503.0,68.043894,0.8,1.5,1,0,0,0,0,1,0,1,0,0,0,0,0,9,19.5,50.0
945,40.42865,-3.67613,2,1.0,3.0,50.0,85.0,4,0.1,523,50,5328.0,74.694253,2.2,1.5,1,0,0,0,0,1,0,1,1,1,1,0,0,8,19.5,50.0
946,40.43218,-3.67414,2,1.0,1.0,70.0,96.0,1,0.18,111,200,5328.0,74.694253,2.2,1.0,1,0,0,0,0,1,0,0,1,0,0,0,0,8,18.0,100.0
947,40.43493,-3.70369,3,1.0,2.0,79.0,97.0,2,1.27,870,200,4855.0,64.056634,2.4,1.0,1,0,0,0,0,1,0,1,1,1,1,0,1,8,25.5,100.0
948,40.40157,-3.64472,2,1.0,2.0,23.0,93.0,1,0.26,452,50,2547.0,45.581197,5.0,1.0,0,0,0,0,0,1,0,0,0,0,1,0,0,8,18.0,50.0
949,40.42434,-3.69877,4,1.0,2.0,85.0,0.0,1,0.0,177,200,4503.0,68.043894,0.8,1.0,1,0,0,0,0,1,0,1,1,0,1,0,0,8,33.0,100.0
950,40.4158,-3.70119,2,0.0,1.0,111.0,99.0,2,1.43,485,200,4503.0,68.043894,0.8,1.0,1,0,0,0,0,1,0,1,1,1,1,0,0,11,18.0,150.0
951,40.41497,-3.7014,7,2.0,5.0,155.0,95.0,23,4.95,552,200,4503.0,68.043894,0.8,2.0,1,0,0,0,0,1,0,1,1,1,1,0,1,10,58.5,200.0
952,40.43382,-3.70519,2,1.0,1.0,39.0,90.0,1,0.38,374,50,4855.0,64.056634,2.4,1.0,0,0,0,0,0,1,0,0,0,0,1,0,0,8,18.0,50.0
953,40.42282,-3.71048,4,1.0,2.0,35.0,84.0,53,3.38,657,200,4503.0,68.043894,0.8,1.0,1,0,0,0,0,1,0,0,0,1,1,0,0,9,33.0,50.0
954,40.42284,-3.7106,2,1.0,2.0,35.0,83.0,7,0.4,643,50,4503.0,68.043894,0.8,1.0,0,0,0,0,0,1,0,0,0,0,1,0,0,8,18.0,50.0
955,40.43298,-3.67158,5,3.0,4.0,100.0,100.0,1,0.05,119,200,5328.0,74.694253,2.2,1.5,1,0,0,0,0,0,0,0,1,0,0,0,0,8,42.0,100.0
956,40.4149,-3.70267,2,0.0,1.0,44.0,85.0,2,1.59,297,200,4503.0,68.043894,0.8,1.0,1,0,0,0,0,1,0,0,0,0,0,0,0,8,18.0,50.0
957,40.40825,-3.70474,4,2.0,3.0,68.0,98.0,1,4.37,410,200,4503.0,68.043894,0.8,1.0,1,0,0,0,0,1,0,1,1,0,1,0,0,10,33.0,100.0
958,40.41617,-3.67808,3,2.0,2.0,75.0,95.0,1,1.35,185,200,4220.0,63.672727,3.2,1.0,1,0,0,0,0,1,0,0,1,0,1,0,0,8,25.5,100.0
959,40.4162,-3.67379,1,1.0,1.0,22.0,96.0,2,1.75,327,50,4220.0,63.672727,3.2,1.0,0,0,0,0,0,1,0,0,1,0,1,0,0,8,10.5,50.0
960,40.41235,-3.69556,3,0.0,2.0,63.0,95.0,15,8.75,588,200,4503.0,68.043894,0.8,1.0,1,0,0,0,1,1,0,1,0,1,0,0,0,9,25.5,100.0
961,40.47464,-3.65269,2,1.0,1.0,15.0,87.0,1,0.11,173,50,3312.0,62.061453,9.2,1.5,1,1,1,1,1,1,1,1,1,1,1,1,1,9,19.5,50.0
962,40.43123,-3.66658,3,1.0,3.0,80.0,98.0,1,0.41,489,200,5328.0,74.694253,2.2,1.0,1,0,0,0,0,1,0,1,1,1,1,0,0,8,25.5,100.0
963,40.44141,-3.67475,5,3.0,1.0,69.0,89.0,8,0.73,246,200,4508.0,67.220486,5.8,1.0,1,1,1,1,1,1,1,1,1,1,1,1,1,11,40.5,100.0
964,40.44597,-3.63157,2,1.0,1.0,55.0,97.0,1,0.29,326,50,2477.0,70.967532,7.3,1.5,1,0,0,1,0,1,1,1,1,0,0,0,0,10,19.5,100.0
965,40.42895,-3.67366,5,2.0,4.0,110.0,93.0,32,0.27,475,200,5328.0,74.694253,2.2,2.0,1,0,0,0,0,1,0,1,1,1,1,0,0,9,43.5,150.0
966,40.41524,-3.70467,4,1.0,2.0,575.0,87.0,32,0.15,443,200,4503.0,68.043894,0.8,1.0,1,0,0,0,0,1,0,1,0,0,1,0,0,9,33.0,200.0
967,40.4111,-3.7134,3,2.0,3.0,63.0,96.0,1,0.9,610,200,4503.0,68.043894,0.8,1.5,1,0,0,0,0,1,0,1,1,0,1,0,0,8,27.0,100.0
968,40.41991,-3.70155,2,1.0,1.0,52.0,91.0,3,4.62,333,200,4503.0,68.043894,0.8,1.0,1,0,0,0,0,1,0,0,0,0,1,0,0,8,18.0,100.0
969,40.37867,-3.6256,1,1.0,1.0,12.0,100.0,2,0.11,299,50,2382.0,49.659794,11.0,1.0,0,0,0,0,0,1,0,0,0,0,1,0,0,8,10.5,50.0
970,40.38168,-3.6209,1,1.0,1.0,12.0,93.0,2,0.15,349,50,2382.0,49.659794,11.0,1.0,0,0,0,0,0,1,0,0,0,0,1,0,0,8,10.5,50.0
971,40.42198,-3.68995,4,1.0,1.0,95.0,100.0,1,0.01,151,200,5328.0,74.694253,2.2,1.0,1,0,0,1,0,1,0,1,1,0,0,0,0,9,33.0,100.0
972,40.42463,-3.70584,2,1.0,1.0,50.0,0.0,3,0.0,60,50,4503.0,68.043894,0.8,2.0,1,0,0,0,0,1,0,0,0,0,0,0,0,8,21.0,50.0
973,40.42494,-3.70768,2,1.0,1.0,73.0,100.0,3,0.01,101,50,4503.0,68.043894,0.8,2.0,1,0,0,0,0,1,0,0,0,0,0,0,0,8,21.0,100.0
974,40.42593,-3.70554,2,1.0,1.0,55.0,0.0,3,0.0,87,50,4503.0,68.043894,0.8,2.0,1,0,0,0,0,1,0,0,0,0,0,0,0,8,21.0,100.0
975,40.39594,-3.6973,2,1.0,2.0,28.0,89.0,1,2.24,119,50,3917.0,55.025641,1.9,1.0,1,0,0,0,0,1,0,0,1,0,0,0,0,8,18.0,50.0
976,40.42247,-3.70991,4,2.0,2.0,65.0,94.0,6,1.15,372,200,4503.0,68.043894,0.8,1.0,1,0,0,0,0,1,0,1,1,0,1,0,0,11,33.0,100.0
977,40.42184,-3.71134,4,1.0,3.0,30.0,90.0,7,1.13,600,50,4503.0,68.043894,0.8,1.0,0,0,0,0,0,1,0,0,0,1,1,0,0,8,33.0,50.0
978,40.45564,-3.70469,2,1.0,1.0,35.0,97.0,1,5.57,380,50,3476.0,60.621287,5.9,1.5,0,0,0,0,1,1,0,1,1,0,1,0,0,8,19.5,50.0
979,40.42455,-3.70224,4,2.0,3.0,116.0,98.0,1,0.77,236,200,4503.0,68.043894,0.8,1.0,1,0,0,0,0,1,0,1,0,0,1,0,0,8,33.0,150.0
980,40.41137,-3.70465,8,3.0,4.0,161.0,100.0,5,0.03,432,200,4503.0,68.043894,0.8,2.0,1,0,0,0,0,1,0,0,1,0,1,0,0,10,66.0,200.0
981,40.43783,-3.7037,1,1.0,1.0,48.0,0.0,12,0.0,153,50,4855.0,64.056634,2.4,1.0,1,0,0,0,0,0,0,1,1,0,0,0,0,11,10.5,50.0
982,40.40875,-3.71018,2,1.0,1.0,24.0,84.0,2,0.49,544,50,4503.0,68.043894,0.8,1.0,0,0,0,0,0,1,0,1,0,1,1,0,0,9,18.0,50.0
983,40.39896,-3.69973,2,1.0,1.0,56.0,85.0,3,0.54,104,50,3917.0,55.025641,1.9,1.0,0,0,0,0,0,1,0,0,1,0,0,0,0,8,18.0,100.0
984,40.39894,-3.69999,2,1.0,1.0,27.0,89.0,3,0.5,144,50,3917.0,55.025641,1.9,1.0,0,0,0,0,0,1,0,0,1,0,1,0,0,8,18.0,50.0
985,40.47076,-3.69773,6,3.0,4.0,68.0,95.0,2,0.82,465,200,3476.0,60.621287,5.9,1.5,1,0,0,0,0,1,0,1,1,0,0,0,0,8,49.5,100.0
986,40.47786,-3.66176,1,1.0,2.0,36.0,97.0,6,0.43,125,50,3312.0,62.061453,9.2,1.5,0,0,0,0,0,1,0,0,1,0,0,0,0,8,12.0,50.0
987,40.40716,-3.70522,4,1.0,1.0,50.0,95.0,1,0.84,346,200,4503.0,68.043894,0.8,1.5,1,1,1,1,1,1,1,1,1,1,1,1,1,8,34.5,50.0
988,40.41572,-3.70741,4,2.0,3.0,99.0,95.0,5,4.44,460,200,4503.0,68.043894,0.8,1.0,1,0,0,0,0,1,0,1,1,1,1,0,0,8,33.0,100.0
989,40.41232,-3.70005,4,1.0,1.0,62.0,92.0,2,3.39,418,200,4503.0,68.043894,0.8,1.0,1,0,0,0,0,1,0,1,0,0,1,0,0,8,33.0,100.0
990,40.41056,-3.69826,6,1.0,3.0,114.0,86.0,2,0.4,187,200,4503.0,68.043894,0.8,1.0,1,0,0,0,0,1,0,1,0,0,1,0,0,8,48.0,150.0
991,40.43278,-3.65313,3,1.0,1.0,100.0,99.0,1,0.72,494,200,2893.0,50.090625,6.5,1.0,1,0,0,0,0,1,0,0,0,1,1,0,0,8,25.5,100.0
992,40.41479,-3.70484,5,2.0,3.0,78.0,87.0,4,0.15,130,200,4503.0,68.043894,0.8,1.0,1,0,0,0,0,1,0,1,1,0,0,0,0,10,40.5,100.0
993,40.41671,-3.70412,4,2.0,3.0,115.0,93.0,4,0.05,130,200,4503.0,68.043894,0.8,1.0,1,0,0,0,0,1,0,1,1,0,0,0,0,10,33.0,150.0
994,40.41563,-3.70866,2,1.0,1.0,90.0,95.0,5,1.05,433,200,4503.0,68.043894,0.8,1.0,1,0,0,0,0,1,0,1,1,0,1,0,0,8,18.0,100.0
995,40.47764,-3.66607,1,1.0,1.0,22.0,98.0,2,0.57,318,50,2893.0,50.090625,6.5,1.0,0,0,0,0,0,1,1,0,0,0,0,0,0,10,10.5,50.0
996,40.44308,-3.69777,2,1.0,1.0,47.0,97.0,2,5.17,386,200,4855.0,64.056634,2.4,1.0,1,0,0,0,0,1,0,1,0,0,1,0,0,8,18.0,50.0
997,40.40247,-3.69918,1,1.0,1.0,35.0,99.0,1,0.6,482,50,3917.0,55.025641,1.9,1.0,1,0,0,0,0,1,0,1,1,0,1,0,0,8,10.5,50.0
999,40.42284,-3.6761,4,1.0,2.0,125.0,92.0,1,0.52,389,200,5328.0,74.694253,2.2,1.0,1,0,0,0,0,1,0,1,1,0,0,0,1,9,33.0,150.0
1000,40.38867,-3.6661,3,1.0,2.0,33.0,83.0,1,0.1,345,200,1890.0,41.443535,5.0,1.5,1,0,0,0,0,0,0,0,0,0,0,0,0,9,27.0,50.0
1001,40.42267,-3.70809,2,0.0,2.0,58.0,89.0,1,2.55,347,200,4503.0,68.043894,0.8,1.0,1,0,0,0,0,1,0,1,0,0,1,0,0,9,18.0,100.0
1002,40.41614,-3.67528,1,1.0,1.0,54.0,1.0,1,1.0,365,50,4220.0,63.672727,3.2,1.5,1,1,1,1,1,1,1,1,1,1,1,1,1,8,12.0,100.0
1003,40.44805,-3.60888,2,1.0,1.0,38.0,94.0,2,2.01,429,50,2477.0,70.967532,7.3,1.0,0,0,0,0,0,1,0,0,0,1,0,0,0,8,18.0,50.0
1004,40.41058,-3.70217,5,1.0,3.0,45.0,89.0,17,2.2,606,200,4503.0,68.043894,0.8,1.0,1,0,0,0,0,1,0,1,1,0,1,0,0,9,40.5,50.0
1005,40.41058,-3.70217,3,0.0,2.0,40.0,90.0,17,2.04,559,200,4503.0,68.043894,0.8,1.0,1,0,0,0,0,1,0,1,1,0,1,0,0,9,25.5,50.0
1006,40.43715,-3.63231,4,0.0,2.0,76.0,83.0,2,0.67,620,200,2477.0,70.967532,7.3,1.0,1,0,0,0,0,1,1,1,1,0,1,0,0,8,33.0,100.0
1007,40.42736,-3.72925,2,2.0,2.0,100.0,0.0,1,0.0,119,200,3555.0,63.451906,5.9,1.0,1,0,0,0,0,1,0,1,1,0,0,0,0,10,18.0,100.0
1008,40.41174,-3.69496,2,2.0,4.0,44.0,89.0,15,3.39,436,200,4503.0,68.043894,0.8,1.0,1,0,0,0,0,1,0,1,1,0,1,0,0,9,18.0,50.0
1009,40.46718,-3.7208,2,1.0,1.0,15.0,94.0,2,0.84,162,50,3555.0,63.451906,5.9,1.0,0,0,0,0,0,1,0,0,1,0,1,0,0,8,18.0,50.0
1010,40.41088,-3.705,2,1.0,1.0,80.0,100.0,1,0.05,117,200,4503.0,68.043894,0.8,1.0,1,0,0,0,0,1,0,0,1,0,0,0,0,9,18.0,100.0
1011,40.43805,-3.67307,6,4.0,5.0,186.0,95.0,2,0.43,385,200,5328.0,74.694253,2.2,2.0,1,0,0,0,0,1,0,1,0,0,1,0,0,8,51.0,200.0
1012,40.41078,-3.71478,3,1.0,1.0,45.0,94.0,3,0.34,335,50,4503.0,68.043894,0.8,1.0,1,0,0,0,1,1,0,0,1,1,0,0,0,8,25.5,50.0
1013,40.41254,-3.71305,6,2.0,3.0,137.0,89.0,3,0.41,335,200,4503.0,68.043894,0.8,3.0,1,0,0,0,0,1,0,1,1,0,1,0,0,8,54.0,150.0
1014,40.40685,-3.70606,6,2.0,3.0,80.0,75.0,1,0.05,136,200,4503.0,68.043894,0.8,1.0,1,0,0,0,0,1,0,1,1,0,0,0,0,8,48.0,100.0
1015,40.41026,-3.70517,6,2.0,3.0,70.0,94.0,1,0.09,79,200,4503.0,68.043894,0.8,1.0,1,0,0,0,0,1,0,0,1,0,0,0,0,8,48.0,100.0
1016,40.42846,-3.7194,1,1.0,1.0,30.0,96.0,1,0.35,226,50,3555.0,63.451906,5.9,2.0,1,0,0,0,0,1,0,0,1,0,1,0,0,8,13.5,50.0
1017,40.40454,-3.70463,2,1.0,2.0,35.0,94.0,5,0.43,255,50,3917.0,55.025641,1.9,1.0,0,0,0,0,0,1,0,1,1,0,0,0,0,10,18.0,50.0
1018,40.40454,-3.70463,2,1.0,2.0,35.0,94.0,5,0.23,245,50,3917.0,55.025641,1.9,1.0,1,0,0,0,0,1,0,1,1,0,0,0,0,10,18.0,50.0
1019,40.43097,-3.68671,2,1.0,1.0,97.0,97.0,3,0.74,423,200,5328.0,74.694253,2.2,2.0,1,0,0,0,0,1,0,1,1,0,1,0,0,9,21.0,100.0
1020,40.40598,-3.69967,8,4.0,4.0,186.0,97.0,1,4.07,627,200,4503.0,68.043894,0.8,3.0,1,0,0,0,0,1,0,1,1,1,1,0,0,8,69.0,200.0
1021,40.45446,-3.66849,2,1.0,1.0,48.0,94.0,1,0.6,394,50,4508.0,67.220486,5.8,2.0,0,0,0,1,0,1,1,0,0,0,0,0,0,8,21.0,50.0
1022,40.41295,-3.69828,4,0.0,2.0,42.0,95.0,9,5.94,420,200,4503.0,68.043894,0.8,1.0,1,0,0,0,0,1,0,1,1,0,1,0,0,8,33.0,50.0
1023,40.34322,-3.68351,1,1.0,1.0,22.0,93.0,1,0.15,139,50,1696.0,37.641618,9.0,1.0,1,0,0,0,0,1,0,1,0,0,0,0,0,8,10.5,50.0
1024,40.41898,-3.70101,3,0.0,2.0,53.0,94.0,20,5.22,519,200,4503.0,68.043894,0.8,1.0,1,0,0,0,0,1,0,1,0,0,1,0,0,9,25.5,100.0
1025,40.41267,-3.7051,2,0.0,1.0,9.0,98.0,3,1.59,395,200,4503.0,68.043894,0.8,1.0,1,0,0,0,0,1,0,0,0,0,1,0,0,8,18.0,50.0
1026,40.41403,-3.70226,4,1.0,1.0,95.0,85.0,8,0.3,368,200,4503.0,68.043894,0.8,1.5,1,1,1,1,1,1,1,1,1,1,1,1,1,10,34.5,100.0
1027,40.41428,-3.69806,2,1.0,1.0,55.0,93.0,1,0.21,205,50,4503.0,68.043894,0.8,1.0,1,0,0,0,0,1,0,0,1,0,1,0,0,8,18.0,100.0
1028,40.40452,-3.68307,4,2.0,4.0,29.0,90.0,2,0.04,433,50,4220.0,63.672727,3.2,1.0,0,0,0,0,1,1,1,1,1,0,1,0,0,10,33.0,50.0
1029,40.41347,-3.70888,2,1.0,1.0,43.0,90.0,3,1.14,331,200,4503.0,68.043894,0.8,1.0,1,0,0,0,0,1,0,1,0,0,1,0,0,10,18.0,50.0
1030,40.42378,-3.70248,3,1.0,2.0,53.0,89.0,3,3.28,444,50,4503.0,68.043894,0.8,1.0,0,0,0,0,1,1,0,0,1,0,1,0,0,11,25.5,100.0
1031,40.42498,-3.70997,1,1.0,1.0,59.0,0.0,1,0.0,190,50,4503.0,68.043894,0.8,1.5,0,0,0,0,0,1,0,0,1,0,0,0,0,9,12.0,100.0
1032,40.43033,-3.70065,2,1.0,1.0,31.0,96.0,2,0.12,385,50,4855.0,64.056634,2.4,1.0,1,0,0,0,1,1,0,0,1,0,1,0,0,9,18.0,50.0
1033,40.42639,-3.66674,3,1.0,2.0,94.0,92.0,1,0.3,383,200,5328.0,74.694253,2.2,1.0,1,0,0,0,0,1,0,1,0,1,0,0,0,9,25.5,100.0
1034,40.40962,-3.71945,2,2.0,2.0,64.0,96.0,1,0.28,337,200,3917.0,55.025641,1.9,1.0,1,0,0,0,1,1,0,1,0,0,1,0,0,8,18.0,100.0
1035,40.40585,-3.68115,2,1.0,1.0,350.0,100.0,1,0.08,146,50,4220.0,63.672727,3.2,1.0,1,0,0,0,0,1,0,1,1,0,0,0,0,8,18.0,200.0
1036,40.42113,-3.70884,6,2.0,3.0,61.0,87.0,2,1.3,100,200,4503.0,68.043894,0.8,1.0,1,0,0,0,0,1,0,0,0,0,0,0,0,8,48.0,100.0
1037,40.43447,-3.7048,6,3.0,5.0,84.0,80.0,2,0.09,480,200,4855.0,64.056634,2.4,1.0,1,0,0,0,0,1,0,0,0,1,1,0,0,8,48.0,100.0
1038,40.45268,-3.59417,1,1.0,1.0,32.0,100.0,2,0.58,115,50,3047.0,56.183432,11.8,1.0,1,0,0,1,0,1,0,1,1,0,1,0,0,8,10.5,50.0
1039,40.43536,-3.65044,1,1.0,1.0,28.0,95.0,2,0.98,309,50,2893.0,50.090625,6.5,1.0,0,0,0,0,0,1,0,1,0,0,0,0,0,8,10.5,50.0
1041,40.45131,-3.6548,4,3.0,3.0,78.0,88.0,1,0.58,293,200,2893.0,50.090625,6.5,2.0,1,0,0,0,0,1,0,1,0,0,1,0,0,8,36.0,100.0
1042,40.41159,-3.69762,3,1.0,2.0,75.0,95.0,3,1.81,386,200,4503.0,68.043894,0.8,1.0,1,0,0,0,0,1,0,1,1,0,0,0,0,8,25.5,100.0
1043,40.40776,-3.71018,4,2.0,3.0,85.0,87.0,1,0.04,124,200,4503.0,68.043894,0.8,1.5,1,0,0,0,0,1,1,0,1,0,0,0,0,8,34.5,100.0
1044,40.4045,-3.73975,2,1.0,1.0,20.0,82.0,8,0.53,209,50,2287.0,47.008319,4.7,1.0,0,0,0,0,0,1,0,0,0,0,0,0,0,8,18.0,50.0
1045,40.40473,-3.74166,2,1.0,2.0,20.0,86.0,8,0.37,365,50,2287.0,47.008319,4.7,1.0,0,0,0,0,0,1,0,0,0,0,0,0,0,8,18.0,50.0
1046,40.38878,-3.73917,2,1.0,2.0,30.0,83.0,1,1.19,349,50,2195.0,47.402837,6.6,1.0,0,0,0,0,0,1,0,0,1,0,1,0,0,8,18.0,50.0
1047,40.42221,-3.70343,2,0.0,1.0,50.0,94.0,3,3.15,469,200,4503.0,68.043894,0.8,1.0,1,0,0,0,0,1,0,1,1,0,0,0,0,10,18.0,50.0
1048,40.4234,-3.70434,2,1.0,1.0,41.0,95.0,2,0.86,529,50,4503.0,68.043894,0.8,1.0,1,0,0,1,0,1,0,0,1,0,1,0,0,9,18.0,50.0
1049,40.41714,-3.70524,8,3.0,4.0,225.0,95.0,14,2.05,828,200,4503.0,68.043894,0.8,2.0,1,0,0,0,0,1,0,1,1,1,1,1,1,8,66.0,200.0
1050,40.40445,-3.74194,2,1.0,1.0,20.0,83.0,8,0.31,227,50,2287.0,47.008319,4.7,1.0,0,0,0,0,0,1,0,0,0,0,0,0,0,8,18.0,50.0
1051,40.41094,-3.71623,4,1.0,2.0,60.0,94.0,1,0.87,166,200,4503.0,68.043894,0.8,1.0,1,0,0,0,0,1,0,0,1,0,1,0,0,10,33.0,100.0
1052,40.41766,-3.70881,2,1.0,1.0,119.0,95.0,1,0.77,492,200,4503.0,68.043894,0.8,1.0,1,0,0,0,0,1,0,1,1,1,1,0,0,9,18.0,150.0
1053,40.40692,-3.70153,1,1.0,1.0,46.0,99.0,2,0.25,103,50,4503.0,68.043894,0.8,1.0,1,1,1,1,1,1,1,1,1,1,1,1,1,10,10.5,50.0
1054,40.41332,-3.69636,4,0.0,1.0,77.0,96.0,9,5.6,381,200,4503.0,68.043894,0.8,1.0,1,0,0,0,0,1,0,1,1,0,1,0,0,8,33.0,100.0
1055,40.42039,-3.71878,2,2.0,1.0,60.0,94.0,2,0.37,202,50,3555.0,63.451906,5.9,1.5,0,0,0,0,0,1,0,0,1,0,0,0,0,10,19.5,100.0
1056,40.43281,-3.65106,7,3.0,4.0,113.0,96.0,1,0.92,506,200,2893.0,50.090625,6.5,1.0,1,0,0,0,0,1,0,1,1,0,1,0,0,8,55.5,150.0
1057,40.43431,-3.64718,1,1.0,1.0,250.0,0.0,1,0.0,80,50,2893.0,50.090625,6.5,1.0,1,0,0,0,0,0,0,0,1,0,0,0,0,8,10.5,200.0
1058,40.4279,-3.66934,4,2.0,2.0,99.0,91.0,1,0.42,392,200,5328.0,74.694253,2.2,1.0,1,0,0,0,0,1,0,1,1,1,1,0,0,9,33.0,100.0
1059,40.40489,-3.69532,4,2.0,4.0,52.0,98.0,2,0.45,635,200,3917.0,55.025641,1.9,2.0,1,0,0,0,0,1,0,1,1,0,1,0,0,9,36.0,100.0
1060,40.44949,-3.70211,3,2.0,2.0,63.0,94.0,1,0.39,149,200,3476.0,60.621287,5.9,1.0,1,0,0,0,0,0,0,1,0,0,0,0,0,8,25.5,100.0
1061,40.41323,-3.71215,2,1.0,1.0,62.0,97.0,1,2.06,500,200,4503.0,68.043894,0.8,1.0,1,0,0,0,0,1,0,1,0,1,1,0,0,8,18.0,100.0
1062,40.42376,-3.70112,2,1.0,1.0,33.0,82.0,1,0.16,38,200,4503.0,68.043894,0.8,1.0,1,0,0,0,0,0,0,0,0,0,0,0,0,8,18.0,50.0
1063,40.42181,-3.7098,4,1.0,1.0,82.0,94.0,20,2.92,407,200,4503.0,68.043894,0.8,1.0,1,0,0,0,0,1,0,1,0,0,1,0,0,9,33.0,100.0
1064,40.42982,-3.71736,2,1.0,1.0,32.0,93.0,1,0.42,316,50,3555.0,63.451906,5.9,1.0,1,0,0,0,0,1,0,0,1,0,1,0,0,0,18.0,50.0
1065,40.4205,-3.70914,2,0.0,1.0,40.0,94.0,3,2.05,418,200,4503.0,68.043894,0.8,1.0,1,0,0,0,0,1,0,1,1,0,1,0,0,9,18.0,50.0
1066,40.42932,-3.68441,4,1.0,2.0,65.0,93.0,2,2.84,473,200,5328.0,74.694253,2.2,1.0,1,0,0,0,0,0,0,1,1,0,1,0,0,8,33.0,100.0
1067,40.44437,-3.78552,5,2.0,4.0,98.0,96.0,1,2.26,343,200,3555.0,63.451906,5.9,2.0,1,0,0,0,0,1,1,0,1,0,1,0,0,8,43.5,100.0
1068,40.40889,-3.70847,2,1.0,1.0,33.0,97.0,2,2.05,360,50,4503.0,68.043894,0.8,1.0,0,0,0,0,0,1,0,0,1,1,0,0,0,8,18.0,50.0
1069,40.40722,-3.70222,1,1.0,1.0,22.0,99.0,1,0.58,242,50,4503.0,68.043894,0.8,1.0,0,0,0,0,0,1,0,1,0,0,1,0,0,8,10.5,50.0
1070,40.40818,-3.69999,6,2.0,3.0,63.0,91.0,5,2.94,548,200,4503.0,68.043894,0.8,1.0,1,0,0,0,0,1,0,1,0,0,1,0,0,8,48.0,100.0
1071,40.4255,-3.69965,2,1.0,1.0,76.0,91.0,1,0.46,331,200,4503.0,68.043894,0.8,1.5,1,0,0,0,0,1,0,1,0,1,1,0,0,0,19.5,100.0
1072,40.41026,-3.70081,5,3.0,4.0,101.0,92.0,4,0.43,511,200,4503.0,68.043894,0.8,1.0,1,0,0,0,0,1,0,1,0,1,1,0,0,8,40.5,150.0
1073,40.41058,-3.70217,4,0.0,2.0,40.0,91.0,17,1.85,552,200,4503.0,68.043894,0.8,1.0,1,0,0,0,0,1,0,1,1,1,1,0,1,9,33.0,50.0
1074,40.41058,-3.70217,4,0.0,2.0,41.0,93.0,17,2.33,553,200,4503.0,68.043894,0.8,1.0,1,0,0,0,0,1,0,1,1,0,1,0,1,9,33.0,50.0
1075,40.41058,-3.70217,3,0.0,2.0,41.0,91.0,17,2.49,516,200,4503.0,68.043894,0.8,1.0,1,0,0,0,0,1,0,1,1,0,1,0,0,9,25.5,50.0
1076,40.41058,-3.70217,4,0.0,2.0,41.0,93.0,17,1.35,527,200,4503.0,68.043894,0.8,1.0,1,0,0,0,0,1,0,1,1,0,1,0,1,9,33.0,50.0
1077,40.41058,-3.70217,4,0.0,2.0,40.0,90.0,17,2.11,568,200,4503.0,68.043894,0.8,1.0,1,0,0,0,0,1,0,1,1,0,1,0,1,9,33.0,50.0
1078,40.41286,-3.70968,2,1.0,1.0,48.0,94.0,1,0.1,209,200,4503.0,68.043894,0.8,1.0,1,0,0,0,0,1,0,0,0,0,1,0,0,8,18.0,50.0
1079,40.41907,-3.7095,2,0.0,2.0,35.0,95.0,3,2.36,457,200,4503.0,68.043894,0.8,1.0,1,0,0,0,0,1,0,1,1,1,1,0,0,9,18.0,50.0
1080,40.41181,-3.70095,2,1.0,1.0,35.0,84.0,1,0.37,174,200,4503.0,68.043894,0.8,1.0,1,0,0,0,0,1,0,0,0,0,0,0,0,8,18.0,50.0
1081,40.4024,-3.70083,1,1.0,1.0,39.0,0.0,1,0.0,41,50,3917.0,55.025641,1.9,1.0,1,0,0,0,0,0,0,0,0,0,0,0,0,8,10.5,50.0
1082,40.385,-3.74426,2,1.0,1.0,28.0,95.0,2,0.87,376,50,2195.0,47.402837,6.6,1.0,0,0,0,0,0,1,0,1,0,0,1,0,0,8,18.0,50.0
1083,40.41227,-3.69643,3,1.0,2.0,56.0,91.0,1,1.34,482,200,4503.0,68.043894,0.8,1.0,1,0,0,0,0,1,0,1,0,0,1,0,0,8,25.5,100.0
1084,40.40846,-3.70394,2,0.0,1.0,26.0,87.0,1,0.38,362,200,4503.0,68.043894,0.8,1.0,1,0,0,0,0,1,0,1,0,1,1,0,0,10,18.0,50.0
1085,40.42405,-3.69746,2,1.0,1.0,45.0,96.0,7,4.36,495,50,4503.0,68.043894,0.8,1.0,1,0,0,0,0,1,0,1,1,0,1,0,0,11,18.0,50.0
1086,40.42226,-3.69912,6,2.0,4.0,65.0,95.0,7,2.83,485,200,4503.0,68.043894,0.8,1.0,1,0,0,0,0,1,0,1,1,1,1,0,0,11,48.0,100.0
1088,40.43581,-3.70328,2,1.0,1.0,37.0,92.0,2,0.43,204,50,4855.0,64.056634,2.4,1.0,0,1,1,1,1,1,0,0,1,0,0,0,0,9,18.0,50.0
1089,40.43637,-3.70376,1,1.0,1.0,23.0,96.0,2,0.9,256,50,4855.0,64.056634,2.4,1.0,0,0,0,0,0,1,0,0,1,0,1,0,0,9,10.5,50.0
1090,40.41515,-3.70069,5,2.0,4.0,150.0,84.0,7,0.63,556,200,4503.0,68.043894,0.8,2.0,1,0,0,0,0,1,0,1,0,0,0,0,0,9,43.5,150.0
1091,40.39608,-3.69552,3,1.0,1.0,40.0,92.0,4,2.56,405,50,3917.0,55.025641,1.9,1.0,0,0,0,0,0,1,0,0,1,0,1,0,0,8,25.5,50.0
1092,40.42503,-3.69801,4,1.0,2.0,89.0,99.0,1,1.57,604,200,4503.0,68.043894,0.8,1.0,1,0,0,0,0,1,0,1,0,1,0,0,0,8,33.0,100.0
1093,40.39588,-3.69397,3,1.0,1.0,40.0,93.0,4,2.11,378,50,3917.0,55.025641,1.9,1.0,0,0,0,0,0,1,0,0,1,0,0,0,0,8,25.5,50.0
1094,40.40889,-3.70847,1,1.0,1.0,20.0,96.0,2,1.58,301,50,4503.0,68.043894,0.8,1.0,1,1,1,1,1,1,1,1,1,1,1,1,1,8,10.5,50.0
1095,40.40715,-3.74993,2,1.0,1.0,30.0,100.0,3,0.17,339,50,2287.0,47.008319,4.7,1.0,0,0,0,0,0,1,0,1,0,1,1,0,0,8,18.0,50.0
1096,40.41184,-3.70446,6,3.0,3.0,92.0,96.0,17,3.17,495,200,4503.0,68.043894,0.8,2.0,1,0,0,0,0,1,0,1,1,0,1,0,0,9,51.0,100.0
1097,40.42329,-3.70339,4,2.0,2.0,65.0,92.0,1,0.65,253,200,4503.0,68.043894,0.8,1.0,1,0,0,0,0,1,0,1,0,0,0,0,0,8,33.0,100.0
1098,40.42357,-3.70387,2,1.0,1.0,25.0,84.0,8,4.69,422,50,4503.0,68.043894,0.8,1.0,0,0,0,0,0,1,0,0,0,1,1,0,0,10,18.0,50.0
1099,40.42343,-3.7031,2,1.0,1.0,25.0,88.0,8,6.0,451,50,4503.0,68.043894,0.8,1.0,0,0,0,0,0,1,0,0,0,1,1,0,0,10,18.0,50.0
1100,40.41076,-3.69953,4,1.0,2.0,64.0,89.0,1,0.65,323,200,4503.0,68.043894,0.8,1.0,1,0,0,0,0,1,0,1,0,0,0,0,0,8,33.0,100.0
1101,40.42529,-3.70429,2,1.0,1.0,21.0,87.0,8,5.27,445,50,4503.0,68.043894,0.8,1.0,0,0,0,0,0,1,0,0,0,0,1,0,0,10,18.0,50.0
1102,40.42296,-3.67255,2,1.0,1.0,99.0,96.0,1,0.63,532,200,5328.0,74.694253,2.2,1.0,1,0,0,0,0,1,0,1,1,0,1,0,1,8,18.0,100.0
1103,40.48714,-3.67108,4,2.0,4.0,150.0,98.0,1,0.34,285,200,3312.0,62.061453,9.2,2.0,1,0,0,0,0,1,1,1,1,0,1,0,0,8,36.0,150.0
1104,40.41167,-3.70427,4,1.0,2.0,62.0,89.0,1,1.34,377,200,4503.0,68.043894,0.8,1.0,1,0,0,0,0,1,0,0,0,0,0,0,1,8,33.0,100.0
1105,40.46652,-3.63299,2,1.0,2.0,40.0,100.0,1,0.01,81,50,3312.0,62.061453,9.2,1.0,1,1,1,1,1,1,0,0,0,0,0,0,0,8,18.0,50.0
1106,40.39287,-3.75679,1,1.0,1.0,24.0,96.0,2,0.55,358,50,2287.0,47.008319,4.7,1.5,0,0,0,0,0,1,0,0,1,1,1,0,0,11,12.0,50.0
1107,40.39347,-3.75795,1,1.0,1.0,24.0,97.0,2,0.69,161,50,2287.0,47.008319,4.7,1.5,0,0,0,0,0,1,0,0,1,0,0,0,0,11,12.0,50.0
1108,40.41504,-3.70686,3,1.0,1.0,65.0,95.0,5,3.23,490,200,4503.0,68.043894,0.8,1.5,1,0,0,0,0,1,0,1,1,0,1,0,0,8,27.0,100.0
1109,40.45564,-3.69403,2,1.0,1.0,136.0,92.0,11,0.34,473,200,3476.0,60.621287,5.9,1.0,1,0,0,0,0,1,0,1,0,1,1,0,0,9,18.0,150.0
1110,40.41375,-3.70403,6,3.0,2.0,100.0,0.0,1,0.0,99,200,4503.0,68.043894,0.8,2.0,1,0,0,0,0,1,0,0,1,0,0,0,0,0,51.0,100.0
1111,40.43463,-3.70481,1,2.0,2.0,40.0,92.0,1,0.13,98,50,4855.0,64.056634,2.4,2.0,1,0,0,0,0,1,0,0,0,0,0,0,0,8,13.5,50.0
1112,40.39429,-3.69666,4,1.0,1.0,38.0,94.0,1,0.83,504,200,3917.0,55.025641,1.9,1.0,1,0,0,0,0,1,0,1,1,1,1,0,0,8,33.0,50.0
1113,40.41881,-3.71028,2,1.0,1.0,60.0,0.0,1,0.0,105,50,4503.0,68.043894,0.8,1.0,1,0,0,0,0,1,0,0,0,0,0,0,0,8,18.0,100.0
1114,40.41877,-3.67519,4,1.0,2.0,96.0,94.0,1,0.3,273,200,4220.0,63.672727,3.2,1.0,1,0,0,0,0,1,0,0,1,0,0,0,0,8,33.0,100.0
1115,40.43178,-3.7026,3,1.0,3.0,61.0,70.0,1,0.05,136,200,4855.0,64.056634,2.4,1.0,1,0,0,0,0,1,0,1,1,0,0,0,0,10,25.5,100.0
1116,40.43275,-3.70848,1,1.0,2.0,40.0,100.0,1,0.31,303,200,4855.0,64.056634,2.4,1.0,1,0,0,0,0,1,0,1,1,0,1,0,0,8,10.5,50.0
1117,40.42537,-3.70664,3,2.0,2.0,64.0,93.0,2,1.34,464,200,4503.0,68.043894,0.8,1.0,1,0,0,0,0,1,0,1,1,0,1,0,1,8,25.5,100.0
1118,40.40829,-3.69365,1,1.0,1.0,20.0,91.0,4,3.74,406,50,4503.0,68.043894,0.8,1.0,0,0,0,0,0,1,0,1,0,0,1,0,0,9,10.5,50.0
1119,40.41157,-3.70997,2,1.0,1.0,29.0,0.0,1,0.0,79,50,4503.0,68.043894,0.8,2.0,1,0,0,0,0,1,0,0,1,0,0,0,0,8,21.0,50.0
1120,40.4264,-3.70395,1,1.0,1.0,650.0,95.0,1,2.03,290,50,4503.0,68.043894,0.8,1.5,1,0,0,0,0,1,0,1,1,0,0,0,0,8,12.0,200.0
1121,40.40999,-3.70821,2,1.0,1.0,59.0,96.0,4,3.16,533,50,4503.0,68.043894,0.8,1.0,0,0,0,0,0,1,0,1,1,1,1,0,1,8,18.0,100.0
1122,40.45278,-3.70575,4,1.0,2.0,53.0,100.0,1,0.04,341,200,3476.0,60.621287,5.9,1.0,1,0,0,0,0,1,0,1,1,0,1,0,0,8,33.0,100.0
1123,40.40833,-3.6931,1,1.0,1.0,32.0,91.0,4,2.39,406,50,4503.0,68.043894,0.8,2.0,0,0,0,0,0,1,0,1,0,0,1,0,0,9,13.5,50.0
1124,40.43997,-3.61707,2,2.0,3.0,80.0,96.0,2,2.33,653,200,2477.0,70.967532,7.3,1.5,1,0,0,0,0,1,0,1,1,1,0,1,0,9,19.5,100.0
1125,40.40994,-3.69402,1,1.0,1.0,25.0,89.0,4,2.64,476,50,4503.0,68.043894,0.8,2.0,0,0,0,0,0,1,0,1,0,0,1,0,0,9,13.5,50.0
1126,40.40891,-3.69366,1,1.0,1.0,30.0,88.0,4,3.55,406,50,4503.0,68.043894,0.8,1.0,1,0,0,0,0,1,0,1,0,0,1,0,0,9,10.5,50.0
1127,40.39096,-3.69439,1,2.0,1.0,19.0,92.0,1,0.56,286,50,3917.0,55.025641,1.9,1.5,0,0,0,0,0,1,0,1,0,0,1,0,0,8,12.0,50.0
1128,40.40873,-3.71181,2,1.0,1.0,54.0,90.0,1,3.01,279,200,4503.0,68.043894,0.8,1.0,1,0,0,0,0,0,0,1,0,0,0,0,0,8,18.0,100.0
1129,40.41629,-3.70709,2,1.0,1.0,38.0,92.0,1,1.69,115,50,4503.0,68.043894,0.8,2.0,0,0,0,0,0,1,0,0,0,0,0,0,0,8,21.0,50.0
1130,40.41215,-3.69945,6,3.0,4.0,150.0,93.0,4,1.18,317,200,4503.0,68.043894,0.8,1.0,1,0,0,0,0,1,0,1,0,0,1,0,0,9,48.0,150.0
1131,40.40662,-3.67777,2,1.0,1.0,30.0,0.0,1,0.0,92,50,4220.0,63.672727,3.2,1.0,1,0,0,0,0,1,0,1,1,0,0,0,0,8,18.0,50.0
1132,40.40813,-3.70161,2,0.0,1.0,50.0,94.0,1,0.94,151,200,4503.0,68.043894,0.8,1.0,1,0,0,0,0,1,0,1,0,0,0,0,0,8,18.0,50.0
1133,40.39675,-3.7654,1,1.0,1.0,20.0,100.0,1,0.07,198,50,2287.0,47.008319,4.7,1.5,0,0,0,0,0,1,0,0,0,0,0,0,0,8,12.0,50.0
1134,40.41332,-3.70503,2,0.0,2.0,38.0,93.0,5,1.53,124,200,4503.0,68.043894,0.8,1.0,1,0,0,0,0,1,1,1,1,0,0,0,0,8,18.0,50.0
1135,40.4211,-3.68414,2,1.0,1.0,122.0,84.0,25,0.12,652,200,5328.0,74.694253,2.2,1.5,1,0,0,0,0,1,1,0,1,0,1,1,0,11,19.5,150.0
1136,40.45103,-3.65866,4,3.0,3.0,120.0,93.0,2,0.42,400,200,2893.0,50.090625,6.5,1.5,1,0,0,0,0,1,0,1,0,0,1,0,0,8,34.5,150.0
1137,40.43143,-3.67229,2,1.0,1.0,42.0,95.0,3,0.43,231,200,5328.0,74.694253,2.2,1.0,1,0,0,0,0,1,0,1,1,0,0,0,0,10,18.0,50.0
1138,40.42852,-3.71445,2,1.0,1.0,65.0,94.0,1,0.58,104,200,4503.0,68.043894,0.8,1.0,1,0,0,0,0,1,0,0,1,0,0,0,0,8,18.0,100.0
1139,40.44032,-3.67703,6,3.0,4.0,73.0,95.0,1,1.71,591,200,4508.0,67.220486,5.8,1.0,1,0,0,0,0,1,0,1,0,1,1,0,0,8,48.0,100.0
1140,40.47384,-3.70159,2,1.0,2.0,26.0,98.0,2,0.37,398,50,3476.0,60.621287,5.9,1.0,0,0,0,0,0,1,0,0,1,0,1,0,0,8,18.0,50.0
1141,40.40253,-3.69666,5,3.0,3.0,71.0,92.0,25,1.58,468,200,3917.0,55.025641,1.9,1.0,1,0,0,0,0,1,0,1,1,0,1,0,0,9,40.5,100.0
1142,40.41772,-3.67505,4,1.0,3.0,46.0,90.0,3,0.94,375,50,4220.0,63.672727,3.2,2.0,0,0,0,0,0,1,0,0,1,0,0,0,0,8,36.0,50.0
1143,40.41268,-3.70898,4,1.0,4.0,66.0,97.0,1,0.2,485,200,4503.0,68.043894,0.8,1.0,1,0,0,0,0,0,0,0,0,1,1,0,0,8,33.0,100.0
1144,40.40377,-3.75881,6,1.0,4.0,76.0,86.0,6,0.26,334,200,2287.0,47.008319,4.7,1.0,1,0,0,0,0,1,0,1,0,0,1,0,0,0,48.0,100.0
1145,40.44292,-3.67562,5,2.0,3.0,106.0,92.0,1,1.43,536,200,4508.0,67.220486,5.8,1.5,1,0,0,0,0,1,0,1,1,1,1,0,0,8,42.0,150.0
1146,40.40919,-3.70854,2,1.0,2.0,62.0,93.0,3,0.76,231,50,4503.0,68.043894,0.8,1.0,1,0,0,0,0,1,0,0,1,0,1,0,0,8,18.0,100.0
1147,40.37538,-3.73353,1,1.0,1.0,36.0,97.0,1,0.39,274,50,2195.0,47.402837,6.6,1.5,1,0,0,0,0,1,0,1,1,0,0,0,0,0,12.0,50.0
1148,40.44109,-3.67603,2,1.0,1.0,40.0,96.0,1,0.58,530,50,4508.0,67.220486,5.8,1.0,1,0,0,0,0,1,0,0,0,0,1,0,0,8,18.0,50.0
1149,40.41102,-3.69438,4,1.0,2.0,65.0,97.0,14,4.3,366,200,4503.0,68.043894,0.8,1.0,1,0,0,0,0,1,0,1,0,0,1,0,0,10,33.0,100.0
1150,40.40621,-3.6822,2,1.0,1.0,35.0,95.0,3,1.63,479,50,4220.0,63.672727,3.2,1.5,0,0,0,0,0,1,0,1,1,1,1,0,0,8,19.5,50.0
1151,40.43309,-3.66701,2,1.0,1.0,40.0,100.0,2,0.05,368,200,5328.0,74.694253,2.2,1.0,1,0,0,0,0,1,0,1,1,0,1,0,0,0,18.0,50.0
1152,40.40403,-3.68087,1,1.0,1.0,26.0,100.0,1,0.04,126,50,4220.0,63.672727,3.2,1.0,0,0,0,0,0,1,0,0,1,0,0,0,0,9,10.5,50.0
1153,40.41574,-3.67072,5,5.0,5.0,100.0,95.0,1,0.42,343,200,4220.0,63.672727,3.2,2.0,1,0,0,0,0,1,0,1,1,0,1,0,0,8,43.5,100.0
1154,40.43408,-3.6582,1,1.0,1.0,70.0,0.0,1,0.0,104,50,2893.0,50.090625,6.5,1.0,1,0,0,0,0,1,0,0,1,0,0,0,0,7,10.5,100.0
1155,40.4191,-3.7079,4,1.0,1.0,78.0,96.0,4,3.81,374,200,4503.0,68.043894,0.8,1.0,1,0,0,0,0,1,0,1,1,0,0,0,0,8,33.0,100.0
1156,40.42164,-3.69722,6,3.0,3.0,296.0,100.0,1,0.41,201,200,4503.0,68.043894,0.8,2.0,1,0,0,0,0,1,0,1,1,0,1,0,0,10,51.0,200.0
1157,40.4127,-3.7128,2,1.0,1.0,49.0,0.0,1,0.0,27,50,4503.0,68.043894,0.8,2.0,1,0,0,0,0,0,0,0,0,0,0,0,0,8,21.0,50.0
1158,40.4572,-3.64525,3,1.0,2.0,48.0,94.0,4,1.89,604,200,3312.0,62.061453,9.2,1.0,1,0,0,0,0,1,0,0,0,0,1,0,0,0,25.5,50.0
1159,40.40767,-3.70535,6,2.0,3.0,180.0,93.0,1,0.45,314,200,4503.0,68.043894,0.8,1.5,1,0,0,0,0,1,0,1,1,1,1,0,0,10,49.5,200.0
1160,40.43171,-3.71482,2,1.0,1.0,100.0,0.0,1,0.0,185,200,4855.0,64.056634,2.4,1.0,1,0,0,0,0,1,0,1,1,0,0,0,0,7,18.0,100.0
1161,40.41288,-3.70642,6,2.0,3.0,100.0,98.0,2,3.8,335,200,4503.0,68.043894,0.8,1.0,1,0,0,0,0,1,0,1,0,0,1,0,0,8,48.0,100.0
1162,40.45034,-3.69474,1,1.0,1.0,60.0,96.0,1,0.19,312,50,3476.0,60.621287,5.9,1.0,1,0,0,0,0,1,0,0,1,0,0,0,0,8,10.5,100.0
1163,40.42819,-3.68025,6,3.0,4.0,214.0,95.0,1,1.92,765,200,5328.0,74.694253,2.2,3.0,1,0,0,0,0,1,0,1,1,0,1,0,0,9,54.0,200.0
1164,40.42166,-3.70321,5,2.0,2.0,78.0,100.0,2,0.1,182,200,4503.0,68.043894,0.8,1.0,1,0,0,0,0,1,0,1,0,0,1,0,0,10,40.5,100.0
1165,40.41041,-3.69778,4,1.0,2.0,48.0,94.0,2,2.01,284,200,4503.0,68.043894,0.8,1.0,1,0,0,0,0,1,0,1,0,0,1,0,0,8,33.0,50.0
1166,40.42687,-3.70054,2,1.0,1.0,58.0,96.0,1,2.66,476,200,4503.0,68.043894,0.8,1.0,1,0,0,0,0,0,0,1,1,0,1,0,0,7,18.0,100.0
1167,40.42422,-3.69817,2,1.0,1.0,50.0,90.0,1,0.56,236,200,4503.0,68.043894,0.8,1.0,1,0,0,0,0,1,0,0,0,0,1,0,0,9,18.0,50.0
1168,40.41346,-3.71056,4,2.0,2.0,144.0,98.0,5,2.87,303,200,4503.0,68.043894,0.8,2.0,1,0,0,0,0,1,0,1,1,0,1,0,0,8,36.0,150.0
1169,40.40855,-3.70946,2,1.0,1.0,55.0,86.0,3,1.16,209,200,4503.0,68.043894,0.8,1.5,1,1,1,1,1,1,1,1,1,1,1,1,1,11,19.5,100.0
1170,40.47009,-3.7007,4,1.0,3.0,45.0,91.0,8,0.87,384,200,3476.0,60.621287,5.9,1.0,1,0,0,0,0,1,0,1,1,0,1,0,0,0,33.0,50.0
1171,40.39889,-3.69318,2,1.0,1.0,30.0,97.0,1,2.04,125,50,3917.0,55.025641,1.9,1.0,1,0,0,0,0,1,0,0,1,0,0,0,0,7,18.0,50.0
1172,40.41526,-3.70413,2,0.0,1.0,49.0,90.0,1,1.5,311,200,4503.0,68.043894,0.8,1.0,1,0,0,0,0,1,0,1,0,0,0,0,0,9,18.0,50.0
1173,40.39493,-3.69977,6,2.0,3.0,83.0,96.0,6,2.78,669,200,3917.0,55.025641,1.9,2.0,1,0,0,0,0,1,0,1,1,0,1,0,0,10,51.0,100.0
1174,40.43178,-3.71738,3,1.0,1.0,48.0,0.0,1,0.04,245,50,3555.0,63.451906,5.9,2.0,1,0,0,0,0,1,0,0,1,0,1,0,0,7,28.5,50.0
1175,40.43329,-3.71469,1,1.0,1.0,45.0,95.0,1,0.06,98,50,4855.0,64.056634,2.4,1.0,1,1,1,1,1,1,1,1,1,1,1,1,1,10,10.5,50.0
1176,40.45113,-3.70879,1,1.0,1.0,14.0,100.0,1,0.03,207,50,3476.0,60.621287,5.9,1.0,1,1,1,1,1,1,1,1,1,1,1,1,1,8,10.5,50.0
1177,40.41098,-3.70126,2,1.0,1.0,49.0,87.0,1,0.63,99,200,4503.0,68.043894,0.8,1.0,1,0,0,0,0,1,0,1,0,0,1,0,0,7,18.0,50.0
1178,40.4149,-3.70245,3,1.0,1.0,46.0,83.0,8,0.43,258,200,4503.0,68.043894,0.8,1.0,1,1,1,1,1,1,1,1,1,1,1,1,1,10,25.5,50.0
1179,40.40846,-3.69426,1,1.0,1.0,45.0,99.0,1,0.8,306,50,4503.0,68.043894,0.8,0.0,1,0,0,0,0,1,0,1,1,0,0,0,0,7,7.5,50.0
1180,40.41969,-3.70576,3,1.0,2.0,78.0,91.0,1,2.34,339,200,4503.0,68.043894,0.8,1.0,1,0,0,0,0,1,0,1,1,0,1,0,0,7,25.5,100.0
1181,40.42059,-3.71401,4,1.0,2.0,140.0,99.0,1,1.61,596,200,4503.0,68.043894,0.8,1.0,1,0,0,0,0,1,0,1,1,1,1,0,0,7,33.0,150.0
1182,40.41838,-3.67432,4,1.0,2.0,76.0,94.0,1,0.33,422,200,4220.0,63.672727,3.2,1.0,1,0,0,0,0,1,0,1,1,0,1,0,0,10,33.0,100.0
1183,40.41563,-3.69966,4,1.0,3.0,53.0,91.0,8,0.96,258,200,4503.0,68.043894,0.8,1.0,1,0,0,0,0,1,0,1,0,0,0,0,0,11,33.0,100.0
1184,40.422,-3.69686,4,1.0,2.0,70.0,97.0,1,3.48,235,200,4503.0,68.043894,0.8,1.0,1,0,0,1,0,1,0,1,0,0,1,0,0,8,33.0,100.0
1185,40.41331,-3.70326,4,1.0,2.0,100.0,0.0,6,0.0,140,200,4503.0,68.043894,0.8,1.0,1,0,0,0,0,1,0,1,1,0,0,0,0,11,33.0,100.0
1186,40.4119,-3.69557,3,0.0,2.0,56.0,96.0,15,7.14,404,200,4503.0,68.043894,0.8,1.0,1,0,0,0,0,1,0,1,0,1,1,0,0,9,25.5,100.0
1188,40.4155,-3.70749,2,1.0,2.0,26.0,98.0,2,0.28,123,50,4503.0,68.043894,0.8,1.0,1,0,0,0,0,1,0,0,1,0,0,0,0,7,18.0,50.0
1189,40.41628,-3.70912,4,3.0,4.0,56.0,98.0,2,0.22,160,200,4503.0,68.043894,0.8,1.5,1,0,0,0,0,1,0,1,1,0,0,0,0,7,34.5,100.0
1190,40.46464,-3.69415,4,1.0,2.0,50.0,94.0,2,0.52,337,200,3476.0,60.621287,5.9,1.0,1,0,0,0,0,1,0,0,1,0,1,0,0,9,33.0,50.0
1191,40.41379,-3.70672,3,2.0,3.0,90.0,97.0,1,1.27,246,200,4503.0,68.043894,0.8,2.0,1,0,0,0,0,1,0,1,1,0,0,0,0,7,28.5,100.0
1192,40.42198,-3.70057,3,1.0,1.0,100.0,89.0,1,0.97,440,200,4503.0,68.043894,0.8,1.0,1,0,0,0,0,0,0,1,1,1,1,0,0,10,25.5,100.0
1193,40.41312,-3.69828,2,1.0,1.0,400.0,0.0,1,0.0,314,50,4503.0,68.043894,0.8,1.0,1,0,0,0,0,1,0,1,0,0,0,0,0,8,18.0,200.0
1194,40.40787,-3.70015,2,0.0,1.0,31.0,89.0,7,3.52,332,200,4503.0,68.043894,0.8,1.0,1,0,0,0,0,1,0,0,1,0,1,0,0,8,18.0,50.0
1195,40.45703,-3.68747,1,1.0,1.0,30.0,0.0,5,0.0,27,50,4508.0,67.220486,5.8,1.0,0,0,0,0,0,0,0,0,0,0,0,0,0,10,10.5,50.0
1196,40.42408,-3.69943,4,2.0,3.0,101.0,97.0,1,0.61,502,200,4503.0,68.043894,0.8,1.5,1,0,0,0,0,1,0,1,1,1,1,0,0,8,34.5,150.0
1197,40.41991,-3.70809,6,2.0,6.0,100.0,95.0,1,1.76,416,200,4503.0,68.043894,0.8,1.0,1,0,0,0,0,1,0,1,1,0,1,0,0,0,48.0,100.0
1198,40.4238,-3.70478,2,1.0,2.0,69.0,97.0,1,1.2,294,200,4503.0,68.043894,0.8,1.0,1,0,0,0,0,1,0,1,0,1,1,0,0,7,18.0,100.0
1199,40.42132,-3.69317,4,0.0,2.0,99.0,100.0,1,0.36,410,200,4503.0,68.043894,0.8,1.0,1,0,0,0,0,1,0,1,1,1,1,0,0,7,33.0,100.0
1200,40.43071,-3.70392,2,1.0,1.0,150.0,0.0,3,0.0,207,50,4855.0,64.056634,2.4,1.0,1,0,0,0,0,1,0,1,1,0,0,0,0,8,18.0,150.0
1201,40.38967,-3.66986,1,2.0,1.0,35.0,85.0,1,0.25,480,50,1890.0,41.443535,5.0,2.0,1,1,1,1,1,1,1,1,1,1,1,1,1,8,13.5,50.0
1202,40.4087,-3.6966,2,1.0,1.0,29.0,83.0,8,3.49,342,50,4503.0,68.043894,0.8,1.5,0,0,0,0,0,1,0,0,1,0,0,0,0,8,19.5,50.0
1203,40.40697,-3.69912,1,1.0,1.0,26.0,85.0,8,5.37,324,50,4503.0,68.043894,0.8,1.5,0,0,0,0,0,1,0,0,1,0,0,0,0,8,12.0,50.0
1204,40.41109,-3.70265,2,0.0,1.0,44.0,90.0,4,5.17,513,200,4503.0,68.043894,0.8,1.0,1,0,0,0,0,1,0,0,0,0,1,0,1,8,18.0,50.0
1205,40.40927,-3.70461,3,1.0,2.0,48.0,89.0,4,4.72,486,200,4503.0,68.043894,0.8,1.0,1,0,0,0,0,1,0,0,0,0,1,0,1,8,25.5,50.0
1206,40.42029,-3.70659,4,1.0,2.0,58.0,82.0,53,3.14,642,200,4503.0,68.043894,0.8,1.0,1,0,0,0,0,1,0,0,1,0,1,0,0,9,33.0,100.0
1207,40.40912,-3.69906,3,1.0,2.0,77.0,91.0,2,0.47,562,200,4503.0,68.043894,0.8,1.0,1,0,0,0,0,1,0,1,0,0,1,0,0,7,25.5,100.0
1208,40.40254,-3.64521,6,3.0,3.0,80.0,96.0,4,1.29,270,200,2547.0,45.581197,5.0,1.0,1,0,0,0,0,1,0,1,0,0,0,0,0,0,48.0,100.0
1209,40.4084,-3.6995,1,1.0,1.0,20.0,89.0,1,1.27,94,50,4503.0,68.043894,0.8,1.0,1,1,1,1,1,1,1,1,1,1,1,1,1,8,10.5,50.0
1210,40.42426,-3.69953,2,1.0,1.0,68.0,100.0,1,0.01,73,200,4503.0,68.043894,0.8,1.0,1,0,0,0,0,1,0,0,0,0,0,0,0,8,18.0,100.0
1211,40.40898,-3.70855,4,1.0,2.0,62.0,89.0,1,1.2,135,200,4503.0,68.043894,0.8,1.0,1,0,0,0,0,1,0,1,0,0,0,0,0,8,33.0,100.0
1212,40.41602,-3.69945,5,2.0,3.0,90.0,95.0,2,2.75,670,200,4503.0,68.043894,0.8,1.0,1,0,0,0,0,1,0,1,1,1,1,1,0,7,40.5,100.0
1213,40.41076,-3.70223,4,1.0,1.0,41.0,92.0,17,2.15,556,200,4503.0,68.043894,0.8,1.0,1,1,1,1,1,1,1,1,1,1,1,1,1,9,33.0,50.0
1214,40.41073,-3.70223,4,0.0,2.0,51.0,92.0,17,1.46,499,200,4503.0,68.043894,0.8,1.0,1,0,0,0,0,1,0,1,1,0,1,0,0,9,33.0,100.0
1215,40.41058,-3.70217,3,0.0,2.0,40.0,93.0,17,1.92,482,200,4503.0,68.043894,0.8,1.0,1,0,0,0,0,1,0,1,1,0,1,0,0,9,25.5,50.0
1216,40.41079,-3.70225,4,0.0,2.0,40.0,92.0,17,2.1,440,200,4503.0,68.043894,0.8,1.0,1,0,0,0,0,1,0,1,1,0,1,0,0,9,33.0,50.0
1217,40.41077,-3.70221,4,0.0,2.0,44.0,92.0,17,1.82,515,200,4503.0,68.043894,0.8,1.0,1,0,0,0,0,1,0,1,1,0,1,0,0,9,33.0,50.0
1218,40.43721,-3.67314,4,2.0,5.0,73.0,99.0,5,0.23,357,200,5328.0,74.694253,2.2,1.0,1,0,0,0,0,1,0,1,1,0,1,0,0,7,33.0,100.0
1219,40.42444,-3.7076,2,1.0,1.0,65.0,86.0,5,0.51,201,200,4503.0,68.043894,0.8,1.0,1,0,0,0,1,1,0,1,1,0,0,0,0,9,18.0,100.0
1220,40.4094,-3.70113,1,2.0,3.0,33.0,83.0,1,0.54,299,50,4503.0,68.043894,0.8,1.0,1,0,0,0,0,1,0,0,0,0,1,0,0,9,10.5,50.0
1221,40.46519,-3.71382,4,2.0,3.0,60.0,87.0,1,0.15,90,200,3555.0,63.451906,5.9,1.0,1,0,0,0,0,0,0,0,0,0,0,0,0,8,33.0,100.0
1222,40.42453,-3.70058,6,2.0,4.0,72.0,96.0,7,3.59,339,200,4503.0,68.043894,0.8,2.0,1,0,0,0,0,1,0,1,1,0,1,0,0,13,51.0,100.0
1223,40.41405,-3.72856,2,1.0,2.0,25.0,0.0,1,0.0,27,50,2287.0,47.008319,4.7,1.0,1,0,0,0,0,0,0,0,0,0,0,0,0,7,18.0,50.0
1224,40.427,-3.63119,1,1.0,1.0,20.0,91.0,4,0.97,87,50,2893.0,50.090625,6.5,1.5,0,0,0,0,0,1,0,0,0,0,0,0,0,10,12.0,50.0
1225,40.40818,-3.70471,2,1.0,2.0,35.0,97.0,2,0.5,405,50,4503.0,68.043894,0.8,1.0,0,0,0,0,0,1,0,0,1,0,1,0,0,8,18.0,50.0
1226,40.41491,-3.70032,4,1.0,1.0,57.0,87.0,8,0.25,242,200,4503.0,68.043894,0.8,1.0,1,0,0,0,0,1,0,0,0,0,0,0,0,10,33.0,100.0
1227,40.41846,-3.70724,5,2.0,3.0,94.0,98.0,6,0.58,482,200,4503.0,68.043894,0.8,2.0,1,0,0,0,0,1,0,1,1,1,1,0,0,10,43.5,100.0
1228,40.4086,-3.71063,9,4.0,7.0,129.0,99.0,1,2.2,316,200,4503.0,68.043894,0.8,2.5,1,0,0,0,0,1,0,1,1,0,1,0,0,7,75.0,150.0
1229,40.42169,-3.69808,6,2.0,2.0,195.0,91.0,14,1.92,575,200,4503.0,68.043894,0.8,2.0,1,0,0,0,0,1,0,1,1,1,1,0,1,8,51.0,200.0
1230,40.40884,-3.69879,2,1.0,1.0,54.0,80.0,3,2.45,385,200,4503.0,68.043894,0.8,1.0,1,0,0,0,0,1,0,1,0,0,0,0,0,10,18.0,100.0
1231,40.45204,-3.70033,1,1.0,1.0,18.0,100.0,1,0.05,111,50,3476.0,60.621287,5.9,2.0,1,0,0,0,0,1,0,0,0,0,1,0,0,7,13.5,50.0
1232,40.46226,-3.70575,2,1.0,1.0,20.0,100.0,2,0.02,106,50,3476.0,60.621287,5.9,1.5,1,0,0,0,0,1,0,0,1,0,0,0,0,9,19.5,50.0
1233,40.41771,-3.70909,4,0.0,2.0,95.0,100.0,1,0.03,92,200,4503.0,68.043894,0.8,1.0,1,0,0,0,0,1,0,1,1,0,0,0,0,8,33.0,100.0
1234,40.41229,-3.63613,3,1.0,1.0,50.0,0.0,1,0.0,148,200,2547.0,45.581197,5.0,1.0,1,0,0,0,0,0,1,0,1,0,0,0,0,8,25.5,50.0
1235,40.39358,-3.73905,1,1.0,1.0,27.0,95.0,1,0.12,146,50,2195.0,47.402837,6.6,1.0,0,0,0,0,0,1,0,1,0,0,0,0,0,7,10.5,50.0
1236,40.41983,-3.69901,3,1.0,1.0,130.0,1.0,2,1.0,233,200,4503.0,68.043894,0.8,1.0,1,1,1,1,1,1,1,1,1,1,1,1,1,7,25.5,150.0
1237,40.42419,-3.70397,2,1.0,1.0,59.0,92.0,3,0.4,141,50,4503.0,68.043894,0.8,1.0,0,0,0,0,0,1,0,0,1,0,0,0,0,7,18.0,100.0
1238,40.42406,-3.70168,2,1.0,2.0,58.0,95.0,3,0.3,184,50,4503.0,68.043894,0.8,1.0,0,0,0,0,0,1,0,0,1,0,0,0,0,7,18.0,100.0
1239,40.41327,-3.71866,1,1.0,1.0,25.0,95.0,1,0.91,349,50,3917.0,55.025641,1.9,1.0,0,0,0,0,0,1,0,0,1,1,0,0,0,7,10.5,50.0
1240,40.41935,-3.6737,2,1.0,1.0,35.0,94.0,3,1.5,445,50,4220.0,63.672727,3.2,2.0,0,0,0,0,0,1,0,0,1,0,1,0,0,8,21.0,50.0
1241,40.41722,-3.67503,3,1.0,2.0,35.0,90.0,3,0.6,422,50,4220.0,63.672727,3.2,2.0,0,0,0,0,0,1,0,0,1,0,0,0,0,8,28.5,50.0
1242,40.41085,-3.7107,3,2.0,1.0,1000.0,1.0,1,1.0,87,50,4503.0,68.043894,0.8,1.0,1,1,1,1,1,1,1,1,1,1,1,1,1,11,25.5,200.0
1243,40.44043,-3.69583,2,0.0,1.0,71.0,98.0,1,1.27,263,200,4855.0,64.056634,2.4,1.0,1,0,0,0,0,1,0,1,1,0,1,0,0,7,18.0,100.0
1244,40.40635,-3.70053,2,0.0,2.0,29.0,91.0,6,1.84,439,200,4503.0,68.043894,0.8,1.0,1,0,0,0,0,1,0,0,1,0,1,0,0,11,18.0,50.0
1245,40.44266,-3.65135,1,1.0,1.0,26.0,96.0,2,0.21,252,50,2893.0,50.090625,6.5,1.5,1,0,0,0,0,1,0,0,0,1,0,0,0,7,12.0,50.0
1246,40.43667,-3.64571,1,1.0,1.0,22.0,98.0,1,0.68,351,50,2893.0,50.090625,6.5,1.0,0,0,0,0,0,1,0,1,0,0,1,0,0,8,10.5,50.0
1247,40.39366,-3.66752,4,2.0,2.0,64.0,94.0,1,1.12,570,200,1890.0,41.443535,5.0,1.0,1,0,0,0,0,1,0,1,1,0,1,0,1,7,33.0,100.0
1248,40.42214,-3.70298,4,1.0,2.0,50.0,97.0,1,2.78,456,200,4503.0,68.043894,0.8,1.0,1,0,0,0,0,1,0,1,1,0,1,0,0,8,33.0,50.0
1249,40.42418,-3.7017,3,2.0,2.0,80.0,93.0,1,0.05,132,200,4503.0,68.043894,0.8,1.0,1,0,0,0,0,1,0,1,1,0,0,0,0,0,25.5,100.0
1250,40.4381,-3.67297,2,1.0,2.0,60.0,85.0,2,0.38,174,50,5328.0,74.694253,2.2,1.0,1,0,0,1,0,0,0,0,0,0,0,0,0,7,18.0,100.0
1251,40.42268,-3.70366,3,1.0,2.0,52.0,92.0,3,0.54,127,50,4503.0,68.043894,0.8,1.0,0,0,0,0,0,1,0,0,1,0,0,0,0,7,25.5,100.0
1252,40.42284,-3.7106,2,1.0,2.0,40.0,91.0,7,0.99,359,50,4503.0,68.043894,0.8,1.0,1,0,0,1,0,1,0,0,0,0,1,0,0,8,18.0,50.0
1253,40.42691,-3.71961,5,3.0,4.0,145.0,98.0,1,2.52,360,200,3555.0,63.451906,5.9,2.0,1,0,0,0,0,1,0,1,1,0,1,0,0,8,43.5,150.0
1254,40.41112,-3.6969,4,1.0,2.0,77.0,98.0,1,2.81,495,200,4503.0,68.043894,0.8,2.0,1,0,0,0,0,1,0,0,0,1,1,0,0,9,36.0,100.0
1255,40.40391,-3.70081,2,1.0,1.0,25.0,80.0,1,0.02,123,50,3917.0,55.025641,1.9,1.0,1,0,0,0,0,1,0,0,1,0,0,0,0,7,18.0,50.0
1256,40.42624,-3.70236,5,2.0,4.0,140.0,98.0,1,0.54,279,200,4503.0,68.043894,0.8,2.0,1,0,0,0,0,1,0,1,1,0,0,0,0,7,43.5,150.0
1257,40.42254,-3.69724,4,2.0,2.0,150.0,94.0,2,0.62,210,200,4503.0,68.043894,0.8,1.0,1,0,0,0,0,1,0,1,1,0,0,0,0,0,33.0,150.0
1258,40.40287,-3.67996,4,1.0,2.0,52.0,91.0,4,3.92,541,200,4220.0,63.672727,3.2,1.0,1,0,0,0,0,1,0,1,1,0,1,0,1,8,33.0,100.0
1259,40.4089,-3.70033,2,1.0,2.0,64.0,91.0,1,1.86,380,200,4503.0,68.043894,0.8,1.0,1,0,0,0,0,1,0,0,0,0,1,0,0,7,18.0,100.0
1260,40.40262,-3.7399,6,3.0,4.0,80.0,93.0,4,0.35,667,200,2287.0,47.008319,4.7,1.0,1,0,0,0,0,1,0,1,0,1,1,0,0,8,48.0,100.0
1261,40.41074,-3.70616,2,1.0,1.0,95.0,98.0,1,1.36,230,200,4503.0,68.043894,0.8,1.5,1,0,0,0,0,1,0,0,1,0,1,0,0,8,19.5,100.0
1262,40.40066,-3.70183,2,1.0,1.0,60.0,0.0,1,0.0,27,50,3917.0,55.025641,1.9,1.0,1,0,0,0,0,0,0,0,0,0,0,0,0,10,18.0,100.0
1263,40.42129,-3.70449,4,1.0,2.0,63.0,85.0,53,3.51,676,200,4503.0,68.043894,0.8,1.0,1,0,0,0,0,1,0,0,0,0,1,0,1,9,33.0,100.0
1264,40.43014,-3.71144,1,1.0,1.0,43.0,99.0,1,1.57,523,200,4503.0,68.043894,0.8,1.0,1,0,0,0,0,1,0,1,1,1,1,0,0,7,10.5,50.0
1265,40.46425,-3.64682,4,3.0,3.0,100.0,0.0,1,0.0,108,200,3312.0,62.061453,9.2,2.0,1,0,0,0,0,1,0,0,1,0,0,0,0,7,36.0,100.0
1266,40.47153,-3.72746,3,2.0,3.0,150.0,96.0,1,0.29,329,200,3555.0,63.451906,5.9,1.0,1,0,0,0,0,1,1,0,1,1,0,0,0,7,25.5,150.0
1267,40.42256,-3.68785,4,2.0,2.0,65.0,93.0,6,1.94,273,200,5328.0,74.694253,2.2,1.0,1,0,0,0,0,1,0,1,1,0,1,0,0,11,33.0,100.0
1268,40.41027,-3.70129,3,1.0,1.0,68.0,88.0,1,1.05,367,200,4503.0,68.043894,0.8,1.0,1,0,0,0,0,1,0,1,0,1,1,0,0,7,25.5,100.0
1269,40.42167,-3.68004,4,1.0,2.0,73.0,96.0,1,0.29,313,200,5328.0,74.694253,2.2,1.0,1,0,0,0,1,1,0,1,1,1,1,0,0,7,33.0,100.0
1270,40.45718,-3.70247,1,1.0,1.0,23.0,88.0,3,0.57,325,50,3476.0,60.621287,5.9,1.0,0,0,0,0,0,1,0,1,1,0,0,0,0,10,10.5,50.0
1271,40.45281,-3.69337,2,1.0,1.0,70.0,0.0,1,0.0,295,200,3476.0,60.621287,5.9,1.0,1,0,0,1,0,1,0,1,1,0,1,0,0,7,18.0,100.0
1272,40.43877,-3.70722,3,1.0,3.0,42.0,98.0,3,1.41,563,200,4855.0,64.056634,2.4,1.0,1,0,0,0,0,1,0,1,1,0,1,0,0,8,25.5,50.0
1273,40.40605,-3.70035,5,2.0,3.0,70.0,93.0,6,0.83,527,200,4503.0,68.043894,0.8,1.0,1,0,0,0,0,1,0,1,0,0,1,0,0,11,40.5,100.0
1274,40.42216,-3.69814,2,1.0,1.0,50.0,97.0,3,2.1,292,50,4503.0,68.043894,0.8,1.0,0,0,0,0,0,1,0,1,1,0,1,0,0,7,18.0,50.0
1275,40.41031,-3.71023,8,5.0,8.0,270.0,93.0,3,0.1,504,200,4503.0,68.043894,0.8,4.0,1,0,0,0,0,1,0,1,1,1,1,0,0,7,72.0,200.0
1276,40.42294,-3.70421,2,0.0,1.0,60.0,100.0,1,0.04,113,200,4503.0,68.043894,0.8,1.0,1,0,0,0,0,1,0,1,1,0,0,0,0,7,18.0,100.0
1277,40.42207,-3.67782,4,2.0,3.0,125.0,96.0,113,0.38,207,200,5328.0,74.694253,2.2,2.0,1,0,0,0,0,1,0,1,1,0,0,0,0,7,36.0,150.0
1278,40.39853,-3.69592,4,2.0,3.0,51.0,96.0,1,3.27,619,200,3917.0,55.025641,1.9,1.0,1,0,0,0,0,1,0,0,0,0,1,1,0,7,33.0,100.0
1279,40.40013,-3.69808,1,1.0,1.0,15.0,0.0,1,0.0,104,50,3917.0,55.025641,1.9,1.0,1,0,0,0,0,1,0,0,1,0,0,0,0,7,10.5,50.0
1280,40.41483,-3.70102,2,1.0,2.0,120.0,94.0,2,3.68,197,200,4503.0,68.043894,0.8,1.0,1,0,0,0,0,1,0,1,1,0,1,0,0,0,18.0,150.0
1281,40.41317,-3.696,2,0.0,1.0,45.0,88.0,8,2.19,315,200,4503.0,68.043894,0.8,1.0,1,0,0,0,0,1,0,1,0,0,0,0,0,10,18.0,50.0
1282,40.4108,-3.69782,1,1.0,1.0,49.0,92.0,3,1.64,428,200,4503.0,68.043894,0.8,1.0,1,0,0,0,0,1,0,0,0,1,1,0,0,7,10.5,50.0
1283,40.42145,-3.70035,2,1.0,1.0,56.0,95.0,1,1.1,381,50,4503.0,68.043894,0.8,1.0,0,0,0,0,0,1,0,1,1,0,1,0,0,7,18.0,100.0
1284,40.4608,-3.68886,3,1.0,3.0,89.0,94.0,1,0.37,423,200,4508.0,67.220486,5.8,1.0,1,0,0,0,0,1,0,1,1,0,1,0,0,8,25.5,100.0
1285,40.4107,-3.7057,4,1.0,2.0,49.0,94.0,3,2.48,319,200,4503.0,68.043894,0.8,1.0,1,0,0,0,0,1,0,0,1,0,1,0,0,11,33.0,50.0
1286,40.47286,-3.63033,8,5.0,8.0,141.0,95.0,4,1.87,490,200,3312.0,62.061453,9.2,2.5,1,0,0,0,0,1,0,1,1,0,1,0,0,11,67.5,150.0
1287,40.4022,-3.69048,1,1.0,1.0,37.0,97.0,1,0.33,219,50,3917.0,55.025641,1.9,1.0,1,0,0,0,0,1,0,0,0,0,1,0,0,7,10.5,50.0
1288,40.40828,-3.70031,2,1.0,1.0,25.0,81.0,2,0.61,93,50,4503.0,68.043894,0.8,3.0,1,0,0,0,0,1,0,0,1,0,0,0,0,7,24.0,50.0
1289,40.42067,-3.70899,5,2.0,2.0,80.0,97.0,1,2.04,575,200,4503.0,68.043894,0.8,2.0,1,0,0,0,0,1,0,1,1,0,1,0,1,7,43.5,100.0
1290,40.4148,-3.7018,5,2.0,2.0,99.0,97.0,1,0.48,529,200,4503.0,68.043894,0.8,2.0,1,0,0,0,0,1,0,1,1,0,1,0,0,10,43.5,100.0
1291,40.4191,-3.7048,4,1.0,2.0,94.0,95.0,6,1.04,647,200,4503.0,68.043894,0.8,1.5,1,0,0,0,0,1,0,1,1,0,1,0,1,8,34.5,100.0
1292,40.42808,-3.70854,2,1.0,1.0,60.0,87.0,1,0.67,644,200,4503.0,68.043894,0.8,1.0,1,0,0,0,0,0,0,0,0,0,1,0,0,7,18.0,100.0
1293,40.42328,-3.6967,4,1.0,1.0,80.0,88.0,7,3.38,370,200,4503.0,68.043894,0.8,1.0,1,0,0,0,1,1,0,1,1,1,1,0,0,9,33.0,100.0
1294,40.41083,-3.70201,2,2.0,1.0,28.0,88.0,1,1.21,229,50,4503.0,68.043894,0.8,1.0,0,0,0,0,0,1,0,1,0,0,0,0,0,7,18.0,50.0
1295,40.4251,-3.70674,2,1.0,1.0,72.0,95.0,2,0.31,275,200,4503.0,68.043894,0.8,1.0,1,0,0,0,0,1,0,1,0,1,0,0,0,9,18.0,100.0
1296,40.41243,-3.70154,4,2.0,2.0,60.0,100.0,1,0.09,298,200,4503.0,68.043894,0.8,1.0,1,0,0,0,0,1,0,1,0,0,1,0,0,7,33.0,100.0
1297,40.3964,-3.66711,4,1.0,1.0,57.0,100.0,1,2.1,592,200,1890.0,41.443535,5.0,1.0,1,0,0,0,1,1,0,1,0,1,1,0,0,7,33.0,100.0
1298,40.44121,-3.63667,4,1.0,2.0,53.0,92.0,1,1.09,315,200,2477.0,70.967532,7.3,1.0,1,0,0,0,0,1,0,0,0,0,1,0,0,7,33.0,100.0
1299,40.39523,-3.73025,1,1.0,1.0,20.0,100.0,1,0.02,80,50,2195.0,47.402837,6.6,1.0,1,0,0,0,0,0,0,0,0,0,1,0,0,8,10.5,50.0
1300,40.46573,-3.69449,2,1.0,1.0,41.0,96.0,1,2.37,486,50,3476.0,60.621287,5.9,1.0,0,0,0,0,0,1,0,0,0,1,1,0,0,10,18.0,50.0
1301,40.42726,-3.67352,4,2.0,3.0,147.0,97.0,25,0.2,708,200,5328.0,74.694253,2.2,2.0,1,0,0,0,0,1,0,1,1,0,1,1,1,11,36.0,150.0
1302,40.42538,-3.70406,2,1.0,1.0,55.0,93.0,1,5.87,357,200,4503.0,68.043894,0.8,1.0,1,1,1,1,1,1,1,1,1,1,1,1,1,7,18.0,100.0
1303,40.4267,-3.70271,1,1.0,1.0,30.0,0.0,1,0.0,81,50,4503.0,68.043894,0.8,1.0,1,0,0,0,0,1,0,0,0,0,0,0,0,7,10.5,50.0
1304,40.40706,-3.7391,2,1.0,1.0,35.0,99.0,1,1.15,468,50,2287.0,47.008319,4.7,1.0,1,0,0,0,0,1,0,1,1,0,1,0,0,8,18.0,50.0
1305,40.42329,-3.67635,6,3.0,4.0,120.0,93.0,1,0.44,541,200,5328.0,74.694253,2.2,3.0,1,0,0,0,0,1,0,1,1,1,1,0,0,7,54.0,150.0
1306,40.42327,-3.69799,4,1.0,2.0,56.0,94.0,3,0.82,315,200,4503.0,68.043894,0.8,1.0,1,0,0,0,0,1,0,0,0,0,1,0,0,6,33.0,100.0
1307,40.42351,-3.70798,4,1.0,2.0,34.0,86.0,53,2.99,662,200,4503.0,68.043894,0.8,1.0,1,0,0,0,0,1,0,0,0,1,1,0,0,9,33.0,50.0
1308,40.38785,-3.65647,1,3.0,4.0,63.0,96.0,2,0.26,455,50,1890.0,41.443535,5.0,1.0,1,0,0,0,0,1,0,1,0,0,1,0,0,8,10.5,100.0
1309,40.42236,-3.70166,3,0.0,2.0,59.0,81.0,2,0.24,500,200,4503.0,68.043894,0.8,1.0,1,0,0,0,0,1,0,1,0,0,1,0,0,7,25.5,100.0
1310,40.42145,-3.70981,8,3.0,5.0,240.0,100.0,1,3.67,633,200,4503.0,68.043894,0.8,2.0,1,0,0,0,0,1,0,1,1,1,1,0,0,7,66.0,200.0
1311,40.40736,-3.70714,4,2.0,2.0,70.0,89.0,1,1.14,587,200,4503.0,68.043894,0.8,1.0,1,0,0,0,0,1,0,1,0,0,1,0,1,11,33.0,100.0
1312,40.4041,-3.71624,4,2.0,3.0,72.0,98.0,1,1.82,425,200,3917.0,55.025641,1.9,1.0,1,0,0,0,0,1,0,1,1,1,1,0,0,8,33.0,100.0
1313,40.47482,-3.72456,1,1.0,1.0,15.0,0.0,1,0.02,156,50,3545.0,57.198083,16.4,1.0,1,0,0,0,0,1,0,0,0,0,0,0,0,9,10.5,50.0
1314,40.42241,-3.70561,2,1.0,2.0,73.0,97.0,1,0.26,216,200,4503.0,68.043894,0.8,1.0,1,0,0,0,0,1,0,1,1,0,1,0,0,10,18.0,100.0
1315,40.42198,-3.69613,2,1.0,1.0,148.0,97.0,1,0.4,369,200,4503.0,68.043894,0.8,1.0,1,0,0,0,0,1,0,1,1,0,1,0,0,7,18.0,150.0
1316,40.45494,-3.66321,2,1.0,1.0,54.0,94.0,1,1.29,438,200,2893.0,50.090625,6.5,1.0,1,0,0,0,0,1,0,1,0,0,1,0,0,8,18.0,100.0
1317,40.46303,-3.68912,4,2.0,2.0,210.0,97.0,2,1.41,838,200,4508.0,67.220486,5.8,2.5,1,0,0,0,0,1,0,1,1,1,1,0,1,7,37.5,200.0
1318,40.4121,-3.69827,2,1.0,1.0,100.0,85.0,1,0.65,254,200,4503.0,68.043894,0.8,1.0,1,1,1,1,1,1,1,1,1,1,1,1,1,7,18.0,100.0
1319,40.40846,-3.7158,2,1.0,1.0,26.0,97.0,1,2.22,215,50,4503.0,68.043894,0.8,1.0,1,1,1,1,1,1,1,1,1,1,1,1,1,8,18.0,50.0
1320,40.3867,-3.69035,2,1.0,1.0,56.0,95.0,1,2.12,389,50,3917.0,55.025641,1.9,1.0,1,0,0,0,0,1,0,1,0,0,1,0,0,7,18.0,100.0
1321,40.42284,-3.7106,3,2.0,6.0,75.0,82.0,7,0.57,660,50,4503.0,68.043894,0.8,1.0,0,0,0,0,0,1,0,0,0,0,1,0,1,8,25.5,100.0
1322,40.4278,-3.71014,4,2.0,3.0,70.0,93.0,3,0.47,424,200,4503.0,68.043894,0.8,1.0,1,0,0,0,0,1,0,1,1,0,1,0,0,9,33.0,100.0
1323,40.41162,-3.69547,2,0.0,1.0,45.0,94.0,4,1.14,370,200,4503.0,68.043894,0.8,1.0,1,0,0,0,0,1,0,1,0,0,1,0,0,8,18.0,50.0
1324,40.44607,-3.70244,4,1.0,2.0,121.0,0.0,1,0.0,119,200,4855.0,64.056634,2.4,2.0,1,0,0,0,0,1,0,1,1,0,0,0,0,8,36.0,150.0
1325,40.42422,-3.68188,4,2.0,2.0,180.0,0.0,1,0.0,139,200,5328.0,74.694253,2.2,2.0,1,0,0,0,0,1,0,1,0,0,0,0,0,7,36.0,200.0
1326,40.42259,-3.69849,3,1.0,3.0,70.0,97.0,2,3.66,602,50,4503.0,68.043894,0.8,1.5,1,0,0,0,0,1,0,1,0,1,1,0,0,7,27.0,100.0
1327,40.44736,-3.70375,2,1.0,1.0,35.0,90.0,1,0.76,168,50,3476.0,60.621287,5.9,1.0,1,0,0,0,0,1,0,1,1,0,0,0,0,7,18.0,50.0
1328,40.47594,-3.66749,1,1.0,1.0,24.0,95.0,2,0.19,27,50,2893.0,50.090625,6.5,1.0,1,0,0,0,0,0,0,0,0,0,0,0,0,7,10.5,50.0
1329,40.4743,-3.66742,1,1.0,1.0,31.0,100.0,2,0.1,148,50,2893.0,50.090625,6.5,1.0,1,0,0,0,0,1,1,0,1,0,0,0,0,7,10.5,50.0
1330,40.42487,-3.70441,2,1.0,1.0,45.0,0.0,1,0.0,110,50,4503.0,68.043894,0.8,1.0,1,0,0,0,0,1,0,0,1,0,0,0,0,9,18.0,50.0
1331,40.4149,-3.72476,3,1.0,3.0,90.0,97.0,1,0.52,255,200,2287.0,47.008319,4.7,2.0,1,0,0,0,0,1,1,1,1,0,0,0,0,7,28.5,100.0
1332,40.46493,-3.70117,2,1.0,2.0,76.0,0.0,2,0.02,486,50,3476.0,60.621287,5.9,1.0,0,0,0,0,0,1,0,0,1,0,1,0,0,8,18.0,100.0
1333,40.42502,-3.69814,2,0.0,1.0,66.0,94.0,1,0.68,490,200,4503.0,68.043894,0.8,1.0,1,0,0,0,0,1,0,1,0,0,1,0,1,8,18.0,100.0
1334,40.44733,-3.70967,2,1.0,1.0,70.0,0.0,1,0.0,93,50,3555.0,63.451906,5.9,1.5,1,0,0,0,0,1,0,0,1,0,0,0,0,0,19.5,100.0
1335,40.4099,-3.72428,4,2.0,3.0,86.0,98.0,1,3.46,469,200,2287.0,47.008319,4.7,2.0,1,0,0,0,0,1,0,1,1,0,1,0,0,7,36.0,100.0
1336,40.425,-3.70878,4,1.0,2.0,41.0,84.0,53,2.73,612,200,4503.0,68.043894,0.8,1.0,1,0,0,0,0,1,0,0,0,0,1,0,0,9,33.0,50.0
1337,40.50249,-3.67649,2,1.0,1.0,30.0,0.0,1,0.0,163,50,3545.0,57.198083,16.4,1.0,1,0,0,0,0,0,1,1,1,0,0,0,0,7,18.0,50.0
1338,40.41395,-3.72697,2,1.0,1.0,229.0,92.0,1,3.37,192,50,2287.0,47.008319,4.7,1.0,0,0,0,0,1,1,0,0,1,0,1,0,0,7,18.0,200.0
1339,40.42008,-3.70399,2,1.0,1.0,75.0,94.0,1,0.42,303,50,4503.0,68.043894,0.8,1.0,1,0,0,0,0,1,0,1,1,0,1,0,0,7,18.0,100.0
1340,40.39846,-3.71711,4,2.0,2.0,95.0,97.0,1,1.49,672,200,2195.0,47.402837,6.6,1.0,1,0,0,0,0,1,0,1,1,0,1,0,1,9,33.0,100.0
1341,40.40887,-3.70975,3,1.0,1.0,75.0,100.0,1,0.17,365,200,4503.0,68.043894,0.8,1.0,1,0,0,0,0,1,0,1,0,0,1,0,0,8,25.5,100.0
1342,40.40604,-3.68602,4,1.0,2.0,45.0,93.0,2,0.52,220,200,4220.0,63.672727,3.2,1.0,1,0,0,0,0,1,0,1,1,0,0,0,0,7,33.0,50.0
1343,40.4085,-3.70733,4,1.0,1.0,68.0,0.0,1,0.0,190,200,4503.0,68.043894,0.8,1.0,1,0,0,0,0,1,0,1,1,0,0,0,0,9,33.0,100.0
1344,40.41584,-3.70683,4,1.0,2.0,106.0,98.0,8,2.58,761,200,4503.0,68.043894,0.8,1.0,1,0,0,0,0,1,0,1,1,0,1,0,0,10,33.0,150.0
1345,40.42088,-3.71346,6,2.0,2.0,175.0,100.0,3,0.1,162,200,4503.0,68.043894,0.8,1.0,1,0,0,0,0,1,0,1,1,0,0,0,0,7,48.0,200.0
1346,40.41596,-3.70325,2,0.0,1.0,100.0,80.0,2,0.01,116,200,4503.0,68.043894,0.8,1.0,1,0,0,0,0,0,0,1,1,0,0,0,0,8,18.0,100.0
1347,40.43573,-3.70068,1,1.0,1.0,18.0,91.0,5,0.85,214,50,4855.0,64.056634,2.4,1.0,1,1,1,1,1,1,1,1,1,1,1,1,1,8,10.5,50.0
1348,40.4202,-3.67609,6,4.0,6.0,133.0,91.0,1,1.16,548,200,4220.0,63.672727,3.2,3.0,1,0,0,0,0,1,0,1,1,0,1,0,0,7,54.0,150.0
1349,40.41584,-3.69858,2,1.0,1.0,135.0,95.0,2,0.05,116,200,4503.0,68.043894,0.8,1.0,1,0,0,0,0,0,0,1,1,0,0,0,0,8,18.0,150.0
1350,40.40408,-3.7078,4,2.0,4.0,110.0,95.0,1,0.33,205,200,3917.0,55.025641,1.9,2.0,1,0,0,0,0,1,0,1,1,0,1,0,0,0,36.0,150.0
1351,40.41364,-3.7049,10,4.0,10.0,200.0,93.0,6,0.33,119,200,4503.0,68.043894,0.8,2.0,1,0,0,0,0,1,0,1,1,0,0,0,0,11,81.0,200.0
1352,40.40812,-3.68232,6,2.0,4.0,107.0,93.0,2,0.8,287,200,4220.0,63.672727,3.2,2.0,1,0,0,0,0,1,0,1,1,0,0,0,0,7,51.0,150.0
1354,40.45678,-3.5847,1,1.0,1.0,32.0,97.0,2,6.19,252,50,3047.0,56.183432,11.8,1.5,0,0,0,1,0,1,0,0,1,0,0,0,0,7,12.0,50.0
1355,40.41276,-3.69682,6,2.0,5.0,177.0,97.0,7,1.68,463,200,4503.0,68.043894,0.8,2.0,1,0,0,0,0,1,0,1,1,0,1,0,0,0,51.0,200.0
1356,40.42577,-3.73206,1,1.0,1.0,20.0,0.0,1,0.0,128,50,3555.0,63.451906,5.9,1.0,1,0,0,0,0,1,0,0,1,0,1,0,0,8,10.5,50.0
1357,40.41459,-3.7026,3,1.0,1.0,85.0,99.0,9,1.47,327,200,4503.0,68.043894,0.8,1.0,1,0,0,0,0,1,0,1,1,0,1,0,0,7,25.5,100.0
1358,40.43803,-3.66857,1,1.0,1.0,21.0,89.0,2,0.58,124,50,5328.0,74.694253,2.2,1.0,0,0,0,0,0,1,0,0,1,0,0,0,0,10,10.5,50.0
1359,40.45232,-3.70503,1,1.0,1.0,25.0,86.0,1,0.95,143,50,3476.0,60.621287,5.9,1.0,0,0,0,0,0,1,0,0,0,0,0,0,0,7,10.5,50.0
1361,40.41214,-3.71963,1,1.0,1.0,60.0,0.0,1,0.0,118,200,3917.0,55.025641,1.9,1.0,1,0,0,0,0,1,0,1,0,0,0,0,0,0,10.5,100.0
1362,40.38504,-3.66572,2,1.0,1.0,17.0,97.0,1,3.59,208,50,1890.0,41.443535,5.0,1.0,0,0,0,0,1,1,0,1,0,0,1,0,0,7,18.0,50.0
1363,40.41556,-3.66986,2,1.0,1.0,200.0,100.0,1,0.28,396,50,4220.0,63.672727,3.2,1.0,0,0,0,0,0,1,0,1,1,0,1,0,0,8,18.0,200.0
1364,40.45658,-3.58685,2,1.0,1.0,37.0,97.0,2,3.77,256,50,3047.0,56.183432,11.8,2.0,0,0,0,0,0,1,0,0,1,0,1,0,0,7,21.0,50.0
1365,40.41443,-3.71107,15,6.0,12.0,150.0,96.0,7,1.82,449,200,4503.0,68.043894,0.8,6.0,1,0,0,0,0,1,0,1,1,1,1,0,0,7,130.5,150.0
1366,40.42319,-3.68463,2,1.0,1.0,104.0,97.0,7,0.32,364,200,5328.0,74.694253,2.2,1.0,1,1,1,1,1,1,1,1,1,1,1,1,1,7,18.0,150.0
1367,40.40947,-3.69781,4,1.0,2.0,70.0,91.0,1,2.32,212,200,4503.0,68.043894,0.8,1.0,1,0,0,0,0,1,0,1,0,0,0,0,0,9,33.0,100.0
1368,40.39602,-3.62669,3,0.0,2.0,70.0,96.0,1,0.44,177,200,2246.0,55.472222,11.2,1.0,1,0,0,0,0,1,1,1,1,0,0,0,0,8,25.5,100.0
1369,40.40808,-3.70007,6,1.0,3.0,104.0,82.0,1,0.83,336,200,4503.0,68.043894,0.8,1.0,1,0,0,0,0,1,0,1,1,0,1,0,0,10,48.0,150.0
1370,40.41019,-3.70825,2,1.0,1.0,30.0,88.0,1,0.08,76,50,4503.0,68.043894,0.8,1.0,1,0,0,0,0,1,0,0,0,0,0,0,0,8,18.0,50.0
1371,40.43564,-3.70245,2,1.0,1.0,66.0,98.0,1,0.17,456,200,4855.0,64.056634,2.4,1.5,1,0,0,0,0,1,0,1,0,0,1,0,0,9,19.5,100.0
1372,40.4171,-3.69785,2,1.0,1.0,29.0,86.0,22,0.65,313,50,4503.0,68.043894,0.8,2.5,1,0,0,0,0,1,0,0,0,0,1,0,0,11,22.5,50.0
1373,40.41698,-3.7034,4,1.0,1.0,71.0,94.0,1,1.95,489,200,4503.0,68.043894,0.8,1.0,1,0,0,0,0,1,0,1,1,0,1,0,0,8,33.0,100.0
1374,40.42804,-3.66705,2,1.0,1.0,20.0,20.0,1,0.03,51,50,5328.0,74.694253,2.2,1.5,1,0,0,0,0,1,0,0,0,0,0,0,0,10,19.5,50.0
1375,40.40514,-3.66257,1,1.0,1.0,30.0,0.0,1,0.0,111,50,1890.0,41.443535,5.0,1.0,1,0,0,0,0,1,0,1,1,0,0,0,0,7,10.5,50.0
1376,40.46211,-3.64967,2,1.0,1.0,20.0,97.0,2,0.97,296,50,3312.0,62.061453,9.2,1.0,0,0,0,0,0,1,0,0,0,1,0,0,0,7,18.0,50.0
1377,40.41229,-3.7075,8,4.0,6.0,69.0,96.0,6,2.27,384,200,4503.0,68.043894,0.8,2.0,1,0,0,0,0,1,0,1,1,1,0,0,0,10,66.0,100.0
1378,40.36143,-3.58901,2,1.0,1.0,70.0,100.0,1,0.04,236,200,2382.0,49.659794,11.0,1.0,1,0,0,0,0,1,1,1,1,0,0,0,0,7,18.0,100.0
1379,40.45031,-3.67186,1,1.0,1.0,24.0,98.0,3,0.16,147,50,4508.0,67.220486,5.8,1.0,1,0,0,0,1,1,0,0,0,0,0,0,0,9,10.5,50.0
1380,40.41274,-3.6983,6,2.0,4.0,86.0,93.0,25,2.37,417,200,4503.0,68.043894,0.8,1.5,1,0,0,0,0,1,0,0,0,0,1,0,0,9,49.5,100.0
1381,40.40865,-3.7106,4,1.0,1.0,74.0,95.0,1,1.5,397,200,4503.0,68.043894,0.8,1.0,1,0,0,0,0,1,0,1,0,1,1,0,0,9,33.0,100.0
1382,40.41983,-3.68797,4,0.0,2.0,81.0,98.0,4,2.81,515,200,4220.0,63.672727,3.2,1.0,1,0,0,0,0,1,0,1,1,0,1,0,0,9,33.0,100.0
1383,40.46611,-3.79578,3,1.0,1.0,70.0,0.0,1,0.0,200,200,3555.0,63.451906,5.9,1.5,1,0,0,0,0,1,1,1,1,0,1,0,0,10,27.0,100.0
1384,40.43912,-3.64288,2,1.0,1.0,19.0,100.0,1,0.03,150,50,2893.0,50.090625,6.5,1.0,1,0,0,0,0,1,0,0,0,0,0,0,0,7,18.0,50.0
1385,40.43956,-3.69974,4,1.0,1.0,58.0,82.0,12,0.47,147,200,4855.0,64.056634,2.4,1.0,1,0,0,0,0,1,0,1,1,0,0,0,0,8,33.0,100.0
1386,40.40152,-3.68443,2,1.0,2.0,31.0,97.0,1,0.11,136,50,3917.0,55.025641,1.9,1.0,1,0,0,0,0,1,0,0,0,0,0,0,0,9,18.0,50.0
1387,40.43598,-3.70174,6,3.0,4.0,149.0,94.0,1,0.89,605,200,4855.0,64.056634,2.4,1.0,1,0,0,0,0,1,0,1,1,1,1,0,1,7,48.0,150.0
1388,40.42357,-3.69655,2,1.0,1.0,55.0,92.0,1,2.26,169,50,4503.0,68.043894,0.8,1.0,1,0,0,0,0,1,0,0,1,0,0,0,0,9,18.0,100.0
1389,40.41528,-3.70581,5,3.0,5.0,107.0,95.0,6,1.53,288,200,4503.0,68.043894,0.8,1.5,1,0,0,0,0,1,0,1,0,0,1,0,0,10,42.0,150.0
1390,40.39513,-3.6961,2,1.0,1.0,35.0,100.0,3,0.17,156,50,3917.0,55.025641,1.9,1.0,0,0,0,0,0,1,0,1,0,0,0,0,0,7,18.0,50.0
1391,40.4289,-3.67495,5,3.0,1.0,64.0,93.0,1,0.15,202,200,5328.0,74.694253,2.2,1.0,1,1,1,1,1,1,1,1,1,1,1,1,1,7,40.5,100.0
1392,40.41343,-3.70512,2,1.0,1.0,38.0,96.0,1,2.23,371,50,4503.0,68.043894,0.8,1.5,0,0,0,0,0,1,0,0,0,0,1,0,0,8,19.5,50.0
1393,40.4861,-3.70858,2,0.0,2.0,70.0,97.0,1,0.2,113,200,3545.0,57.198083,16.4,1.0,1,0,0,0,0,1,1,0,0,0,0,0,0,7,18.0,100.0
1394,40.41108,-3.72794,1,1.0,1.0,35.0,88.0,1,0.18,404,50,2287.0,47.008319,4.7,1.0,1,0,0,0,0,1,0,0,1,1,1,0,0,7,10.5,50.0
1395,40.38921,-3.71317,2,1.0,1.0,23.0,99.0,1,0.86,371,50,2316.0,43.910072,4.6,1.0,1,0,0,0,0,1,0,0,0,1,0,0,0,7,18.0,50.0
1396,40.40443,-3.66606,2,3.0,1.0,30.0,97.0,3,0.36,219,50,4220.0,63.672727,3.2,1.0,0,0,0,0,0,1,0,0,1,0,0,0,0,9,18.0,50.0
1397,40.42213,-3.67878,4,2.0,2.0,140.0,97.0,2,2.36,492,200,5328.0,74.694253,2.2,2.0,1,0,0,0,0,1,0,1,1,0,1,0,0,7,36.0,150.0
1398,40.41782,-3.67765,2,1.0,1.0,50.0,0.0,1,0.0,74,200,4220.0,63.672727,3.2,1.0,1,0,0,0,0,1,0,0,1,0,0,0,0,7,18.0,50.0
1399,40.42252,-3.72086,4,1.0,1.0,71.0,100.0,1,0.12,284,200,3555.0,63.451906,5.9,1.0,1,0,0,0,0,1,0,0,1,0,1,0,0,8,33.0,100.0
1400,40.422,-3.70799,2,1.0,1.0,34.0,92.0,20,5.3,402,50,4503.0,68.043894,0.8,1.0,1,0,0,0,0,1,0,0,0,1,0,0,0,8,18.0,50.0
1401,40.42125,-3.71345,12,4.0,4.0,350.0,97.0,3,0.7,268,200,4503.0,68.043894,0.8,2.0,1,0,0,0,0,1,0,1,1,0,1,0,0,7,96.0,200.0
1402,40.42335,-3.70759,2,1.0,1.0,16.0,90.0,20,6.15,406,50,4503.0,68.043894,0.8,1.0,1,0,0,0,0,1,0,0,0,1,1,0,0,8,18.0,50.0
1403,40.42111,-3.70721,2,1.0,1.0,37.0,92.0,20,5.67,259,50,4503.0,68.043894,0.8,1.0,0,0,0,0,0,1,0,0,0,1,0,0,0,8,18.0,50.0
1404,40.42746,-3.70816,2,1.0,1.0,35.0,0.0,1,0.0,149,50,4503.0,68.043894,0.8,1.0,1,0,0,0,0,1,0,0,1,0,0,0,0,7,18.0,50.0
1405,40.41,-3.71387,2,1.0,1.0,25.0,89.0,2,0.13,747,50,4503.0,68.043894,0.8,1.5,0,0,0,0,0,1,0,0,1,0,0,1,1,10,19.5,50.0
1406,40.39349,-3.69622,3,1.0,2.0,38.0,100.0,3,0.05,221,50,3917.0,55.025641,1.9,1.0,0,0,0,0,0,1,0,1,1,0,1,0,0,7,25.5,50.0
1407,40.41758,-3.70472,2,1.0,1.0,60.0,95.0,1,0.44,580,50,4503.0,68.043894,0.8,2.0,0,0,0,0,1,1,0,0,1,0,0,0,0,11,21.0,100.0
1408,40.41258,-3.6935,4,1.0,1.0,75.0,98.0,1,0.16,341,200,4503.0,68.043894,0.8,1.0,1,0,0,0,0,1,0,1,1,0,1,0,0,11,33.0,100.0
1409,40.41264,-3.7125,4,1.0,2.0,57.0,88.0,1,0.57,432,200,4503.0,68.043894,0.8,1.0,1,0,0,0,0,1,0,1,0,0,1,0,0,8,33.0,100.0
1410,40.44842,-3.67089,4,2.0,2.0,275.0,100.0,1,0.21,478,200,4508.0,67.220486,5.8,2.0,1,0,0,0,0,1,0,1,1,1,1,0,0,7,36.0,200.0
1411,40.40627,-3.71503,2,1.0,2.0,50.0,94.0,2,0.68,341,50,3917.0,55.025641,1.9,1.5,1,0,0,0,1,1,1,1,1,0,1,0,0,9,19.5,50.0
1412,40.4105,-3.71295,2,1.0,1.0,155.0,0.0,92,0.0,203,200,4503.0,68.043894,0.8,1.5,1,0,0,0,0,1,0,1,1,0,1,0,0,7,19.5,200.0
1413,40.45877,-3.78334,2,1.0,2.0,40.0,93.0,1,0.17,273,50,3555.0,63.451906,5.9,1.0,1,0,0,0,0,1,0,1,0,0,1,0,0,7,18.0,50.0
1414,40.41254,-3.71063,2,1.0,1.0,61.0,94.0,2,4.43,385,200,4503.0,68.043894,0.8,1.0,1,0,0,0,0,1,0,1,0,0,1,0,0,9,18.0,100.0
1415,40.4426,-3.70615,1,1.0,1.0,16.0,0.0,1,0.01,99,50,4855.0,64.056634,2.4,1.0,1,0,0,0,0,1,0,0,1,0,0,0,0,7,10.5,50.0
1416,40.40872,-3.70008,4,1.0,3.0,31.0,84.0,7,2.55,315,200,4503.0,68.043894,0.8,1.0,1,0,0,0,0,1,0,0,0,0,1,0,0,8,33.0,50.0
1417,40.43265,-3.65255,3,1.0,1.0,100.0,90.0,2,0.75,874,200,2893.0,50.090625,6.5,1.0,1,0,0,0,0,1,0,1,0,1,1,0,0,7,25.5,100.0
1418,40.41588,-3.70698,3,2.0,4.0,171.0,98.0,1,2.02,475,200,4503.0,68.043894,0.8,1.0,1,0,0,0,0,1,0,1,1,1,1,0,0,7,25.5,200.0
1419,40.42215,-3.69201,2,1.0,1.0,60.0,94.0,1,0.81,470,50,4503.0,68.043894,0.8,1.0,0,0,0,0,0,1,0,1,1,0,1,0,0,8,18.0,100.0
1420,40.421,-3.70461,2,1.0,1.0,60.0,88.0,2,0.33,197,200,4503.0,68.043894,0.8,1.0,1,0,0,0,0,1,0,0,1,0,1,0,0,8,18.0,100.0
1421,40.43852,-3.6504,4,2.0,3.0,60.0,96.0,1,0.86,248,200,2893.0,50.090625,6.5,1.0,1,0,0,0,0,1,0,1,1,0,1,0,0,8,33.0,100.0
1422,40.4469,-3.67105,2,2.0,2.0,60.0,100.0,3,0.03,127,200,4508.0,67.220486,5.8,1.0,1,0,0,0,0,1,0,0,0,0,0,0,0,9,18.0,100.0
1423,40.41409,-3.70458,4,1.0,1.0,110.0,94.0,6,2.13,452,200,4503.0,68.043894,0.8,1.0,1,1,1,1,1,1,1,1,1,1,1,1,1,0,33.0,150.0
1425,40.42197,-3.70697,6,6.0,9.0,69.0,84.0,53,3.9,674,200,4503.0,68.043894,0.8,2.0,1,0,0,0,0,1,0,0,1,1,1,0,0,9,51.0,100.0
1426,40.42507,-3.70469,2,1.0,2.0,51.0,80.0,1,0.18,200,50,4503.0,68.043894,0.8,1.0,0,0,0,0,0,1,0,0,0,0,0,0,0,7,18.0,100.0
1427,40.41266,-3.70058,2,1.0,1.0,80.0,100.0,1,0.03,77,200,4503.0,68.043894,0.8,1.0,1,0,0,0,0,1,0,0,0,0,0,0,0,7,18.0,100.0
1428,40.41353,-3.70587,2,1.0,1.0,62.0,89.0,7,4.78,183,200,4503.0,68.043894,0.8,1.0,1,0,0,0,0,1,0,1,1,0,1,0,0,7,18.0,100.0
1429,40.45354,-3.71588,1,1.0,1.0,30.0,0.0,4,0.0,147,50,3555.0,63.451906,5.9,1.0,1,0,0,0,0,1,0,0,1,0,0,0,0,7,10.5,50.0
1430,40.42548,-3.716,3,1.0,2.0,50.0,0.0,4,0.0,73,200,3555.0,63.451906,5.9,1.0,1,0,0,0,0,0,0,0,0,0,0,0,0,7,25.5,50.0
1431,40.39786,-3.76865,1,1.0,1.0,25.0,95.0,2,0.45,214,50,2287.0,47.008319,4.7,1.0,0,0,0,0,0,1,0,0,1,0,1,0,0,10,10.5,50.0
1432,40.40891,-3.70481,2,1.0,1.0,50.0,0.0,1,0.0,135,200,4503.0,68.043894,0.8,1.0,1,0,0,0,0,1,0,1,0,0,0,0,0,8,18.0,50.0
1433,40.4203,-3.70937,3,1.0,2.0,55.0,80.0,1,0.3,161,200,4503.0,68.043894,0.8,1.0,1,0,0,0,0,1,0,1,0,0,0,0,0,7,25.5,100.0
1434,40.41545,-3.71127,2,1.0,1.0,29.0,86.0,2,1.4,302,50,4503.0,68.043894,0.8,1.0,0,0,0,0,0,0,0,0,0,1,1,0,0,7,18.0,50.0
1435,40.44214,-3.64793,3,1.0,1.0,19.0,1.0,1,0.02,27,50,2893.0,50.090625,6.5,1.5,1,1,1,1,1,1,1,1,1,1,1,1,1,7,27.0,50.0
1436,40.43551,-3.7031,2,1.0,1.0,33.0,96.0,1,0.35,379,200,4855.0,64.056634,2.4,1.0,1,0,0,0,0,1,1,1,1,0,0,0,0,7,18.0,50.0
1437,40.40231,-3.66461,1,1.0,1.0,25.0,95.0,3,0.26,298,50,1890.0,41.443535,5.0,1.0,1,0,0,0,0,1,0,0,1,0,0,0,0,9,10.5,50.0
1438,40.39256,-3.69134,2,1.0,1.0,90.0,0.0,1,0.0,428,200,3917.0,55.025641,1.9,1.0,1,0,0,0,0,1,1,1,1,0,1,0,0,7,18.0,100.0
1439,40.42588,-3.70587,2,0.0,1.0,53.0,84.0,5,6.01,293,200,4503.0,68.043894,0.8,1.0,1,0,0,0,0,1,0,0,0,0,0,0,0,9,18.0,100.0
1440,40.42569,-3.701,2,1.0,1.0,28.0,100.0,1,0.01,97,50,4503.0,68.043894,0.8,1.0,1,0,0,0,0,1,0,0,0,0,0,0,0,7,18.0,50.0
1441,40.45841,-3.67598,1,1.0,1.0,24.0,91.0,3,0.13,683,50,4508.0,67.220486,5.8,1.0,0,0,0,0,0,1,0,1,1,0,1,0,0,11,10.5,50.0
1442,40.42833,-3.67658,4,1.0,1.0,90.0,98.0,1,0.13,130,200,5328.0,74.694253,2.2,1.0,1,0,0,0,0,1,0,1,1,0,0,0,0,8,33.0,100.0
1444,40.45284,-3.71547,1,1.0,1.0,30.0,0.0,4,0.0,108,50,3555.0,63.451906,5.9,1.0,1,0,0,0,0,1,0,0,1,0,0,0,0,7,10.5,50.0
1445,40.45293,-3.71743,1,1.0,1.0,30.0,0.0,4,0.0,136,50,3555.0,63.451906,5.9,1.0,1,0,0,0,0,1,0,0,1,0,0,0,0,7,10.5,50.0
1446,40.42163,-3.69654,2,1.0,1.0,30.0,98.0,3,4.26,365,50,4503.0,68.043894,0.8,1.0,0,0,0,0,0,1,0,1,1,0,1,0,0,7,18.0,50.0
1447,40.39914,-3.69534,2,1.0,1.0,42.0,80.0,3,0.08,275,200,3917.0,55.025641,1.9,1.0,1,0,0,0,0,1,0,1,0,0,1,0,0,11,18.0,50.0
1448,40.41393,-3.69209,2,1.0,1.0,72.0,99.0,2,2.7,728,200,4220.0,63.672727,3.2,1.0,1,0,0,0,0,1,0,1,1,1,1,1,0,7,18.0,100.0
1449,40.41063,-3.71173,2,1.0,1.0,149.0,100.0,1,0.54,647,200,4503.0,68.043894,0.8,1.0,1,0,0,0,0,1,0,1,0,1,1,0,0,7,18.0,150.0
1450,40.41319,-3.71156,4,2.0,2.0,160.0,89.0,113,0.46,419,200,4503.0,68.043894,0.8,2.0,1,0,0,0,0,1,0,1,1,1,1,0,1,7,36.0,200.0
1451,40.41344,-3.69077,2,1.0,2.0,205.0,0.0,92,0.0,128,200,4220.0,63.672727,3.2,1.0,1,0,0,0,0,1,0,1,1,0,0,0,0,7,18.0,200.0
1452,40.41362,-3.70494,4,0.0,2.0,85.0,0.0,6,0.0,140,200,4503.0,68.043894,0.8,1.0,1,0,0,0,0,1,0,1,1,0,0,0,0,11,33.0,100.0
1453,40.40817,-3.70884,1,1.0,1.0,41.0,60.0,1,0.02,150,50,4503.0,68.043894,0.8,1.0,1,0,0,0,0,1,0,0,0,0,1,0,0,7,10.5,50.0
1454,40.41539,-3.70999,6,2.0,4.0,85.0,98.0,1,2.2,1039,200,4503.0,68.043894,0.8,1.0,1,0,0,0,0,1,0,1,1,1,1,0,1,7,48.0,100.0
1455,40.42024,-3.69893,2,1.0,1.0,70.0,0.0,1,0.0,96,200,4503.0,68.043894,0.8,1.0,1,0,0,0,0,1,0,1,0,0,0,0,0,8,18.0,100.0
1456,40.42073,-3.69706,3,1.0,1.0,50.0,0.0,1,0.0,216,50,4503.0,68.043894,0.8,3.0,1,0,0,0,0,1,0,1,0,0,1,0,0,7,31.5,50.0
1458,40.43516,-3.6853,3,2.0,2.0,155.0,0.0,92,0.0,235,200,5328.0,74.694253,2.2,1.0,1,0,0,0,0,1,0,1,1,0,1,0,0,7,25.5,200.0
1459,40.48042,-3.72047,1,1.0,1.0,18.0,94.0,1,0.28,282,50,3545.0,57.198083,16.4,1.0,1,0,0,0,0,1,0,1,1,0,1,0,0,7,10.5,50.0
1460,40.40709,-3.73256,2,1.0,2.0,31.0,96.0,1,1.05,563,50,2287.0,47.008319,4.7,1.5,0,0,0,0,0,1,0,1,0,1,1,0,0,7,19.5,50.0
1461,40.42025,-3.70117,4,1.0,2.0,76.0,98.0,11,4.87,629,200,4503.0,68.043894,0.8,1.0,1,0,0,0,0,1,0,1,1,0,1,0,0,7,33.0,100.0
1462,40.43904,-3.69632,2,1.0,1.0,28.0,92.0,8,0.1,323,50,4855.0,64.056634,2.4,2.0,0,0,0,0,0,1,0,0,1,0,1,0,0,7,21.0,50.0
1463,40.43849,-3.69783,2,1.0,1.0,27.0,92.0,8,0.14,310,50,4855.0,64.056634,2.4,1.5,0,0,0,0,0,1,0,0,1,0,1,0,0,7,19.5,50.0
1464,40.42427,-3.69622,2,1.0,1.0,85.0,98.0,1,0.19,162,200,4503.0,68.043894,0.8,1.0,1,0,0,0,0,1,0,1,1,0,0,0,0,10,18.0,100.0
1465,40.42531,-3.68481,4,2.0,3.0,260.0,83.0,92,0.11,265,200,5328.0,74.694253,2.2,2.0,1,0,0,0,0,1,0,1,1,0,1,0,0,7,36.0,200.0
1466,40.42048,-3.69907,3,1.0,1.0,73.0,95.0,1,0.63,221,200,4503.0,68.043894,0.8,1.0,1,0,0,0,0,1,0,1,1,0,0,0,0,7,25.5,100.0
1467,40.41797,-3.67516,2,1.0,2.0,29.0,98.0,1,1.55,180,50,4220.0,63.672727,3.2,1.5,0,0,0,0,0,1,0,0,1,0,1,0,0,7,19.5,50.0
1468,40.4038,-3.71852,1,1.0,1.0,22.0,0.0,1,0.0,220,50,3917.0,55.025641,1.9,1.0,1,0,0,0,0,1,1,0,1,0,1,0,0,8,10.5,50.0
1469,40.39761,-3.66786,2,1.0,1.0,100.0,88.0,2,0.31,435,50,1890.0,41.443535,5.0,1.0,1,0,0,1,0,1,0,0,1,0,1,1,0,7,18.0,100.0
1470,40.40961,-3.69711,2,1.0,2.0,60.0,92.0,3,5.18,477,200,4503.0,68.043894,0.8,1.5,1,0,0,0,0,1,0,1,1,0,1,0,1,7,19.5,100.0
1471,40.42056,-3.67593,4,2.0,3.0,95.0,98.0,1,1.08,342,200,4220.0,63.672727,3.2,1.0,1,0,0,0,0,1,0,1,1,0,0,0,0,8,33.0,100.0
1472,40.39652,-3.71677,6,3.0,3.0,79.0,97.0,4,3.11,577,200,2195.0,47.402837,6.6,1.0,1,0,0,0,0,1,0,1,1,1,1,0,0,7,48.0,100.0
1473,40.43038,-3.70833,2,1.0,2.0,50.0,0.0,1,0.0,111,50,4855.0,64.056634,2.4,1.0,1,0,0,0,0,0,0,1,1,0,0,0,0,7,18.0,50.0
1474,40.38338,-3.74571,4,2.0,3.0,65.0,93.0,2,1.22,443,50,2195.0,47.402837,6.6,1.0,1,0,0,0,0,1,0,1,0,0,1,0,0,8,33.0,100.0
1475,40.41527,-3.70968,2,0.0,1.0,45.0,100.0,1,0.01,117,200,4503.0,68.043894,0.8,1.0,1,0,0,0,0,0,0,1,0,0,0,0,0,10,18.0,50.0
1476,40.39652,-3.71685,2,1.0,1.0,45.0,0.0,4,0.0,299,50,2195.0,47.402837,6.6,1.0,0,0,0,0,0,1,0,1,1,0,1,0,0,7,18.0,50.0
1479,40.44715,-3.7172,3,1.0,4.0,95.0,0.0,1,0.0,137,200,3555.0,63.451906,5.9,1.0,1,0,0,0,0,0,1,1,1,0,0,0,0,7,25.5,100.0
1480,40.39445,-3.69626,1,1.0,2.0,38.0,0.0,3,0.0,128,50,3917.0,55.025641,1.9,1.5,1,0,0,0,0,1,0,1,1,0,0,0,0,7,12.0,50.0
1481,40.42497,-3.70862,1,1.0,1.0,35.0,96.0,1,0.3,130,50,4503.0,68.043894,0.8,1.0,1,0,0,0,0,1,0,1,0,0,0,0,0,7,10.5,50.0
1482,40.41374,-3.69746,12,4.0,6.0,279.0,99.0,2,1.56,333,200,4503.0,68.043894,0.8,2.5,1,0,0,0,0,1,0,0,0,0,1,0,0,7,97.5,200.0
1483,40.4138,-3.70998,6,2.0,4.0,153.0,94.0,13,0.1,136,200,4503.0,68.043894,0.8,2.0,1,0,0,0,0,1,0,1,0,0,0,0,0,7,51.0,200.0
1484,40.41228,-3.70865,1,1.0,1.0,28.0,0.0,2,0.0,76,50,4503.0,68.043894,0.8,1.0,1,0,0,0,0,1,0,0,0,0,0,0,0,7,10.5,50.0
1485,40.40826,-3.70232,2,1.0,1.0,31.0,95.0,1,0.09,306,50,4503.0,68.043894,0.8,1.5,0,0,0,0,0,1,0,1,1,0,0,0,0,8,19.5,50.0
1486,40.40641,-3.74216,5,3.0,4.0,80.0,92.0,1,0.48,395,200,2287.0,47.008319,4.7,1.0,1,0,0,0,0,1,0,1,0,1,1,0,0,7,40.5,100.0
1487,40.43282,-3.701,1,1.0,1.0,34.0,97.0,1,2.85,164,50,4855.0,64.056634,2.4,1.0,1,0,0,0,0,1,0,1,1,0,0,0,0,10,10.5,50.0
1488,40.42315,-3.70738,2,1.0,1.0,32.0,88.0,20,5.8,256,50,4503.0,68.043894,0.8,1.0,1,0,0,0,0,1,0,0,0,0,1,0,0,8,18.0,50.0
1489,40.42248,-3.69701,1,3.0,1.0,60.0,85.0,3,0.08,295,50,4503.0,68.043894,0.8,2.0,0,0,0,0,0,1,0,0,0,0,0,0,0,9,13.5,100.0
1490,40.42335,-3.70469,2,1.0,2.0,50.0,100.0,4,0.01,295,200,4503.0,68.043894,0.8,1.0,1,0,0,0,0,1,0,1,0,0,1,0,0,8,18.0,50.0
1491,40.43061,-3.71761,2,0.0,1.0,53.0,100.0,5,1.14,301,200,3555.0,63.451906,5.9,1.0,1,0,0,0,0,1,0,1,1,0,1,0,0,7,18.0,100.0
1492,40.41508,-3.70853,5,2.0,4.0,100.0,93.0,1,0.93,172,200,4503.0,68.043894,0.8,1.0,1,0,0,0,0,1,0,1,0,0,0,0,0,7,40.5,100.0
1493,40.42477,-3.66933,1,1.0,1.0,23.0,98.0,1,0.15,509,50,5328.0,74.694253,2.2,1.5,0,0,0,0,0,1,0,0,1,0,1,0,0,7,12.0,50.0
1494,40.40662,-3.71028,1,1.0,1.0,17.0,0.0,1,0.01,85,50,4503.0,68.043894,0.8,1.0,1,0,0,0,0,1,0,0,1,0,0,0,0,7,10.5,50.0
1495,40.4372,-3.6964,6,3.0,5.0,175.0,100.0,92,0.01,216,200,4855.0,64.056634,2.4,2.0,1,0,0,0,0,1,0,1,1,0,1,0,0,7,51.0,200.0
1496,40.43197,-3.71207,1,1.0,1.0,25.0,100.0,1,0.03,78,50,4855.0,64.056634,2.4,1.0,1,0,0,0,0,1,0,0,1,0,0,0,0,7,10.5,50.0
1497,40.41013,-3.71016,2,1.0,1.0,76.0,88.0,1,0.46,393,200,4503.0,68.043894,0.8,1.5,1,0,0,0,0,1,0,1,1,1,1,0,0,0,19.5,100.0
1498,40.41678,-3.69931,4,3.0,3.0,100.0,0.0,4,0.0,226,200,4503.0,68.043894,0.8,1.0,1,0,0,0,0,1,0,1,1,0,1,0,0,8,33.0,100.0
1500,40.40613,-3.69695,1,1.0,1.0,30.0,98.0,1,1.02,100,50,3917.0,55.025641,1.9,1.0,0,0,0,0,0,1,0,0,1,0,0,0,0,7,10.5,50.0
1501,40.4189,-3.70646,2,1.0,1.0,50.0,0.0,1,0.0,148,50,4503.0,68.043894,0.8,1.0,1,0,0,0,0,1,0,1,1,0,0,0,0,7,18.0,50.0
1503,40.40852,-3.73258,2,1.0,1.0,20.0,0.0,1,0.0,120,50,2287.0,47.008319,4.7,1.0,0,0,0,0,0,1,0,0,0,0,0,0,0,7,18.0,50.0
1504,40.40698,-3.69801,5,2.0,3.0,90.0,97.0,6,2.43,780,200,4503.0,68.043894,0.8,1.0,1,0,0,0,0,1,0,1,1,0,0,0,1,9,40.5,100.0
1505,40.43676,-3.68286,4,1.0,2.0,50.0,90.0,1,0.17,159,200,5328.0,74.694253,2.2,1.0,1,0,0,0,0,1,0,0,1,0,0,0,0,10,33.0,50.0
1506,40.41256,-3.72448,11,2.0,6.0,42.0,95.0,6,0.63,558,200,2287.0,47.008319,4.7,1.0,1,0,0,0,1,1,1,1,1,0,1,0,0,7,85.5,50.0
1507,40.414,-3.72436,11,2.0,6.0,53.0,89.0,6,6.05,654,200,2287.0,47.008319,4.7,1.0,1,0,0,0,1,1,0,1,1,0,1,0,0,7,85.5,100.0
1508,40.43175,-3.7003,3,2.0,2.0,40.0,0.0,2,0.0,93,200,4855.0,64.056634,2.4,2.0,1,0,0,0,0,1,0,0,1,0,0,0,0,0,28.5,50.0
1509,40.41478,-3.67528,2,1.0,1.0,20.0,0.0,1,0.0,82,50,4220.0,63.672727,3.2,1.0,1,0,0,0,0,1,0,0,1,0,0,0,0,7,18.0,50.0
1510,40.41041,-3.70445,3,1.0,2.0,40.0,0.0,1,0.01,81,200,4503.0,68.043894,0.8,1.0,1,0,0,0,0,1,0,0,0,0,0,0,0,7,25.5,50.0
1511,40.41694,-3.71216,2,1.0,1.0,94.0,0.0,1,0.0,63,50,4503.0,68.043894,0.8,1.5,1,0,0,0,0,1,0,0,0,0,0,0,0,8,19.5,100.0
1512,40.44815,-3.67417,2,2.0,2.0,70.0,100.0,1,0.09,240,200,4508.0,67.220486,5.8,2.0,1,0,0,0,0,1,0,0,1,0,0,0,0,8,21.0,100.0
1513,40.41536,-3.70994,1,1.0,1.0,25.0,0.0,1,0.0,228,50,4503.0,68.043894,0.8,1.0,0,0,0,0,0,1,0,0,0,0,0,0,0,8,10.5,50.0
1514,40.40901,-3.69721,2,1.0,1.0,35.0,87.0,1,0.1,79,200,4503.0,68.043894,0.8,1.0,1,0,0,0,0,0,0,0,0,0,0,0,0,7,18.0,50.0
1515,40.40993,-3.70255,6,3.0,6.0,207.0,0.0,1,0.0,185,200,4503.0,68.043894,0.8,1.0,1,0,0,0,0,1,0,1,0,0,0,0,0,7,48.0,200.0
1517,40.41403,-3.70868,4,1.0,1.0,90.0,100.0,13,0.07,161,200,4503.0,68.043894,0.8,1.0,1,0,0,0,0,1,0,1,1,0,0,0,0,7,33.0,100.0
1518,40.41395,-3.70887,4,2.0,2.0,65.0,100.0,13,0.05,148,200,4503.0,68.043894,0.8,1.0,1,0,0,0,0,1,0,1,1,0,0,0,0,7,33.0,100.0
1519,40.42203,-3.69863,2,1.0,1.0,85.0,80.0,1,0.02,200,200,4503.0,68.043894,0.8,1.0,1,0,0,0,0,1,1,1,1,0,0,0,0,7,18.0,100.0
1520,40.4136,-3.70989,4,1.0,1.0,60.0,100.0,13,0.01,148,200,4503.0,68.043894,0.8,1.0,1,0,0,0,0,1,0,1,1,0,0,0,0,7,33.0,100.0
1521,40.43416,-3.65163,4,2.0,2.0,46.0,100.0,1,0.26,375,200,2893.0,50.090625,6.5,1.0,1,0,0,0,1,1,0,1,0,0,1,0,0,0,33.0,50.0
1522,40.43816,-3.70037,1,1.0,1.0,21.0,100.0,1,0.19,383,50,4855.0,64.056634,2.4,1.0,0,0,0,0,0,1,0,1,1,0,1,0,0,13,10.5,50.0
1523,40.416,-3.70809,4,1.0,2.0,60.0,91.0,23,3.98,442,200,4503.0,68.043894,0.8,1.0,1,0,0,0,0,1,0,1,1,0,0,0,0,10,33.0,100.0
1524,40.40946,-3.70958,2,1.0,1.0,300.0,0.0,1,0.0,172,50,4503.0,68.043894,0.8,1.0,1,0,0,0,0,1,0,0,1,0,0,0,0,7,18.0,200.0
1525,40.4104,-3.69656,2,1.0,2.0,36.0,95.0,3,0.49,169,50,4503.0,68.043894,0.8,1.0,1,0,0,0,0,1,0,0,1,0,1,0,0,8,18.0,50.0
1526,40.42758,-3.6702,1,1.0,1.0,18.0,100.0,1,0.03,110,50,5328.0,74.694253,2.2,1.0,1,0,0,0,0,1,0,0,1,0,0,0,0,8,10.5,50.0
1527,40.4199,-3.70327,3,1.0,1.0,62.0,90.0,2,0.08,406,200,4503.0,68.043894,0.8,1.0,1,1,1,1,1,1,1,1,1,1,1,1,1,7,25.5,100.0
1528,40.4243,-3.69939,3,1.0,1.0,150.0,0.0,1,0.0,77,200,4503.0,68.043894,0.8,1.0,1,0,0,0,0,1,0,0,0,0,0,0,0,7,25.5,150.0
1529,40.40864,-3.73098,2,1.0,1.0,25.0,0.0,1,0.0,96,200,2287.0,47.008319,4.7,1.0,1,0,0,0,0,1,0,1,0,0,0,0,0,8,18.0,50.0
1530,40.37663,-3.60907,2,1.0,1.0,46.0,97.0,1,0.1,146,200,2382.0,49.659794,11.0,1.0,1,0,0,0,0,1,1,0,1,0,0,0,0,8,18.0,50.0
1531,40.42039,-3.70566,1,1.0,1.0,18.0,94.0,1,0.48,362,50,4503.0,68.043894,0.8,1.0,0,0,0,0,0,1,0,0,1,0,0,0,0,7,10.5,50.0
1532,40.39627,-3.71999,2,1.0,1.0,31.0,99.0,1,4.52,592,50,2195.0,47.402837,6.6,1.0,1,0,0,0,0,1,0,1,1,1,1,0,0,7,18.0,50.0
1533,40.40865,-3.71071,4,2.0,3.0,55.0,0.0,1,0.0,98,200,4503.0,68.043894,0.8,1.0,1,0,0,0,0,1,0,0,0,0,0,0,0,7,33.0,100.0
1534,40.38992,-3.66989,2,1.0,1.0,52.0,94.0,6,1.28,584,50,1890.0,41.443535,5.0,1.5,0,0,0,0,1,1,0,0,0,1,1,0,0,10,19.5,100.0
1535,40.40684,-3.70893,16,1.0,1.0,74.0,98.0,1,0.16,400,200,4503.0,68.043894,0.8,1.0,1,0,0,0,1,1,1,1,1,0,1,0,0,9,123.0,100.0
1536,40.41521,-3.6948,2,1.0,1.0,60.0,0.0,1,0.0,142,200,4503.0,68.043894,0.8,1.0,1,0,0,0,0,1,1,1,1,0,0,0,0,7,18.0,100.0
1537,40.43459,-3.70781,2,1.0,1.0,23.0,95.0,1,1.45,334,50,4855.0,64.056634,2.4,1.0,0,0,0,0,0,1,0,0,1,0,0,0,0,7,18.0,50.0
1538,40.4091,-3.70659,1,1.0,1.0,25.0,92.0,3,1.09,339,50,4503.0,68.043894,0.8,1.5,0,0,0,0,0,1,0,0,1,0,1,0,0,8,12.0,50.0
1539,40.42159,-3.66674,2,1.0,1.0,80.0,0.0,1,0.0,105,200,5328.0,74.694253,2.2,1.0,1,0,0,0,0,1,0,1,1,0,0,0,0,7,18.0,100.0
1540,40.40832,-3.70663,3,1.0,2.0,50.0,0.0,1,0.0,93,200,4503.0,68.043894,0.8,1.0,1,0,0,0,0,0,0,0,0,0,0,0,0,7,25.5,50.0
1541,40.40751,-3.72157,4,2.0,1.0,55.0,50.0,1,0.03,77,200,3917.0,55.025641,1.9,2.0,1,1,1,1,1,1,1,1,1,1,1,1,1,9,36.0,100.0
1542,40.4706,-3.68704,4,2.0,2.0,43.0,95.0,1,3.09,511,200,4508.0,67.220486,5.8,1.0,1,0,0,0,0,1,1,1,1,1,1,0,0,7,33.0,50.0
1543,40.41111,-3.70712,1,1.0,1.0,25.0,88.0,3,0.93,353,50,4503.0,68.043894,0.8,1.5,0,0,0,0,0,1,0,0,1,1,1,0,0,8,12.0,50.0
1544,40.40456,-3.70482,2,1.0,2.0,35.0,94.0,5,2.78,361,50,3917.0,55.025641,1.9,1.0,1,0,0,0,0,1,0,1,1,0,1,0,0,10,18.0,50.0
1545,40.47134,-3.66198,4,1.0,3.0,47.0,94.0,1,1.35,534,200,3312.0,62.061453,9.2,1.0,1,0,0,0,0,1,0,1,1,1,1,0,0,7,33.0,50.0
1546,40.41932,-3.71102,3,2.0,2.0,46.0,100.0,1,0.01,76,200,4503.0,68.043894,0.8,1.0,1,0,0,0,0,1,0,0,0,0,0,0,0,8,25.5,50.0
1547,40.43154,-3.70897,6,2.0,3.0,103.0,92.0,1,0.14,393,200,4855.0,64.056634,2.4,1.0,1,0,0,0,0,1,0,1,0,0,1,0,0,8,48.0,150.0
1548,40.42488,-3.73147,6,5.0,5.0,130.0,95.0,6,0.36,435,200,3555.0,63.451906,5.9,1.0,1,0,0,0,0,1,0,1,0,0,1,0,1,0,48.0,150.0
1549,40.41009,-3.70285,2,1.0,1.0,20.0,0.0,1,0.0,120,50,4503.0,68.043894,0.8,1.0,1,0,0,0,0,1,0,0,0,0,0,0,0,10,18.0,50.0
1550,40.43326,-3.71072,2,1.0,1.0,55.0,98.0,5,0.75,261,200,4855.0,64.056634,2.4,1.0,1,0,0,0,0,1,0,1,1,0,1,0,0,7,18.0,100.0
1551,40.42604,-3.69674,2,1.0,1.0,33.0,98.0,2,2.81,390,50,4503.0,68.043894,0.8,1.0,0,0,0,0,0,1,0,0,1,1,1,0,1,9,18.0,50.0
1552,40.42101,-3.67926,2,1.0,1.0,26.0,100.0,8,0.04,401,50,4220.0,63.672727,3.2,1.5,0,0,0,0,0,1,0,0,1,0,1,0,0,7,19.5,50.0
1553,40.39867,-3.70149,2,1.0,1.0,35.0,96.0,1,0.13,87,200,3917.0,55.025641,1.9,1.0,1,0,0,0,0,1,0,1,0,0,0,0,0,7,18.0,50.0
1554,40.42241,-3.69487,2,1.0,1.0,65.0,100.0,1,0.06,195,200,4503.0,68.043894,0.8,1.0,1,0,0,0,0,1,0,1,1,0,1,0,0,10,18.0,100.0
1555,40.44372,-3.66968,4,2.0,2.0,80.0,0.0,1,0.0,128,200,4508.0,67.220486,5.8,1.0,1,0,0,0,0,1,0,1,1,0,0,0,0,7,33.0,100.0
1556,40.4107,-3.71287,4,2.0,2.0,180.0,0.0,1,0.0,154,200,4503.0,68.043894,0.8,2.0,1,0,0,0,0,1,0,1,1,0,1,0,0,7,36.0,200.0
1557,40.45332,-3.67604,2,0.0,1.0,86.0,100.0,1,0.02,114,200,4508.0,67.220486,5.8,1.0,1,0,0,0,0,1,0,1,1,0,0,0,0,7,18.0,100.0
1558,40.41499,-3.69879,6,3.0,4.0,120.0,92.0,1,1.22,232,200,4503.0,68.043894,0.8,1.0,1,0,0,0,0,1,0,1,0,0,1,0,0,7,48.0,150.0
1559,40.41486,-3.70252,2,1.0,1.0,46.0,0.0,1,0.0,81,50,4503.0,68.043894,0.8,1.0,1,0,0,0,0,1,0,1,1,0,0,0,0,7,18.0,50.0
1560,40.43882,-3.70619,1,1.0,1.0,20.0,0.0,1,0.0,79,50,4855.0,64.056634,2.4,1.0,1,0,0,0,0,1,0,0,1,0,0,0,0,0,10.5,50.0
1561,40.43292,-3.70012,3,0.0,2.0,36.0,76.0,1,0.07,103,200,4855.0,64.056634,2.4,1.0,1,0,0,0,0,1,0,1,0,0,0,0,0,9,25.5,50.0
1562,40.40562,-3.68419,4,3.0,3.0,200.0,0.0,1,0.0,85,200,4220.0,63.672727,3.2,2.0,1,0,0,0,0,1,0,0,1,0,0,0,0,9,36.0,200.0
1563,40.41153,-3.70697,1,1.0,1.0,30.0,100.0,2,0.01,70,50,4503.0,68.043894,0.8,1.0,1,0,0,0,0,1,0,0,0,0,0,0,0,7,10.5,50.0
1564,40.42247,-3.7029,2,1.0,1.0,40.0,100.0,1,0.47,316,50,4503.0,68.043894,0.8,1.0,0,0,0,0,0,1,0,0,1,1,1,0,0,7,18.0,50.0
1565,40.40946,-3.70192,1,0.0,1.0,34.0,92.0,1,1.36,394,200,4503.0,68.043894,0.8,1.0,1,0,0,0,0,1,0,0,0,0,1,0,1,7,10.5,50.0
1566,40.42609,-3.60935,4,2.0,2.0,25.0,73.0,2,0.07,243,200,2477.0,70.967532,7.3,1.0,1,0,0,0,0,1,0,0,1,0,0,0,0,11,33.0,50.0
1567,40.40757,-3.69903,4,1.0,2.0,50.0,0.0,1,0.0,81,200,4503.0,68.043894,0.8,1.0,1,0,0,0,0,1,0,0,0,0,0,0,0,7,33.0,50.0
1568,40.42802,-3.63347,2,1.0,1.0,25.0,92.0,4,0.27,93,50,2893.0,50.090625,6.5,1.0,0,0,0,0,0,1,0,1,0,0,0,0,0,10,18.0,50.0
1569,40.41287,-3.72168,2,1.0,1.0,45.0,0.0,1,0.0,110,50,3917.0,55.025641,1.9,1.0,1,0,0,0,0,1,0,0,1,0,0,0,0,7,18.0,50.0
1570,40.39542,-3.71333,4,2.0,2.0,82.0,93.0,1,0.2,350,200,2195.0,47.402837,6.6,1.0,1,0,0,0,0,1,0,1,1,0,1,0,0,7,33.0,100.0
1571,40.4084,-3.70464,2,1.0,1.0,59.0,88.0,1,2.07,520,200,4503.0,68.043894,0.8,1.5,1,0,0,0,0,1,0,1,0,1,1,0,0,8,19.5,100.0
1572,40.40906,-3.71269,2,1.0,2.0,84.0,100.0,1,0.03,201,200,4503.0,68.043894,0.8,1.0,1,0,0,0,0,1,0,1,1,0,0,0,0,7,18.0,100.0
1573,40.40109,-3.69046,3,0.0,1.0,33.0,95.0,1,3.25,356,200,3917.0,55.025641,1.9,1.0,1,0,0,0,0,1,0,0,0,0,0,0,0,8,25.5,50.0
1574,40.41057,-3.69944,2,1.0,1.0,45.0,93.0,2,0.13,117,50,4503.0,68.043894,0.8,1.0,1,0,0,0,0,1,0,0,0,0,0,0,0,7,18.0,50.0
1575,40.42331,-3.69206,2,1.0,1.0,100.0,0.0,1,0.0,108,50,4503.0,68.043894,0.8,1.0,1,0,0,0,0,1,0,1,1,0,0,0,0,10,18.0,100.0
1576,40.41581,-3.70973,3,1.0,2.0,46.0,95.0,13,0.21,114,200,4503.0,68.043894,0.8,1.0,1,0,0,0,0,1,0,1,1,0,0,0,0,7,25.5,50.0
1577,40.42772,-3.68548,2,0.0,1.0,30.0,100.0,4,0.07,481,50,5328.0,74.694253,2.2,1.0,0,0,0,0,0,1,0,0,1,0,1,0,0,9,18.0,50.0
1578,40.41579,-3.70963,2,1.0,2.0,45.0,100.0,13,0.01,115,200,4503.0,68.043894,0.8,1.0,1,0,0,0,0,1,0,1,1,0,0,0,0,7,18.0,50.0
1579,40.42696,-3.70358,1,0.0,1.0,28.0,96.0,1,0.63,325,200,4503.0,68.043894,0.8,1.0,1,0,0,0,0,1,0,0,0,0,1,0,1,8,10.5,50.0
1580,40.4366,-3.66613,4,2.0,2.0,120.0,0.0,1,0.0,220,200,5328.0,74.694253,2.2,1.5,1,0,0,0,0,1,0,1,1,0,0,0,0,8,34.5,150.0
1581,40.43378,-3.69711,1,1.0,1.0,18.0,95.0,5,1.1,390,50,4855.0,64.056634,2.4,1.0,0,0,0,0,0,1,0,0,1,1,1,0,0,8,10.5,50.0
1582,40.41063,-3.705,4,2.0,3.0,31.0,94.0,2,6.24,444,200,4503.0,68.043894,0.8,1.0,1,0,0,0,0,1,0,0,0,0,1,0,0,7,33.0,50.0
1583,40.4142,-3.69617,4,2.0,2.0,56.0,83.0,2,0.31,533,200,4503.0,68.043894,0.8,2.0,1,0,0,0,0,1,0,1,1,0,1,0,0,7,36.0,100.0
1584,40.39649,-3.68688,4,2.0,3.0,160.0,99.0,1,0.35,837,200,3917.0,55.025641,1.9,2.0,1,0,0,0,0,1,1,1,1,1,1,0,1,9,36.0,200.0
1585,40.41347,-3.70801,3,2.0,3.0,150.0,96.0,1,0.8,178,200,4503.0,68.043894,0.8,2.0,1,0,0,0,0,1,0,1,1,0,0,0,0,7,28.5,150.0
1586,40.43431,-3.70565,2,1.0,2.0,35.0,90.0,2,0.59,230,50,4855.0,64.056634,2.4,2.0,0,0,0,0,0,1,0,1,1,0,0,0,0,8,21.0,50.0
1587,40.4144,-3.6963,2,1.0,1.0,29.0,0.0,2,0.0,233,50,4503.0,68.043894,0.8,1.0,1,0,0,0,0,1,0,0,1,0,1,0,0,7,18.0,50.0
1588,40.42765,-3.67321,1,1.0,1.0,25.0,98.0,3,0.76,647,50,5328.0,74.694253,2.2,1.0,1,0,0,0,0,1,0,1,1,0,1,0,1,8,10.5,50.0
1589,40.42607,-3.67331,4,2.0,3.0,110.0,94.0,4,1.73,471,200,5328.0,74.694253,2.2,3.0,1,0,0,0,1,1,0,1,1,1,1,0,0,7,39.0,150.0
1590,40.42283,-3.70727,2,1.0,1.0,70.0,98.0,1,0.55,488,200,4503.0,68.043894,0.8,1.0,1,0,0,0,0,1,0,1,1,1,1,0,0,7,18.0,100.0
1591,40.41097,-3.69825,2,1.0,1.0,50.0,0.0,1,0.0,41,50,4503.0,68.043894,0.8,1.0,1,0,0,0,0,0,0,0,0,0,0,0,0,7,18.0,50.0
1592,40.43237,-3.6978,1,1.0,1.0,18.0,93.0,5,1.47,343,50,4855.0,64.056634,2.4,1.5,0,0,0,0,0,1,0,1,0,1,1,0,0,8,12.0,50.0
1593,40.45744,-3.6942,2,1.0,2.0,65.0,87.0,2,0.26,696,200,3476.0,60.621287,5.9,1.0,1,0,0,0,0,1,1,1,1,0,1,0,1,7,18.0,100.0
1594,40.45915,-3.69322,2,1.0,3.0,50.0,0.0,2,0.0,394,200,3476.0,60.621287,5.9,1.0,1,0,0,0,0,1,1,1,1,0,1,0,0,7,18.0,50.0
1595,40.41636,-3.70072,5,1.0,4.0,84.0,92.0,3,2.03,341,200,4503.0,68.043894,0.8,1.0,1,0,0,0,0,1,0,1,1,0,0,0,0,7,40.5,100.0
1596,40.4155,-3.70133,3,0.0,2.0,69.0,92.0,3,2.21,341,200,4503.0,68.043894,0.8,1.0,1,0,0,0,0,1,0,1,1,0,0,0,0,7,25.5,100.0
1597,40.3911,-3.67012,2,1.0,1.0,35.0,96.0,6,0.55,369,50,1890.0,41.443535,5.0,1.5,1,0,0,0,1,1,0,0,0,1,1,0,0,10,19.5,50.0
1598,40.41474,-3.70039,8,2.0,6.0,138.0,92.0,3,0.28,325,200,4503.0,68.043894,0.8,2.0,1,0,0,0,0,1,0,1,1,0,0,0,0,7,66.0,150.0
1599,40.38998,-3.6687,3,1.0,3.0,65.0,100.0,6,0.02,255,50,1890.0,41.443535,5.0,2.0,0,0,0,0,1,1,0,0,0,0,1,0,0,10,28.5,100.0
1600,40.39223,-3.66978,2,1.0,1.0,59.0,87.0,6,0.08,292,50,1890.0,41.443535,5.0,1.0,0,0,0,0,1,1,0,1,0,0,1,0,0,10,18.0,100.0
1601,40.43566,-3.7183,2,1.0,1.0,43.0,99.0,1,1.11,467,50,3555.0,63.451906,5.9,1.0,1,0,0,0,0,1,0,1,1,1,1,0,0,7,18.0,50.0
1602,40.40099,-3.6928,1,1.0,1.0,25.0,97.0,2,0.73,95,50,3917.0,55.025641,1.9,1.5,1,0,0,0,0,1,0,0,1,0,0,0,0,10,12.0,50.0
1603,40.42362,-3.70697,2,2.0,7.0,48.0,86.0,1,3.98,541,200,4503.0,68.043894,0.8,1.5,1,0,0,0,0,1,0,1,0,1,1,0,0,7,19.5,50.0
1604,40.40816,-3.70055,2,1.0,1.0,100.0,96.0,1,1.06,455,200,4503.0,68.043894,0.8,1.5,1,1,1,1,1,1,1,1,1,1,1,1,1,7,19.5,100.0
1605,40.38786,-3.6913,2,1.0,1.0,50.0,0.0,1,0.0,174,200,3917.0,55.025641,1.9,1.0,1,0,0,0,0,1,1,0,1,0,0,0,0,7,18.0,50.0
1606,40.39495,-3.69783,1,1.0,1.0,36.0,99.0,1,2.47,370,50,3917.0,55.025641,1.9,2.0,1,0,0,0,0,1,0,1,1,0,0,0,0,7,13.5,50.0
1607,40.39627,-3.69965,1,1.0,1.0,25.0,100.0,1,0.01,79,50,3917.0,55.025641,1.9,1.0,1,0,0,0,0,1,0,0,1,0,0,0,0,7,10.5,50.0
1608,40.43649,-3.70445,1,1.0,1.0,50.0,0.0,1,0.0,75,50,4855.0,64.056634,2.4,1.0,1,0,0,0,0,0,0,1,0,0,0,0,0,7,10.5,50.0
1609,40.44305,-3.71518,2,1.0,1.0,25.0,0.0,1,0.0,96,50,4855.0,64.056634,2.4,1.0,1,0,0,0,0,1,0,0,1,0,0,0,0,7,18.0,50.0
1610,40.44871,-3.66471,2,1.0,1.0,75.0,0.0,1,0.0,65,200,4508.0,67.220486,5.8,1.0,1,0,0,0,0,0,0,0,0,0,0,0,0,7,18.0,100.0
1611,40.38768,-3.7318,1,1.0,1.0,13.0,93.0,2,0.6,654,50,2195.0,47.402837,6.6,1.0,0,0,0,0,0,1,0,1,0,0,1,1,0,7,10.5,50.0
1612,40.44135,-3.68208,1,1.0,1.0,35.0,0.0,1,0.0,96,50,4508.0,67.220486,5.8,1.0,1,0,0,0,0,1,0,1,0,0,0,0,0,8,10.5,50.0
1613,40.40925,-3.70973,2,1.0,1.0,62.0,97.0,2,3.86,361,200,4503.0,68.043894,0.8,1.0,1,1,1,1,1,1,1,1,1,1,1,1,1,7,18.0,100.0
1614,40.4269,-3.70774,4,1.0,2.0,49.0,97.0,2,1.78,362,200,4503.0,68.043894,0.8,1.0,1,0,0,0,0,1,0,1,0,0,0,0,0,7,33.0,50.0
1615,40.40717,-3.74373,1,1.0,1.0,14.0,96.0,1,0.25,373,50,2287.0,47.008319,4.7,1.0,0,0,0,0,0,1,0,1,0,1,1,0,0,7,10.5,50.0
1616,40.42131,-3.67655,2,1.0,1.0,50.0,60.0,1,0.01,177,200,4220.0,63.672727,3.2,1.0,1,0,0,0,0,1,0,0,0,0,0,0,0,7,18.0,50.0
1617,40.41229,-3.69007,2,1.0,1.0,110.0,93.0,3,0.18,127,50,4220.0,63.672727,3.2,1.0,1,0,0,0,0,1,0,0,1,0,0,0,0,9,18.0,150.0
1618,40.40721,-3.69754,2,1.0,1.0,21.0,83.0,1,0.09,102,50,4503.0,68.043894,0.8,2.0,1,0,0,0,1,1,0,0,1,0,0,0,0,7,21.0,50.0
1619,40.42071,-3.71511,6,3.0,3.0,90.0,70.0,1,0.06,310,200,3555.0,63.451906,5.9,1.0,1,0,0,0,0,1,0,0,1,0,1,0,0,8,48.0,100.0
1620,40.39894,-3.69627,3,2.0,1.0,80.0,1.0,1,1.0,176,200,3917.0,55.025641,1.9,1.0,1,1,1,1,1,1,1,1,1,1,1,1,1,7,25.5,100.0
1621,40.41536,-3.70471,4,1.0,2.0,129.0,0.0,1,0.0,155,200,4503.0,68.043894,0.8,2.0,1,0,0,0,0,1,0,1,0,0,0,0,0,9,36.0,150.0
1622,40.4516,-3.70179,2,1.0,1.0,18.0,98.0,1,1.19,243,50,3476.0,60.621287,5.9,1.0,0,0,0,0,0,1,0,0,1,0,1,0,0,7,18.0,50.0
1623,40.42342,-3.70351,6,2.0,2.0,124.0,91.0,23,3.65,433,200,4503.0,68.043894,0.8,1.0,1,0,0,0,0,1,0,1,1,1,0,0,0,10,48.0,150.0
1624,40.42043,-3.7009,2,1.0,2.0,55.0,88.0,1,0.41,98,200,4503.0,68.043894,0.8,1.0,1,0,0,0,0,1,0,0,0,0,0,0,0,8,18.0,100.0
1625,40.40741,-3.70262,6,2.0,4.0,50.0,83.0,38,3.7,308,200,4503.0,68.043894,0.8,1.5,1,0,0,0,0,1,0,1,0,0,0,0,0,9,49.5,50.0
1626,40.4091,-3.70557,2,1.0,1.0,59.0,0.0,1,0.0,111,200,4503.0,68.043894,0.8,1.0,1,0,0,0,0,1,0,1,0,0,0,0,0,7,18.0,100.0
1627,40.43645,-3.71088,2,1.0,1.0,65.0,98.0,1,0.3,166,200,4855.0,64.056634,2.4,1.0,1,0,0,0,0,1,0,0,1,0,1,0,0,7,18.0,100.0
1628,40.41587,-3.70702,4,2.0,2.0,76.0,98.0,1,4.8,583,200,4503.0,68.043894,0.8,1.0,1,0,0,0,0,1,0,1,1,1,1,0,0,8,33.0,100.0
1629,40.40083,-3.74884,6,9.0,7.0,90.0,80.0,6,0.06,307,200,2287.0,47.008319,4.7,1.0,1,0,0,0,0,1,0,1,0,0,1,0,0,0,48.0,100.0
1630,40.44091,-3.6816,2,1.0,1.0,32.0,97.0,1,1.45,430,50,4508.0,67.220486,5.8,1.0,0,0,0,1,1,1,0,1,0,0,1,0,0,7,18.0,50.0
1631,40.43243,-3.69735,1,1.0,1.0,18.0,91.0,5,0.79,232,50,4855.0,64.056634,2.4,1.0,0,0,0,0,0,1,0,0,1,0,1,0,0,8,10.5,50.0
1632,40.41089,-3.69915,3,1.0,1.0,49.0,94.0,1,1.74,488,200,4503.0,68.043894,0.8,1.0,1,0,0,0,0,1,0,1,0,1,1,0,0,9,25.5,50.0
1633,40.42235,-3.69952,2,1.0,1.0,50.0,91.0,4,0.38,349,50,4503.0,68.043894,0.8,1.0,0,0,0,0,0,1,0,0,1,0,0,0,0,11,18.0,50.0
1634,40.36943,-3.69196,4,1.0,1.0,50.0,92.0,2,0.1,135,200,2316.0,43.910072,4.6,1.0,1,1,1,1,1,1,1,1,1,1,1,1,1,7,33.0,50.0
1635,40.42124,-3.69763,4,2.0,2.0,44.0,0.0,1,0.0,148,200,4503.0,68.043894,0.8,2.0,1,0,0,0,0,1,0,1,0,0,0,0,0,12,36.0,50.0
1636,40.40987,-3.70855,3,3.0,3.0,86.0,0.0,1,0.0,27,200,4503.0,68.043894,0.8,1.0,1,0,0,0,0,0,0,0,0,0,0,0,0,7,25.5,100.0
1637,40.42235,-3.69952,2,1.0,2.0,49.0,94.0,4,0.62,400,50,4503.0,68.043894,0.8,1.0,0,0,0,0,0,1,0,0,1,0,0,0,0,11,18.0,50.0
1638,40.43068,-3.70891,1,1.0,1.0,20.0,0.0,1,0.0,88,50,4855.0,64.056634,2.4,2.0,1,0,0,0,0,1,0,0,1,0,0,0,0,8,13.5,50.0
1639,40.41593,-3.70654,4,1.0,2.0,92.0,100.0,20,0.05,289,200,4503.0,68.043894,0.8,1.0,1,0,0,0,0,1,0,1,1,0,1,0,0,7,33.0,100.0
1640,40.41175,-3.70436,1,1.0,1.0,18.0,98.0,1,2.45,581,50,4503.0,68.043894,0.8,1.0,0,0,0,0,0,1,0,0,1,1,1,0,0,7,10.5,50.0
1641,40.42823,-3.70459,4,1.0,3.0,106.0,99.0,11,2.13,497,200,4503.0,68.043894,0.8,1.0,1,0,0,0,0,1,0,1,1,0,1,0,0,7,33.0,150.0
1642,40.41566,-3.70689,1,1.0,1.0,23.0,96.0,1,0.09,225,50,4503.0,68.043894,0.8,1.5,1,1,1,1,1,1,1,1,1,1,1,1,1,9,12.0,50.0
1643,40.41754,-3.70428,2,1.0,1.0,45.0,94.0,1,0.6,452,200,4503.0,68.043894,0.8,1.0,1,0,0,0,0,1,0,1,1,0,1,0,0,10,18.0,50.0
1644,40.43571,-3.70042,3,0.0,2.0,34.0,90.0,1,0.03,142,200,4855.0,64.056634,2.4,1.0,1,0,0,0,0,1,0,1,1,0,0,0,0,8,25.5,50.0
1645,40.41458,-3.71422,1,1.0,1.0,30.0,0.0,1,0.0,27,50,4503.0,68.043894,0.8,2.0,1,0,0,0,0,0,0,0,0,0,0,0,0,7,13.5,50.0
1646,40.42051,-3.71684,6,2.0,4.0,126.0,90.0,1,0.96,180,200,3555.0,63.451906,5.9,2.0,1,0,0,0,0,1,0,0,1,0,0,0,0,7,51.0,150.0
1647,40.41602,-3.71042,2,1.0,3.0,22.0,87.0,7,0.07,501,50,4503.0,68.043894,0.8,1.0,1,0,0,0,0,1,0,1,1,1,1,0,0,7,18.0,50.0
1648,40.41661,-3.71063,2,1.0,2.0,22.0,75.0,7,0.1,462,50,4503.0,68.043894,0.8,1.0,1,0,0,0,0,1,0,1,1,0,1,0,0,7,18.0,50.0
1649,40.41445,-3.7122,2,1.0,3.0,21.0,91.0,7,0.17,501,50,4503.0,68.043894,0.8,1.0,1,0,0,0,0,1,0,1,1,1,1,0,0,7,18.0,50.0
1650,40.41545,-3.70643,2,0.0,1.0,82.0,86.0,20,0.14,532,200,4503.0,68.043894,0.8,1.0,1,0,0,0,0,1,0,1,1,0,1,0,0,7,18.0,100.0
1651,40.41652,-3.71188,2,1.0,2.0,20.0,80.0,7,0.08,481,50,4503.0,68.043894,0.8,1.0,1,0,0,0,0,1,0,1,1,0,1,0,0,7,18.0,50.0
1652,40.46681,-3.63165,5,3.0,3.0,65.0,84.0,1,0.07,207,200,3312.0,62.061453,9.2,1.0,1,0,0,1,0,1,0,1,1,0,1,0,0,9,40.5,100.0
1653,40.41408,-3.7294,1,1.0,1.0,22.0,93.0,1,0.04,157,50,2287.0,47.008319,4.7,1.0,1,0,0,0,0,1,0,0,0,0,1,0,0,7,10.5,50.0
1654,40.40955,-3.71777,4,1.0,2.0,35.0,94.0,3,2.77,435,200,3917.0,55.025641,1.9,1.0,1,0,0,0,0,1,0,0,0,0,1,0,0,7,33.0,50.0
1655,40.40232,-3.70909,2,1.0,1.0,40.0,95.0,1,0.06,127,50,3917.0,55.025641,1.9,1.0,1,0,0,0,0,1,1,1,1,0,0,0,0,7,18.0,50.0
1656,40.37724,-3.71316,4,3.0,4.0,25.0,0.0,1,0.0,79,200,2316.0,43.910072,4.6,1.0,1,0,0,0,0,0,0,0,0,0,0,0,0,7,33.0,50.0
1657,40.41094,-3.73704,1,1.0,1.0,18.0,0.0,1,0.0,99,50,2287.0,47.008319,4.7,1.0,1,0,0,0,0,1,0,0,1,0,0,0,0,7,10.5,50.0
1658,40.4577,-3.62669,1,1.0,2.0,35.0,98.0,1,0.53,204,50,3312.0,62.061453,9.2,1.0,1,0,0,0,1,1,0,0,0,0,0,0,0,7,10.5,50.0
1659,40.45774,-3.70133,3,1.0,2.0,35.0,0.0,1,0.0,144,200,3476.0,60.621287,5.9,1.0,1,0,0,0,0,1,0,1,1,0,0,0,0,7,25.5,50.0
1660,40.42588,-3.7034,1,1.0,1.0,35.0,0.0,1,0.0,92,50,4503.0,68.043894,0.8,1.5,1,0,0,0,0,1,0,0,1,0,0,0,0,9,12.0,50.0
1661,40.41425,-3.6969,2,1.0,1.0,30.0,100.0,1,0.04,93,50,4503.0,68.043894,0.8,2.0,1,0,0,0,0,1,0,0,1,0,0,0,0,7,21.0,50.0
1662,40.42681,-3.70186,2,0.0,1.0,25.0,0.0,1,0.0,27,200,4503.0,68.043894,0.8,1.0,1,0,0,0,0,0,0,0,0,0,0,0,0,7,18.0,50.0
1663,40.4366,-3.68287,2,1.0,1.0,98.0,93.0,2,1.48,304,200,5328.0,74.694253,2.2,1.0,1,0,0,1,0,1,0,1,1,0,1,0,0,7,18.0,100.0
1664,40.41537,-3.70331,4,1.0,2.0,60.0,93.0,13,5.34,636,200,4503.0,68.043894,0.8,1.0,1,0,0,0,0,1,0,1,1,0,1,0,1,9,33.0,100.0
1665,40.39515,-3.73554,2,1.0,1.0,49.0,99.0,1,0.97,520,50,2195.0,47.402837,6.6,1.0,0,0,0,0,1,1,0,1,0,0,1,0,0,0,18.0,50.0
1666,40.41755,-3.70388,6,2.0,4.0,85.0,94.0,13,6.38,656,200,4503.0,68.043894,0.8,1.0,1,0,0,0,0,1,0,1,1,1,1,0,1,9,48.0,100.0
1667,40.41301,-3.72495,4,1.0,2.0,60.0,94.0,2,1.55,401,200,2287.0,47.008319,4.7,1.0,1,0,0,0,0,1,0,1,0,1,0,0,0,8,33.0,100.0
1668,40.4163,-3.71103,2,1.0,2.0,28.0,60.0,7,0.21,482,50,4503.0,68.043894,0.8,1.0,1,0,0,0,0,1,0,1,1,1,1,0,0,7,18.0,50.0
1669,40.431,-3.67715,2,1.0,1.0,25.0,99.0,1,1.68,188,50,5328.0,74.694253,2.2,1.0,0,0,0,0,1,1,0,0,1,0,0,0,0,10,18.0,50.0
1670,40.4066,-3.69435,2,1.0,2.0,264.0,100.0,2,0.02,134,50,3917.0,55.025641,1.9,1.0,0,0,0,0,0,1,0,1,0,0,0,0,0,7,18.0,200.0
1671,40.42643,-3.65613,4,1.0,2.0,44.0,76.0,3,0.15,280,200,2893.0,50.090625,6.5,2.5,1,0,0,0,0,1,0,1,0,0,1,0,0,7,37.5,50.0
1672,40.40596,-3.69524,1,1.0,1.0,20.0,0.0,1,0.0,105,50,3917.0,55.025641,1.9,2.0,1,0,0,0,0,1,0,0,1,0,0,0,0,7,13.5,50.0
1673,40.39773,-3.69503,2,1.0,1.0,30.0,0.0,1,0.0,99,50,3917.0,55.025641,1.9,1.0,1,0,0,0,0,1,0,0,1,0,0,0,0,7,18.0,50.0
1674,40.45546,-3.69918,2,1.0,2.0,46.0,99.0,1,0.87,469,50,3476.0,60.621287,5.9,2.0,1,0,0,0,0,1,0,1,1,0,1,0,0,7,21.0,50.0
1675,40.4311,-3.69677,4,1.0,4.0,49.0,90.0,8,0.24,165,200,4855.0,64.056634,2.4,1.0,1,0,0,0,0,1,0,1,1,0,0,0,0,11,33.0,50.0
1676,40.41446,-3.69889,4,2.0,3.0,128.0,90.0,7,3.3,430,200,4503.0,68.043894,0.8,2.0,1,0,0,0,0,1,0,1,0,1,1,0,0,9,36.0,150.0
1677,40.42553,-3.67824,2,1.0,1.0,39.0,93.0,1,0.94,307,200,5328.0,74.694253,2.2,1.0,1,0,0,0,0,1,0,1,0,0,1,0,0,7,18.0,50.0
1678,40.44168,-3.67832,1,1.0,1.0,27.0,94.0,2,1.26,576,50,4508.0,67.220486,5.8,1.0,0,0,0,0,0,1,1,1,1,1,1,0,0,7,10.5,50.0
1679,40.39695,-3.70418,2,1.0,1.0,30.0,0.0,3,0.0,131,50,3917.0,55.025641,1.9,1.0,1,0,0,0,0,1,0,0,1,0,0,0,0,9,18.0,50.0
1680,40.42195,-3.70585,1,1.0,1.0,20.0,98.0,3,0.14,131,50,4503.0,68.043894,0.8,1.0,1,0,0,0,0,1,0,0,1,0,0,0,0,9,10.5,50.0
1681,40.43731,-3.71395,1,1.0,1.0,23.0,0.0,1,0.0,93,50,4855.0,64.056634,2.4,1.0,1,0,0,0,0,1,0,0,1,0,0,0,0,7,10.5,50.0
1682,40.4247,-3.67858,2,1.0,1.0,30.0,97.0,2,0.73,397,50,5328.0,74.694253,2.2,1.0,0,0,0,0,0,1,0,0,1,1,1,0,0,7,18.0,50.0
1683,40.43738,-3.68147,3,2.0,3.0,89.0,0.0,2,0.04,221,200,5328.0,74.694253,2.2,1.0,1,0,0,0,0,0,0,0,1,0,1,0,0,9,25.5,100.0
1684,40.41462,-3.72327,2,1.0,1.0,25.0,80.0,1,0.01,143,200,2287.0,47.008319,4.7,1.0,1,0,0,0,0,0,0,0,1,0,0,0,0,7,18.0,50.0
1685,40.42256,-3.70186,2,1.0,1.0,61.0,100.0,1,0.1,309,50,4503.0,68.043894,0.8,1.0,1,0,0,0,0,1,0,1,1,0,0,0,0,10,18.0,100.0
1686,40.41577,-3.70855,4,1.0,2.0,78.0,96.0,1,1.7,506,200,4503.0,68.043894,0.8,1.0,1,0,0,0,0,1,0,1,1,1,1,0,0,8,33.0,100.0
1687,40.42086,-3.70826,2,1.0,1.0,40.0,0.0,1,0.0,147,200,4503.0,68.043894,0.8,1.0,1,0,0,0,0,1,0,1,1,0,0,0,0,7,18.0,50.0
1688,40.42791,-3.6771,1,1.0,1.0,30.0,97.0,1,2.81,361,50,5328.0,74.694253,2.2,1.0,0,0,0,0,0,1,0,0,1,1,0,0,0,7,10.5,50.0
1689,40.40845,-3.70335,3,0.0,2.0,40.0,0.0,2,0.0,122,200,4503.0,68.043894,0.8,1.0,1,0,0,0,0,0,0,1,1,0,0,0,0,7,25.5,50.0
1690,40.42675,-3.71063,2,1.0,2.0,50.0,0.0,1,0.0,110,200,4503.0,68.043894,0.8,1.0,1,0,0,0,0,1,0,1,1,0,0,0,0,7,18.0,50.0
1691,40.42558,-3.69963,2,1.0,1.0,80.0,0.0,1,0.02,205,200,4503.0,68.043894,0.8,1.0,1,0,0,0,0,1,0,0,1,0,0,0,0,8,18.0,100.0
1692,40.45323,-3.69916,2,1.0,1.0,39.0,100.0,1,0.02,116,50,3476.0,60.621287,5.9,2.0,1,0,0,0,0,1,0,1,0,0,0,0,0,7,21.0,50.0
1693,40.41266,-3.70927,3,1.0,2.0,44.0,99.0,1,1.85,484,50,4503.0,68.043894,0.8,1.0,0,0,0,0,0,1,0,1,0,0,0,0,0,7,25.5,50.0
1694,40.4269,-3.71083,4,2.0,3.0,185.0,99.0,1,0.49,336,200,4503.0,68.043894,0.8,1.0,1,0,0,0,0,1,0,1,1,0,1,0,0,7,33.0,200.0
1695,40.41576,-3.70539,2,1.0,1.0,25.0,0.0,1,0.0,158,50,4503.0,68.043894,0.8,1.0,1,0,0,0,0,1,0,1,1,0,0,0,0,11,18.0,50.0
1696,40.41355,-3.70891,2,1.0,2.0,50.0,93.0,13,0.17,186,200,4503.0,68.043894,0.8,1.0,1,0,0,0,0,1,0,1,1,0,0,0,0,7,18.0,50.0
1697,40.41939,-3.69998,2,1.0,1.0,44.0,83.0,2,0.54,62,200,4503.0,68.043894,0.8,1.0,1,1,1,1,1,1,1,1,1,1,1,1,1,8,18.0,50.0
1698,40.40259,-3.70243,2,1.0,1.0,51.0,97.0,1,0.82,352,200,3917.0,55.025641,1.9,1.0,1,1,1,1,1,1,1,1,1,1,1,1,1,7,18.0,100.0
1699,40.38968,-3.69948,1,1.0,1.0,13.0,0.0,1,0.0,124,50,2316.0,43.910072,4.6,2.0,1,0,0,0,0,1,0,1,1,0,0,0,0,7,13.5,50.0
1700,40.40939,-3.73828,2,1.0,1.0,12.0,80.0,1,0.01,87,50,2287.0,47.008319,4.7,1.0,1,0,0,0,0,1,0,0,0,0,0,0,0,7,18.0,50.0
1701,40.43383,-3.65488,1,1.0,1.0,30.0,0.0,1,0.0,81,50,2893.0,50.090625,6.5,2.0,1,0,0,0,0,1,0,0,0,0,0,0,0,9,13.5,50.0
1702,40.41234,-3.71112,2,0.0,1.0,65.0,100.0,1,0.01,148,200,4503.0,68.043894,0.8,1.0,1,0,0,0,0,1,0,1,1,0,0,0,0,0,18.0,100.0
1703,40.41478,-3.7111,3,1.0,2.0,100.0,94.0,2,0.99,366,200,4503.0,68.043894,0.8,1.0,1,0,0,0,0,1,0,1,0,0,1,0,0,10,25.5,100.0
1704,40.42026,-3.67636,2,1.0,1.0,29.0,98.0,1,0.35,281,50,4220.0,63.672727,3.2,1.0,0,0,0,0,0,1,0,0,1,0,1,0,1,7,18.0,50.0
1705,40.42813,-3.70071,3,1.0,2.0,50.0,0.0,1,0.0,83,50,4503.0,68.043894,0.8,1.0,1,0,0,0,0,1,0,0,1,0,0,0,0,7,25.5,50.0
1706,40.42425,-3.68818,2,1.0,1.0,100.0,60.0,2,0.07,349,200,5328.0,74.694253,2.2,1.0,1,0,0,0,0,1,0,1,1,0,1,0,0,8,18.0,100.0
1707,40.44839,-3.68704,4,2.0,4.0,284.0,0.0,92,0.0,223,200,4508.0,67.220486,5.8,2.0,1,0,0,0,0,1,1,1,1,0,1,0,0,7,36.0,200.0
1708,40.4485,-3.68707,4,2.0,4.0,310.0,0.0,92,0.0,243,200,4508.0,67.220486,5.8,2.0,1,0,0,0,0,1,1,1,1,0,1,0,0,7,36.0,200.0
1709,40.42267,-3.70772,2,1.0,1.0,33.0,90.0,20,5.48,382,50,4503.0,68.043894,0.8,1.0,1,0,0,0,0,1,0,0,0,1,0,0,0,8,18.0,50.0
1710,40.44916,-3.70471,1,1.0,1.0,30.0,0.0,1,0.0,87,50,3476.0,60.621287,5.9,2.0,1,0,0,0,0,1,0,0,0,0,0,0,0,7,13.5,50.0
1711,40.4628,-3.70288,1,1.0,1.0,20.0,95.0,11,1.77,422,50,3476.0,60.621287,5.9,2.0,1,0,0,0,0,1,0,1,1,0,1,0,0,7,13.5,50.0
1712,40.40595,-3.67332,2,1.0,1.0,50.0,96.0,1,0.07,220,200,4220.0,63.672727,3.2,1.0,1,0,0,0,0,1,1,1,1,0,1,0,0,8,18.0,50.0
1713,40.46768,-3.62924,1,1.0,1.0,25.0,83.0,1,0.12,104,50,3312.0,62.061453,9.2,1.0,1,1,1,1,1,1,1,1,1,1,1,1,1,7,10.5,50.0
1714,40.431,-3.66599,2,2.0,4.0,68.0,98.0,2,1.01,468,50,5328.0,74.694253,2.2,2.5,1,0,0,0,0,1,1,1,0,1,1,0,0,7,22.5,100.0
1715,40.40642,-3.69343,1,1.0,1.0,20.0,90.0,1,0.03,72,50,3917.0,55.025641,1.9,2.0,1,0,0,0,0,1,0,0,1,0,0,0,0,7,13.5,50.0
1716,40.42276,-3.70125,2,1.0,1.0,50.0,0.0,1,0.0,62,50,4503.0,68.043894,0.8,2.0,1,0,0,0,0,1,0,0,0,0,0,0,0,7,21.0,50.0
1717,40.3956,-3.69396,3,1.0,2.0,20.0,0.0,1,0.0,154,50,3917.0,55.025641,1.9,1.0,1,0,0,0,0,1,0,1,0,0,0,0,0,7,25.5,50.0
1718,40.40384,-3.70613,5,2.0,2.0,127.0,95.0,1,3.19,696,200,3917.0,55.025641,1.9,2.0,1,0,0,0,0,1,1,1,1,0,1,0,0,7,43.5,150.0
1719,40.41735,-3.70166,2,1.0,1.0,47.0,98.0,1,4.95,429,50,4503.0,68.043894,0.8,3.0,1,0,0,0,0,1,0,1,1,0,0,0,0,7,24.0,50.0
1720,40.40368,-3.70021,8,2.0,4.0,500.0,98.0,3,0.27,618,200,3917.0,55.025641,1.9,2.0,1,0,0,0,0,1,0,1,1,1,0,0,1,9,66.0,200.0
1721,40.41095,-3.71261,5,1.0,3.0,65.0,99.0,1,1.6,245,200,4503.0,68.043894,0.8,1.0,1,0,0,0,0,1,0,1,1,0,1,0,0,7,40.5,100.0
1722,40.4133,-3.69678,4,0.0,2.0,78.0,94.0,4,3.28,392,200,4503.0,68.043894,0.8,1.0,1,0,0,0,0,1,0,1,1,1,0,0,1,7,33.0,100.0
1723,40.39436,-3.58521,6,2.0,3.0,167.0,0.0,1,0.0,27,200,2246.0,55.472222,11.2,2.0,1,0,0,0,0,0,0,0,0,0,0,0,0,7,51.0,200.0
1724,40.50088,-3.65595,4,2.0,1.0,80.0,100.0,1,0.06,179,200,3312.0,62.061453,9.2,2.0,1,1,1,1,1,1,1,1,1,1,1,1,1,8,36.0,100.0
1725,40.41824,-3.71009,3,1.0,1.0,94.0,97.0,1,0.64,224,200,4503.0,68.043894,0.8,1.0,1,0,0,0,0,1,0,1,1,0,1,0,0,7,25.5,100.0
1726,40.42672,-3.69474,4,2.0,3.0,400.0,92.0,1,1.44,455,200,4503.0,68.043894,0.8,2.0,1,0,0,0,0,1,0,1,1,0,1,0,0,8,36.0,200.0
1727,40.40697,-3.73305,4,1.0,1.0,45.0,92.0,1,1.05,248,200,2287.0,47.008319,4.7,1.0,1,0,0,0,0,1,0,1,1,0,1,0,0,8,33.0,50.0
1728,40.42291,-3.70786,2,1.0,1.0,40.0,89.0,20,5.48,256,50,4503.0,68.043894,0.8,1.0,1,0,0,0,0,1,0,0,0,0,1,0,0,8,18.0,50.0
1729,40.433,-3.68458,2,1.0,1.0,69.0,89.0,1,0.12,286,50,5328.0,74.694253,2.2,2.0,1,0,0,0,0,1,0,1,1,0,0,0,0,10,21.0,100.0
1730,40.4095,-3.69505,4,2.0,2.0,110.0,0.0,3,0.0,99,200,4503.0,68.043894,0.8,1.0,1,0,0,0,0,0,0,1,0,0,0,0,0,7,33.0,150.0
1731,40.40915,-3.69971,6,3.0,4.0,140.0,0.0,3,0.0,52,200,4503.0,68.043894,0.8,1.0,1,0,0,0,0,0,0,0,0,0,0,0,0,7,48.0,150.0
1732,40.42221,-3.69903,4,2.0,2.0,183.0,96.0,1,2.32,454,200,4503.0,68.043894,0.8,1.0,1,0,0,0,0,1,0,1,1,1,1,0,1,11,33.0,200.0
1733,40.44414,-3.69996,2,1.0,1.0,49.0,0.0,1,0.0,104,50,4855.0,64.056634,2.4,1.0,1,0,0,0,0,1,0,0,1,0,0,0,0,10,18.0,50.0
1734,40.41216,-3.70539,2,0.0,1.0,60.0,0.0,1,0.0,189,200,4503.0,68.043894,0.8,1.0,1,0,0,0,0,1,0,1,1,0,0,0,0,10,18.0,100.0
1735,40.44426,-3.70359,2,0.0,2.0,59.0,85.0,2,1.19,359,200,4855.0,64.056634,2.4,1.0,1,0,0,0,0,1,0,1,0,0,1,0,0,11,18.0,100.0
1736,40.41712,-3.7038,6,2.0,4.0,257.0,87.0,25,0.77,146,200,4503.0,68.043894,0.8,1.0,1,0,0,0,0,1,0,1,1,0,0,0,0,7,48.0,200.0
1737,40.4175,-3.70588,6,0.0,5.0,257.0,84.0,25,0.61,125,200,4503.0,68.043894,0.8,1.0,1,0,0,0,0,1,0,1,1,0,0,0,0,7,48.0,200.0
1738,40.41656,-3.70331,4,1.0,1.0,96.0,100.0,25,0.05,125,200,4503.0,68.043894,0.8,1.0,1,0,0,0,0,1,0,1,1,0,0,0,0,7,33.0,100.0
1739,40.41739,-3.70565,2,0.0,1.0,65.0,67.0,25,0.05,125,200,4503.0,68.043894,0.8,1.0,1,0,0,0,0,1,0,1,1,0,0,0,0,7,18.0,100.0
1740,40.4369,-3.70514,9,4.0,6.0,107.0,92.0,1,0.89,455,200,4855.0,64.056634,2.4,2.0,1,0,0,0,0,1,0,0,1,1,1,0,0,7,73.5,150.0
1741,40.46089,-3.65824,4,2.0,3.0,64.0,91.0,1,2.81,327,200,3312.0,62.061453,9.2,1.0,1,0,0,0,0,1,0,0,0,0,1,0,0,7,33.0,100.0
1742,40.40939,-3.69995,2,1.0,1.0,44.0,83.0,1,0.55,214,50,4503.0,68.043894,0.8,1.0,0,0,0,0,0,1,0,0,1,0,1,0,0,8,18.0,50.0
1743,40.42154,-3.68157,2,1.0,1.0,65.0,93.0,7,4.32,297,200,5328.0,74.694253,2.2,1.5,1,0,0,0,0,1,0,1,1,0,0,0,0,9,19.5,100.0
1744,40.42695,-3.67752,3,1.0,3.0,90.0,98.0,1,0.12,562,200,5328.0,74.694253,2.2,1.0,1,0,0,0,0,1,0,1,1,0,1,0,0,10,25.5,100.0
1745,40.41619,-3.70754,8,3.0,5.0,165.0,94.0,20,2.56,428,200,4503.0,68.043894,0.8,2.0,1,0,0,0,0,1,0,1,1,0,1,0,0,7,66.0,200.0
1746,40.44916,-3.69432,4,3.0,3.0,75.0,0.0,1,0.0,420,200,3476.0,60.621287,5.9,2.5,1,0,0,0,0,1,0,1,1,0,1,0,0,7,37.5,100.0
1747,40.40496,-3.69102,4,1.0,4.0,35.0,0.0,1,0.0,52,50,3917.0,55.025641,1.9,1.0,1,0,0,0,0,1,0,0,1,0,0,0,0,8,33.0,50.0
1748,40.43869,-3.624,4,1.0,1.0,55.0,92.0,4,1.89,375,200,2477.0,70.967532,7.3,1.5,1,0,0,1,0,1,0,1,1,1,1,0,0,7,34.5,100.0
1749,40.46686,-3.70172,2,1.0,1.0,26.0,94.0,2,1.38,485,50,3476.0,60.621287,5.9,1.0,0,0,0,0,0,1,0,0,1,0,1,0,1,8,18.0,50.0
1750,40.42606,-3.69182,2,1.0,1.0,72.0,98.0,2,2.49,286,200,4855.0,64.056634,2.4,1.0,1,0,0,0,0,1,0,1,1,0,0,0,0,8,18.0,100.0
1751,40.37828,-3.73505,1,1.0,1.0,35.0,98.0,2,0.12,160,50,2195.0,47.402837,6.6,1.0,1,0,0,0,1,1,0,1,1,0,0,0,0,10,10.5,50.0
1752,40.40837,-3.68318,2,2.0,2.0,59.0,86.0,1,0.11,165,200,4220.0,63.672727,3.2,1.0,1,0,0,0,0,1,0,1,1,0,1,0,0,8,18.0,100.0
1753,40.41958,-3.67843,4,2.0,3.0,146.0,92.0,1,0.55,388,200,4220.0,63.672727,3.2,2.0,1,0,0,0,0,1,1,1,1,0,1,0,0,7,36.0,150.0
1754,40.41063,-3.69485,2,1.0,1.0,33.0,94.0,1,1.01,485,50,4503.0,68.043894,0.8,1.0,0,0,0,0,0,1,0,1,1,0,1,0,1,7,18.0,50.0
1755,40.42999,-3.65837,4,2.0,2.0,125.0,0.0,1,0.0,109,200,2893.0,50.090625,6.5,2.0,1,0,0,0,0,1,0,0,1,0,0,0,0,10,36.0,150.0
1756,40.41154,-3.70919,2,1.0,1.0,25.0,0.0,1,0.0,85,50,4503.0,68.043894,0.8,1.0,1,0,0,0,0,0,0,0,1,0,0,0,0,7,18.0,50.0
1757,40.42715,-3.6967,2,1.0,2.0,78.0,97.0,1,0.58,232,200,4503.0,68.043894,0.8,1.0,1,0,0,0,0,1,0,1,0,0,0,0,0,8,18.0,100.0
1758,40.4096,-3.70423,1,1.0,1.0,15.0,93.0,1,0.13,120,50,4503.0,68.043894,0.8,1.0,0,0,0,0,0,1,0,0,0,0,0,0,0,7,10.5,50.0
1759,40.41058,-3.70217,4,0.0,2.0,41.0,93.0,17,1.91,512,200,4503.0,68.043894,0.8,1.0,1,0,0,0,0,1,0,1,1,0,1,0,0,9,33.0,50.0
1760,40.41058,-3.70217,3,0.0,1.0,40.0,94.0,17,2.68,515,200,4503.0,68.043894,0.8,1.0,1,0,0,0,0,1,0,1,1,0,1,0,0,9,25.5,50.0
1761,40.42638,-3.69705,2,1.0,1.0,67.0,0.0,1,0.0,188,200,4503.0,68.043894,0.8,1.0,1,0,0,0,0,1,0,1,1,0,0,0,0,7,18.0,100.0
1762,40.43698,-3.6992,2,1.0,1.0,100.0,100.0,1,0.07,321,200,4855.0,64.056634,2.4,2.0,1,0,0,0,0,1,0,0,1,0,1,0,0,9,21.0,100.0
1763,40.41084,-3.69892,1,1.0,1.0,40.0,0.0,1,0.0,78,200,4503.0,68.043894,0.8,1.0,1,0,0,0,0,1,0,1,1,0,0,0,0,7,10.5,50.0
1764,40.41967,-3.70072,5,2.0,4.0,200.0,99.0,1,0.89,457,200,4503.0,68.043894,0.8,2.0,1,0,0,0,0,1,0,1,0,0,1,0,0,9,43.5,200.0
1765,40.41651,-3.70464,4,1.0,2.0,79.0,87.0,4,1.45,136,200,4503.0,68.043894,0.8,1.0,1,0,0,0,0,1,0,1,1,0,0,0,0,10,33.0,100.0
1766,40.39586,-3.66562,2,1.0,1.0,52.0,0.0,3,0.04,316,200,1890.0,41.443535,5.0,1.0,1,0,0,0,0,1,0,1,0,0,1,0,0,7,18.0,100.0
1767,40.41023,-3.69859,6,2.0,2.0,76.0,95.0,7,0.41,463,200,4503.0,68.043894,0.8,1.0,1,0,0,0,0,1,0,1,0,0,1,0,0,8,48.0,100.0
1768,40.41598,-3.70487,2,1.0,1.0,50.0,96.0,1,0.17,394,200,4503.0,68.043894,0.8,1.0,1,0,0,0,0,1,0,1,1,0,1,0,0,8,18.0,50.0
1769,40.42433,-3.69949,2,1.0,1.0,55.0,88.0,1,0.22,273,200,4503.0,68.043894,0.8,1.0,1,1,1,1,1,1,1,1,1,1,1,1,1,7,18.0,100.0
1770,40.42299,-3.70754,2,1.0,1.0,18.0,89.0,20,5.86,277,50,4503.0,68.043894,0.8,1.0,0,0,0,0,0,1,0,0,0,0,0,0,0,8,18.0,50.0
1771,40.43076,-3.71916,1,1.0,1.0,19.0,90.0,1,0.8,464,50,3555.0,63.451906,5.9,1.0,1,1,1,1,1,1,1,1,1,1,1,1,1,7,10.5,50.0
1772,40.40918,-3.73434,1,1.0,1.0,23.0,99.0,2,0.44,498,50,2287.0,47.008319,4.7,1.0,0,0,0,0,0,1,0,1,0,1,1,0,0,8,10.5,50.0
1773,40.42861,-3.7087,1,1.0,1.0,28.0,0.0,1,0.0,74,50,4503.0,68.043894,0.8,1.0,1,0,0,0,0,1,0,0,1,0,0,0,0,7,10.5,50.0
1774,40.41592,-3.71021,3,1.0,2.0,65.0,70.0,1,0.04,109,200,4503.0,68.043894,0.8,1.0,1,0,0,0,0,1,0,0,0,0,0,0,0,8,25.5,100.0
1775,40.41525,-3.70994,1,1.0,1.0,22.0,96.0,3,1.25,116,50,4503.0,68.043894,0.8,2.0,1,0,0,0,0,1,0,0,1,0,1,0,0,9,13.5,50.0
1776,40.41558,-3.71024,2,1.0,1.0,25.0,94.0,3,0.26,116,50,4503.0,68.043894,0.8,2.0,0,0,0,0,0,1,0,0,1,0,1,0,0,9,21.0,50.0
1777,40.40915,-3.70134,6,0.0,4.0,58.0,87.0,4,5.47,539,200,4503.0,68.043894,0.8,1.0,1,0,0,0,0,1,0,1,1,0,1,0,1,8,48.0,100.0
1778,40.41003,-3.69848,2,1.0,1.0,60.0,90.0,2,3.99,373,200,4503.0,68.043894,0.8,1.5,1,0,0,0,0,1,0,1,0,1,1,0,0,7,19.5,100.0
1779,40.431,-3.66599,2,1.0,2.0,73.0,98.0,2,0.94,436,50,5328.0,74.694253,2.2,1.5,1,0,0,0,0,1,1,1,0,0,1,0,0,7,19.5,100.0
1780,40.4147,-3.70739,4,3.0,4.0,120.0,0.0,3,0.0,117,200,4503.0,68.043894,0.8,2.0,1,0,0,0,0,1,0,1,1,0,0,0,0,7,36.0,150.0
1781,40.4626,-3.69019,2,1.0,1.0,100.0,0.0,1,0.0,91,200,3476.0,60.621287,5.9,1.0,1,0,0,0,0,0,0,1,1,0,0,0,0,0,18.0,100.0
1782,40.42637,-3.6752,2,1.0,1.0,36.0,99.0,1,2.13,372,50,5328.0,74.694253,2.2,1.0,1,0,0,0,0,1,0,0,1,0,1,0,0,7,18.0,50.0
1783,40.44083,-3.69579,1,1.0,1.0,30.0,87.0,2,0.19,162,50,4855.0,64.056634,2.4,2.0,1,0,0,0,0,1,0,0,1,0,0,0,0,7,13.5,50.0
1784,40.42153,-3.70022,2,1.0,1.0,41.0,80.0,1,0.02,296,50,4503.0,68.043894,0.8,1.0,0,0,0,0,0,1,0,0,0,1,0,0,0,8,18.0,50.0
1785,40.4097,-3.70776,12,3.0,9.0,497.0,99.0,3,0.59,418,200,4503.0,68.043894,0.8,2.0,1,0,0,0,0,1,0,1,1,1,1,0,0,7,96.0,200.0
1786,40.42111,-3.67663,4,2.0,1.0,100.0,97.0,1,2.74,544,200,4220.0,63.672727,3.2,2.0,1,1,1,1,1,1,1,1,1,1,1,1,1,7,36.0,100.0
1787,40.43837,-3.67884,1,1.0,1.0,17.0,95.0,1,0.26,413,50,4508.0,67.220486,5.8,1.0,0,0,0,0,0,1,0,0,0,0,0,0,0,7,10.5,50.0
1788,40.41759,-3.71188,6,3.0,3.0,472.0,96.0,11,0.41,501,200,4503.0,68.043894,0.8,3.0,1,0,0,0,0,1,0,0,0,1,1,0,0,9,54.0,200.0
1789,40.40433,-3.70706,1,1.0,1.0,39.0,80.0,3,0.04,140,50,3917.0,55.025641,1.9,1.0,1,0,0,0,0,1,0,1,1,0,0,0,0,8,10.5,50.0
1790,40.40435,-3.70699,1,1.0,1.0,18.0,100.0,3,0.08,148,50,3917.0,55.025641,1.9,1.0,1,0,0,0,0,1,0,1,1,0,0,0,0,8,10.5,50.0
1791,40.42667,-3.70562,2,1.0,1.0,86.0,93.0,2,0.1,169,200,4503.0,68.043894,0.8,1.0,1,0,0,0,0,1,0,1,1,0,0,0,0,8,18.0,100.0
1792,40.36399,-3.76729,2,1.0,2.0,127.0,100.0,3,0.03,292,200,2287.0,47.008319,4.7,1.0,1,0,0,0,0,1,1,1,1,0,1,0,0,7,18.0,150.0
1793,40.40965,-3.70786,3,1.0,2.0,65.0,95.0,1,0.34,124,200,4503.0,68.043894,0.8,1.0,1,0,0,0,0,1,0,1,0,0,0,0,0,7,25.5,100.0
1794,40.41683,-3.67613,2,1.0,1.0,94.0,96.0,1,0.68,311,200,4220.0,63.672727,3.2,1.0,1,0,0,0,0,1,0,1,1,0,0,0,0,8,18.0,100.0
1795,40.41558,-3.703,8,2.0,4.0,80.0,0.0,1,0.0,158,50,4503.0,68.043894,0.8,2.0,1,0,0,0,0,1,0,1,0,0,0,0,0,10,66.0,100.0
1796,40.42139,-3.65127,2,1.0,1.0,21.0,95.0,2,1.01,234,50,2893.0,50.090625,6.5,1.0,1,1,1,1,1,1,1,1,1,1,1,1,1,7,18.0,50.0
1797,40.38756,-3.6979,1,1.0,1.0,25.0,0.0,1,0.0,110,50,2316.0,43.910072,4.6,2.0,1,0,0,0,0,1,0,0,1,0,0,0,0,7,13.5,50.0
1798,40.41804,-3.70975,2,1.0,1.0,35.0,0.0,1,0.0,55,50,4503.0,68.043894,0.8,1.0,1,0,0,0,0,1,0,0,1,0,0,0,0,7,18.0,50.0
1799,40.41581,-3.70269,8,3.0,6.0,77.0,90.0,1,3.34,563,200,4503.0,68.043894,0.8,1.0,1,0,0,0,0,1,0,1,0,1,1,0,0,7,63.0,100.0
1800,40.42381,-3.6179,1,1.0,1.0,16.0,97.0,2,6.68,252,50,2477.0,70.967532,7.3,1.0,1,1,1,1,1,1,1,1,1,1,1,1,1,7,10.5,50.0
1801,40.40943,-3.70757,2,1.0,1.0,26.0,91.0,2,1.03,255,50,4503.0,68.043894,0.8,1.0,0,0,0,0,0,1,0,0,1,0,1,0,0,7,18.0,50.0
1802,40.41515,-3.70008,6,3.0,3.0,99.0,93.0,7,0.73,445,200,4503.0,68.043894,0.8,1.0,1,0,0,0,0,1,0,1,0,0,1,0,0,8,48.0,100.0
1803,40.4098,-3.70041,2,1.0,1.0,20.0,95.0,2,0.06,82,50,4503.0,68.043894,0.8,3.0,1,0,0,0,0,1,0,0,1,0,0,0,0,7,24.0,50.0
1804,40.40959,-3.71149,8,3.0,4.0,73.0,91.0,3,0.49,430,200,4503.0,68.043894,0.8,1.0,1,0,0,0,0,1,0,1,0,0,1,0,0,9,63.0,100.0
1805,40.40761,-3.71138,6,2.0,4.0,113.0,97.0,1,1.59,429,200,4503.0,68.043894,0.8,2.0,1,0,0,0,0,1,0,1,1,0,1,0,0,7,51.0,150.0
1806,40.43139,-3.71421,2,1.0,1.0,29.0,0.0,1,0.0,131,50,4855.0,64.056634,2.4,2.0,1,0,0,0,0,1,0,1,1,0,0,0,0,8,21.0,50.0
1807,40.41484,-3.69919,2,1.0,2.0,96.0,95.0,1,0.07,208,200,4503.0,68.043894,0.8,1.0,1,0,0,0,0,1,0,1,0,0,1,0,0,11,18.0,100.0
1808,40.43765,-3.66051,2,1.0,2.0,36.0,98.0,1,1.79,484,50,5328.0,74.694253,2.2,2.0,1,0,0,0,0,1,0,1,1,0,1,0,0,0,21.0,50.0
1809,40.41471,-3.71309,6,3.0,5.0,315.0,99.0,6,1.18,201,200,4503.0,68.043894,0.8,2.5,1,0,0,0,0,1,0,1,1,0,1,0,0,7,52.5,200.0
1810,40.41282,-3.69973,5,2.0,3.0,73.0,93.0,23,4.46,499,200,4503.0,68.043894,0.8,2.0,1,0,0,1,0,1,0,1,0,1,1,0,0,10,43.5,100.0
1811,40.41912,-3.70179,10,3.0,8.0,150.0,97.0,1,1.84,506,200,4503.0,68.043894,0.8,2.0,1,0,0,0,0,1,0,1,1,0,1,0,1,7,81.0,150.0
1812,40.40965,-3.71257,2,1.0,1.0,80.0,100.0,1,0.06,172,200,4503.0,68.043894,0.8,1.0,1,0,0,0,0,1,0,1,1,0,1,0,0,10,18.0,100.0
1813,40.43415,-3.70526,2,1.0,1.0,40.0,100.0,1,0.01,138,200,4855.0,64.056634,2.4,1.0,1,0,0,0,0,1,0,1,1,0,0,0,0,7,18.0,50.0
1814,40.41171,-3.70078,4,1.0,2.0,72.0,88.0,1,1.52,575,200,4503.0,68.043894,0.8,1.0,1,0,0,0,0,1,0,1,1,0,0,1,1,7,33.0,100.0
1815,40.43571,-3.67927,6,2.0,3.0,100.0,90.0,2,0.07,303,200,5328.0,74.694253,2.2,2.0,1,0,0,0,0,1,0,0,1,1,1,0,0,8,51.0,100.0
1816,40.41276,-3.69495,2,1.0,2.0,43.0,93.0,4,2.44,339,50,4503.0,68.043894,0.8,1.5,1,0,0,0,0,1,0,1,1,1,0,0,0,7,19.5,50.0
1817,40.40013,-3.70194,2,1.0,1.0,58.0,80.0,1,0.03,155,200,3917.0,55.025641,1.9,1.0,1,0,0,1,0,1,0,0,1,0,1,0,0,7,18.0,100.0
1818,40.41177,-3.70664,8,4.0,5.0,104.0,96.0,7,0.51,403,200,4503.0,68.043894,0.8,1.5,1,0,0,0,0,1,0,0,0,1,1,0,0,8,64.5,150.0
1819,40.40918,-3.71226,4,1.0,2.0,65.0,95.0,2,1.32,372,200,4503.0,68.043894,0.8,1.0,1,0,0,0,0,1,0,0,0,1,1,0,0,7,33.0,100.0
1820,40.39587,-3.71356,2,1.0,1.0,80.0,85.0,1,0.27,216,200,2195.0,47.402837,6.6,1.0,1,0,0,0,0,1,0,1,1,0,1,0,0,7,18.0,100.0
1821,40.4243,-3.70484,5,2.0,2.0,125.0,0.0,1,0.0,76,200,4503.0,68.043894,0.8,1.5,1,0,0,0,0,1,0,0,0,0,0,0,0,7,42.0,150.0
1822,40.40475,-3.70882,2,1.0,1.0,30.0,0.0,1,0.0,119,50,3917.0,55.025641,1.9,1.0,1,0,0,0,0,1,1,0,1,0,0,0,0,11,18.0,50.0
1823,40.41539,-3.71207,2,1.0,1.0,90.0,100.0,1,0.39,416,200,4503.0,68.043894,0.8,1.0,1,0,0,0,0,1,0,1,1,1,1,0,0,7,18.0,100.0
1824,40.40917,-3.71087,4,0.0,2.0,41.0,93.0,1,3.97,394,200,4503.0,68.043894,0.8,1.0,1,0,0,0,1,1,0,1,1,0,1,0,0,7,33.0,50.0
1825,40.40962,-3.61418,1,1.0,1.0,24.0,98.0,1,0.16,241,50,2246.0,55.472222,11.2,1.5,1,0,0,0,0,1,0,0,0,0,1,0,0,7,12.0,50.0
1826,40.41151,-3.70755,13,1.0,1.0,30.0,95.0,9,1.96,479,50,4503.0,68.043894,0.8,2.0,0,0,0,0,0,1,0,0,0,1,1,0,0,7,103.5,50.0
1827,40.40733,-3.70144,2,1.0,1.0,25.0,0.0,1,0.0,92,50,4503.0,68.043894,0.8,1.0,1,0,0,0,0,1,0,0,0,0,0,0,0,9,18.0,50.0
1828,40.4163,-3.70435,3,1.0,2.0,59.0,93.0,2,7.69,298,200,4503.0,68.043894,0.8,1.0,1,0,0,0,0,1,0,1,1,0,0,0,0,7,25.5,100.0
1829,40.45208,-3.68513,4,2.0,2.0,123.0,94.0,1,0.87,238,200,4508.0,67.220486,5.8,2.0,1,0,0,0,0,1,0,0,1,0,1,0,0,9,36.0,150.0
1830,40.41096,-3.69932,4,1.0,2.0,37.0,92.0,2,5.41,508,200,4503.0,68.043894,0.8,1.0,1,0,0,1,0,1,0,0,0,0,1,0,1,7,33.0,50.0
1831,40.41328,-3.7031,2,1.0,2.0,70.0,0.0,1,0.0,90,200,4503.0,68.043894,0.8,1.0,1,0,0,0,0,0,0,0,0,0,0,0,0,9,18.0,100.0
1832,40.39655,-3.70134,2,1.0,1.0,28.0,0.0,1,0.0,88,50,3917.0,55.025641,1.9,1.0,1,0,0,0,0,1,0,0,1,0,0,0,0,7,18.0,50.0
1833,40.42298,-3.70645,4,1.0,2.0,37.0,81.0,53,3.22,637,200,4503.0,68.043894,0.8,1.0,1,0,0,0,0,1,0,0,0,0,1,0,1,9,33.0,50.0
1834,40.45654,-3.69588,2,1.0,2.0,45.0,91.0,1,1.16,480,50,3476.0,60.621287,5.9,1.0,1,0,0,0,0,1,0,0,0,0,1,0,0,7,18.0,50.0
1835,40.43539,-3.68222,4,1.0,2.0,59.0,90.0,2,1.4,162,200,5328.0,74.694253,2.2,1.0,1,0,0,0,0,1,0,1,1,0,0,0,0,9,33.0,100.0
1836,40.37795,-3.73513,1,1.0,1.0,35.0,100.0,2,0.09,191,50,2195.0,47.402837,6.6,1.0,0,0,0,0,0,1,0,1,1,0,0,0,0,10,10.5,50.0
1837,40.43069,-3.71426,1,1.0,1.0,18.0,84.0,2,1.24,373,50,4855.0,64.056634,2.4,1.0,0,0,0,0,0,1,0,1,1,0,1,0,0,7,10.5,50.0
1838,40.41147,-3.7077,2,1.0,1.0,55.0,98.0,9,0.96,479,50,4503.0,68.043894,0.8,2.0,0,0,0,0,0,1,0,0,0,1,1,0,0,7,21.0,100.0
1839,40.42339,-3.70396,2,1.0,1.0,29.0,98.0,1,0.53,272,50,4503.0,68.043894,0.8,1.5,1,0,0,0,0,1,0,0,0,0,0,0,0,7,19.5,50.0
1840,40.41306,-3.70589,2,1.0,1.0,14.0,0.0,1,0.0,150,50,4503.0,68.043894,0.8,1.0,0,0,0,0,0,1,0,1,0,0,0,0,0,10,18.0,50.0
1841,40.41097,-3.69479,1,1.0,1.0,30.0,93.0,4,3.5,314,50,4503.0,68.043894,0.8,1.0,1,0,0,0,0,1,0,1,1,1,0,0,0,7,10.5,50.0
1842,40.42187,-3.70292,2,1.0,1.0,75.0,100.0,1,0.09,181,200,4503.0,68.043894,0.8,1.0,1,0,0,0,0,1,0,1,1,0,0,0,0,7,18.0,100.0
1843,40.4093,-3.69804,2,1.0,1.0,58.0,96.0,3,2.06,488,200,4503.0,68.043894,0.8,1.0,1,0,0,0,0,1,0,1,0,1,1,0,0,7,18.0,100.0
1844,40.42768,-3.70191,4,1.0,2.0,95.0,98.0,1,0.8,617,200,4503.0,68.043894,0.8,1.0,1,0,0,0,0,1,0,1,1,0,1,0,0,7,33.0,100.0
1845,40.41365,-3.70317,5,2.0,2.0,118.0,0.0,4,0.0,152,200,4503.0,68.043894,0.8,1.0,1,0,0,0,0,1,0,1,1,0,0,0,0,7,40.5,150.0
1846,40.43337,-3.6517,2,1.0,1.0,26.0,96.0,2,4.93,482,50,2893.0,50.090625,6.5,1.0,0,0,0,0,0,1,0,1,1,0,0,0,0,7,18.0,50.0
1847,40.41349,-3.69824,2,1.0,1.0,34.0,90.0,2,4.64,393,200,4503.0,68.043894,0.8,1.0,1,0,0,0,0,1,0,0,0,0,1,0,0,7,18.0,50.0
1848,40.42556,-3.70443,2,1.0,1.0,70.0,97.0,1,0.11,169,200,4503.0,68.043894,0.8,1.0,1,0,0,0,0,1,0,1,0,0,0,0,0,7,18.0,100.0
1849,40.42489,-3.70787,1,1.0,1.0,35.0,100.0,1,0.11,274,50,4503.0,68.043894,0.8,0.0,0,0,0,0,0,1,0,0,0,0,1,0,0,7,7.5,50.0
1850,40.41316,-3.70306,6,2.0,2.0,123.0,92.0,4,0.19,141,200,4503.0,68.043894,0.8,1.0,1,0,0,0,0,1,0,1,1,0,0,0,0,7,48.0,150.0
1851,40.41669,-3.70553,6,2.0,4.0,128.0,92.0,4,0.31,149,200,4503.0,68.043894,0.8,1.0,1,0,0,0,0,1,0,1,1,0,0,0,0,7,48.0,150.0
1852,40.39674,-3.65901,1,1.0,1.0,30.0,100.0,1,0.08,258,50,1890.0,41.443535,5.0,1.0,1,0,0,0,0,1,0,1,0,0,0,0,0,7,10.5,50.0
1853,40.45638,-3.67582,1,1.0,1.0,27.0,93.0,1,2.09,169,50,4508.0,67.220486,5.8,1.0,1,0,0,1,0,1,0,0,1,0,0,0,0,10,10.5,50.0
1854,40.39566,-3.72551,2,1.0,1.0,25.0,96.0,1,0.36,320,50,2195.0,47.402837,6.6,1.0,0,0,0,0,0,1,0,0,0,0,1,0,0,8,18.0,50.0
1855,40.41149,-3.70748,2,1.0,2.0,55.0,97.0,9,1.49,356,50,4503.0,68.043894,0.8,2.0,0,0,0,0,0,1,0,0,0,1,0,0,0,7,21.0,100.0
1856,40.46284,-3.63952,4,2.0,2.0,95.0,100.0,3,0.03,432,200,3312.0,62.061453,9.2,2.0,1,0,0,0,0,1,0,1,1,0,1,0,0,8,36.0,100.0
1857,40.43386,-3.65003,1,1.0,1.0,22.0,96.0,2,0.88,507,50,2893.0,50.090625,6.5,1.0,0,0,0,0,0,1,0,1,1,0,1,0,0,7,10.5,50.0
1858,40.41053,-3.70298,2,1.0,2.0,20.0,99.0,1,3.19,475,50,4503.0,68.043894,0.8,1.0,0,0,0,0,0,1,0,0,1,0,0,0,0,12,18.0,50.0
1859,40.48031,-3.66496,1,1.0,1.0,20.0,98.0,2,1.69,337,50,2893.0,50.090625,6.5,1.0,0,0,0,1,0,1,1,0,1,0,0,0,0,8,10.5,50.0
1860,40.48206,-3.66491,2,1.0,1.0,35.0,98.0,2,1.59,412,50,2893.0,50.090625,6.5,1.0,1,0,0,1,0,1,1,1,1,0,0,0,0,8,18.0,50.0
1861,40.42101,-3.71032,4,1.0,2.0,60.0,96.0,14,1.97,373,200,4503.0,68.043894,0.8,1.0,1,0,0,0,0,1,0,1,0,0,1,0,0,10,33.0,100.0
1862,40.42723,-3.70892,3,1.0,3.0,75.0,99.0,1,0.35,375,200,4503.0,68.043894,0.8,1.0,1,0,0,0,0,1,0,1,1,0,1,0,0,8,25.5,100.0
1863,40.40898,-3.71039,2,1.0,1.0,25.0,98.0,3,0.19,280,50,4503.0,68.043894,0.8,1.0,0,0,0,0,0,1,0,1,0,0,1,0,0,9,18.0,50.0
1864,40.41802,-3.67507,1,1.0,1.0,50.0,100.0,1,0.19,451,50,4220.0,63.672727,3.2,1.5,0,0,0,0,0,1,0,1,1,1,1,0,0,7,12.0,50.0
1865,40.41315,-3.69597,2,1.0,1.0,49.0,91.0,8,2.5,353,200,4503.0,68.043894,0.8,1.0,1,0,0,0,0,1,0,1,0,1,1,0,0,10,18.0,50.0
1866,40.38621,-3.73981,4,3.0,3.0,46.0,99.0,1,0.81,494,200,2195.0,47.402837,6.6,1.0,1,0,0,0,0,1,0,1,0,1,1,0,0,7,33.0,50.0
1867,40.40862,-3.69975,3,1.0,2.0,56.0,94.0,1,0.1,305,200,4503.0,68.043894,0.8,1.0,1,0,0,0,0,1,0,1,0,0,1,0,0,7,25.5,100.0
1868,40.43274,-3.71933,4,1.0,1.0,46.0,100.0,1,0.04,103,50,3555.0,63.451906,5.9,1.0,1,0,0,0,0,1,0,1,1,0,0,0,0,9,33.0,50.0
1869,40.42213,-3.7244,2,1.0,1.0,40.0,80.0,1,0.06,114,50,3555.0,63.451906,5.9,1.0,1,0,0,0,0,1,0,0,0,0,1,0,0,7,18.0,50.0
1870,40.43597,-3.68404,2,1.0,2.0,160.0,0.0,92,0.0,203,200,5328.0,74.694253,2.2,1.0,1,0,0,0,0,1,0,1,1,0,1,0,0,7,18.0,200.0
1871,40.42196,-3.69877,2,1.0,1.0,76.0,100.0,2,0.06,604,200,4503.0,68.043894,0.8,1.5,1,1,1,1,1,1,1,1,1,1,1,1,1,7,19.5,100.0
1872,40.41667,-3.70748,4,1.0,2.0,106.0,98.0,4,0.95,509,200,4503.0,68.043894,0.8,1.0,1,0,0,0,0,1,0,1,1,0,1,0,0,10,33.0,150.0
1873,40.41262,-3.72775,7,2.0,4.0,61.0,86.0,6,5.62,627,200,2287.0,47.008319,4.7,1.0,1,0,0,0,0,1,0,1,1,0,1,0,1,7,55.5,100.0
1874,40.41087,-3.69612,4,2.0,2.0,44.0,82.0,1,4.48,275,200,4503.0,68.043894,0.8,1.0,1,0,0,0,0,1,0,1,0,0,1,0,0,7,33.0,50.0
1875,40.3779,-3.75392,1,1.0,1.0,18.0,88.0,1,0.34,483,50,2195.0,47.402837,6.6,1.5,0,0,0,0,0,1,0,0,1,1,1,0,0,6,12.0,50.0
1876,40.378,-3.75395,1,1.0,1.0,23.0,93.0,2,0.24,445,50,2195.0,47.402837,6.6,1.5,0,0,0,0,0,1,0,0,1,1,0,0,0,7,12.0,50.0
1877,40.46861,-3.72188,1,1.0,1.0,20.0,95.0,2,0.5,383,50,3555.0,63.451906,5.9,1.5,0,0,0,0,0,1,0,0,1,0,1,0,0,7,12.0,50.0
1878,40.40281,-3.69248,6,2.0,3.0,86.0,93.0,4,1.47,253,200,3917.0,55.025641,1.9,1.5,1,0,0,0,0,1,0,1,1,0,0,0,0,10,49.5,100.0
1879,40.42561,-3.70302,2,1.0,1.0,29.0,87.0,8,5.57,445,50,4503.0,68.043894,0.8,1.0,0,0,0,0,0,1,0,0,0,1,1,0,0,10,18.0,50.0
1880,40.42512,-3.70019,1,1.0,1.0,18.0,90.0,5,0.24,424,50,4503.0,68.043894,0.8,3.0,0,0,0,0,0,1,0,0,1,1,1,0,0,9,16.5,50.0
1881,40.42591,-3.70598,1,1.0,1.0,40.0,99.0,1,0.44,286,50,4503.0,68.043894,0.8,1.0,1,1,1,1,1,1,1,1,1,1,1,1,1,8,10.5,50.0
1882,40.40329,-3.67467,1,1.0,1.0,28.0,0.0,2,0.0,378,50,4220.0,63.672727,3.2,1.0,0,0,0,0,0,1,0,1,1,0,0,0,0,7,10.5,50.0
1883,40.41132,-3.70982,2,1.0,1.0,29.0,92.0,1,0.07,95,50,4503.0,68.043894,0.8,2.0,1,0,0,0,0,1,0,0,0,0,0,0,0,7,21.0,50.0
1884,40.40698,-3.70198,1,1.0,1.0,30.0,93.0,1,1.23,534,50,4503.0,68.043894,0.8,1.5,0,0,0,0,0,1,0,0,0,0,1,0,0,7,12.0,50.0
1885,40.40492,-3.67553,4,1.0,2.0,43.0,97.0,3,3.29,370,200,4220.0,63.672727,3.2,1.0,1,0,0,0,0,1,0,1,1,0,1,0,0,7,33.0,50.0
1886,40.41718,-3.70415,7,2.0,4.0,106.0,98.0,1,2.46,594,200,4503.0,68.043894,0.8,1.0,1,0,0,0,0,1,0,1,1,1,1,0,0,8,55.5,150.0
1887,40.48352,-3.70524,2,1.0,1.0,300.0,100.0,1,0.01,235,50,3545.0,57.198083,16.4,1.0,1,0,0,0,0,1,1,1,1,0,1,0,0,7,18.0,200.0
1888,40.41044,-3.69437,2,1.0,2.0,33.0,98.0,2,1.72,279,50,4503.0,68.043894,0.8,1.0,0,0,0,1,0,1,0,0,0,0,1,0,0,8,18.0,50.0
1889,40.41964,-3.70261,4,1.0,2.0,83.0,97.0,1,0.81,292,200,4503.0,68.043894,0.8,1.0,1,0,0,0,0,1,0,1,1,0,1,0,0,10,33.0,100.0
1890,40.42915,-3.71034,2,1.0,1.0,55.0,98.0,1,0.55,459,50,4503.0,68.043894,0.8,1.0,1,0,0,0,0,1,0,1,1,0,1,0,0,7,18.0,100.0
1891,40.42133,-3.698,3,3.0,4.0,75.0,98.0,2,1.46,558,200,4503.0,68.043894,0.8,2.0,1,0,0,0,0,1,0,0,0,1,0,0,0,7,28.5,100.0
1892,40.41353,-3.72023,1,1.0,1.0,20.0,97.0,2,0.31,199,50,3917.0,55.025641,1.9,0.0,1,0,0,0,0,1,0,0,1,0,0,0,0,8,7.5,50.0
1894,40.41044,-3.73523,2,1.0,1.0,12.0,85.0,2,2.61,149,50,2287.0,47.008319,4.7,1.0,0,0,0,0,0,1,0,0,0,0,0,0,0,10,18.0,50.0
1895,40.4163,-3.67359,1,1.0,1.0,49.0,92.0,31,0.25,657,50,4220.0,63.672727,3.2,1.0,0,0,0,0,0,1,0,1,1,1,1,0,0,8,10.5,50.0
1896,40.43163,-3.67591,1,1.0,1.0,35.0,0.0,1,0.0,151,50,5328.0,74.694253,2.2,1.0,1,0,0,0,0,1,0,1,1,0,0,0,0,7,10.5,50.0
1897,40.43755,-3.70445,1,1.0,1.0,54.0,0.0,12,0.0,141,50,4855.0,64.056634,2.4,1.0,1,0,0,0,0,1,0,0,1,0,0,0,0,11,10.5,100.0
1898,40.43984,-3.70494,1,1.0,1.0,60.0,0.0,12,0.0,102,50,4855.0,64.056634,2.4,2.0,1,0,0,0,0,1,0,0,1,0,0,0,0,11,13.5,100.0
1899,40.43753,-3.70463,1,1.0,1.0,48.0,80.0,12,0.1,173,50,4855.0,64.056634,2.4,1.0,1,0,0,0,0,1,0,0,1,0,0,0,0,11,10.5,50.0
1900,40.43975,-3.70541,1,1.0,1.0,60.0,0.0,12,0.0,127,50,4855.0,64.056634,2.4,1.0,1,0,0,0,0,1,0,0,1,0,0,0,0,11,10.5,100.0
1901,40.43947,-3.70356,1,1.0,1.0,48.0,100.0,12,0.09,161,50,4855.0,64.056634,2.4,1.0,1,0,0,0,0,1,0,1,1,0,0,0,0,11,10.5,50.0
1905,40.40854,-3.69815,4,1.0,2.0,60.0,89.0,5,4.11,548,200,4503.0,68.043894,0.8,1.0,1,0,0,0,0,1,0,1,0,0,1,0,0,8,33.0,100.0
1906,40.46322,-3.72396,1,1.0,1.0,25.0,98.0,3,0.43,638,50,3555.0,63.451906,5.9,1.0,0,0,0,0,0,1,0,1,0,1,1,0,0,7,10.5,50.0
1907,40.43354,-3.6507,2,1.0,1.0,30.0,95.0,1,0.65,54,50,2893.0,50.090625,6.5,1.5,1,1,1,1,1,1,1,1,1,1,1,1,1,7,19.5,50.0
1908,40.48556,-3.66573,2,1.0,1.0,110.0,100.0,1,0.26,494,200,3312.0,62.061453,9.2,1.5,1,1,1,1,1,1,1,1,1,1,1,1,1,7,19.5,150.0
1909,40.43229,-3.67494,1,1.0,1.0,20.0,95.0,2,2.76,379,50,5328.0,74.694253,2.2,1.0,0,0,0,0,0,1,0,0,1,0,1,0,0,10,10.5,50.0
1910,40.37843,-3.62901,4,2.0,3.0,150.0,93.0,1,0.18,290,200,2382.0,49.659794,11.0,2.0,1,0,0,0,0,1,0,1,1,0,1,0,0,8,36.0,150.0
1911,40.4133,-3.69678,4,1.0,2.0,71.0,91.0,4,3.42,302,200,4503.0,68.043894,0.8,1.0,1,0,0,0,0,1,0,1,1,0,0,0,1,7,33.0,100.0
1912,40.41045,-3.69721,2,0.0,1.0,42.0,92.0,1,3.03,280,200,4503.0,68.043894,0.8,1.0,1,0,0,0,0,1,0,1,1,0,1,0,0,7,18.0,50.0
1913,40.44468,-3.58021,2,1.0,1.0,82.0,98.0,2,0.2,252,50,2477.0,70.967532,7.3,1.5,1,0,0,0,0,1,0,0,1,0,1,0,0,9,19.5,100.0
1914,40.41373,-3.70613,2,1.0,1.0,23.0,96.0,1,0.71,323,50,4503.0,68.043894,0.8,1.5,0,0,0,0,0,1,0,0,0,1,1,0,0,8,19.5,50.0
1915,40.47853,-3.70301,2,1.0,1.0,16.0,89.0,2,0.23,386,50,3545.0,57.198083,16.4,2.0,0,0,0,0,0,1,0,0,1,0,1,0,0,7,21.0,50.0
1916,40.42099,-3.69777,2,1.0,1.0,64.0,97.0,2,3.73,449,200,4503.0,68.043894,0.8,1.5,1,0,0,0,0,1,0,1,0,0,1,0,0,10,19.5,100.0
1917,40.42215,-3.69829,2,1.0,1.0,68.0,96.0,2,3.08,461,200,4503.0,68.043894,0.8,1.0,1,0,0,0,0,1,0,0,0,0,1,0,0,10,18.0,100.0
1918,40.42156,-3.7094,6,2.0,4.0,1139.0,92.0,27,3.2,227,200,4503.0,68.043894,0.8,1.0,1,0,0,0,0,1,0,1,0,0,1,0,0,7,48.0,200.0
1919,40.46531,-3.72212,2,1.0,4.0,40.0,97.0,3,0.44,438,50,3555.0,63.451906,5.9,1.5,0,0,0,0,0,1,0,1,0,0,0,0,0,7,19.5,50.0
1920,40.42005,-3.69742,2,1.0,1.0,70.0,80.0,7,0.14,238,200,4503.0,68.043894,0.8,1.0,1,0,0,0,0,1,0,0,0,0,1,0,0,12,18.0,100.0
1921,40.42367,-3.70454,2,1.0,1.0,50.0,98.0,2,2.53,125,50,4503.0,68.043894,0.8,1.0,1,0,0,0,0,1,0,0,1,0,0,0,0,7,18.0,50.0
1923,40.41065,-3.70387,6,4.0,4.0,51.0,100.0,1,0.03,250,200,4503.0,68.043894,0.8,1.0,1,0,0,0,0,1,0,0,0,0,1,0,0,10,48.0,100.0
1924,40.37156,-3.74138,1,1.0,1.0,30.0,0.0,1,0.0,114,50,2195.0,47.402837,6.6,1.0,1,0,0,0,0,1,1,0,1,0,0,0,0,7,10.5,50.0
1925,40.40733,-3.70608,2,1.0,1.0,23.0,98.0,1,1.2,369,50,4503.0,68.043894,0.8,1.0,1,1,1,1,1,1,1,1,1,1,1,1,1,7,18.0,50.0
1926,40.3916,-3.64173,1,1.0,1.0,16.0,98.0,1,0.15,116,50,1890.0,41.443535,5.0,1.0,1,0,0,0,0,1,0,0,1,0,0,0,0,7,10.5,50.0
1927,40.41507,-3.70782,4,1.0,2.0,95.0,97.0,20,0.42,428,200,4503.0,68.043894,0.8,1.0,1,0,0,0,0,1,0,1,1,0,1,0,0,7,33.0,100.0
1928,40.39597,-3.68378,3,1.0,2.0,81.0,97.0,1,0.69,570,200,3917.0,55.025641,1.9,1.0,1,0,0,0,0,1,1,1,1,0,1,0,0,7,25.5,100.0
1929,40.43723,-3.7156,2,2.0,1.0,33.0,100.0,2,0.16,188,50,4855.0,64.056634,2.4,1.0,0,0,0,0,0,1,0,0,1,0,0,0,0,9,18.0,50.0
1930,40.42467,-3.67037,4,2.0,3.0,114.0,99.0,1,0.95,295,200,5328.0,74.694253,2.2,2.0,1,0,0,0,0,1,0,0,1,1,0,0,0,7,36.0,150.0
1931,40.40785,-3.70728,2,1.0,1.0,76.0,95.0,25,2.81,359,200,4503.0,68.043894,0.8,1.0,1,0,0,0,0,1,0,0,1,0,1,0,0,9,18.0,100.0
1932,40.39561,-3.68291,5,3.0,5.0,50.0,0.0,7,0.0,514,200,3917.0,55.025641,1.9,2.0,1,0,0,0,0,1,1,0,0,1,1,0,1,12,43.5,50.0
1933,40.40208,-3.70841,2,1.0,1.0,100.0,81.0,1,0.24,72,50,3917.0,55.025641,1.9,1.0,1,0,0,0,0,1,0,0,1,0,0,0,0,10,18.0,100.0
1934,40.48597,-3.73396,1,1.0,1.0,30.0,0.0,1,0.0,248,50,3545.0,57.198083,16.4,1.0,1,0,0,0,0,1,1,0,1,0,1,0,0,8,10.5,50.0
1935,40.42608,-3.6983,2,1.0,1.0,19.0,92.0,5,0.22,396,50,4503.0,68.043894,0.8,1.5,0,0,0,0,0,1,0,0,0,1,1,0,0,9,19.5,50.0
1936,40.42695,-3.67662,5,2.0,4.0,82.0,94.0,1,2.17,408,200,5328.0,74.694253,2.2,1.0,1,0,0,0,0,1,0,1,1,0,1,0,0,7,40.5,100.0
1937,40.42927,-3.69167,2,1.0,1.0,36.0,90.0,1,0.12,200,50,4855.0,64.056634,2.4,1.5,1,0,0,0,0,1,0,0,0,0,0,0,0,9,19.5,50.0
1938,40.45411,-3.61186,5,1.0,5.0,72.0,98.0,2,1.89,851,200,3312.0,62.061453,9.2,1.0,1,0,0,0,1,1,0,1,0,0,1,1,1,8,40.5,100.0
1939,40.41784,-3.70888,4,3.0,5.0,120.0,93.0,1,0.05,161,200,4503.0,68.043894,0.8,2.0,1,0,0,0,0,1,0,0,1,0,0,0,0,9,36.0,150.0
1940,40.41955,-3.70915,5,3.0,5.0,150.0,84.0,1,0.14,134,200,4503.0,68.043894,0.8,2.0,1,0,0,0,0,1,0,0,0,0,0,0,0,7,43.5,150.0
1941,40.42328,-3.70661,4,1.0,2.0,102.0,95.0,2,0.58,216,200,4503.0,68.043894,0.8,1.0,1,0,0,0,0,1,0,0,1,0,1,0,0,7,33.0,150.0
1942,40.42255,-3.6662,4,1.0,1.0,87.0,91.0,25,0.27,583,200,5328.0,74.694253,2.2,1.0,1,0,0,0,0,0,0,1,0,0,1,1,0,11,33.0,100.0
1943,40.40832,-3.70185,4,1.0,1.0,80.0,98.0,1,0.36,283,200,4503.0,68.043894,0.8,1.0,1,0,0,0,0,1,0,1,1,0,1,0,0,7,33.0,100.0
1944,40.41246,-3.71135,2,1.0,1.0,55.0,97.0,2,0.21,131,50,4503.0,68.043894,0.8,1.0,1,0,0,0,0,1,0,1,0,0,0,0,0,8,18.0,100.0
1945,40.41673,-3.70969,5,2.0,2.0,98.0,98.0,6,3.37,336,200,4503.0,68.043894,0.8,1.0,1,0,0,0,0,1,0,1,1,0,0,0,0,9,40.5,100.0
1946,40.42253,-3.69639,3,0.0,2.0,95.0,97.0,1,0.55,164,200,4503.0,68.043894,0.8,1.0,1,0,0,0,0,1,0,1,1,0,1,0,0,7,25.5,100.0
1947,40.42366,-3.70102,5,3.0,3.0,75.0,95.0,6,1.54,523,200,4503.0,68.043894,0.8,1.0,1,0,0,0,0,1,0,1,0,0,1,0,0,9,40.5,100.0
1948,40.38387,-3.73111,1,1.0,2.0,325.0,0.0,1,0.0,73,50,2195.0,47.402837,6.6,1.0,1,0,0,0,0,0,0,0,0,0,0,0,0,7,10.5,200.0
1949,40.42046,-3.67426,2,1.0,1.0,45.0,99.0,1,1.22,406,50,4220.0,63.672727,3.2,1.0,1,0,0,1,1,1,0,1,1,1,1,0,0,8,18.0,50.0
1950,40.41489,-3.70142,6,2.0,3.0,142.0,94.0,23,4.34,497,200,4503.0,68.043894,0.8,2.0,1,0,0,0,0,1,0,1,1,1,0,0,0,10,51.0,150.0
1951,40.42436,-3.69933,4,1.0,4.0,50.0,97.0,2,2.65,506,50,4503.0,68.043894,0.8,1.0,0,0,0,0,0,1,0,0,0,1,0,0,0,7,33.0,50.0
1952,40.38888,-3.73761,1,1.0,1.0,20.0,89.0,1,0.53,451,50,2195.0,47.402837,6.6,1.0,0,0,0,0,0,1,0,0,1,1,1,0,0,7,10.5,50.0
1953,40.40879,-3.71539,4,1.0,2.0,60.0,90.0,1,0.03,84,200,4503.0,68.043894,0.8,1.0,1,0,0,0,0,0,0,1,1,0,0,0,0,8,33.0,100.0
1954,40.41071,-3.69525,2,1.0,1.0,43.0,94.0,4,1.99,319,50,4503.0,68.043894,0.8,1.0,1,0,0,0,0,1,0,1,1,0,0,0,0,7,18.0,50.0
1955,40.41503,-3.70816,4,1.0,2.0,76.0,99.0,1,2.57,445,200,4503.0,68.043894,0.8,1.0,1,0,0,0,0,1,0,1,0,1,1,0,0,10,33.0,100.0
1956,40.42281,-3.69647,2,0.0,1.0,42.0,93.0,20,4.23,443,200,4503.0,68.043894,0.8,1.0,1,0,0,0,0,1,0,1,1,0,1,0,0,9,18.0,50.0
1957,40.41518,-3.71204,3,1.0,2.0,77.0,93.0,1,1.12,341,200,4503.0,68.043894,0.8,1.0,1,0,0,0,0,1,0,1,1,1,1,0,0,9,25.5,100.0
1958,40.43088,-3.71636,2,0.0,1.0,50.0,96.0,5,0.91,412,200,3555.0,63.451906,5.9,1.0,1,0,0,0,0,1,0,1,1,0,1,0,0,7,18.0,50.0
1959,40.42859,-3.73477,4,2.0,2.0,107.0,96.0,1,0.98,509,200,3555.0,63.451906,5.9,1.0,1,0,0,0,0,0,0,1,0,0,1,0,1,7,33.0,150.0
1960,40.36851,-3.70284,2,1.0,1.0,25.0,95.0,1,1.21,314,50,2316.0,43.910072,4.6,1.0,0,0,0,0,0,1,0,0,1,0,1,0,0,7,18.0,50.0
1961,40.4249,-3.70741,3,1.0,2.0,69.0,99.0,1,1.79,602,200,4503.0,68.043894,0.8,1.0,1,0,0,0,0,1,0,1,1,0,1,0,0,11,25.5,100.0
1962,40.40919,-3.73071,2,1.0,2.0,22.0,85.0,2,0.33,275,50,2287.0,47.008319,4.7,1.0,0,0,0,0,0,1,0,0,0,1,1,0,0,9,18.0,50.0
1963,40.4352,-3.71493,2,1.0,1.0,31.0,97.0,2,2.02,144,50,4855.0,64.056634,2.4,2.0,1,0,0,0,0,1,0,0,1,0,1,0,0,8,21.0,50.0
1964,40.4277,-3.68553,4,2.0,2.0,177.0,99.0,1,1.61,457,200,5328.0,74.694253,2.2,2.0,1,0,0,0,0,1,0,1,1,0,1,0,0,7,36.0,200.0
1965,40.40134,-3.6648,1,1.0,1.0,30.0,99.0,1,0.91,353,50,1890.0,41.443535,5.0,1.0,1,0,0,0,0,1,0,0,0,1,0,0,0,7,10.5,50.0
1966,40.40354,-3.70311,2,1.0,2.0,23.0,97.0,2,1.77,505,50,3917.0,55.025641,1.9,1.0,0,0,0,0,0,1,0,0,0,0,1,0,0,7,18.0,50.0
1967,40.42504,-3.71238,2,1.0,2.0,40.0,98.0,1,3.49,318,50,3555.0,63.451906,5.9,2.0,1,0,0,0,0,1,0,1,1,0,1,0,0,7,21.0,50.0
1968,40.40753,-3.69912,2,1.0,1.0,30.0,97.0,2,3.7,256,200,4503.0,68.043894,0.8,1.0,1,0,0,0,0,1,0,1,0,0,1,0,0,7,18.0,50.0
1969,40.41933,-3.65106,4,2.0,2.0,42.0,89.0,2,0.21,348,200,2893.0,50.090625,6.5,1.0,1,0,0,0,0,1,0,1,1,1,1,0,0,7,33.0,50.0
1970,40.41377,-3.70153,4,1.0,3.0,99.0,99.0,9,0.52,469,200,4503.0,68.043894,0.8,1.0,1,0,0,0,0,1,0,1,1,0,1,0,0,7,33.0,100.0
1971,40.427,-3.71115,2,1.0,1.0,102.0,94.0,7,1.03,254,200,4503.0,68.043894,0.8,1.0,1,0,0,0,0,1,0,1,1,0,1,0,0,7,18.0,150.0
1972,40.48141,-3.71409,4,2.0,3.0,60.0,97.0,1,0.69,310,200,3545.0,57.198083,16.4,1.5,1,0,0,0,0,1,0,1,1,1,1,0,0,8,34.5,100.0
1973,40.41113,-3.69448,2,0.0,1.0,31.0,86.0,1,4.28,369,200,4503.0,68.043894,0.8,1.0,1,0,0,0,0,1,0,1,0,0,0,0,0,7,18.0,50.0
1975,40.40926,-3.7073,2,1.0,1.0,39.0,99.0,1,3.61,334,50,4503.0,68.043894,0.8,1.0,0,0,0,0,0,1,0,1,0,1,0,0,0,7,18.0,50.0
1976,40.41812,-3.67749,2,1.0,2.0,50.0,97.0,7,1.31,506,200,4220.0,63.672727,3.2,1.0,1,0,0,0,0,1,0,1,1,0,1,0,0,11,18.0,50.0
1977,40.46057,-3.69396,3,1.0,2.0,85.0,96.0,1,2.03,511,200,3476.0,60.621287,5.9,1.0,1,0,0,0,0,1,1,1,1,0,1,0,0,7,25.5,100.0
1978,40.4035,-3.70339,2,1.0,1.0,20.0,96.0,4,0.45,295,50,3917.0,55.025641,1.9,1.5,1,0,0,0,0,1,0,0,1,0,0,0,0,10,19.5,50.0
1979,40.41386,-3.70303,2,1.0,1.0,40.0,96.0,1,2.17,166,50,4503.0,68.043894,0.8,1.0,1,0,0,0,0,1,0,0,1,0,1,0,0,7,18.0,50.0
1980,40.41682,-3.69948,2,1.0,1.0,50.0,80.0,1,0.02,179,50,4503.0,68.043894,0.8,1.5,1,0,0,0,0,1,0,0,0,0,1,0,0,7,19.5,50.0
1981,40.42607,-3.68427,2,1.0,1.0,80.0,0.0,2,0.0,151,200,5328.0,74.694253,2.2,1.0,1,0,0,0,0,1,0,1,1,0,0,0,0,7,18.0,100.0
1982,40.40908,-3.69948,6,2.0,4.0,85.0,96.0,7,0.29,641,200,4503.0,68.043894,0.8,1.5,1,0,0,0,0,1,0,0,0,0,0,0,0,9,49.5,100.0
1983,40.42418,-3.70477,2,1.0,2.0,50.0,99.0,2,2.23,100,50,4503.0,68.043894,0.8,1.0,1,0,0,0,0,1,0,0,1,0,0,0,0,7,18.0,50.0
1984,40.43597,-3.64848,1,1.0,1.0,20.0,99.0,1,2.02,269,50,2893.0,50.090625,6.5,1.0,1,0,0,0,0,1,0,0,1,0,1,0,0,8,10.5,50.0
1985,40.38796,-3.73904,1,1.0,1.0,13.0,90.0,2,0.03,180,50,2195.0,47.402837,6.6,1.0,0,0,0,0,0,1,0,0,0,0,0,0,0,8,10.5,50.0
1986,40.46949,-3.66649,1,1.0,1.0,40.0,100.0,3,0.28,235,50,2893.0,50.090625,6.5,1.0,0,0,0,0,0,1,0,0,1,0,1,0,0,7,10.5,50.0
1987,40.37995,-3.65189,4,3.0,3.0,80.0,96.0,1,0.33,415,200,1890.0,41.443535,5.0,2.0,1,0,0,0,0,1,0,0,1,0,1,0,0,7,36.0,100.0
1988,40.45121,-3.61002,3,1.0,1.0,95.0,98.0,2,0.69,229,50,3312.0,62.061453,9.2,1.0,0,0,0,0,0,1,0,1,0,0,1,0,0,7,25.5,100.0
1989,40.3875,-3.66639,1,1.0,1.0,14.0,60.0,5,0.02,119,50,1890.0,41.443535,5.0,1.0,1,0,0,0,0,1,0,1,0,0,0,0,0,7,10.5,50.0
1990,40.38647,-3.66726,4,1.0,1.0,18.0,40.0,5,0.03,169,50,1890.0,41.443535,5.0,1.0,0,0,0,0,0,1,0,0,0,0,0,0,0,7,33.0,50.0
1991,40.43807,-3.64352,1,1.0,1.0,12.0,97.0,2,2.9,390,50,2893.0,50.090625,6.5,1.0,0,0,0,0,0,1,0,0,0,0,0,0,0,7,10.5,50.0
1992,40.43954,-3.64265,2,1.0,2.0,12.0,96.0,2,3.41,358,50,2893.0,50.090625,6.5,1.0,0,0,0,0,0,1,0,0,0,0,0,0,0,7,18.0,50.0
1993,40.40837,-3.70842,1,1.0,1.0,60.0,96.0,1,0.07,159,50,4503.0,68.043894,0.8,1.0,1,0,0,0,0,1,0,0,1,0,0,0,0,7,10.5,100.0
1994,40.40651,-3.70216,2,1.0,1.0,35.0,96.0,1,1.91,228,50,4503.0,68.043894,0.8,1.0,0,0,0,1,0,1,0,0,1,1,0,0,0,8,18.0,50.0
1995,40.42129,-3.68961,1,1.0,1.0,75.0,100.0,1,0.48,352,50,5328.0,74.694253,2.2,1.5,1,0,0,0,0,1,0,1,1,0,0,0,0,7,12.0,100.0
1996,40.42911,-3.65497,1,1.0,1.0,25.0,100.0,1,0.06,215,50,2893.0,50.090625,6.5,1.0,0,0,0,0,0,1,0,1,1,0,0,0,0,7,10.5,50.0
1997,40.41267,-3.68889,2,1.0,1.0,110.0,98.0,3,0.15,122,50,4220.0,63.672727,3.2,1.0,1,1,1,1,1,1,1,1,1,1,1,1,1,9,18.0,150.0
1998,40.4643,-3.68182,7,4.0,5.0,120.0,0.0,1,0.0,104,200,4508.0,67.220486,5.8,3.0,1,0,0,0,0,1,0,0,1,0,0,0,0,9,61.5,150.0
1999,40.41084,-3.69886,4,1.0,2.0,80.0,86.0,7,3.89,286,200,4503.0,68.043894,0.8,1.0,1,0,0,0,0,1,0,1,1,1,1,0,0,9,33.0,100.0
2000,40.41199,-3.69915,2,0.0,4.0,60.0,87.0,1,0.05,163,200,4503.0,68.043894,0.8,1.0,1,0,0,0,0,1,0,1,0,0,1,0,0,7,18.0,100.0
2001,40.40976,-3.69692,4,2.0,3.0,75.0,97.0,1,3.06,281,200,4503.0,68.043894,0.8,2.0,1,0,0,0,0,1,0,1,1,0,0,0,0,8,36.0,100.0
2002,40.43555,-3.7034,4,2.0,2.0,66.0,97.0,1,0.42,149,200,4855.0,64.056634,2.4,1.0,1,0,0,0,0,1,0,0,1,0,0,0,0,8,33.0,100.0
2003,40.40792,-3.70114,1,0.0,2.0,53.0,96.0,2,1.97,428,200,4503.0,68.043894,0.8,1.0,1,0,0,1,0,1,0,1,0,1,1,0,0,9,10.5,100.0
2004,40.41165,-3.72658,3,2.0,3.0,59.0,97.0,1,0.58,776,200,2287.0,47.008319,4.7,1.0,1,0,0,0,0,1,0,0,0,1,1,0,0,10,25.5,100.0
2005,40.41634,-3.70209,4,2.0,2.0,109.0,96.0,1,3.05,454,200,4503.0,68.043894,0.8,1.0,1,0,0,0,0,1,0,1,1,1,1,0,0,7,33.0,150.0
2006,40.4092,-3.7,2,1.0,2.0,80.0,92.0,4,0.09,131,200,4503.0,68.043894,0.8,1.0,1,0,0,0,0,1,0,0,0,0,1,0,0,9,18.0,100.0
2007,40.41315,-3.69597,2,0.0,1.0,48.0,89.0,8,2.34,403,200,4503.0,68.043894,0.8,1.0,1,0,0,0,0,1,0,1,0,0,1,0,0,10,18.0,50.0
2008,40.42411,-3.70264,2,0.0,1.0,56.0,94.0,4,3.55,452,200,4503.0,68.043894,0.8,1.0,1,0,0,0,0,1,0,1,1,0,1,0,1,10,18.0,100.0
2009,40.4411,-3.67858,2,1.0,1.0,35.0,80.0,1,0.02,139,50,4508.0,67.220486,5.8,1.0,1,0,0,0,0,1,0,0,1,0,0,0,0,7,18.0,50.0
2010,40.42143,-3.70271,4,1.0,2.0,52.0,84.0,3,3.32,308,200,4503.0,68.043894,0.8,1.0,1,0,0,0,0,1,0,0,0,0,1,0,0,10,33.0,100.0
2011,40.42461,-3.70549,4,2.0,2.0,143.0,99.0,2,0.97,383,200,4503.0,68.043894,0.8,2.0,1,0,0,0,0,1,0,1,1,0,1,0,0,7,36.0,150.0
2012,40.4231,-3.6963,4,1.0,2.0,65.0,97.0,1,2.88,469,200,4503.0,68.043894,0.8,1.0,1,0,0,0,0,1,0,1,1,0,1,0,0,7,33.0,100.0
2013,40.42156,-3.70518,2,1.0,2.0,73.0,96.0,4,3.41,540,200,4503.0,68.043894,0.8,1.5,1,0,0,0,0,1,0,1,0,0,1,0,0,7,19.5,100.0
2014,40.42143,-3.70271,4,1.0,2.0,51.0,82.0,3,2.78,266,200,4503.0,68.043894,0.8,1.0,1,0,0,0,0,1,0,0,0,0,1,0,0,10,33.0,100.0
2015,40.40338,-3.68067,2,1.0,2.0,40.0,0.0,1,0.0,135,50,4220.0,63.672727,3.2,1.0,1,0,0,0,0,1,0,0,1,0,1,0,0,9,18.0,50.0
2016,40.45385,-3.70343,1,1.0,1.0,24.0,99.0,1,0.26,368,50,3476.0,60.621287,5.9,1.0,1,0,0,0,0,1,0,1,0,0,1,0,0,7,10.5,50.0
2017,40.42625,-3.69175,2,1.0,1.0,47.0,98.0,1,1.02,435,200,4855.0,64.056634,2.4,1.0,1,0,0,0,0,1,0,1,1,0,1,0,0,9,18.0,50.0
2018,40.38005,-3.65491,4,2.0,3.0,57.0,96.0,1,1.02,308,200,1890.0,41.443535,5.0,2.0,1,0,0,0,0,1,0,1,1,0,1,0,0,7,36.0,100.0
2019,40.4197,-3.61808,4,3.0,3.0,163.0,87.0,1,0.1,289,200,2477.0,70.967532,7.3,2.0,1,0,0,0,0,1,1,1,1,0,0,0,0,7,36.0,200.0
2020,40.42673,-3.70702,2,1.0,1.0,50.0,100.0,1,0.05,81,200,4503.0,68.043894,0.8,1.0,1,0,0,0,0,1,0,0,0,0,0,0,0,8,18.0,50.0
2021,40.40832,-3.70798,2,1.0,2.0,31.0,90.0,1,0.23,159,50,4503.0,68.043894,0.8,1.0,1,0,0,0,0,1,0,0,1,0,0,0,0,7,18.0,50.0
2022,40.47564,-3.72707,16,8.0,10.0,650.0,98.0,6,0.96,600,200,3545.0,57.198083,16.4,5.5,1,0,0,0,0,1,1,1,0,1,1,0,0,9,136.5,200.0
2023,40.43965,-3.66629,2,1.0,1.0,33.0,96.0,1,0.34,130,50,5328.0,74.694253,2.2,1.0,0,0,0,1,0,1,0,1,1,0,0,0,0,7,18.0,50.0
2024,40.45548,-3.66057,2,0.0,1.0,56.0,91.0,2,0.68,583,200,2893.0,50.090625,6.5,1.0,1,0,0,0,0,1,1,1,1,1,1,0,1,7,18.0,100.0
2025,40.39206,-3.67961,2,1.0,2.0,70.0,0.0,1,0.0,221,200,3917.0,55.025641,1.9,1.0,1,0,0,0,0,1,1,1,1,0,0,0,0,7,18.0,100.0
2026,40.44543,-3.67359,2,1.0,1.0,45.0,100.0,1,0.02,612,50,4508.0,67.220486,5.8,1.0,1,0,0,0,0,1,0,1,1,0,1,0,0,8,18.0,50.0
2027,40.43043,-3.6995,4,2.0,3.0,130.0,0.0,1,0.0,251,200,4855.0,64.056634,2.4,1.0,1,0,0,0,0,1,0,1,0,0,1,0,0,10,33.0,150.0
2028,40.40977,-3.69593,3,2.0,2.0,96.0,93.0,1,0.8,548,200,4503.0,68.043894,0.8,1.5,1,0,0,0,0,1,0,0,1,0,1,0,0,7,27.0,100.0
2029,40.41639,-3.70079,3,0.0,2.0,200.0,0.0,1,0.0,154,200,4503.0,68.043894,0.8,1.0,1,0,0,0,0,1,0,1,1,0,0,0,0,9,25.5,200.0
2030,40.39525,-3.66877,2,1.0,1.0,40.0,0.0,1,0.0,79,200,1890.0,41.443535,5.0,1.0,1,0,0,0,0,0,0,0,0,0,0,0,0,0,18.0,50.0
2031,40.42814,-3.68562,8,4.0,6.0,98.0,96.0,1,2.41,402,200,5328.0,74.694253,2.2,2.5,1,0,0,0,0,1,0,1,1,0,1,0,0,7,67.5,100.0
2032,40.41451,-3.71193,2,1.0,2.0,38.0,98.0,1,0.51,392,50,4503.0,68.043894,0.8,1.0,1,0,0,0,0,1,0,0,1,0,1,0,0,11,18.0,50.0
2033,40.41288,-3.70553,2,1.0,1.0,44.0,96.0,1,0.48,155,50,4503.0,68.043894,0.8,1.0,0,0,0,0,0,1,0,0,1,0,1,0,0,7,18.0,50.0
2034,40.43001,-3.6744,2,1.0,2.0,55.0,0.0,92,0.0,184,200,5328.0,74.694253,2.2,1.0,1,0,0,0,0,1,0,1,1,0,1,0,0,7,18.0,100.0
2035,40.4226,-3.69732,2,1.0,1.0,30.0,87.0,4,3.48,231,50,4503.0,68.043894,0.8,1.0,1,1,1,1,1,1,1,1,1,1,1,1,1,7,18.0,50.0
2036,40.46104,-3.67464,2,1.0,2.0,25.0,0.0,1,0.0,116,50,4508.0,67.220486,5.8,1.0,1,0,0,0,0,1,0,0,1,0,1,0,0,7,18.0,50.0
2037,40.42272,-3.69976,2,1.0,1.0,61.0,95.0,1,0.83,452,200,4503.0,68.043894,0.8,1.0,1,0,0,0,0,1,0,1,1,1,1,0,1,8,18.0,100.0
2038,40.41114,-3.70406,4,1.0,2.0,58.0,93.0,1,0.06,139,200,4503.0,68.043894,0.8,1.0,1,0,0,0,0,1,0,1,1,0,0,0,0,11,33.0,100.0
2039,40.40183,-3.68913,3,1.0,1.0,50.0,94.0,1,2.12,462,200,3917.0,55.025641,1.9,1.0,1,0,0,0,0,1,0,0,0,0,1,0,1,7,25.5,50.0
2040,40.41328,-3.70776,4,1.0,2.0,69.0,92.0,5,1.9,427,200,4503.0,68.043894,0.8,1.0,1,0,0,0,0,1,0,1,0,0,1,0,0,7,33.0,100.0
2042,40.41505,-3.709,4,1.0,2.0,70.0,91.0,5,1.15,363,200,4503.0,68.043894,0.8,1.0,1,0,0,0,0,1,0,1,0,0,1,0,0,7,33.0,100.0
2043,40.41237,-3.70638,6,3.0,3.0,116.0,98.0,1,3.72,835,200,4503.0,68.043894,0.8,2.0,1,0,0,0,0,1,0,1,1,1,1,1,0,7,51.0,150.0
2044,40.4129,-3.70952,4,2.0,3.0,139.0,97.0,1,1.71,423,200,4503.0,68.043894,0.8,1.0,1,0,0,0,0,1,0,1,1,1,0,0,0,8,33.0,150.0
2045,40.41168,-3.69757,4,2.0,3.0,150.0,0.0,1,0.0,147,200,4503.0,68.043894,0.8,1.5,1,0,0,0,0,1,0,0,1,0,1,0,0,8,34.5,150.0
2046,40.42169,-3.70304,6,1.0,2.0,118.0,97.0,11,4.57,938,200,4503.0,68.043894,0.8,1.0,1,0,0,0,1,1,0,1,1,1,1,1,1,7,48.0,150.0
2047,40.44398,-3.67502,4,2.0,2.0,80.0,0.0,1,0.0,263,200,4508.0,67.220486,5.8,2.0,1,0,0,0,0,1,0,1,0,0,1,0,0,7,36.0,100.0
2048,40.46161,-3.69782,4,0.0,1.0,45.0,92.0,1,0.08,150,200,3476.0,60.621287,5.9,1.0,1,0,0,0,0,1,0,1,1,0,0,0,0,7,33.0,50.0
2049,40.42457,-3.70742,2,1.0,2.0,38.0,97.0,2,4.91,518,200,4503.0,68.043894,0.8,1.0,1,0,0,0,1,1,0,1,0,0,1,0,0,8,18.0,50.0
2050,40.40899,-3.70273,2,1.0,1.0,35.0,95.0,2,5.52,404,200,4503.0,68.043894,0.8,1.0,1,1,1,1,1,1,1,1,1,1,1,1,1,7,18.0,50.0
2051,40.43601,-3.70904,1,1.0,1.0,50.0,100.0,2,0.02,174,50,4855.0,64.056634,2.4,1.0,0,0,0,0,0,1,0,0,1,0,1,0,0,7,10.5,50.0
2052,40.43582,-3.70883,1,1.0,1.0,50.0,100.0,2,0.02,162,50,4855.0,64.056634,2.4,1.0,1,0,0,0,0,1,0,0,0,0,1,0,0,7,10.5,50.0
2053,40.41577,-3.70909,8,2.0,4.0,150.0,91.0,5,0.13,299,200,4503.0,68.043894,0.8,2.0,1,0,0,0,0,1,0,1,0,0,1,0,0,7,66.0,150.0
2054,40.41075,-3.69739,1,0.0,1.0,48.0,90.0,1,0.26,519,200,4503.0,68.043894,0.8,1.0,1,0,0,0,0,1,0,0,0,1,1,0,0,7,10.5,50.0
2055,40.4137,-3.69642,3,0.0,2.0,46.0,95.0,1,0.07,254,200,4503.0,68.043894,0.8,1.0,1,0,0,0,0,1,0,0,0,0,1,0,0,8,25.5,50.0
2056,40.41081,-3.69941,2,1.0,1.0,45.0,75.0,2,0.06,128,50,4503.0,68.043894,0.8,1.0,1,0,0,0,0,1,0,0,0,0,0,0,0,7,18.0,50.0
2057,40.41197,-3.69708,3,1.0,2.0,55.0,94.0,1,1.74,193,200,4503.0,68.043894,0.8,1.0,1,0,0,0,0,1,0,1,0,0,0,0,0,7,25.5,100.0
2058,40.40649,-3.6919,4,1.0,4.0,71.0,95.0,9,7.51,517,200,3917.0,55.025641,1.9,1.0,1,0,0,0,0,1,0,1,1,1,1,0,0,7,33.0,100.0
2059,40.41364,-3.70069,6,2.0,3.0,115.0,95.0,1,0.55,358,200,4503.0,68.043894,0.8,2.0,1,0,0,0,0,1,0,1,1,0,1,0,0,7,51.0,150.0
2060,40.41203,-3.70378,4,2.0,2.0,124.0,98.0,1,2.79,594,200,4503.0,68.043894,0.8,1.0,1,0,0,0,0,1,0,1,0,1,1,0,0,7,33.0,150.0
2061,40.42024,-3.70808,6,3.0,3.0,120.0,99.0,2,4.3,610,200,4503.0,68.043894,0.8,2.0,1,0,0,0,0,1,0,1,1,1,1,0,0,7,51.0,150.0
2062,40.40268,-3.69735,6,3.0,6.0,200.0,100.0,1,0.02,168,200,3917.0,55.025641,1.9,2.0,1,0,0,0,0,1,0,1,1,0,0,0,0,7,51.0,200.0
2063,40.42768,-3.70899,2,1.0,1.0,90.0,100.0,1,0.02,107,50,4503.0,68.043894,0.8,1.5,1,0,0,0,0,1,0,1,0,0,0,0,0,7,19.5,100.0
2064,40.41033,-3.69622,2,1.0,1.0,70.0,94.0,1,0.27,133,200,4503.0,68.043894,0.8,1.0,1,0,0,0,0,1,0,1,0,0,1,0,0,9,18.0,100.0
2065,40.41211,-3.6966,4,1.0,2.0,72.0,86.0,23,3.28,446,200,4503.0,68.043894,0.8,1.0,1,0,0,0,0,1,0,1,0,0,1,0,0,10,33.0,100.0
2066,40.41046,-3.6758,2,1.0,1.0,60.0,100.0,1,0.02,349,200,4220.0,63.672727,3.2,1.0,1,0,0,0,0,1,0,1,1,0,1,0,0,7,18.0,100.0
2067,40.41735,-3.69889,4,1.0,2.0,77.0,89.0,2,0.79,261,200,4503.0,68.043894,0.8,1.0,1,0,0,0,0,1,0,1,1,0,1,0,0,7,33.0,100.0
2068,40.40959,-3.706,2,0.0,1.0,55.0,96.0,1,0.21,278,200,4503.0,68.043894,0.8,1.0,1,0,0,0,0,1,0,1,1,0,1,0,0,7,18.0,100.0
2069,40.41517,-3.70713,6,2.0,3.0,101.0,92.0,59,3.7,447,200,4503.0,68.043894,0.8,1.0,1,0,0,0,0,1,0,1,1,0,1,0,0,7,48.0,150.0
2070,40.4143,-3.70006,15,3.0,10.0,609.0,94.0,2,1.44,259,200,4503.0,68.043894,0.8,3.5,1,0,0,0,0,1,0,0,0,0,1,0,0,7,123.0,200.0
2071,40.40903,-3.7003,2,1.0,1.0,60.0,93.0,1,0.12,97,200,4503.0,68.043894,0.8,1.0,1,0,0,0,0,0,0,0,0,0,0,0,0,9,18.0,100.0
2073,40.38397,-3.66743,2,1.0,1.0,38.0,100.0,1,0.21,255,50,1890.0,41.443535,5.0,1.0,0,0,0,0,0,1,0,1,0,0,1,0,0,7,18.0,50.0
2074,40.40831,-3.70718,2,0.0,2.0,38.0,93.0,2,3.01,494,200,4503.0,68.043894,0.8,1.0,1,0,0,0,0,1,0,1,0,0,1,0,0,7,18.0,50.0
2075,40.42257,-3.71037,3,1.0,1.0,59.0,89.0,9,6.72,324,200,4503.0,68.043894,0.8,1.0,1,0,0,0,0,1,0,1,0,0,1,0,0,7,25.5,100.0
2076,40.40102,-3.69224,1,1.0,1.0,20.0,94.0,1,2.3,455,50,3917.0,55.025641,1.9,1.0,0,0,0,0,0,1,0,0,1,0,1,0,0,0,10.5,50.0
2077,40.42016,-3.70366,4,1.0,2.0,74.0,93.0,4,3.69,522,200,4503.0,68.043894,0.8,1.5,1,0,0,0,0,1,0,1,0,0,0,0,1,7,34.5,100.0
2078,40.42364,-3.67495,1,1.0,1.0,39.0,98.0,1,1.02,405,50,5328.0,74.694253,2.2,1.0,1,0,0,0,0,1,0,1,1,0,1,0,1,7,10.5,50.0
2079,40.40733,-3.70487,2,1.0,1.0,54.0,93.0,1,0.47,321,200,4503.0,68.043894,0.8,1.0,1,1,1,1,1,1,1,1,1,1,1,1,1,9,18.0,100.0
2080,40.41181,-3.72069,1,1.0,1.0,35.0,0.0,1,0.0,230,50,3917.0,55.025641,1.9,1.0,1,0,0,0,0,1,0,0,1,0,1,0,0,7,10.5,50.0
2081,40.41339,-3.72531,2,1.0,1.0,60.0,98.0,1,0.28,87,200,2287.0,47.008319,4.7,1.0,1,0,0,0,0,1,0,0,0,0,0,0,0,10,18.0,100.0
2082,40.41229,-3.70257,4,2.0,3.0,76.0,0.0,1,0.0,158,200,4503.0,68.043894,0.8,1.0,1,0,0,0,0,1,0,0,1,0,1,0,0,7,33.0,100.0
2083,40.40935,-3.70732,2,1.0,1.0,29.0,97.0,2,0.45,142,50,4503.0,68.043894,0.8,1.0,1,0,0,0,0,1,0,0,0,0,0,0,0,10,18.0,50.0
2084,40.40592,-3.67066,2,1.0,1.0,42.0,0.0,1,0.0,135,50,4220.0,63.672727,3.2,1.0,1,0,0,0,0,1,1,0,1,0,0,0,0,8,18.0,50.0
2085,40.34964,-3.69113,2,1.0,1.0,23.0,88.0,3,3.17,397,50,1696.0,37.641618,9.0,1.0,1,0,0,0,0,1,0,0,0,1,1,0,0,7,18.0,50.0
2086,40.41325,-3.7063,6,3.0,5.0,95.0,96.0,17,2.79,581,200,4503.0,68.043894,0.8,2.0,1,0,0,0,0,1,0,1,1,1,1,0,0,9,51.0,100.0
2087,40.4243,-3.69794,2,2.0,2.0,41.0,89.0,5,4.75,229,200,4503.0,68.043894,0.8,1.0,1,0,0,0,0,0,0,0,0,0,0,0,0,9,18.0,50.0
2088,40.41394,-3.70068,4,1.0,3.0,99.0,99.0,9,0.38,474,200,4503.0,68.043894,0.8,1.0,1,0,0,0,0,1,0,1,1,1,1,0,0,7,33.0,100.0
2089,40.41165,-3.69755,4,2.0,3.0,75.0,89.0,3,1.48,466,200,4503.0,68.043894,0.8,1.0,1,0,0,0,1,1,0,0,1,0,1,0,1,8,33.0,100.0
2090,40.41031,-3.69656,2,1.0,1.0,56.0,0.0,3,0.0,183,50,4503.0,68.043894,0.8,1.0,1,0,0,0,0,1,0,0,1,0,1,0,0,8,18.0,100.0
2091,40.41692,-3.69881,4,1.0,2.0,64.0,95.0,2,0.47,690,200,4503.0,68.043894,0.8,1.0,1,0,0,0,0,1,0,1,0,1,1,0,0,7,33.0,100.0
2092,40.42212,-3.69639,2,1.0,1.0,56.0,0.0,1,0.0,180,200,4503.0,68.043894,0.8,1.0,1,0,0,0,0,1,0,1,1,0,1,0,0,10,18.0,100.0
2093,40.41443,-3.70218,4,1.0,4.0,99.0,100.0,9,0.31,435,200,4503.0,68.043894,0.8,1.0,1,0,0,0,0,1,0,1,1,1,1,0,0,7,33.0,100.0
2094,40.40741,-3.68165,4,1.0,2.0,56.0,96.0,1,0.75,419,200,4220.0,63.672727,3.2,1.0,1,0,0,0,0,1,0,1,0,1,1,0,0,7,33.0,100.0
2095,40.41456,-3.70259,3,1.0,2.0,89.0,99.0,9,2.12,351,200,4503.0,68.043894,0.8,1.0,1,0,0,0,0,1,0,1,1,0,1,0,0,7,25.5,100.0
2096,40.38812,-3.65613,1,1.0,1.0,21.0,96.0,2,1.78,396,50,1890.0,41.443535,5.0,1.0,0,0,0,0,0,1,0,0,0,0,1,0,0,7,10.5,50.0
2097,40.41998,-3.67285,2,1.0,1.0,29.0,0.0,1,0.0,120,50,4220.0,63.672727,3.2,2.0,1,0,0,0,0,1,0,0,1,0,1,0,0,7,21.0,50.0
2098,40.48029,-3.72217,1,1.0,1.0,18.0,100.0,2,0.14,186,50,3545.0,57.198083,16.4,2.0,0,0,0,0,0,1,0,0,1,0,1,0,0,7,13.5,50.0
2099,40.44741,-3.66282,2,0.0,1.0,75.0,96.0,1,0.77,571,200,4508.0,67.220486,5.8,1.0,1,0,0,0,0,1,0,1,1,1,1,0,0,7,18.0,100.0
2100,40.4276,-3.70431,1,1.0,1.0,23.0,93.0,1,5.58,320,50,4503.0,68.043894,0.8,1.5,0,0,0,1,1,1,0,0,1,0,0,0,0,7,12.0,50.0
2101,40.40994,-3.69324,1,1.0,1.0,16.0,94.0,1,2.26,293,50,4503.0,68.043894,0.8,1.5,1,0,0,0,0,1,0,0,0,0,0,0,0,10,12.0,50.0
2102,40.40925,-3.70261,4,1.0,2.0,64.0,99.0,1,1.85,586,200,4503.0,68.043894,0.8,1.5,1,0,0,0,0,1,0,1,1,1,1,0,0,10,34.5,100.0
2103,40.40938,-3.70845,6,3.0,3.0,84.0,96.0,1,0.17,258,200,4503.0,68.043894,0.8,1.5,1,0,0,0,0,1,0,0,0,0,0,0,0,7,49.5,100.0
2104,40.44312,-3.67734,4,2.0,4.0,65.0,93.0,2,0.13,253,200,4508.0,67.220486,5.8,1.5,1,0,0,0,0,1,0,1,1,0,1,0,0,8,34.5,100.0
2105,40.4161,-3.70611,4,2.0,3.0,44.0,96.0,1,5.28,420,200,4503.0,68.043894,0.8,1.0,1,0,0,0,0,1,0,1,0,1,1,0,0,7,33.0,50.0
2106,40.42629,-3.70594,2,1.0,1.0,52.0,90.0,1,0.46,295,200,4503.0,68.043894,0.8,1.0,1,0,0,0,0,0,0,0,1,0,1,0,0,7,18.0,100.0
2107,40.44293,-3.57959,1,1.0,1.0,63.0,99.0,2,0.32,111,50,2477.0,70.967532,7.3,1.5,0,0,0,0,0,1,0,0,1,0,0,0,0,9,12.0,100.0
2108,40.4409,-3.71551,1,1.0,1.0,75.0,0.0,1,0.0,190,50,4855.0,64.056634,2.4,1.0,1,0,0,0,0,1,0,1,0,0,0,0,0,7,10.5,100.0
2109,40.41756,-3.67636,1,2.0,3.0,25.0,95.0,2,1.27,297,50,4220.0,63.672727,3.2,1.5,0,0,0,0,0,1,0,0,1,0,1,0,0,8,12.0,50.0
2110,40.42261,-3.70301,8,4.0,6.0,166.0,96.0,2,4.44,375,200,4503.0,68.043894,0.8,3.0,1,0,0,0,0,1,0,1,1,0,0,0,0,7,69.0,200.0
2111,40.4123,-3.69983,2,1.0,1.0,108.0,91.0,3,0.17,302,200,4503.0,68.043894,0.8,1.0,1,0,0,0,0,1,0,1,1,0,0,0,0,10,18.0,150.0
2112,40.38797,-3.69553,4,1.0,2.0,75.0,99.0,1,0.27,234,200,3917.0,55.025641,1.9,1.0,1,0,0,0,0,1,1,1,1,0,1,0,0,7,33.0,100.0
2113,40.40918,-3.70552,6,2.0,4.0,80.0,95.0,7,2.75,341,200,4503.0,68.043894,0.8,2.0,1,0,0,0,0,1,0,1,1,0,1,0,0,13,51.0,100.0
2114,40.45737,-3.69689,1,1.0,1.0,20.0,98.0,3,0.94,491,50,3476.0,60.621287,5.9,1.0,0,0,0,0,0,1,0,1,1,0,1,0,0,7,10.5,50.0
2115,40.4122,-3.69862,2,1.0,1.0,35.0,100.0,1,0.02,229,50,4503.0,68.043894,0.8,1.0,1,0,0,0,0,1,0,0,0,0,1,0,0,0,18.0,50.0
2116,40.40589,-3.7019,3,1.0,1.0,39.0,95.0,4,2.83,359,200,4503.0,68.043894,0.8,1.0,1,0,0,0,0,1,0,0,0,0,0,0,0,8,25.5,50.0
2117,40.41233,-3.711,4,1.0,3.0,120.0,97.0,4,2.3,647,200,4503.0,68.043894,0.8,1.0,1,0,0,0,0,1,0,1,1,0,1,0,0,10,33.0,150.0
2118,40.40781,-3.69331,3,1.0,1.0,33.0,95.0,9,6.66,497,200,4503.0,68.043894,0.8,1.0,1,0,0,0,0,1,0,1,1,0,1,0,0,7,25.5,50.0
2119,40.40802,-3.69243,3,1.0,3.0,41.0,92.0,9,7.24,449,200,3917.0,55.025641,1.9,1.0,1,0,0,0,0,1,0,1,1,1,1,0,0,7,25.5,50.0
2120,40.48036,-3.72039,1,1.0,1.0,18.0,93.0,2,0.08,193,50,3545.0,57.198083,16.4,2.0,1,0,0,0,0,1,0,0,0,0,1,0,0,7,13.5,50.0
2121,40.43178,-3.66665,2,1.0,1.0,45.0,89.0,2,0.14,329,200,5328.0,74.694253,2.2,1.0,1,0,0,0,0,1,0,1,1,0,1,0,0,0,18.0,50.0
2122,40.42713,-3.70024,3,0.0,1.0,734.0,98.0,2,1.21,275,200,4503.0,68.043894,0.8,1.0,1,0,0,0,0,1,0,1,1,0,1,0,0,7,25.5,200.0
2123,40.41123,-3.70477,2,1.0,2.0,22.0,95.0,5,0.53,184,50,4503.0,68.043894,0.8,3.0,1,0,0,0,0,1,0,1,1,0,0,0,0,8,24.0,50.0
2124,40.41153,-3.70978,3,1.0,2.0,50.0,98.0,17,2.34,468,200,4503.0,68.043894,0.8,1.0,1,0,0,0,0,1,0,1,1,0,1,0,0,9,25.5,50.0
2125,40.40781,-3.70429,3,1.0,2.0,65.0,100.0,1,0.38,305,200,4503.0,68.043894,0.8,1.0,1,0,0,0,0,1,0,1,1,0,1,0,0,10,25.5,100.0
2126,40.39921,-3.66147,1,1.0,1.0,29.0,96.0,1,1.38,216,50,1890.0,41.443535,5.0,1.0,0,0,0,0,1,1,0,0,0,0,1,0,0,7,10.5,50.0
2127,40.44821,-3.68291,2,1.0,1.0,95.0,98.0,1,0.63,552,200,4508.0,67.220486,5.8,1.0,1,0,0,0,0,1,0,1,1,0,1,0,0,8,18.0,100.0
2128,40.44312,-3.71512,2,1.0,1.0,35.0,0.0,1,0.0,136,50,4855.0,64.056634,2.4,2.0,1,0,0,0,0,1,0,0,1,0,1,0,0,7,21.0,50.0
2129,40.44541,-3.67706,4,1.0,2.0,80.0,98.0,1,0.99,489,200,4508.0,67.220486,5.8,1.0,1,0,0,0,0,1,0,1,0,0,1,0,0,7,33.0,100.0
2130,40.45119,-3.68813,2,1.0,1.0,71.0,97.0,1,0.28,221,50,4508.0,67.220486,5.8,2.0,1,0,0,0,0,1,0,0,1,0,1,0,0,7,21.0,100.0
2131,40.41077,-3.70607,4,1.0,2.0,104.0,89.0,1,0.34,261,200,4503.0,68.043894,0.8,1.0,1,0,0,0,0,1,0,0,0,0,1,0,0,12,33.0,150.0
2132,40.43551,-3.68368,4,2.0,3.0,88.0,0.0,1,0.0,164,200,5328.0,74.694253,2.2,2.0,1,0,0,0,0,1,0,1,1,0,1,0,0,8,36.0,100.0
2133,40.41113,-3.70533,4,1.0,1.0,75.0,96.0,3,1.5,332,200,4503.0,68.043894,0.8,1.0,1,0,0,0,0,1,0,1,1,0,1,0,0,11,33.0,100.0
2134,40.43248,-3.6569,3,2.0,2.0,51.0,92.0,2,3.68,470,200,2893.0,50.090625,6.5,1.0,1,0,0,0,0,1,0,1,1,0,1,0,0,7,25.5,100.0
2135,40.42339,-3.7077,2,1.0,1.0,41.0,92.0,20,6.34,288,50,4503.0,68.043894,0.8,1.0,1,0,0,0,0,1,0,0,0,1,1,0,0,8,18.0,50.0
2136,40.40764,-3.70021,2,1.0,1.0,18.0,0.0,1,0.02,56,50,4503.0,68.043894,0.8,1.5,1,0,0,0,0,1,0,0,0,0,1,0,0,7,19.5,50.0
2137,40.41029,-3.70021,2,1.0,3.0,28.0,96.0,1,4.73,382,50,4503.0,68.043894,0.8,1.0,0,0,0,0,0,1,0,0,1,0,1,0,0,7,18.0,50.0
2138,40.38514,-3.73805,3,1.0,2.0,25.0,100.0,1,4.41,461,50,2195.0,47.402837,6.6,1.0,0,0,0,0,0,1,0,1,0,0,1,0,0,8,25.5,50.0
2139,40.42489,-3.70027,1,1.0,1.0,39.0,99.0,2,2.88,308,50,4503.0,68.043894,0.8,2.0,0,0,0,0,0,1,0,1,1,0,1,0,0,0,13.5,50.0
2140,40.42236,-3.65577,2,1.0,1.0,65.0,100.0,3,0.02,234,50,2893.0,50.090625,6.5,1.0,0,0,0,0,0,1,0,0,1,0,1,0,0,7,18.0,100.0
2141,40.41495,-3.69886,2,1.0,1.0,55.0,99.0,3,2.07,618,200,4503.0,68.043894,0.8,1.0,1,0,0,0,0,1,0,1,1,1,1,0,1,8,18.0,100.0
2142,40.44037,-3.6251,5,1.0,1.0,55.0,90.0,4,1.81,346,200,2477.0,70.967532,7.3,1.5,1,1,1,1,1,1,1,1,1,1,1,1,1,7,42.0,100.0
2143,40.42667,-3.69819,2,1.0,1.0,48.0,98.0,2,1.52,223,50,4503.0,68.043894,0.8,2.0,1,0,0,0,0,1,0,1,1,0,1,0,0,0,21.0,50.0
2144,40.39812,-3.76909,4,2.0,3.0,65.0,96.0,1,2.62,997,200,2287.0,47.008319,4.7,1.0,1,0,0,0,0,0,0,1,0,1,1,0,1,7,33.0,100.0
2145,40.43723,-3.66961,2,1.0,1.0,40.0,100.0,1,0.09,473,200,5328.0,74.694253,2.2,1.0,1,0,0,0,0,1,0,1,1,1,1,0,0,8,18.0,50.0
2146,40.40836,-3.71211,2,1.0,1.0,65.0,96.0,1,3.67,399,200,4503.0,68.043894,0.8,1.0,1,0,0,0,0,1,0,1,1,0,1,0,0,7,18.0,100.0
2147,40.41368,-3.70566,2,1.0,1.0,22.0,93.0,5,0.33,217,50,4503.0,68.043894,0.8,3.0,1,1,1,1,1,1,1,1,1,1,1,1,1,8,24.0,50.0
2148,40.42689,-3.66998,1,1.0,1.0,22.0,85.0,1,0.12,120,50,5328.0,74.694253,2.2,1.0,1,0,0,0,0,1,0,0,0,0,0,0,0,7,10.5,50.0
2149,40.43731,-3.62278,4,2.0,3.0,60.0,96.0,1,0.84,608,200,2477.0,70.967532,7.3,1.5,1,0,0,0,1,1,0,1,1,1,1,0,0,0,34.5,100.0
2150,40.42126,-3.71189,2,1.0,1.0,41.0,93.0,2,3.0,462,200,4503.0,68.043894,0.8,1.0,1,0,0,0,0,0,0,0,0,0,0,0,0,7,18.0,50.0
2151,40.43972,-3.62306,3,1.0,2.0,50.0,96.0,4,1.15,372,200,2477.0,70.967532,7.3,1.0,1,0,0,0,0,1,0,1,1,1,1,0,0,7,25.5,50.0
2152,40.41441,-3.70293,5,2.0,4.0,49.0,97.0,8,0.89,444,200,4503.0,68.043894,0.8,2.0,1,0,0,0,0,1,0,1,1,1,1,0,0,9,43.5,50.0
2153,40.41528,-3.71119,4,1.0,1.0,55.0,88.0,2,4.91,482,200,4503.0,68.043894,0.8,1.0,1,0,0,0,0,1,0,0,1,1,1,0,0,7,33.0,100.0
2154,40.41691,-3.67242,6,2.0,3.0,125.0,80.0,1,0.02,94,200,4220.0,63.672727,3.2,1.0,1,0,0,0,0,1,0,0,0,0,0,0,0,8,48.0,150.0
2155,40.40907,-3.73892,7,2.0,4.0,103.0,95.0,1,0.64,382,200,2287.0,47.008319,4.7,1.0,1,0,0,0,0,1,0,1,1,0,1,0,0,7,55.5,150.0
2156,40.42412,-3.69855,2,1.0,1.0,52.0,96.0,1,1.18,388,200,4503.0,68.043894,0.8,1.0,1,0,0,0,0,1,0,1,0,0,1,0,0,7,18.0,100.0
2158,40.39297,-3.68784,6,1.0,1.0,86.0,93.0,1,0.11,236,200,3917.0,55.025641,1.9,1.0,1,0,0,0,0,1,1,1,1,0,1,0,0,7,48.0,100.0
2159,40.41992,-3.67856,1,1.0,1.0,19.0,91.0,1,0.32,172,50,4220.0,63.672727,3.2,1.0,0,0,0,0,0,1,0,0,1,0,1,0,0,8,10.5,50.0
2160,40.41109,-3.71649,2,1.0,1.0,65.0,0.0,1,0.0,121,200,4503.0,68.043894,0.8,1.0,1,0,0,0,0,1,0,0,0,0,1,0,0,7,18.0,100.0
2161,40.42159,-3.70496,4,2.0,2.0,177.0,97.0,6,3.96,313,200,4503.0,68.043894,0.8,1.0,1,0,0,0,0,1,0,1,0,0,0,0,0,9,33.0,200.0
2162,40.41532,-3.70559,2,0.0,2.0,35.0,96.0,3,2.55,351,200,4503.0,68.043894,0.8,1.0,1,0,0,0,0,1,0,1,1,0,1,0,0,7,18.0,50.0
2163,40.49015,-3.67229,3,1.0,1.0,85.0,0.0,1,0.0,213,200,3312.0,62.061453,9.2,1.0,1,0,0,0,0,1,0,1,1,0,1,0,0,7,25.5,100.0
2164,40.40371,-3.69465,1,1.0,1.0,33.0,100.0,1,0.06,353,50,3917.0,55.025641,1.9,1.5,1,0,0,0,0,1,0,1,1,1,1,0,0,7,12.0,50.0
2165,40.40906,-3.70475,2,1.0,1.0,450.0,100.0,1,0.05,252,50,4503.0,68.043894,0.8,1.0,0,0,0,0,0,1,0,0,0,0,1,0,0,10,18.0,200.0
2166,40.40994,-3.69843,4,1.0,3.0,56.0,91.0,5,4.15,557,200,4503.0,68.043894,0.8,1.0,1,0,0,0,0,1,0,1,0,0,1,0,0,8,33.0,100.0
2167,40.4318,-3.71278,1,1.0,1.0,300.0,0.0,1,0.0,127,200,4855.0,64.056634,2.4,1.0,1,0,0,0,0,1,0,1,0,0,0,0,0,7,10.5,200.0
2168,40.41428,-3.7039,4,2.0,3.0,92.0,97.0,6,2.48,729,200,4503.0,68.043894,0.8,1.5,1,0,0,0,0,1,0,1,1,0,1,0,0,9,34.5,100.0
2169,40.4115,-3.6968,4,1.0,2.0,62.0,95.0,14,3.69,373,200,4503.0,68.043894,0.8,1.0,1,0,0,0,0,1,0,1,0,0,1,0,0,10,33.0,100.0
2170,40.41132,-3.70484,2,1.0,1.0,33.0,92.0,1,3.97,203,50,4503.0,68.043894,0.8,1.0,1,0,0,0,0,1,0,0,0,0,0,0,0,7,18.0,50.0
2171,40.40976,-3.70719,4,2.0,2.0,120.0,0.0,2,0.0,120,200,4503.0,68.043894,0.8,1.0,1,0,0,0,0,1,0,0,0,0,0,0,0,10,33.0,150.0
2172,40.43479,-3.70753,1,1.0,1.0,25.0,0.0,1,0.02,215,50,4855.0,64.056634,2.4,1.0,1,0,0,0,0,1,0,1,1,0,1,0,0,7,10.5,50.0
2173,40.42244,-3.70095,2,1.0,1.0,95.0,95.0,1,0.07,85,200,4503.0,68.043894,0.8,1.0,1,0,0,0,0,1,0,0,1,0,0,0,0,8,18.0,100.0
2174,40.42092,-3.70887,5,2.0,4.0,1139.0,88.0,27,2.7,248,200,4503.0,68.043894,0.8,1.0,1,0,0,0,0,1,0,1,1,0,1,0,0,7,40.5,200.0
2175,40.47077,-3.70091,2,1.0,1.0,55.0,95.0,1,0.35,343,200,3476.0,60.621287,5.9,1.5,1,0,0,0,0,1,0,1,0,1,1,0,0,7,19.5,100.0
2176,40.42221,-3.65606,1,1.0,1.0,25.0,100.0,3,0.07,340,50,2893.0,50.090625,6.5,1.0,0,0,0,0,0,1,0,1,0,0,1,0,0,7,10.5,50.0
2177,40.41359,-3.69684,1,1.0,1.0,27.0,95.0,1,1.4,338,200,4503.0,68.043894,0.8,1.0,1,0,0,0,0,1,0,0,0,0,1,0,0,7,10.5,50.0
2178,40.40978,-3.69378,6,2.0,6.0,291.0,92.0,1,1.44,378,200,4503.0,68.043894,0.8,1.0,1,0,0,0,0,1,0,1,1,0,1,0,0,7,48.0,200.0
2179,40.42653,-3.63028,1,1.0,1.0,16.0,91.0,1,0.73,106,50,2893.0,50.090625,6.5,1.0,1,0,0,0,0,1,0,0,1,0,0,0,0,7,10.5,50.0
2180,40.41975,-3.70119,3,1.0,1.0,126.0,96.0,2,1.06,395,200,4503.0,68.043894,0.8,1.5,1,0,0,0,0,1,0,1,1,0,1,0,0,8,27.0,150.0
2181,40.41097,-3.69824,1,1.0,1.0,10.0,100.0,1,0.02,47,50,4503.0,68.043894,0.8,1.0,1,0,0,0,0,0,0,0,0,0,0,0,0,7,10.5,50.0
2182,40.38667,-3.73143,2,1.0,2.0,20.0,89.0,1,2.18,235,50,2195.0,47.402837,6.6,1.5,0,0,0,0,0,1,0,0,0,0,0,0,0,7,19.5,50.0
2183,40.41524,-3.70229,5,1.0,3.0,50.0,90.0,4,4.03,361,200,4503.0,68.043894,0.8,1.5,1,0,0,0,0,1,0,1,0,0,1,0,0,7,42.0,50.0
2184,40.41133,-3.70853,2,1.0,1.0,45.0,80.0,2,0.02,164,50,4503.0,68.043894,0.8,1.0,1,0,0,0,0,1,0,0,1,0,1,0,0,7,18.0,50.0
2185,40.41914,-3.70276,4,1.0,2.0,71.0,98.0,14,4.46,489,200,4503.0,68.043894,0.8,1.0,1,0,0,0,0,1,0,1,0,1,1,0,0,10,33.0,100.0
2186,40.41778,-3.70337,7,3.0,4.0,109.0,96.0,14,3.42,427,200,4503.0,68.043894,0.8,3.0,1,0,0,0,0,1,0,1,0,1,1,0,0,10,61.5,150.0
2187,40.40772,-3.69976,2,1.0,1.0,62.0,0.0,1,0.0,181,50,4503.0,68.043894,0.8,1.0,1,0,0,0,0,1,0,0,1,0,1,0,0,0,18.0,100.0
2188,40.45902,-3.69852,3,0.0,1.0,45.0,96.0,1,2.08,175,200,3476.0,60.621287,5.9,1.0,1,0,0,1,0,1,0,1,1,0,1,0,0,7,25.5,50.0
2189,40.42022,-3.70641,1,1.0,1.0,18.0,100.0,1,0.02,85,50,4503.0,68.043894,0.8,1.0,1,0,0,0,0,0,0,0,0,0,0,0,0,9,10.5,50.0
2190,40.43615,-3.66035,2,1.0,1.0,18.0,86.0,3,0.15,121,50,5328.0,74.694253,2.2,1.0,0,0,0,0,0,1,0,0,1,0,0,0,0,9,18.0,50.0
2191,40.43567,-3.65974,1,1.0,1.0,15.0,88.0,3,0.25,146,50,5328.0,74.694253,2.2,1.0,0,0,0,0,0,1,0,0,1,0,0,0,0,9,10.5,50.0
2192,40.40435,-3.69709,2,1.0,1.0,45.0,99.0,2,1.9,394,50,3917.0,55.025641,1.9,2.0,1,0,0,1,0,1,0,1,1,0,1,0,0,7,21.0,50.0
2193,40.45485,-3.6956,1,1.0,1.0,40.0,100.0,1,0.02,215,50,3476.0,60.621287,5.9,1.0,1,0,0,0,0,1,0,1,0,0,1,0,0,7,10.5,50.0
2194,40.4094,-3.70109,6,2.0,4.0,40.0,84.0,38,3.95,294,200,4503.0,68.043894,0.8,1.0,1,0,0,0,0,1,0,1,0,0,0,0,0,9,48.0,50.0
2195,40.42546,-3.70647,2,1.0,1.0,12.0,0.0,1,0.0,269,50,4503.0,68.043894,0.8,1.0,0,1,1,1,1,1,0,0,0,0,0,0,0,7,18.0,50.0
2196,40.40815,-3.70168,2,1.0,1.0,30.0,90.0,1,0.03,163,200,4503.0,68.043894,0.8,1.0,1,0,0,0,0,1,0,0,0,0,1,0,0,7,18.0,50.0
2197,40.42741,-3.70434,2,1.0,2.0,54.0,82.0,5,3.98,252,200,4503.0,68.043894,0.8,1.0,1,0,0,0,0,0,0,0,0,0,0,0,0,9,18.0,100.0
2199,40.41161,-3.70356,4,2.0,2.0,125.0,93.0,7,4.58,460,200,4503.0,68.043894,0.8,2.0,1,0,0,0,0,1,0,1,0,1,1,0,0,9,36.0,150.0
2200,40.41101,-3.70053,4,1.0,2.0,55.0,0.0,1,0.0,85,50,4503.0,68.043894,0.8,1.0,1,0,0,0,0,1,0,0,0,0,0,0,0,7,33.0,100.0
2201,40.45315,-3.70484,1,1.0,1.0,12.0,100.0,3,1.0,453,50,3476.0,60.621287,5.9,1.0,0,0,0,0,0,1,0,0,0,0,1,0,0,12,10.5,50.0
2202,40.42202,-3.68654,4,2.0,2.0,150.0,95.0,2,0.76,409,200,5328.0,74.694253,2.2,1.5,1,0,0,0,0,1,0,1,1,1,1,0,0,7,34.5,150.0
2203,40.41486,-3.70944,2,1.0,1.0,73.0,90.0,1,0.16,240,200,4503.0,68.043894,0.8,1.0,1,0,0,0,0,1,0,0,1,0,1,0,0,10,18.0,100.0
2204,40.39054,-3.65474,2,1.0,1.0,15.0,99.0,6,1.32,329,50,1890.0,41.443535,5.0,1.0,0,0,0,0,0,1,0,0,1,1,0,0,0,11,18.0,50.0
2205,40.40925,-3.69887,2,1.0,1.0,31.0,84.0,7,3.52,186,200,4503.0,68.043894,0.8,1.5,1,0,0,0,0,1,0,0,0,0,1,0,0,8,19.5,50.0
2206,40.40902,-3.70913,4,2.0,2.0,240.0,98.0,1,0.95,430,200,4503.0,68.043894,0.8,2.0,1,0,0,0,0,1,0,1,0,0,1,0,0,7,36.0,200.0
2207,40.4443,-3.58335,2,1.0,1.0,32.0,100.0,1,0.02,212,200,2477.0,70.967532,7.3,1.0,1,0,0,0,0,1,1,1,1,0,0,0,0,7,18.0,50.0
2208,40.42703,-3.70974,1,1.0,1.0,33.0,100.0,3,0.08,298,50,4503.0,68.043894,0.8,1.5,0,0,0,0,0,1,0,0,1,0,1,0,0,7,12.0,50.0
2209,40.41609,-3.70705,5,2.0,3.0,49.0,93.0,8,0.46,416,200,4503.0,68.043894,0.8,1.0,1,0,0,0,0,1,0,1,1,1,1,0,0,9,40.5,50.0
2210,40.42499,-3.70477,1,1.0,1.0,30.0,90.0,1,0.03,128,50,4503.0,68.043894,0.8,1.0,0,0,0,0,0,1,0,0,1,0,1,0,0,0,10.5,50.0
2211,40.40637,-3.69424,4,1.0,1.0,110.0,88.0,1,1.8,412,200,3917.0,55.025641,1.9,1.5,1,1,1,1,1,1,1,1,1,1,1,1,1,0,34.5,150.0
2212,40.43085,-3.69728,4,2.0,3.0,70.0,97.0,1,1.89,407,200,4855.0,64.056634,2.4,1.0,1,0,0,0,0,1,0,0,1,0,1,0,0,7,33.0,100.0
2213,40.41484,-3.70031,4,2.0,3.0,93.0,0.0,1,0.0,108,200,4503.0,68.043894,0.8,1.0,1,0,0,0,0,1,0,0,0,0,0,0,0,7,33.0,100.0
2214,40.41816,-3.67784,4,2.0,3.0,150.0,95.0,1,2.74,569,200,4220.0,63.672727,3.2,1.0,1,0,0,0,0,1,0,1,1,0,1,0,0,7,33.0,150.0
2215,40.41272,-3.70909,8,3.0,4.0,100.0,93.0,1,1.35,244,200,4503.0,68.043894,0.8,1.0,1,0,0,0,0,1,0,1,0,0,1,0,0,7,63.0,100.0
2216,40.41309,-3.69531,12,4.0,5.0,329.0,99.0,2,1.72,317,200,4503.0,68.043894,0.8,3.0,1,0,0,0,0,1,0,1,0,1,1,0,0,7,99.0,200.0
2217,40.41369,-3.70578,13,4.0,10.0,313.0,88.0,4,1.04,629,200,4503.0,68.043894,0.8,2.0,1,0,0,0,0,1,0,1,0,1,1,0,0,7,103.5,200.0
2218,40.42029,-3.70305,4,2.0,3.0,105.0,94.0,1,3.19,579,200,4503.0,68.043894,0.8,1.0,1,0,0,0,0,1,0,1,1,1,1,0,0,8,33.0,150.0
2219,40.41745,-3.7076,1,1.0,1.0,90.0,100.0,1,0.03,51,200,4503.0,68.043894,0.8,1.0,1,0,0,0,0,0,0,0,0,0,0,0,0,9,10.5,100.0
2220,40.38932,-3.66085,1,1.0,1.0,25.0,0.0,1,0.0,130,50,1890.0,41.443535,5.0,1.0,1,0,0,0,0,1,0,1,0,0,1,0,0,7,10.5,50.0
2221,40.40982,-3.7071,1,1.0,1.0,40.0,90.0,2,0.09,138,50,4503.0,68.043894,0.8,1.0,0,0,0,0,0,1,0,0,0,0,1,0,0,7,10.5,50.0
2222,40.44072,-3.70703,4,1.0,1.0,49.0,80.0,1,0.03,180,200,4855.0,64.056634,2.4,1.0,1,0,0,0,0,1,0,1,1,0,1,0,0,9,33.0,50.0
2223,40.45241,-3.70917,4,2.0,2.0,60.0,88.0,1,0.23,327,200,3476.0,60.621287,5.9,1.0,1,0,0,0,0,1,0,0,1,0,1,0,0,7,33.0,100.0
2224,40.41948,-3.70707,4,1.0,2.0,58.0,99.0,2,4.41,533,200,4503.0,68.043894,0.8,1.0,1,0,0,0,0,1,0,1,1,0,1,0,0,7,33.0,100.0
2225,40.40957,-3.7072,1,1.0,1.0,15.0,60.0,1,0.03,94,50,4503.0,68.043894,0.8,1.0,1,0,0,0,0,1,0,0,0,0,1,0,0,7,10.5,50.0
2226,40.3984,-3.71829,2,1.0,1.0,20.0,80.0,1,0.02,153,50,2195.0,47.402837,6.6,1.0,1,0,0,0,0,1,0,1,1,0,1,0,0,7,18.0,50.0
2227,40.42403,-3.70304,4,1.0,2.0,63.0,94.0,1,0.47,179,200,4503.0,68.043894,0.8,1.0,1,0,0,0,0,1,0,0,1,0,1,0,0,8,33.0,100.0
2228,40.4327,-3.65452,2,1.0,1.0,45.0,93.0,2,0.24,497,50,2893.0,50.090625,6.5,1.5,1,0,0,0,0,1,0,1,0,0,1,0,0,7,19.5,50.0
2229,40.38647,-3.66726,1,1.0,1.0,18.0,50.0,5,0.05,155,50,1890.0,41.443535,5.0,1.0,0,0,0,0,0,1,0,0,0,0,0,0,0,7,10.5,50.0
2230,40.45558,-3.67966,2,1.0,2.0,79.0,93.0,1,0.21,506,200,4508.0,67.220486,5.8,2.0,1,0,0,0,0,1,0,1,1,1,1,0,0,7,21.0,100.0
2231,40.41654,-3.67519,4,2.0,3.0,132.0,99.0,1,0.34,254,200,4220.0,63.672727,3.2,2.0,1,0,0,0,0,1,0,1,1,0,1,0,0,7,36.0,150.0
2232,40.42003,-3.70567,5,3.0,4.0,109.0,94.0,2,3.93,515,200,4503.0,68.043894,0.8,2.0,1,0,0,0,0,1,0,1,1,1,1,0,0,7,43.5,150.0
2233,40.41902,-3.7085,4,1.0,2.0,49.0,95.0,3,6.54,478,200,4503.0,68.043894,0.8,1.0,1,0,0,0,0,1,0,1,1,0,1,0,0,7,33.0,50.0
2234,40.41323,-3.72365,2,1.0,1.0,15.0,97.0,1,0.09,93,50,2287.0,47.008319,4.7,1.0,1,0,0,0,0,1,0,0,1,0,0,0,0,8,18.0,50.0
2235,40.43012,-3.68594,3,1.0,2.0,93.0,96.0,1,0.62,550,200,5328.0,74.694253,2.2,1.0,1,0,0,0,0,1,0,1,1,1,1,0,0,7,25.5,100.0
2236,40.43427,-3.65808,2,1.0,1.0,19.0,80.0,3,0.13,99,50,2893.0,50.090625,6.5,1.0,1,1,1,1,1,1,1,1,1,1,1,1,1,9,18.0,50.0
2237,40.40595,-3.61701,4,2.0,6.0,50.0,0.0,2,0.0,181,50,2246.0,55.472222,11.2,1.0,0,0,0,0,0,1,0,1,0,0,0,0,0,7,33.0,50.0
2238,40.42325,-3.69959,3,1.0,1.0,56.0,98.0,1,2.35,623,200,4503.0,68.043894,0.8,1.5,1,0,0,0,0,1,0,1,1,0,1,0,0,7,27.0,100.0
2239,40.42206,-3.71118,2,1.0,1.0,15.0,95.0,1,0.06,127,50,4503.0,68.043894,0.8,2.5,1,0,0,0,0,1,0,0,0,0,0,0,0,9,22.5,50.0
2240,40.43033,-3.6695,3,1.0,2.0,90.0,97.0,6,0.09,195,200,5328.0,74.694253,2.2,1.0,1,0,0,0,0,1,0,1,1,0,1,0,0,10,25.5,100.0
2241,40.41593,-3.69772,7,2.0,4.0,100.0,97.0,6,4.43,589,200,4503.0,68.043894,0.8,1.0,1,0,0,0,0,1,0,1,1,1,1,0,0,7,55.5,100.0
2242,40.41394,-3.70068,3,0.0,2.0,84.0,100.0,9,1.18,349,200,4503.0,68.043894,0.8,1.0,1,0,0,0,0,1,0,1,1,0,1,0,0,7,25.5,100.0
2243,40.42523,-3.70095,5,1.0,2.0,78.0,0.0,2,0.0,27,50,4503.0,68.043894,0.8,1.0,1,0,0,0,0,0,0,0,0,0,0,0,0,7,40.5,100.0
2244,40.46421,-3.69404,1,1.0,1.0,45.0,0.0,1,0.0,87,50,3476.0,60.621287,5.9,1.0,1,0,0,0,0,1,0,0,1,0,0,0,0,7,10.5,50.0
2245,40.42233,-3.70282,3,1.0,1.0,69.0,98.0,1,2.81,322,200,4503.0,68.043894,0.8,1.0,1,1,1,1,1,1,1,1,1,1,1,1,1,7,25.5,100.0
2246,40.40963,-3.70855,12,3.0,9.0,513.0,98.0,3,1.11,485,200,4503.0,68.043894,0.8,2.0,1,0,0,0,0,1,0,1,1,1,1,0,0,7,96.0,200.0
2247,40.4137,-3.70922,4,1.0,4.0,63.0,88.0,18,1.58,537,200,4503.0,68.043894,0.8,1.0,1,0,0,0,0,1,0,0,0,1,1,1,0,9,33.0,100.0
2248,40.39104,-3.76326,1,1.0,1.0,20.0,98.0,2,1.39,463,50,2287.0,47.008319,4.7,1.0,1,1,1,1,1,1,1,1,1,1,1,1,1,11,10.5,50.0
2249,40.41306,-3.70391,5,2.0,2.0,48.0,83.0,1,3.11,367,200,4503.0,68.043894,0.8,1.0,1,0,0,0,0,0,0,0,0,0,0,0,0,7,40.5,50.0
2250,40.46054,-3.67988,4,2.0,3.0,120.0,0.0,1,0.0,143,200,4508.0,67.220486,5.8,1.0,1,0,0,0,0,1,0,1,1,0,0,0,0,9,33.0,150.0
2251,40.42111,-3.70301,2,1.0,1.0,46.0,95.0,1,3.41,340,50,4503.0,68.043894,0.8,2.0,1,1,1,1,1,1,1,1,1,1,1,1,1,8,21.0,50.0
2252,40.41575,-3.70487,5,4.0,4.0,65.0,0.0,1,0.0,206,200,4503.0,68.043894,0.8,1.0,1,0,0,0,0,1,0,1,1,0,0,0,0,7,40.5,100.0
2253,40.48486,-3.70343,1,1.0,1.0,15.0,100.0,1,0.09,484,50,3545.0,57.198083,16.4,1.0,1,0,0,0,0,1,0,0,1,0,1,0,0,7,10.5,50.0
2254,40.40642,-3.73264,2,2.0,3.0,33.0,95.0,1,1.34,268,200,2287.0,47.008319,4.7,1.0,1,0,0,0,0,1,0,0,0,0,1,0,0,11,18.0,50.0
2255,40.39527,-3.68228,1,1.0,1.0,34.0,100.0,1,0.14,405,50,3917.0,55.025641,1.9,1.0,1,1,1,1,1,1,1,1,1,1,1,1,1,7,10.5,50.0
2256,40.48,-3.63034,4,1.0,2.0,400.0,100.0,1,0.03,326,200,3312.0,62.061453,9.2,1.0,1,0,0,0,0,1,1,1,1,0,1,0,0,8,33.0,200.0
2257,40.4095,-3.69947,2,1.0,1.0,56.0,96.0,1,1.51,220,50,4503.0,68.043894,0.8,1.0,1,0,0,0,0,1,0,0,0,0,1,0,0,8,18.0,100.0
2258,40.39104,-3.76351,2,1.0,1.0,20.0,97.0,2,1.52,427,50,2287.0,47.008319,4.7,1.0,1,1,1,1,1,1,1,1,1,1,1,1,1,11,18.0,50.0
2259,40.45752,-3.6938,3,1.0,3.0,141.0,99.0,1,1.25,1016,200,3476.0,60.621287,5.9,1.0,1,0,0,0,0,1,1,1,1,1,1,1,0,7,25.5,150.0
2260,40.41784,-3.70649,7,3.0,5.0,315.0,99.0,2,2.06,451,200,4503.0,68.043894,0.8,3.0,1,0,0,0,0,1,0,1,1,0,1,0,0,7,61.5,200.0
2261,40.41597,-3.70845,8,2.0,3.0,122.0,93.0,6,3.07,334,200,4503.0,68.043894,0.8,1.0,1,0,0,0,0,1,0,1,0,1,0,0,0,7,63.0,150.0
2262,40.42102,-3.70609,3,1.0,1.0,60.0,100.0,1,0.11,219,200,4503.0,68.043894,0.8,2.0,1,0,0,0,0,1,0,1,1,0,1,0,0,7,28.5,100.0
2263,40.4087,-3.71347,2,1.0,2.0,45.0,90.0,9,2.84,453,50,4503.0,68.043894,0.8,2.0,0,0,0,0,0,1,0,1,0,0,1,0,0,7,21.0,50.0
2264,40.35107,-3.70772,2,1.0,2.0,26.0,95.0,1,0.16,495,50,1696.0,37.641618,9.0,1.0,0,0,0,0,0,1,1,1,0,0,1,0,0,7,18.0,50.0
2265,40.42283,-3.70079,4,2.0,2.0,180.0,92.0,1,2.36,446,200,4503.0,68.043894,0.8,2.0,1,0,0,0,0,1,0,1,1,1,1,0,0,7,36.0,200.0
2266,40.43835,-3.69464,2,1.0,1.0,30.0,92.0,4,1.64,371,200,4855.0,64.056634,2.4,1.0,1,0,0,0,0,1,0,1,1,0,1,0,0,7,18.0,50.0
2267,40.43522,-3.67175,4,2.0,3.0,70.0,95.0,1,1.66,450,200,5328.0,74.694253,2.2,2.0,1,0,0,0,0,1,0,1,1,1,1,0,0,7,36.0,100.0
2269,40.42181,-3.69992,2,1.0,1.0,100.0,100.0,1,0.02,195,200,4503.0,68.043894,0.8,1.0,1,0,0,0,0,0,0,0,0,0,1,0,0,7,18.0,100.0
2270,40.42004,-3.70343,6,2.0,4.0,55.0,87.0,53,2.66,715,200,4503.0,68.043894,0.8,1.0,1,0,0,0,0,1,0,0,1,1,1,0,0,9,48.0,100.0
2271,40.39627,-3.71638,1,1.0,1.0,20.0,0.0,1,0.0,189,50,2195.0,47.402837,6.6,1.0,1,0,0,0,0,1,0,1,1,0,1,0,0,7,10.5,50.0
2272,40.41805,-3.70146,2,1.0,1.0,59.0,93.0,1,3.03,378,200,4503.0,68.043894,0.8,1.0,1,0,0,0,0,1,0,1,1,0,1,0,0,7,18.0,100.0
2273,40.41258,-3.71123,2,1.0,1.0,100.0,95.0,2,0.23,230,200,4503.0,68.043894,0.8,1.0,1,0,0,0,1,1,0,1,0,0,1,0,0,8,18.0,100.0
2274,40.43309,-3.65751,1,1.0,1.0,18.0,0.0,1,0.0,77,50,2893.0,50.090625,6.5,1.0,1,0,0,0,0,1,0,0,0,0,0,0,0,7,10.5,50.0
2275,40.44255,-3.65286,2,1.0,1.0,40.0,100.0,2,0.09,232,50,2893.0,50.090625,6.5,1.0,1,0,0,0,0,1,0,0,0,0,0,0,0,7,18.0,50.0
2276,40.41272,-3.70245,6,2.0,2.0,95.0,96.0,1,0.62,532,200,4503.0,68.043894,0.8,1.0,1,0,0,0,0,1,0,1,0,1,1,0,0,8,48.0,100.0
2277,40.42162,-3.70496,2,1.0,1.0,50.0,0.0,1,0.0,96,50,4503.0,68.043894,0.8,1.0,1,0,0,0,0,1,0,0,0,0,0,0,0,8,18.0,50.0
2278,40.39553,-3.66905,2,2.0,2.0,15.0,0.0,1,0.0,61,200,1890.0,41.443535,5.0,1.0,1,0,0,0,0,0,0,0,1,0,0,0,0,7,18.0,50.0
2279,40.424,-3.70124,4,2.0,3.0,86.0,97.0,2,4.37,748,200,4503.0,68.043894,0.8,1.0,1,0,0,0,0,1,0,1,1,0,1,1,0,8,33.0,100.0
2280,40.41059,-3.70751,2,1.0,1.0,50.0,83.0,4,0.16,245,50,4503.0,68.043894,0.8,1.0,0,0,0,0,0,1,0,0,1,0,1,0,0,9,18.0,50.0
2281,40.40917,-3.70882,2,1.0,1.0,50.0,84.0,4,0.58,150,50,4503.0,68.043894,0.8,1.0,1,0,0,0,0,1,0,0,1,0,0,0,0,9,18.0,50.0
2282,40.40921,-3.7107,4,2.0,2.0,60.0,96.0,2,0.61,495,200,4503.0,68.043894,0.8,1.0,1,0,0,0,0,1,0,0,1,1,1,0,0,9,33.0,100.0
2283,40.40973,-3.69974,2,1.0,1.0,51.0,93.0,1,1.04,337,200,4503.0,68.043894,0.8,1.0,1,0,0,0,0,1,0,0,0,0,0,0,0,7,18.0,100.0
2284,40.40159,-3.68876,2,0.0,1.0,38.0,89.0,2,1.78,417,200,3917.0,55.025641,1.9,1.0,1,0,0,0,0,0,0,0,0,0,1,0,0,7,18.0,50.0
2285,40.4147,-3.70838,1,0.0,1.0,115.0,100.0,1,0.06,181,200,4503.0,68.043894,0.8,1.0,1,0,0,0,0,1,0,1,1,0,0,0,0,9,10.5,150.0
2286,40.42136,-3.70478,4,1.0,2.0,100.0,0.0,1,0.0,252,200,4503.0,68.043894,0.8,1.0,1,0,0,0,0,1,0,1,1,0,1,0,0,10,33.0,100.0
2287,40.38701,-3.66621,1,1.0,1.0,12.0,80.0,5,0.02,27,50,1890.0,41.443535,5.0,1.0,1,0,0,0,0,0,0,0,0,0,0,0,0,7,10.5,50.0
2288,40.43263,-3.60358,1,1.0,1.0,40.0,87.0,4,0.88,83,50,2477.0,70.967532,7.3,1.0,0,0,0,0,0,1,0,0,1,0,0,0,0,10,10.5,50.0
2289,40.43834,-3.69452,3,1.0,2.0,71.0,92.0,4,1.78,384,200,4855.0,64.056634,2.4,1.0,1,0,0,0,0,1,0,1,1,0,1,0,0,7,25.5,100.0
2290,40.39501,-3.69991,1,1.0,2.0,20.0,80.0,1,0.06,155,50,3917.0,55.025641,1.9,1.0,1,0,0,0,0,1,0,0,1,0,1,0,0,7,10.5,50.0
2291,40.44341,-3.70141,1,1.0,1.0,31.0,97.0,1,1.06,361,50,4855.0,64.056634,2.4,1.0,0,0,0,0,0,1,0,0,0,1,1,0,0,12,10.5,50.0
2292,40.38581,-3.65046,1,1.0,1.0,20.0,1.0,1,1.0,167,50,1890.0,41.443535,5.0,1.5,1,1,1,1,1,1,1,1,1,1,1,1,1,10,12.0,50.0
2293,40.4211,-3.70205,3,0.0,2.0,44.0,96.0,1,3.76,342,200,4503.0,68.043894,0.8,1.0,1,0,0,0,0,1,0,1,1,0,0,0,0,8,25.5,50.0
2294,40.42841,-3.69956,4,2.0,2.0,300.0,0.0,4,0.0,536,200,4503.0,68.043894,0.8,2.0,1,0,0,0,0,1,0,1,1,1,1,0,0,7,36.0,200.0
2295,40.42378,-3.70813,2,1.0,1.0,31.0,93.0,2,1.92,315,50,4503.0,68.043894,0.8,1.0,0,0,0,0,0,1,0,1,1,0,1,0,0,8,18.0,50.0
2297,40.41727,-3.70954,6,3.0,1.0,140.0,98.0,2,2.17,224,200,4503.0,68.043894,0.8,2.0,1,1,1,1,1,1,1,1,1,1,1,1,1,7,51.0,150.0
2299,40.44614,-3.5872,2,1.0,2.0,40.0,99.0,1,0.99,540,50,2477.0,70.967532,7.3,1.5,0,0,0,0,0,1,1,0,1,1,1,0,1,11,19.5,50.0
2300,40.45732,-3.62707,2,0.0,2.0,76.0,94.0,1,1.1,751,200,3312.0,62.061453,9.2,1.5,1,0,0,0,0,1,0,1,1,0,1,0,0,6,19.5,100.0
2301,40.41126,-3.70881,2,1.0,1.0,20.0,95.0,2,2.63,379,50,4503.0,68.043894,0.8,1.0,0,0,0,0,0,1,0,0,1,0,1,0,0,9,18.0,50.0
2302,40.43296,-3.71897,4,2.0,3.0,66.0,100.0,5,0.34,324,200,3555.0,63.451906,5.9,2.0,1,0,0,0,0,1,0,1,1,1,1,0,0,7,36.0,100.0
2303,40.40191,-3.64424,1,1.0,1.0,25.0,96.0,1,0.33,230,50,2547.0,45.581197,5.0,1.0,0,0,0,0,0,1,0,0,0,0,1,0,0,6,10.5,50.0
2304,40.45857,-3.65921,1,1.0,1.0,33.0,98.0,2,0.99,440,50,2893.0,50.090625,6.5,1.0,1,0,0,0,0,1,1,0,1,0,1,0,0,6,10.5,50.0
2305,40.42261,-3.70154,4,1.0,1.0,47.0,92.0,1,2.43,356,200,4503.0,68.043894,0.8,1.0,1,1,1,1,1,1,1,1,1,1,1,1,1,6,33.0,50.0
2306,40.42691,-3.70965,2,1.0,1.0,99.0,100.0,1,0.29,438,200,4503.0,68.043894,0.8,1.0,1,0,0,0,0,1,0,1,0,0,1,0,0,7,18.0,100.0
2307,40.38598,-3.70251,3,1.0,2.0,20.0,93.0,2,0.87,640,50,2316.0,43.910072,4.6,1.0,0,0,0,0,0,1,0,0,0,1,0,0,0,7,25.5,50.0
2309,40.415,-3.7062,3,0.0,2.0,59.0,92.0,1,5.43,422,200,4503.0,68.043894,0.8,1.0,1,0,0,0,0,1,0,1,1,0,1,0,0,7,25.5,100.0
2310,40.42395,-3.70531,2,1.0,1.0,48.0,97.0,1,4.16,349,200,4503.0,68.043894,0.8,1.5,1,0,0,0,0,1,0,1,0,0,1,0,0,6,19.5,50.0
2311,40.44336,-3.67627,1,1.0,1.0,28.0,90.0,1,0.03,121,50,4508.0,67.220486,5.8,1.0,1,0,0,0,0,1,0,0,0,0,0,0,0,7,10.5,50.0
2312,40.43667,-3.64494,2,1.0,1.0,30.0,0.0,1,0.0,117,50,2893.0,50.090625,6.5,1.0,0,0,0,0,0,1,0,0,0,0,0,0,0,8,18.0,50.0
2313,40.40554,-3.69092,12,4.0,4.0,103.0,96.0,2,3.25,616,200,3917.0,55.025641,1.9,2.0,1,0,0,0,0,1,0,1,1,0,1,0,1,9,96.0,150.0
2314,40.39176,-3.66583,6,2.0,3.0,75.0,91.0,2,2.4,304,200,1890.0,41.443535,5.0,2.0,1,0,0,0,0,1,0,1,1,0,0,0,0,6,51.0,100.0
2315,40.40727,-3.70954,4,2.0,2.0,81.0,96.0,1,0.9,552,200,4503.0,68.043894,0.8,1.5,1,0,0,0,0,1,0,1,1,0,1,0,0,8,34.5,100.0
2316,40.41929,-3.70875,2,1.0,2.0,70.0,92.0,11,0.62,419,200,4503.0,68.043894,0.8,1.0,1,0,0,0,0,1,0,1,1,0,1,0,0,7,18.0,100.0
2317,40.44778,-3.70901,6,3.0,5.0,93.0,99.0,1,1.33,645,200,3555.0,63.451906,5.9,2.0,1,0,0,0,0,1,0,1,1,0,1,0,1,8,51.0,100.0
2318,40.42288,-3.67447,4,2.0,4.0,150.0,0.0,1,0.0,122,200,5328.0,74.694253,2.2,1.5,1,0,0,0,0,0,0,1,1,0,0,0,0,9,34.5,150.0
2319,40.43203,-3.70585,2,1.0,1.0,200.0,0.0,3,0.0,354,50,4855.0,64.056634,2.4,1.0,1,0,0,0,0,1,0,0,1,0,1,0,0,8,18.0,200.0
2320,40.40547,-3.70552,3,2.0,2.0,51.0,93.0,4,1.82,323,200,3917.0,55.025641,1.9,1.5,1,0,0,0,0,1,0,0,1,0,1,0,0,9,27.0,100.0
2321,40.41547,-3.70638,2,0.0,1.0,51.0,90.0,2,7.09,178,200,4503.0,68.043894,0.8,1.0,1,0,0,0,0,1,0,1,0,0,1,0,0,6,18.0,100.0
2322,40.43225,-3.62502,5,3.0,4.0,65.0,85.0,1,0.34,850,200,2477.0,70.967532,7.3,1.5,1,0,0,0,0,1,0,1,1,1,1,0,0,6,42.0,100.0
2323,40.4634,-3.72332,1,1.0,1.0,27.0,97.0,3,0.23,437,50,3555.0,63.451906,5.9,1.5,0,0,0,0,0,1,0,1,0,1,1,0,0,7,12.0,50.0
2324,40.47061,-3.58652,1,1.0,1.0,20.0,96.0,1,0.42,181,50,3047.0,56.183432,11.8,1.0,1,0,0,1,0,1,1,1,1,0,0,0,0,6,10.5,50.0
2325,40.40095,-3.67168,4,2.0,3.0,90.0,90.0,1,0.74,186,200,4220.0,63.672727,3.2,2.0,1,0,0,0,0,1,0,1,1,0,1,0,0,6,36.0,100.0
2326,40.3951,-3.69793,2,1.0,1.0,31.0,100.0,1,0.03,117,50,3917.0,55.025641,1.9,1.0,1,0,0,0,1,1,0,0,0,0,0,0,0,6,18.0,50.0
2327,40.41909,-3.70285,1,1.0,1.0,39.0,98.0,1,1.55,292,50,4503.0,68.043894,0.8,1.0,0,0,0,0,0,1,0,1,1,1,0,0,0,8,10.5,50.0
2328,40.40038,-3.69491,4,1.0,2.0,43.0,87.0,1,4.48,480,200,3917.0,55.025641,1.9,1.0,1,0,0,0,0,1,0,1,0,1,1,0,0,5,33.0,50.0
2329,40.42695,-3.70771,2,1.0,1.0,34.0,97.0,1,0.27,156,50,4503.0,68.043894,0.8,1.0,1,0,0,0,0,0,0,1,0,0,0,0,0,8,18.0,50.0
2330,40.45721,-3.69439,1,1.0,1.0,40.0,95.0,2,0.2,124,50,3476.0,60.621287,5.9,1.0,1,0,0,0,0,1,1,1,1,0,0,0,0,6,10.5,50.0
2331,40.4736,-3.66628,2,1.0,1.0,70.0,96.0,1,1.87,393,200,2893.0,50.090625,6.5,1.0,1,0,0,1,0,1,1,0,1,0,1,0,0,7,18.0,100.0
2332,40.41797,-3.70246,3,1.0,2.0,56.0,92.0,1,1.08,357,200,4503.0,68.043894,0.8,1.0,1,0,0,0,0,1,0,1,1,0,1,0,0,0,25.5,100.0
2333,40.41929,-3.67875,2,1.0,1.0,36.0,98.0,1,0.52,182,50,4220.0,63.672727,3.2,1.0,1,0,0,0,0,1,0,0,1,0,1,0,0,6,18.0,50.0
2334,40.46082,-3.69041,4,2.0,3.0,105.0,100.0,1,0.54,534,200,3476.0,60.621287,5.9,1.0,1,0,0,0,1,1,0,1,1,1,1,0,0,10,33.0,150.0
2335,40.42004,-3.71037,1,1.0,1.0,48.0,0.0,4,0.0,159,50,4503.0,68.043894,0.8,1.0,0,0,0,0,0,1,0,0,1,0,1,0,0,6,10.5,50.0
2336,40.4203,-3.70231,4,1.0,1.0,80.0,96.0,5,3.31,290,200,4503.0,68.043894,0.8,1.0,1,0,0,0,0,1,0,1,1,1,1,0,0,10,33.0,100.0
2337,40.40833,-3.69961,2,0.0,1.0,45.0,92.0,1,0.08,113,200,4503.0,68.043894,0.8,1.0,1,0,0,0,0,1,0,0,0,0,0,0,0,9,18.0,50.0
2338,40.41683,-3.69453,3,1.0,1.0,25.0,92.0,5,1.27,364,200,4503.0,68.043894,0.8,1.0,1,1,1,1,1,1,1,1,1,1,1,1,1,6,25.5,50.0
2339,40.39319,-3.69699,4,2.0,2.0,55.0,98.0,1,0.43,394,200,3917.0,55.025641,1.9,1.0,1,0,0,0,0,1,0,0,1,0,1,0,0,8,33.0,100.0
2340,40.40167,-3.63773,1,1.0,1.0,18.0,94.0,2,1.73,438,50,2547.0,45.581197,5.0,1.5,0,0,0,0,0,1,0,0,0,0,1,0,0,9,12.0,50.0
2341,40.40888,-3.70104,2,1.0,1.0,60.0,93.0,1,0.57,208,200,4503.0,68.043894,0.8,1.0,1,0,0,0,0,1,0,0,0,0,1,0,0,0,18.0,100.0
2342,40.41482,-3.70093,4,1.0,2.0,96.0,0.0,2,0.0,366,200,4503.0,68.043894,0.8,1.0,1,0,0,0,0,1,0,1,0,0,1,0,0,9,33.0,100.0
2343,40.41691,-3.70374,6,2.0,3.0,85.0,93.0,13,6.68,656,200,4503.0,68.043894,0.8,1.0,1,0,0,0,0,1,0,1,1,1,1,0,1,9,48.0,100.0
2344,40.41539,-3.70344,5,2.0,3.0,74.0,91.0,13,6.04,660,200,4503.0,68.043894,0.8,2.0,1,0,0,0,0,1,0,1,1,0,1,0,1,9,43.5,100.0
2345,40.41575,-3.70374,4,0.0,2.0,85.0,88.0,7,0.65,258,200,4503.0,68.043894,0.8,1.0,1,0,0,0,0,1,0,1,1,0,0,0,0,8,33.0,100.0
2346,40.42296,-3.70118,2,1.0,1.0,46.0,92.0,1,0.19,180,50,4503.0,68.043894,0.8,1.0,1,0,0,0,0,1,0,1,1,0,0,0,0,6,18.0,50.0
2347,40.44058,-3.67674,2,1.0,1.0,42.0,100.0,13,0.05,567,200,4508.0,67.220486,5.8,1.0,1,1,1,1,1,1,1,1,1,1,1,1,1,7,18.0,50.0
2348,40.41516,-3.70093,4,1.0,2.0,76.0,100.0,1,0.05,251,200,4503.0,68.043894,0.8,1.0,1,0,0,0,0,1,0,1,0,0,0,0,0,7,33.0,100.0
2349,40.4169,-3.7071,2,1.0,1.0,26.0,93.0,1,1.26,272,50,4503.0,68.043894,0.8,1.0,0,0,0,0,0,1,0,0,1,0,1,0,0,9,18.0,50.0
2350,40.42995,-3.70056,1,1.0,1.0,39.0,100.0,1,0.93,309,50,4855.0,64.056634,2.4,1.0,0,0,0,0,0,1,0,0,1,1,1,0,0,6,10.5,50.0
2351,40.40121,-3.68741,1,2.0,1.0,44.0,98.0,1,1.69,479,50,3917.0,55.025641,1.9,1.0,0,0,0,0,0,1,0,1,1,0,1,0,1,6,10.5,50.0
2352,40.42199,-3.69684,6,3.0,3.0,294.0,97.0,11,0.95,518,200,4503.0,68.043894,0.8,2.0,1,0,0,0,0,1,0,1,0,1,1,0,0,9,51.0,200.0
2353,40.44591,-3.66915,2,1.0,1.0,25.0,96.0,1,0.51,152,50,4508.0,67.220486,5.8,1.0,1,0,0,0,0,1,0,0,1,0,1,0,0,6,18.0,50.0
2354,40.41736,-3.70361,4,1.0,3.0,100.0,80.0,25,0.02,148,200,4503.0,68.043894,0.8,1.0,1,0,0,0,0,1,0,1,1,0,1,0,0,7,33.0,100.0
2355,40.42311,-3.66497,2,1.0,1.0,30.0,0.0,1,0.0,41,200,5328.0,74.694253,2.2,1.0,1,0,0,0,0,0,0,0,0,0,0,0,0,6,18.0,50.0
2356,40.4035,-3.69574,2,1.0,1.0,61.0,100.0,2,0.24,381,200,3917.0,55.025641,1.9,2.0,1,0,0,1,0,1,0,1,1,0,1,0,0,7,21.0,100.0
2357,40.38957,-3.66105,1,1.0,1.0,35.0,0.0,1,0.0,63,50,1890.0,41.443535,5.0,1.0,1,0,0,0,0,1,0,0,0,0,0,0,0,6,10.5,50.0
2358,40.41527,-3.70075,4,0.0,2.0,66.0,88.0,4,4.09,329,200,4503.0,68.043894,0.8,1.0,1,0,0,0,0,1,0,1,0,0,1,0,0,7,33.0,100.0
2359,40.40802,-3.68939,2,1.0,1.0,39.0,0.0,1,0.0,186,200,4220.0,63.672727,3.2,1.0,1,0,0,0,0,1,0,0,0,0,1,0,0,9,18.0,50.0
2360,40.48763,-3.70181,2,1.0,1.0,49.0,97.0,2,2.27,326,50,3545.0,57.198083,16.4,1.0,1,0,0,1,1,1,0,0,0,0,0,0,1,7,18.0,50.0
2361,40.3892,-3.7273,1,1.0,1.0,17.0,91.0,2,0.45,331,50,2195.0,47.402837,6.6,1.0,0,0,0,0,0,1,0,0,0,1,1,0,0,6,10.5,50.0
2362,40.43901,-3.70334,1,1.0,1.0,60.0,0.0,12,0.0,155,50,4855.0,64.056634,2.4,1.0,1,0,0,0,0,1,0,1,1,0,0,0,0,11,10.5,100.0
2363,40.37164,-3.6876,5,2.0,4.0,100.0,0.0,1,0.0,140,200,2316.0,43.910072,4.6,1.0,1,0,0,0,0,1,0,1,0,0,0,0,0,6,40.5,100.0
2364,40.4715,-3.68608,4,1.0,1.0,55.0,100.0,4,0.15,404,200,4508.0,67.220486,5.8,1.0,1,0,0,0,0,1,0,1,1,0,1,0,0,9,33.0,100.0
2365,40.43121,-3.70106,2,0.0,1.0,36.0,87.0,1,1.97,269,200,4855.0,64.056634,2.4,1.0,1,0,0,0,0,1,0,1,0,0,1,0,0,7,18.0,50.0
2367,40.39922,-3.71953,2,1.0,1.0,18.0,95.0,1,0.7,318,50,2195.0,47.402837,6.6,1.5,1,0,0,0,0,1,0,0,1,0,0,0,0,8,19.5,50.0
2368,40.42585,-3.67674,5,2.0,4.0,140.0,97.0,1,1.14,517,200,5328.0,74.694253,2.2,2.0,1,0,0,1,0,1,0,1,1,0,1,0,0,7,43.5,150.0
2369,40.47777,-3.70417,1,1.0,1.0,15.0,0.0,1,0.0,141,50,3545.0,57.198083,16.4,1.0,1,0,0,0,0,1,0,0,1,0,1,0,0,9,10.5,50.0
2370,40.42628,-3.67923,2,0.0,2.0,40.0,88.0,1,3.43,301,200,5328.0,74.694253,2.2,1.0,1,0,0,0,0,1,0,1,1,0,1,0,0,7,18.0,50.0
2371,40.41853,-3.71194,2,0.0,1.0,53.0,98.0,4,2.36,368,200,4503.0,68.043894,0.8,1.0,1,0,0,0,0,1,0,1,1,0,1,0,0,6,18.0,100.0
2372,40.4178,-3.70069,6,2.0,3.0,182.0,93.0,15,0.17,259,200,4503.0,68.043894,0.8,2.0,1,0,0,0,0,1,0,1,1,0,1,0,0,7,51.0,200.0
2373,40.41794,-3.70179,6,2.0,3.0,104.0,93.0,15,0.2,247,200,4503.0,68.043894,0.8,2.0,1,0,0,0,0,1,0,1,1,0,0,0,0,7,51.0,150.0
2375,40.41788,-3.7012,6,2.0,3.0,104.0,0.0,15,0.0,260,200,4503.0,68.043894,0.8,1.5,1,0,0,0,0,1,0,1,1,0,0,0,0,7,49.5,150.0
2376,40.45645,-3.71611,2,1.0,2.0,70.0,82.0,2,0.19,70,200,3555.0,63.451906,5.9,1.0,1,0,0,0,0,1,0,1,0,0,0,0,0,6,18.0,100.0
2377,40.4087,-3.70056,2,1.0,1.0,45.0,87.0,1,0.05,91,200,4503.0,68.043894,0.8,1.0,1,0,0,0,0,1,0,0,1,0,0,0,0,7,18.0,50.0
2378,40.40297,-3.69797,2,1.0,1.0,36.0,0.0,1,0.0,115,50,3917.0,55.025641,1.9,1.5,1,0,0,0,0,0,0,0,1,0,1,0,0,7,19.5,50.0
2379,40.40706,-3.70801,2,1.0,1.0,18.0,85.0,1,2.11,186,50,4503.0,68.043894,0.8,1.0,1,0,0,0,0,1,0,0,0,0,1,0,0,6,18.0,50.0
2380,40.41079,-3.70844,6,2.0,3.0,159.0,98.0,1,3.88,447,200,4503.0,68.043894,0.8,1.0,1,0,0,0,0,1,0,1,1,1,1,0,0,7,48.0,200.0
2381,40.41936,-3.70012,6,2.0,3.0,104.0,100.0,15,0.05,131,200,4503.0,68.043894,0.8,1.0,1,0,0,0,0,1,0,1,1,0,0,0,0,7,48.0,150.0
2382,40.41959,-3.70024,6,2.0,3.0,104.0,0.0,15,0.02,247,200,4503.0,68.043894,0.8,1.0,1,0,0,0,0,1,0,1,1,0,0,0,0,7,48.0,150.0
2383,40.42003,-3.702,4,1.0,2.0,75.0,0.0,15,0.0,247,200,4503.0,68.043894,0.8,1.0,1,0,0,0,0,1,0,1,1,0,0,0,0,7,33.0,100.0
2386,40.41784,-3.70171,4,1.0,2.0,75.0,100.0,15,0.06,260,200,4503.0,68.043894,0.8,1.0,1,0,0,0,0,1,0,1,1,0,0,0,0,7,33.0,100.0
2389,40.41973,-3.70049,6,2.0,3.0,138.0,90.0,15,0.12,247,200,4503.0,68.043894,0.8,1.0,1,0,0,0,0,1,0,1,1,0,0,0,0,7,48.0,150.0
2390,40.41355,-3.70783,4,2.0,3.0,55.0,95.0,2,4.63,493,200,4503.0,68.043894,0.8,1.0,1,0,0,0,0,1,0,1,0,0,0,1,0,6,33.0,100.0
2391,40.41153,-3.70668,2,1.0,1.0,72.0,78.0,1,0.16,148,200,4503.0,68.043894,0.8,1.0,1,0,0,0,0,1,0,1,0,0,1,0,0,6,18.0,100.0
2392,40.4405,-3.66995,1,1.0,1.0,22.0,90.0,1,0.05,240,50,4508.0,67.220486,5.8,1.5,1,0,0,0,0,1,0,1,1,0,1,0,0,7,12.0,50.0
2393,40.42773,-3.71401,4,3.0,3.0,65.0,89.0,1,1.54,395,200,3555.0,63.451906,5.9,1.0,1,0,0,0,0,1,0,1,1,0,1,0,0,6,33.0,100.0
2394,40.39638,-3.71637,1,1.0,1.0,25.0,97.0,1,1.3,241,50,2195.0,47.402837,6.6,1.0,1,0,0,0,0,1,0,1,1,0,0,0,0,6,10.5,50.0
2395,40.43456,-3.68506,4,2.0,4.0,103.0,60.0,2,0.03,188,200,5328.0,74.694253,2.2,1.0,1,0,0,0,0,0,0,1,1,0,1,0,0,9,33.0,150.0
2396,40.3903,-3.68939,1,1.0,1.0,75.0,0.0,1,0.0,94,50,3917.0,55.025641,1.9,1.0,1,0,0,0,0,1,0,0,1,0,0,0,0,7,10.5,100.0
2397,40.42428,-3.66675,2,1.0,1.0,35.0,93.0,1,2.9,442,200,5328.0,74.694253,2.2,1.0,1,0,0,0,0,1,0,1,1,0,1,0,0,7,18.0,50.0
2398,40.40654,-3.69473,4,1.0,2.0,43.0,98.0,3,3.65,358,200,3917.0,55.025641,1.9,1.0,1,0,0,0,0,1,0,1,0,0,1,0,0,7,33.0,50.0
2399,40.43863,-3.70094,6,2.0,4.0,80.0,96.0,1,2.44,804,200,4855.0,64.056634,2.4,1.0,1,0,0,0,0,1,0,1,0,1,1,0,1,8,48.0,100.0
2400,40.39099,-3.72771,3,3.0,2.0,61.0,0.0,1,0.0,27,200,2195.0,47.402837,6.6,1.0,1,0,0,0,0,0,0,0,0,0,0,0,0,10,25.5,100.0
2401,40.3891,-3.72559,1,1.0,1.0,17.0,92.0,2,0.32,318,50,2195.0,47.402837,6.6,1.0,0,0,0,0,0,1,0,0,0,0,1,0,0,6,10.5,50.0
2402,40.36745,-3.68788,6,4.0,5.0,50.0,95.0,1,0.41,368,200,2316.0,43.910072,4.6,2.0,1,0,0,0,0,1,0,0,1,0,1,0,0,10,51.0,50.0
2403,40.43685,-3.68796,8,4.0,4.0,400.0,85.0,12,1.16,233,200,5328.0,74.694253,2.2,3.0,1,0,0,0,0,1,1,1,1,0,1,0,0,9,69.0,200.0
2404,40.4234,-3.71793,2,1.0,1.0,56.0,95.0,2,3.1,317,200,3555.0,63.451906,5.9,1.0,1,0,0,1,0,1,0,0,1,0,1,0,0,6,18.0,100.0
2405,40.43184,-3.62333,4,2.0,3.0,32.0,96.0,2,1.47,340,200,2477.0,70.967532,7.3,1.5,1,0,0,0,0,1,0,0,1,0,1,0,0,6,34.5,50.0
2406,40.49593,-3.615,3,2.0,2.0,89.0,91.0,1,1.1,276,200,3312.0,62.061453,9.2,2.0,1,0,0,0,0,1,1,1,1,0,1,0,0,6,28.5,100.0
2407,40.42541,-3.70834,4,1.0,2.0,38.0,93.0,1,0.13,136,200,4503.0,68.043894,0.8,1.0,1,0,0,0,0,1,0,1,1,0,1,0,0,8,33.0,50.0
2408,40.38874,-3.70073,2,1.0,1.0,21.0,83.0,1,0.11,211,50,2316.0,43.910072,4.6,2.0,1,0,0,0,0,1,0,0,0,0,1,0,0,6,21.0,50.0
2409,40.42406,-3.70274,3,1.0,2.0,86.0,92.0,2,3.39,384,200,4503.0,68.043894,0.8,1.0,1,0,0,0,0,1,0,1,1,0,1,0,0,0,25.5,100.0
2410,40.41041,-3.70701,2,1.0,1.0,106.0,98.0,1,0.16,156,50,4503.0,68.043894,0.8,1.0,0,0,0,0,0,1,0,0,1,0,1,0,0,8,18.0,150.0
2411,40.42543,-3.69963,3,1.0,4.0,75.0,88.0,1,2.71,834,200,4503.0,68.043894,0.8,1.5,1,0,0,0,0,1,0,1,0,0,1,0,1,6,27.0,100.0
2412,40.41663,-3.70876,2,1.0,2.0,61.0,97.0,1,1.03,402,200,4503.0,68.043894,0.8,1.0,1,0,0,0,0,1,0,0,0,1,1,0,0,9,18.0,100.0
2413,40.42327,-3.70688,6,4.0,6.0,90.0,85.0,53,4.03,642,200,4503.0,68.043894,0.8,1.5,1,0,0,0,0,1,0,0,0,0,1,0,0,9,49.5,100.0
2414,40.45058,-3.70062,2,1.0,1.0,39.0,96.0,1,2.34,127,50,3476.0,60.621287,5.9,1.0,0,0,0,0,0,1,0,0,0,0,1,0,0,7,18.0,50.0
2415,40.39535,-3.7004,5,1.0,3.0,15.0,93.0,4,1.37,468,50,3917.0,55.025641,1.9,2.0,0,0,0,0,1,1,0,0,0,1,1,0,1,9,43.5,50.0
2416,40.43096,-3.65235,2,1.0,1.0,35.0,97.0,1,0.48,188,50,2893.0,50.090625,6.5,1.0,0,0,0,0,0,1,0,0,0,0,1,0,0,6,18.0,50.0
2417,40.41735,-3.70188,2,1.0,1.0,15.0,0.0,1,0.0,268,50,4503.0,68.043894,0.8,2.0,1,0,0,0,0,0,0,1,0,0,1,0,0,8,21.0,50.0
2418,40.41354,-3.70415,2,1.0,1.0,60.0,0.0,1,0.0,119,50,4503.0,68.043894,0.8,1.0,1,0,0,0,0,1,0,0,0,0,0,0,0,6,18.0,100.0
2419,40.44626,-3.5853,2,1.0,1.0,40.0,0.0,1,0.0,150,50,2477.0,70.967532,7.3,1.0,1,0,0,0,1,1,1,1,1,0,0,0,0,6,18.0,50.0
2420,40.44416,-3.66821,2,1.0,1.0,65.0,0.0,1,0.0,214,200,4508.0,67.220486,5.8,1.0,1,0,0,0,0,1,0,1,1,0,1,0,0,6,18.0,100.0
2421,40.3862,-3.65555,2,1.0,2.0,21.0,92.0,2,1.86,474,50,1890.0,41.443535,5.0,1.0,0,0,0,0,0,1,0,0,0,0,1,0,0,7,18.0,50.0
2422,40.4248,-3.67823,5,2.0,4.0,120.0,97.0,1,0.24,156,200,5328.0,74.694253,2.2,2.0,1,0,0,0,0,1,0,1,1,0,0,0,0,8,43.5,150.0
2423,40.42824,-3.72032,2,1.0,1.0,40.0,90.0,1,0.03,105,50,3555.0,63.451906,5.9,1.0,1,0,0,0,0,1,0,0,1,0,0,0,0,6,18.0,50.0
2424,40.4224,-3.6745,2,1.0,2.0,20.0,92.0,2,3.08,161,50,5328.0,74.694253,2.2,1.0,0,0,0,0,0,1,0,0,1,0,1,0,0,6,18.0,50.0
2425,40.4251,-3.70884,2,1.0,1.0,45.0,99.0,1,4.99,271,50,4503.0,68.043894,0.8,1.0,0,0,0,0,0,1,0,0,1,0,1,0,0,8,18.0,50.0
2426,40.40594,-3.71123,3,1.0,1.0,42.0,88.0,9,3.17,505,50,3917.0,55.025641,1.9,2.0,0,0,0,0,0,1,0,1,0,0,1,0,0,7,28.5,50.0
2427,40.42963,-3.70247,4,1.0,1.0,98.0,95.0,25,0.55,466,200,4855.0,64.056634,2.4,1.0,1,0,0,0,0,1,0,1,1,1,1,0,0,11,33.0,100.0
2428,40.42932,-3.7055,2,1.0,1.0,92.0,73.0,10,0.12,250,200,4503.0,68.043894,0.8,1.0,1,0,0,0,0,1,0,1,1,0,0,0,0,7,18.0,100.0
2429,40.40799,-3.71161,1,1.0,1.0,45.0,91.0,9,2.58,492,50,4503.0,68.043894,0.8,2.0,0,0,0,0,0,1,0,1,0,0,1,0,0,7,13.5,50.0
2430,40.43615,-3.68095,3,1.0,1.0,40.0,80.0,1,0.05,100,200,5328.0,74.694253,2.2,1.0,1,0,0,0,0,1,0,1,0,0,0,0,0,6,25.5,50.0
2431,40.42918,-3.6794,4,2.0,3.0,250.0,0.0,1,0.0,195,200,5328.0,74.694253,2.2,3.0,1,0,0,0,0,1,0,1,1,0,1,0,0,7,39.0,200.0
2433,40.41257,-3.71764,3,2.0,2.0,58.0,92.0,1,0.39,460,200,3917.0,55.025641,1.9,1.0,1,0,0,0,0,1,0,1,0,1,1,0,1,9,25.5,100.0
2434,40.41324,-3.70755,2,0.0,1.0,49.0,89.0,2,6.23,263,200,4503.0,68.043894,0.8,1.0,1,0,0,0,0,1,0,1,0,0,1,0,0,6,18.0,50.0
2435,40.40693,-3.70098,6,2.0,3.0,65.0,99.0,3,1.48,486,200,4503.0,68.043894,0.8,1.0,1,0,0,0,0,1,0,1,0,0,1,0,0,8,48.0,100.0
2436,40.41454,-3.70688,4,1.0,2.0,65.0,91.0,59,3.78,447,200,4503.0,68.043894,0.8,1.0,1,0,0,0,0,1,0,1,1,0,1,0,0,7,33.0,100.0
2437,40.41424,-3.7074,2,1.0,1.0,75.0,0.0,2,0.0,201,50,4503.0,68.043894,0.8,2.0,1,0,0,0,0,1,0,0,1,0,0,0,0,6,21.0,100.0
2438,40.41604,-3.70608,2,1.0,1.0,70.0,0.0,2,0.0,248,50,4503.0,68.043894,0.8,2.0,1,0,0,0,0,1,0,0,1,0,1,0,0,6,21.0,100.0
2439,40.42844,-3.71922,1,1.0,1.0,22.0,98.0,3,0.88,294,50,3555.0,63.451906,5.9,1.0,0,0,0,0,0,1,0,0,1,0,1,0,0,6,10.5,50.0
2440,40.47067,-3.64381,4,1.0,2.0,90.0,93.0,7,0.96,465,200,3312.0,62.061453,9.2,1.0,1,0,0,1,0,1,0,1,1,0,1,0,0,6,33.0,100.0
2441,40.41283,-3.70565,3,0.0,1.0,31.0,84.0,1,7.61,157,200,4503.0,68.043894,0.8,1.0,1,0,0,0,0,1,0,1,0,0,0,0,0,8,25.5,50.0
2442,40.43062,-3.68444,4,2.0,3.0,192.0,95.0,1,1.67,552,200,5328.0,74.694253,2.2,2.0,1,0,0,0,0,1,0,1,1,1,1,0,0,6,36.0,200.0
2443,40.41258,-3.70754,2,0.0,1.0,56.0,91.0,1,2.15,446,200,4503.0,68.043894,0.8,1.0,1,0,0,0,0,1,0,1,0,0,1,0,0,8,18.0,100.0
2444,40.41021,-3.6958,2,1.0,1.0,40.0,100.0,2,0.05,167,50,4503.0,68.043894,0.8,1.0,1,0,0,0,0,1,0,1,1,0,1,0,0,6,18.0,50.0
2445,40.42357,-3.70857,4,2.0,3.0,116.0,98.0,14,1.82,369,200,4503.0,68.043894,0.8,2.0,1,0,0,0,0,1,0,1,1,0,0,0,0,10,36.0,150.0
2446,40.41526,-3.70656,4,1.0,2.0,99.0,93.0,1,1.5,262,200,4503.0,68.043894,0.8,1.0,1,0,0,0,0,1,0,1,1,0,1,0,0,6,33.0,100.0
2447,40.39524,-3.70052,2,1.0,1.0,15.0,95.0,4,1.93,561,50,3917.0,55.025641,1.9,2.0,0,0,0,0,0,1,0,0,1,1,0,0,0,9,21.0,50.0
2448,40.39524,-3.70052,2,1.0,2.0,15.0,93.0,4,1.62,404,50,3917.0,55.025641,1.9,2.0,0,0,0,0,0,1,0,0,0,1,0,0,0,9,21.0,50.0
2449,40.43163,-3.71287,2,1.0,2.0,29.0,70.0,4,0.05,136,50,4855.0,64.056634,2.4,2.0,0,0,0,0,0,1,0,0,1,0,1,0,0,6,21.0,50.0
2450,40.4291,-3.70092,4,2.0,2.0,147.0,99.0,1,0.81,315,200,4855.0,64.056634,2.4,2.0,1,0,0,0,0,1,0,1,0,0,1,0,0,6,36.0,150.0
2451,40.42073,-3.6999,2,1.0,1.0,39.0,92.0,11,2.12,551,50,4503.0,68.043894,0.8,2.0,0,0,0,0,0,1,0,1,0,0,1,0,0,7,21.0,50.0
2452,40.41054,-3.7101,2,0.0,2.0,35.0,91.0,1,1.05,175,200,4503.0,68.043894,0.8,1.0,1,0,0,0,0,1,0,0,0,0,1,0,0,7,18.0,50.0
2453,40.42073,-3.6999,3,1.0,2.0,39.0,93.0,11,1.37,551,50,4503.0,68.043894,0.8,2.0,0,0,0,0,0,1,0,1,0,0,1,0,0,7,28.5,50.0
2454,40.42073,-3.6999,4,1.0,2.0,39.0,92.0,11,1.5,531,50,4503.0,68.043894,0.8,2.0,0,0,0,0,0,1,0,1,0,0,1,0,0,7,36.0,50.0
2455,40.42519,-3.70789,2,1.0,1.0,69.0,97.0,1,0.46,155,200,4503.0,68.043894,0.8,1.0,1,0,0,1,0,1,0,0,1,0,1,0,0,10,18.0,100.0
2456,40.42073,-3.6999,3,1.0,2.0,39.0,94.0,11,1.12,571,50,4503.0,68.043894,0.8,2.0,0,0,0,0,0,1,0,1,0,1,1,0,0,7,28.5,50.0
2458,40.42073,-3.6999,15,5.0,10.0,293.0,93.0,10,2.1,576,200,4503.0,68.043894,0.8,2.0,1,0,0,0,0,1,0,1,0,1,1,0,0,9,118.5,200.0
2459,40.40997,-3.70893,5,2.0,3.0,110.0,0.0,3,0.0,127,200,4503.0,68.043894,0.8,1.0,1,0,0,0,0,0,0,0,1,0,0,0,0,8,40.5,150.0
2460,40.49216,-3.70627,1,4.0,1.0,30.0,99.0,1,1.71,429,50,3545.0,57.198083,16.4,2.5,1,0,0,0,0,1,0,0,0,0,1,0,0,6,15.0,50.0
2461,40.41871,-3.7031,4,1.0,1.0,81.0,97.0,4,3.89,360,200,4503.0,68.043894,0.8,1.0,1,0,0,0,0,1,0,1,1,0,0,0,0,8,33.0,100.0
2462,40.42701,-3.69768,1,1.0,1.0,72.0,100.0,1,0.04,366,50,4503.0,68.043894,0.8,1.0,0,0,0,0,0,1,0,1,1,0,1,0,0,9,10.5,100.0
2463,40.41953,-3.70502,2,1.0,1.0,28.0,90.0,53,4.68,674,200,4503.0,68.043894,0.8,1.0,1,0,0,0,0,1,0,0,1,1,1,0,0,9,18.0,50.0
2464,40.41172,-3.70362,3,1.0,2.0,60.0,93.0,4,2.46,482,200,4503.0,68.043894,0.8,1.0,1,0,0,0,0,1,0,1,0,1,1,0,0,10,25.5,100.0
2465,40.41594,-3.70966,4,1.0,2.0,78.0,99.0,1,2.3,314,200,4503.0,68.043894,0.8,1.0,1,0,0,0,0,1,0,1,0,0,1,0,0,6,33.0,100.0
2466,40.42167,-3.70533,3,1.0,2.0,36.0,89.0,53,4.44,654,200,4503.0,68.043894,0.8,1.0,1,0,0,0,0,1,0,0,1,0,1,0,0,9,25.5,50.0
2467,40.4247,-3.71118,2,0.0,1.0,95.0,98.0,1,0.13,308,200,4503.0,68.043894,0.8,1.0,1,0,0,0,0,1,0,1,1,0,1,0,0,6,18.0,100.0
2468,40.41128,-3.7016,2,1.0,1.0,36.0,95.0,1,3.57,263,50,4503.0,68.043894,0.8,1.0,1,0,0,0,0,1,0,1,0,0,1,0,0,6,18.0,50.0
2469,40.42526,-3.66765,1,1.0,1.0,63.0,94.0,1,0.94,282,50,5328.0,74.694253,2.2,1.0,0,0,0,0,0,1,0,0,1,0,1,0,0,7,10.5,100.0
2470,40.41061,-3.69966,2,2.0,2.0,35.0,100.0,1,0.26,317,200,4503.0,68.043894,0.8,1.0,1,0,0,0,0,1,0,0,0,1,0,0,0,6,18.0,50.0
2471,40.39122,-3.65306,2,1.0,1.0,17.0,98.0,6,0.23,267,50,1890.0,41.443535,5.0,1.0,0,0,0,0,0,1,0,0,0,0,0,0,0,11,18.0,50.0
2472,40.41909,-3.70834,11,6.0,9.0,290.0,98.0,19,2.13,486,200,4503.0,68.043894,0.8,4.0,1,0,0,0,0,1,0,1,1,1,0,0,0,8,94.5,200.0
2473,40.43725,-3.69797,4,1.0,2.0,60.0,98.0,1,0.73,297,200,4855.0,64.056634,2.4,1.0,1,0,0,0,0,1,0,0,0,0,1,0,0,7,33.0,100.0
2474,40.40976,-3.70872,1,1.0,1.0,26.0,100.0,3,0.03,113,50,4503.0,68.043894,0.8,1.0,1,0,0,0,0,1,0,0,1,0,0,0,0,8,10.5,50.0
2475,40.42522,-3.68642,5,2.0,3.0,78.0,100.0,1,0.59,453,200,5328.0,74.694253,2.2,2.0,1,0,0,0,0,1,0,1,1,0,1,0,0,8,43.5,100.0
2476,40.40822,-3.71328,2,1.0,1.0,42.0,100.0,1,0.02,234,200,4503.0,68.043894,0.8,1.0,1,0,0,0,0,0,0,0,0,0,1,0,0,6,18.0,50.0
2477,40.38819,-3.70318,1,1.0,1.0,13.0,94.0,1,1.14,714,50,2316.0,43.910072,4.6,1.0,0,0,0,0,0,1,0,1,0,0,1,0,1,6,10.5,50.0
2478,40.46458,-3.64829,3,1.0,3.0,32.0,94.0,2,0.96,606,50,3312.0,62.061453,9.2,1.0,0,0,0,1,0,1,0,1,0,1,1,0,0,8,25.5,50.0
2479,40.47784,-3.70423,1,1.0,1.0,13.0,100.0,2,0.03,144,50,3545.0,57.198083,16.4,1.0,1,0,0,1,0,0,0,0,1,0,1,0,0,6,10.5,50.0
2480,40.43508,-3.70741,1,1.0,1.0,20.0,0.0,1,0.0,93,50,4855.0,64.056634,2.4,1.0,1,0,0,0,0,1,0,0,1,0,0,0,0,6,10.5,50.0
2481,40.40862,-3.70223,1,1.0,1.0,19.0,91.0,1,2.16,432,50,4503.0,68.043894,0.8,1.0,0,0,0,0,0,1,0,0,0,0,1,0,0,6,10.5,50.0
2482,40.41418,-3.69789,2,1.0,1.0,45.0,0.0,1,0.0,75,200,4503.0,68.043894,0.8,1.0,1,0,0,0,0,1,0,0,1,0,1,0,0,6,18.0,50.0
2483,40.40197,-3.69215,2,1.0,1.0,24.0,100.0,1,0.09,232,50,3917.0,55.025641,1.9,2.0,0,0,0,0,0,1,0,0,1,0,1,0,0,7,21.0,50.0
2484,40.40427,-3.65948,1,2.0,1.0,25.0,96.0,1,0.4,319,50,1890.0,41.443535,5.0,1.0,0,0,0,0,1,1,0,0,1,0,1,0,0,7,10.5,50.0
2485,40.42373,-3.70519,6,2.0,4.0,104.0,96.0,2,2.19,383,200,4503.0,68.043894,0.8,2.0,1,0,0,0,0,1,0,1,0,0,1,0,0,7,51.0,150.0
2486,40.41138,-3.71289,4,1.0,2.0,70.0,94.0,3,0.13,365,50,4503.0,68.043894,0.8,1.0,1,0,0,0,0,1,0,0,1,0,1,0,0,8,33.0,100.0
2487,40.40924,-3.71376,11,5.0,8.0,269.0,86.0,9,1.82,501,200,4503.0,68.043894,0.8,2.0,1,0,0,0,0,1,0,1,0,0,1,0,0,7,88.5,200.0
2488,40.40487,-3.71288,4,1.0,1.0,55.0,86.0,9,3.55,566,200,3917.0,55.025641,1.9,1.0,1,0,0,0,0,1,0,1,1,0,1,0,0,7,33.0,100.0
2489,40.42443,-3.70231,5,2.0,2.0,108.0,98.0,3,2.09,711,200,4503.0,68.043894,0.8,2.0,1,0,0,0,0,1,0,1,0,1,1,0,0,7,43.5,150.0
2490,40.45839,-3.69544,2,1.0,1.0,72.0,90.0,10,0.16,260,200,3476.0,60.621287,5.9,1.0,1,0,0,0,0,1,0,1,1,0,1,0,0,7,18.0,100.0
2491,40.42942,-3.69851,4,1.0,1.0,68.0,96.0,2,1.08,479,200,4855.0,64.056634,2.4,1.0,1,0,0,0,0,1,0,1,1,0,1,0,0,7,33.0,100.0
2492,40.40142,-3.668,4,0.0,1.0,81.0,85.0,33,0.18,535,200,4220.0,63.672727,3.2,1.0,1,0,0,0,0,1,0,1,1,0,0,0,0,1,33.0,100.0
2493,40.4013,-3.69229,3,1.0,3.0,60.0,99.0,1,1.06,324,50,3917.0,55.025641,1.9,1.0,0,0,0,0,0,1,0,0,1,1,0,0,1,8,25.5,100.0
2494,40.40216,-3.66815,4,1.0,1.0,96.0,83.0,33,0.96,555,200,4220.0,63.672727,3.2,1.5,1,0,0,0,0,1,0,1,1,0,0,0,0,1,34.5,100.0
2495,40.40699,-3.70759,5,2.0,4.0,117.0,96.0,8,1.04,453,200,4503.0,68.043894,0.8,1.0,1,0,0,0,0,1,0,1,1,1,1,0,0,0,40.5,150.0
2496,40.40119,-3.66999,2,0.0,1.0,74.0,70.0,33,0.12,535,200,4220.0,63.672727,3.2,1.0,1,0,0,0,0,1,0,1,1,0,0,0,0,1,18.0,100.0
2498,40.40256,-3.66835,4,1.0,1.0,96.0,30.0,33,0.06,535,200,4220.0,63.672727,3.2,1.0,1,0,0,0,0,1,0,1,1,0,0,0,0,1,33.0,100.0
2500,40.44744,-3.70132,3,2.0,2.0,63.0,85.0,5,0.18,432,200,3476.0,60.621287,5.9,2.0,1,0,0,0,0,1,0,1,0,0,1,0,0,9,28.5,100.0
2501,40.42716,-3.67975,2,1.0,1.0,65.0,93.0,3,0.2,573,50,5328.0,74.694253,2.2,1.5,1,0,0,0,0,1,0,0,1,1,1,0,0,7,19.5,100.0
2502,40.40249,-3.66833,4,2.0,3.0,113.0,86.0,33,0.23,628,200,4220.0,63.672727,3.2,2.0,1,0,0,0,0,1,0,1,1,1,0,0,0,1,36.0,150.0
2503,40.40059,-3.66933,6,3.0,5.0,159.0,85.0,33,0.2,596,200,4220.0,63.672727,3.2,2.0,1,0,0,0,0,1,0,1,1,1,0,0,0,1,51.0,200.0
2504,40.42523,-3.68002,1,1.0,1.0,100.0,100.0,3,0.02,430,50,5328.0,74.694253,2.2,1.5,1,1,1,1,1,1,1,1,1,1,1,1,1,7,12.0,100.0
2505,40.43908,-3.67464,12,4.0,5.0,250.0,97.0,1,0.1,292,200,4508.0,67.220486,5.8,3.0,1,0,0,0,0,1,0,1,0,0,1,0,0,10,99.0,200.0
2506,40.39725,-3.6954,4,1.0,1.0,53.0,95.0,1,1.51,287,200,3917.0,55.025641,1.9,1.5,1,0,0,0,0,1,0,1,1,0,1,0,0,7,34.5,100.0
2507,40.35627,-3.69595,6,3.0,5.0,95.0,99.0,1,0.42,707,200,1696.0,37.641618,9.0,2.0,1,0,0,0,0,1,0,1,1,0,1,0,1,6,51.0,100.0
2508,40.425,-3.70647,2,1.0,1.0,45.0,86.0,1,0.7,172,200,4503.0,68.043894,0.8,1.0,1,0,0,0,0,1,0,0,0,0,0,0,0,6,18.0,50.0
2509,40.43076,-3.687,2,1.0,1.0,75.0,90.0,1,0.03,119,50,5328.0,74.694253,2.2,1.0,1,1,1,1,1,1,1,1,1,1,1,1,1,8,18.0,100.0
2510,40.42845,-3.69679,2,1.0,1.0,40.0,0.0,1,0.0,129,50,4855.0,64.056634,2.4,1.0,1,0,0,0,0,1,0,0,0,0,1,0,0,7,18.0,50.0
2511,40.42911,-3.68556,4,2.0,2.0,104.0,92.0,1,0.35,307,200,5328.0,74.694253,2.2,1.0,1,0,0,0,0,1,0,1,1,0,1,0,0,9,33.0,150.0
2512,40.42133,-3.70317,3,1.0,2.0,37.0,87.0,53,3.54,654,200,4503.0,68.043894,0.8,1.0,1,0,0,0,0,1,0,0,1,0,1,0,0,9,25.5,50.0
2513,40.41967,-3.70502,2,1.0,1.0,39.0,89.0,53,4.57,632,200,4503.0,68.043894,0.8,1.0,1,0,0,0,0,1,0,0,1,1,1,0,0,9,18.0,50.0
2514,40.40725,-3.71152,4,1.0,1.0,42.0,88.0,9,3.2,466,50,4503.0,68.043894,0.8,2.0,0,0,0,0,0,1,0,1,0,0,1,0,0,7,36.0,50.0
2515,40.44473,-3.67299,4,1.0,1.0,66.0,96.0,1,1.25,440,200,4508.0,67.220486,5.8,1.0,1,0,0,1,0,1,0,1,0,1,1,0,0,6,33.0,100.0
2516,40.38882,-3.69863,2,1.0,2.0,30.0,95.0,1,0.79,488,50,2316.0,43.910072,4.6,1.0,1,0,0,0,0,1,0,0,1,1,1,0,0,7,18.0,50.0
2517,40.41327,-3.7034,6,2.0,3.0,123.0,96.0,4,0.1,152,200,4503.0,68.043894,0.8,1.0,1,0,0,0,0,1,0,1,1,0,0,0,0,7,48.0,150.0
2518,40.44472,-3.58884,7,3.0,5.0,74.0,95.0,1,3.15,543,200,2477.0,70.967532,7.3,2.0,1,0,0,1,0,1,1,1,1,0,1,0,0,6,58.5,100.0
2519,40.40129,-3.66789,5,2.0,5.0,51.0,80.0,1,0.79,266,200,4220.0,63.672727,3.2,1.0,1,0,0,0,0,1,0,0,0,1,0,0,0,6,40.5,100.0
2520,40.38854,-3.72665,2,1.0,1.0,25.0,95.0,1,0.34,278,50,2195.0,47.402837,6.6,1.0,0,0,0,0,0,1,0,1,0,0,1,0,1,9,18.0,50.0
2521,40.42252,-3.69491,4,2.0,3.0,443.0,100.0,1,0.32,146,200,4503.0,68.043894,0.8,1.0,1,0,0,0,0,1,0,0,1,0,1,0,0,6,33.0,200.0
2522,40.4055,-3.68536,2,1.0,2.0,53.0,80.0,1,0.05,112,50,4220.0,63.672727,3.2,2.0,1,0,0,0,0,1,0,0,0,0,0,0,0,6,21.0,100.0
2523,40.39389,-3.69075,2,1.0,1.0,36.0,96.0,1,0.83,284,50,3917.0,55.025641,1.9,2.0,1,0,0,0,0,1,0,0,1,0,1,0,0,8,21.0,50.0
2524,40.43544,-3.71028,4,2.0,5.0,120.0,96.0,1,1.44,347,200,4855.0,64.056634,2.4,1.5,1,0,0,0,0,1,0,1,1,0,1,0,0,10,34.5,150.0
2525,40.41061,-3.7021,4,2.0,2.0,58.0,90.0,1,1.02,362,200,4503.0,68.043894,0.8,1.0,1,0,0,0,0,1,0,0,0,0,1,0,0,8,33.0,100.0
2526,40.4133,-3.69738,4,2.0,2.0,127.0,93.0,1,0.1,157,200,4503.0,68.043894,0.8,2.0,1,0,0,0,0,1,0,1,0,0,0,0,0,9,36.0,150.0
2527,40.40747,-3.70987,2,1.0,1.0,50.0,97.0,1,6.75,449,200,4503.0,68.043894,0.8,1.0,1,0,0,0,0,1,0,1,1,0,1,0,0,6,18.0,50.0
2528,40.44956,-3.70358,2,1.0,1.0,23.0,86.0,2,0.27,252,50,3476.0,60.621287,5.9,1.0,1,0,0,1,0,1,0,1,0,0,1,0,0,6,18.0,50.0
2529,40.47567,-3.70606,3,2.0,2.0,45.0,0.0,2,0.0,118,200,3545.0,57.198083,16.4,1.0,1,0,0,1,0,0,0,0,0,0,1,0,0,6,25.5,50.0
2530,40.45246,-3.59304,1,1.0,1.0,30.0,98.0,3,0.95,671,50,3047.0,56.183432,11.8,1.0,0,0,0,0,0,1,1,0,0,1,1,0,0,10,10.5,50.0
2531,40.41171,-3.70366,4,1.0,3.0,78.0,97.0,1,0.19,526,200,4503.0,68.043894,0.8,1.0,1,0,0,0,0,1,0,1,1,0,1,0,0,6,33.0,100.0
2532,40.39425,-3.69431,2,1.0,1.0,18.0,87.0,4,0.05,127,50,3917.0,55.025641,1.9,1.0,1,0,0,0,0,1,0,0,1,0,1,0,0,7,18.0,50.0
2534,40.39424,-3.69408,1,1.0,1.0,15.0,0.0,4,0.0,116,50,3917.0,55.025641,1.9,1.0,1,0,0,0,0,1,0,0,1,0,1,0,0,7,10.5,50.0
2535,40.39468,-3.69437,1,1.0,1.0,15.0,0.0,4,0.0,127,50,3917.0,55.025641,1.9,1.0,1,0,0,0,0,1,0,0,1,0,1,0,0,7,10.5,50.0
2536,40.40436,-3.7368,1,1.0,1.0,30.0,100.0,1,0.31,207,50,2287.0,47.008319,4.7,1.0,1,0,0,0,0,1,0,0,1,0,1,0,0,6,10.5,50.0
2537,40.43274,-3.7129,2,1.0,1.0,45.0,96.0,1,0.27,228,50,4855.0,64.056634,2.4,1.5,1,1,1,1,1,1,1,1,1,1,1,1,1,7,19.5,50.0
2538,40.40955,-3.69524,1,1.0,1.0,20.0,0.0,2,0.0,224,50,4503.0,68.043894,0.8,1.0,1,0,0,0,0,1,0,1,1,0,1,0,0,6,10.5,50.0
2539,40.40992,-3.71644,3,1.0,2.0,64.0,98.0,1,4.03,399,200,4503.0,68.043894,0.8,1.0,1,0,0,0,0,1,0,1,1,0,1,0,0,8,25.5,100.0
2540,40.44553,-3.70442,2,1.0,1.0,40.0,0.0,1,0.0,184,50,4855.0,64.056634,2.4,1.0,1,0,0,0,0,1,0,0,1,0,1,0,0,9,18.0,50.0
2541,40.42244,-3.70545,4,1.0,2.0,86.0,96.0,2,2.16,447,200,4503.0,68.043894,0.8,0.0,1,0,0,0,0,1,0,1,1,1,1,0,0,7,30.0,100.0
2542,40.45624,-3.62638,4,1.0,2.0,63.0,99.0,1,2.05,625,200,3312.0,62.061453,9.2,1.0,1,0,0,0,0,1,1,1,1,0,1,0,0,7,33.0,100.0
2543,40.41104,-3.7068,6,2.0,3.0,95.0,98.0,1,1.19,212,200,4503.0,68.043894,0.8,1.0,1,0,0,0,0,1,0,1,0,0,1,0,0,10,48.0,100.0
2545,40.39198,-3.73989,1,1.0,1.0,17.0,99.0,1,1.34,180,50,2195.0,47.402837,6.6,1.0,1,1,1,1,1,1,1,1,1,1,1,1,1,10,10.5,50.0
2546,40.4125,-3.6964,2,1.0,1.0,80.0,98.0,5,0.96,359,200,4503.0,68.043894,0.8,1.0,1,0,0,1,0,1,0,1,1,1,1,0,0,9,18.0,100.0
2547,40.42064,-3.72039,4,1.0,2.0,45.0,98.0,6,1.26,477,200,3555.0,63.451906,5.9,1.0,1,0,0,0,0,1,0,1,1,0,1,0,0,9,33.0,50.0
2548,40.40953,-3.6579,2,2.0,6.0,50.0,99.0,1,0.46,427,200,2547.0,45.581197,5.0,1.0,1,0,0,0,0,1,0,0,0,1,0,0,0,7,18.0,50.0
2549,40.41144,-3.72692,2,0.0,1.0,50.0,95.0,1,4.27,293,200,2287.0,47.008319,4.7,1.0,1,0,0,0,0,1,0,1,0,0,0,0,0,6,18.0,50.0
2550,40.41743,-3.70391,6,0.0,5.0,300.0,83.0,25,0.38,120,200,4503.0,68.043894,0.8,1.0,1,0,0,0,0,1,0,1,1,0,0,0,0,7,48.0,200.0
2551,40.47316,-3.83625,9,5.0,7.0,126.0,94.0,1,1.61,650,200,3555.0,63.451906,5.9,3.5,1,0,0,0,0,1,1,1,0,1,1,0,0,6,78.0,150.0
2552,40.41684,-3.71076,5,2.0,4.0,119.0,97.0,1,1.27,467,200,4503.0,68.043894,0.8,1.0,1,0,0,0,0,1,0,1,1,0,0,0,0,6,40.5,150.0
2553,40.41746,-3.6754,1,1.0,2.0,40.0,0.0,1,0.0,172,50,4220.0,63.672727,3.2,1.0,1,0,0,0,0,1,0,1,1,0,1,0,0,6,10.5,50.0
2554,40.41218,-3.7041,9,2.0,4.0,224.0,93.0,5,0.08,432,200,4503.0,68.043894,0.8,2.0,1,0,0,0,0,1,0,1,1,0,1,0,0,10,73.5,200.0
2555,40.42133,-3.698,3,3.0,4.0,95.0,97.0,2,1.75,377,200,4503.0,68.043894,0.8,2.0,1,0,0,0,0,1,0,1,0,1,1,0,0,7,28.5,100.0
2556,40.42153,-3.70348,2,1.0,1.0,67.0,97.0,2,3.91,534,50,4503.0,68.043894,0.8,1.0,1,0,0,0,1,1,0,1,1,1,1,0,0,8,18.0,100.0
2557,40.42153,-3.70348,2,1.0,2.0,56.0,98.0,2,3.2,614,50,4503.0,68.043894,0.8,1.0,1,0,0,0,1,1,0,1,1,1,1,0,1,8,18.0,100.0
2558,40.40001,-3.66487,8,3.0,8.0,89.0,86.0,1,3.34,614,200,1890.0,41.443535,5.0,2.0,1,0,0,0,0,1,0,1,0,1,1,0,0,6,66.0,100.0
2559,40.41055,-3.72098,4,2.0,2.0,75.0,99.0,1,1.23,410,200,3917.0,55.025641,1.9,1.0,1,0,0,0,0,1,0,1,1,0,1,0,0,7,33.0,100.0
2560,40.43029,-3.64468,2,1.0,1.0,22.0,84.0,1,0.1,136,50,2893.0,50.090625,6.5,1.0,0,0,0,0,0,1,0,1,0,0,0,0,0,8,18.0,50.0
2561,40.43078,-3.71932,1,1.0,1.0,29.0,0.0,14,0.02,167,50,3555.0,63.451906,5.9,1.0,1,0,0,0,0,1,0,0,1,0,1,0,0,6,10.5,50.0
2562,40.41784,-3.71139,4,1.0,2.0,120.0,93.0,1,0.18,154,200,4503.0,68.043894,0.8,1.0,1,0,0,0,0,0,0,1,1,0,0,0,0,6,33.0,150.0
2563,40.42374,-3.6856,2,1.0,1.0,72.0,73.0,1,0.07,162,200,5328.0,74.694253,2.2,1.0,1,0,0,0,0,0,0,1,1,0,0,0,0,7,18.0,100.0
2564,40.41999,-3.6986,2,1.0,1.0,42.0,88.0,1,2.61,237,200,4503.0,68.043894,0.8,1.0,1,0,0,0,0,1,0,0,0,0,0,0,0,6,18.0,50.0
2565,40.43054,-3.71967,2,1.0,2.0,39.0,100.0,14,0.22,147,200,3555.0,63.451906,5.9,0.0,1,0,0,0,0,1,0,0,1,0,1,0,0,6,15.0,50.0
2566,40.40011,-3.69201,3,0.0,2.0,50.0,93.0,2,4.63,504,200,3917.0,55.025641,1.9,1.0,1,0,0,0,0,0,0,0,1,1,1,0,0,7,25.5,50.0
2567,40.40711,-3.71586,1,1.0,1.0,30.0,96.0,1,1.72,209,50,3917.0,55.025641,1.9,1.0,1,0,0,0,0,1,0,0,1,0,1,0,0,6,10.5,50.0
2568,40.4348,-3.70365,3,1.0,2.0,73.0,98.0,1,1.17,852,200,4855.0,64.056634,2.4,1.5,1,0,0,0,0,1,0,1,1,1,1,0,0,6,27.0,100.0
2569,40.43082,-3.71692,2,1.0,1.0,25.0,100.0,1,0.03,96,50,3555.0,63.451906,5.9,1.0,1,0,0,0,0,1,0,0,1,0,0,0,0,7,18.0,50.0
2570,40.42373,-3.69836,3,1.0,1.0,120.0,100.0,1,0.02,282,200,4503.0,68.043894,0.8,1.0,1,0,0,0,0,1,0,1,0,0,0,0,1,7,25.5,150.0
2571,40.42177,-3.7061,1,1.0,1.0,31.0,100.0,1,0.19,244,50,4503.0,68.043894,0.8,2.0,0,0,0,0,0,1,0,0,1,0,1,0,0,6,13.5,50.0
2572,40.41867,-3.70318,2,1.0,2.0,36.0,95.0,1,2.66,288,50,4503.0,68.043894,0.8,1.0,0,0,0,0,0,1,0,1,1,0,1,0,0,6,18.0,50.0
2573,40.43973,-3.70001,2,1.0,1.0,39.0,93.0,1,0.78,314,200,4855.0,64.056634,2.4,1.0,1,0,0,0,0,0,0,1,1,0,1,0,0,6,18.0,50.0
2574,40.42905,-3.71466,1,1.0,1.0,44.0,50.0,3,0.03,230,50,4503.0,68.043894,0.8,1.5,0,0,0,0,0,1,0,0,1,0,1,0,0,7,12.0,50.0
2575,40.42721,-3.7147,1,1.0,1.0,33.0,100.0,3,0.05,106,50,3555.0,63.451906,5.9,1.5,0,0,0,0,0,1,0,0,1,0,0,0,0,7,12.0,50.0
2576,40.43765,-3.62672,4,1.0,1.0,50.0,0.0,1,0.0,261,200,2477.0,70.967532,7.3,1.0,1,0,0,0,0,1,0,1,1,0,1,0,0,7,33.0,50.0
2577,40.42764,-3.71026,2,1.0,1.0,75.0,93.0,1,0.32,275,200,4503.0,68.043894,0.8,1.0,1,0,0,0,0,1,0,1,0,0,1,0,0,10,18.0,100.0
2578,40.41988,-3.70075,8,2.0,4.0,61.0,85.0,6,2.18,583,200,4503.0,68.043894,0.8,1.0,1,0,0,0,1,1,0,0,1,1,1,0,1,7,63.0,100.0
2579,40.42843,-3.70444,4,1.0,2.0,57.0,93.0,2,5.67,487,200,4503.0,68.043894,0.8,1.0,1,0,0,0,0,1,0,1,0,0,1,0,0,6,33.0,100.0
2580,40.41839,-3.7046,4,1.0,1.0,66.0,90.0,3,2.22,236,200,4503.0,68.043894,0.8,2.0,1,0,0,0,0,1,0,1,0,0,1,0,0,7,36.0,100.0
2581,40.43823,-3.69169,4,2.0,1.0,113.0,97.0,1,0.79,412,200,4855.0,64.056634,2.4,1.5,1,1,1,1,1,1,1,1,1,1,1,1,1,6,34.5,150.0
2582,40.41892,-3.70864,8,4.0,7.0,108.0,89.0,1,2.68,478,200,4503.0,68.043894,0.8,1.0,1,0,0,0,0,1,0,1,1,0,1,0,0,7,63.0,150.0
2583,40.4258,-3.71602,6,3.0,3.0,145.0,98.0,1,1.82,377,200,3555.0,63.451906,5.9,2.0,1,0,0,0,0,1,0,1,1,0,0,0,0,7,51.0,150.0
2584,40.42499,-3.70693,4,1.0,2.0,80.0,100.0,1,1.24,442,200,4503.0,68.043894,0.8,1.0,1,0,0,0,0,1,0,1,0,0,1,0,0,7,33.0,100.0
2585,40.46301,-3.70226,1,1.0,1.0,20.0,94.0,11,1.81,363,50,3476.0,60.621287,5.9,2.0,0,0,0,0,0,1,0,0,1,1,1,0,0,7,13.5,50.0
2586,40.42493,-3.70411,2,1.0,1.0,118.0,98.0,3,2.24,759,200,4503.0,68.043894,0.8,1.0,1,0,0,0,0,1,0,1,0,1,1,0,1,7,18.0,150.0
2587,40.41122,-3.69873,3,2.0,2.0,100.0,95.0,5,1.3,266,200,4503.0,68.043894,0.8,2.0,1,0,0,1,0,1,0,1,1,0,1,0,0,9,28.5,100.0
2588,40.40551,-3.6032,1,1.0,1.0,30.0,0.0,1,0.0,98,50,2246.0,55.472222,11.2,1.0,1,0,0,0,0,0,0,0,0,0,0,0,0,6,10.5,50.0
2589,40.42183,-3.70432,4,2.0,2.0,35.0,85.0,53,3.67,675,200,4503.0,68.043894,0.8,1.0,1,0,0,0,0,1,0,0,0,0,1,0,0,9,33.0,50.0
2590,40.47286,-3.63033,5,3.0,4.0,90.0,94.0,4,1.28,589,200,3312.0,62.061453,9.2,2.0,1,0,0,0,0,1,0,1,0,0,1,0,0,11,43.5,100.0
2591,40.40985,-3.70242,3,0.0,2.0,56.0,94.0,20,4.06,470,200,4503.0,68.043894,0.8,1.0,1,0,0,0,0,1,0,1,0,0,1,0,0,9,25.5,100.0
2592,40.40914,-3.70811,4,1.0,1.0,65.0,95.0,2,1.66,559,200,4503.0,68.043894,0.8,1.0,1,0,0,0,0,1,0,1,0,1,1,0,0,9,33.0,100.0
2593,40.45816,-3.69646,8,2.0,4.0,95.0,98.0,1,3.66,716,200,3476.0,60.621287,5.9,1.0,1,0,0,0,0,1,1,1,1,0,1,0,1,7,63.0,100.0
2594,40.44307,-3.68342,2,0.0,1.0,40.0,97.0,1,0.95,504,200,4508.0,67.220486,5.8,1.0,1,0,0,0,0,1,0,1,0,0,1,0,1,6,18.0,50.0
2595,40.40936,-3.70423,3,1.0,2.0,50.0,94.0,1,2.35,340,200,4503.0,68.043894,0.8,1.0,1,0,0,0,0,1,0,1,0,1,0,0,0,6,25.5,50.0
2597,40.40188,-3.61186,2,1.0,1.0,19.0,98.0,2,0.23,330,50,2246.0,55.472222,11.2,1.0,0,0,0,0,0,1,0,0,0,0,1,0,0,7,18.0,50.0
2598,40.44196,-3.67543,2,1.0,1.0,42.0,100.0,13,1.0,199,200,4508.0,67.220486,5.8,1.0,1,0,0,0,0,1,0,1,0,0,1,0,0,7,18.0,50.0
2599,40.42038,-3.70285,2,1.0,1.0,30.0,86.0,4,0.82,219,50,4503.0,68.043894,0.8,1.5,1,0,0,0,0,1,0,1,0,0,0,0,0,6,19.5,50.0
2600,40.41036,-3.73921,5,2.0,4.0,40.0,90.0,1,4.57,341,200,2287.0,47.008319,4.7,1.0,1,0,0,0,0,1,0,0,1,0,1,0,0,7,40.5,50.0
2601,40.42258,-3.70352,1,1.0,1.0,30.0,84.0,4,0.76,191,50,4503.0,68.043894,0.8,1.5,1,0,0,0,0,1,0,1,0,0,0,0,0,6,12.0,50.0
2602,40.42052,-3.70487,2,1.0,1.0,30.0,82.0,4,0.9,239,50,4503.0,68.043894,0.8,1.5,1,0,0,0,0,1,0,1,0,0,0,0,0,6,19.5,50.0
2604,40.39466,-3.72405,4,1.0,2.0,54.0,96.0,1,0.26,452,200,2195.0,47.402837,6.6,1.5,1,0,0,0,0,1,0,1,1,0,1,0,1,8,34.5,100.0
2605,40.42365,-3.70596,2,0.0,1.0,55.0,90.0,2,2.28,415,200,4503.0,68.043894,0.8,1.0,1,0,0,0,0,1,0,1,1,0,1,0,0,6,18.0,100.0
2606,40.3512,-3.69153,2,1.0,1.0,23.0,88.0,3,3.29,379,50,1696.0,37.641618,9.0,1.0,1,0,0,0,0,1,0,0,0,1,1,0,0,7,18.0,50.0
2607,40.41758,-3.69816,4,0.0,2.0,50.0,94.0,2,4.07,346,200,4503.0,68.043894,0.8,1.0,1,0,0,0,0,1,0,1,0,0,1,0,0,8,33.0,50.0
2608,40.42062,-3.70808,2,1.0,2.0,79.0,90.0,1,0.64,210,200,4503.0,68.043894,0.8,1.0,1,0,0,0,0,1,0,1,1,0,1,0,0,6,18.0,100.0
2610,40.40672,-3.70083,2,1.0,1.0,20.0,86.0,1,0.59,374,50,4503.0,68.043894,0.8,1.5,0,0,0,0,0,1,0,0,0,0,1,0,0,7,19.5,50.0
2611,40.42079,-3.70439,4,1.0,2.0,95.0,100.0,2,0.11,538,200,4503.0,68.043894,0.8,1.0,1,0,0,0,0,1,0,1,0,1,1,0,0,6,33.0,100.0
2612,40.41134,-3.7057,4,1.0,3.0,69.0,100.0,1,0.23,597,200,4503.0,68.043894,0.8,1.0,1,0,0,0,0,1,0,1,1,0,1,0,0,9,33.0,100.0
2613,40.42319,-3.69914,1,1.0,1.0,26.0,98.0,1,2.41,498,50,4503.0,68.043894,0.8,1.0,0,0,0,0,0,1,0,0,1,1,1,0,0,7,10.5,50.0
2614,40.39621,-3.71046,4,1.0,2.0,58.0,92.0,1,1.22,495,200,2195.0,47.402837,6.6,1.0,1,0,0,0,0,1,0,1,1,0,1,0,0,6,33.0,100.0
2615,40.39763,-3.69309,2,1.0,1.0,50.0,94.0,3,5.32,261,200,3917.0,55.025641,1.9,1.0,1,0,0,0,0,1,0,0,0,0,0,0,0,8,18.0,50.0
2617,40.40657,-3.70239,1,1.0,1.0,20.0,50.0,2,0.03,78,50,4503.0,68.043894,0.8,0.0,1,0,0,0,0,1,0,0,0,0,0,0,0,7,7.5,50.0
2618,40.39599,-3.76393,2,1.0,1.0,25.0,0.0,1,0.0,62,200,2287.0,47.008319,4.7,1.0,1,0,0,0,0,1,0,0,0,0,0,0,0,7,18.0,50.0
2619,40.40084,-3.70261,3,1.0,1.0,109.0,0.0,1,0.0,109,200,3917.0,55.025641,1.9,1.0,1,0,0,0,0,1,0,1,0,0,0,0,0,6,25.5,150.0
2620,40.40896,-3.71036,2,1.0,1.0,29.0,96.0,1,1.27,424,50,4503.0,68.043894,0.8,1.0,0,0,0,0,0,1,0,1,1,0,1,0,0,6,18.0,50.0
2621,40.46346,-3.68201,4,1.0,2.0,60.0,96.0,6,0.82,457,200,4508.0,67.220486,5.8,1.0,1,0,0,0,0,1,0,1,1,0,1,0,0,6,33.0,100.0
2622,40.46342,-3.68196,4,1.0,2.0,62.0,95.0,6,0.63,457,200,4508.0,67.220486,5.8,1.0,1,0,0,0,0,1,0,1,1,0,1,0,0,6,33.0,100.0
2623,40.43112,-3.62941,1,1.0,1.0,23.0,95.0,1,0.28,230,50,2477.0,70.967532,7.3,1.0,0,0,0,0,0,1,0,1,0,0,1,0,0,7,10.5,50.0
2624,40.41282,-3.69973,4,2.0,2.0,110.0,90.0,4,1.59,315,200,4503.0,68.043894,0.8,1.0,1,0,0,0,0,1,0,1,1,0,1,0,0,9,33.0,150.0
2625,40.40593,-3.69452,4,2.0,4.0,48.0,62.0,1,0.15,107,200,3917.0,55.025641,1.9,1.0,1,0,0,0,0,0,0,1,0,0,0,0,0,6,33.0,50.0
2626,40.38712,-3.75781,1,1.0,1.0,20.0,93.0,1,0.18,112,50,2287.0,47.008319,4.7,1.0,1,0,0,0,0,1,0,0,0,0,0,0,0,6,10.5,50.0
2627,40.42853,-3.69497,2,0.0,1.0,78.0,100.0,1,0.28,409,200,4855.0,64.056634,2.4,1.0,1,0,0,0,0,1,0,1,1,0,1,0,0,7,18.0,100.0
2628,40.42474,-3.7132,3,1.0,1.0,200.0,0.0,1,0.0,259,200,3555.0,63.451906,5.9,1.0,1,0,0,0,0,1,0,1,1,0,1,0,0,8,25.5,200.0
2629,40.40823,-3.70207,3,1.0,2.0,88.0,92.0,1,0.48,378,200,4503.0,68.043894,0.8,1.0,1,0,0,0,0,1,0,1,0,0,1,0,0,10,25.5,100.0
2630,40.40863,-3.70262,5,2.0,3.0,38.0,83.0,38,4.7,290,200,4503.0,68.043894,0.8,1.0,1,0,0,0,0,1,0,1,0,0,0,0,0,9,40.5,50.0
2632,40.38554,-3.70331,2,0.0,1.0,42.0,95.0,21,0.73,479,200,2316.0,43.910072,4.6,1.0,1,0,0,0,0,1,0,1,1,0,1,0,0,7,18.0,50.0
2633,40.41725,-3.7052,4,0.0,2.0,93.0,72.0,25,0.08,79,200,4503.0,68.043894,0.8,1.0,1,0,0,0,0,1,0,1,1,0,0,0,0,7,33.0,100.0
2634,40.41068,-3.70868,4,1.0,2.0,45.0,96.0,2,0.29,160,200,4503.0,68.043894,0.8,1.0,1,0,0,0,0,1,0,1,0,0,1,0,0,6,33.0,50.0
2635,40.43055,-3.72176,2,1.0,1.0,20.0,40.0,1,0.02,139,50,3555.0,63.451906,5.9,1.0,1,0,0,0,0,1,0,0,1,0,0,0,0,7,18.0,50.0
2636,40.41567,-3.70517,4,2.0,3.0,89.0,91.0,25,0.26,97,200,4503.0,68.043894,0.8,1.0,1,0,0,0,0,1,0,1,1,0,0,0,0,7,33.0,100.0
2637,40.42529,-3.71272,6,2.0,2.0,105.0,96.0,1,1.43,450,200,3555.0,63.451906,5.9,1.0,1,0,0,0,0,1,1,1,1,0,1,0,0,7,48.0,150.0
2638,40.4168,-3.70282,5,2.0,3.0,102.0,93.0,1,0.95,458,200,4503.0,68.043894,0.8,1.5,1,0,0,0,0,1,0,1,1,1,1,0,0,6,42.0,150.0
2640,40.42514,-3.70406,2,1.0,1.0,38.0,94.0,1,2.04,222,50,4503.0,68.043894,0.8,1.5,0,0,0,0,0,1,0,1,1,0,1,0,0,6,19.5,50.0
2641,40.42904,-3.63591,6,3.0,5.0,73.0,96.0,2,0.35,253,200,2893.0,50.090625,6.5,1.0,1,0,0,0,0,1,0,0,1,0,1,0,0,6,48.0,100.0
2642,40.41038,-3.70475,1,1.0,1.0,24.0,0.0,1,0.0,145,50,4503.0,68.043894,0.8,1.0,1,0,0,0,0,1,0,1,0,0,0,0,0,7,10.5,50.0
2643,40.42657,-3.70018,4,2.0,2.0,100.0,92.0,1,0.12,307,200,4503.0,68.043894,0.8,1.0,1,0,0,0,0,1,0,0,1,1,1,0,0,6,33.0,100.0
2644,40.38554,-3.70331,2,0.0,1.0,37.0,95.0,21,0.45,449,200,2316.0,43.910072,4.6,1.0,1,0,0,0,0,1,0,1,1,0,1,0,0,7,18.0,50.0
2645,40.39853,-3.71787,2,1.0,1.0,40.0,99.0,1,0.34,375,50,2195.0,47.402837,6.6,1.0,1,0,0,0,1,1,0,1,1,0,0,0,0,7,18.0,50.0
2646,40.48466,-3.70603,1,1.0,1.0,100.0,0.0,1,0.0,115,50,3545.0,57.198083,16.4,1.0,1,0,0,0,0,1,0,0,0,0,0,0,0,6,10.5,100.0
2647,40.38665,-3.70248,2,0.0,2.0,40.0,95.0,21,0.49,449,200,2316.0,43.910072,4.6,1.0,1,0,0,0,0,1,0,1,1,0,1,0,0,7,18.0,50.0
2648,40.42845,-3.70355,1,1.0,1.0,37.0,0.0,1,0.0,101,50,4503.0,68.043894,0.8,1.0,1,0,0,0,0,1,0,0,0,0,0,0,0,7,10.5,50.0
2649,40.41097,-3.70592,5,2.0,2.0,106.0,91.0,1,0.62,418,200,4503.0,68.043894,0.8,1.0,1,0,0,0,0,1,0,1,1,1,1,0,0,8,40.5,150.0
2650,40.40748,-3.71715,3,1.0,1.0,70.0,94.0,1,0.41,244,200,3917.0,55.025641,1.9,1.0,1,0,0,0,0,1,0,1,1,0,1,0,0,6,25.5,100.0
2651,40.42485,-3.69708,3,1.0,3.0,65.0,0.0,1,0.0,143,200,4503.0,68.043894,0.8,1.0,1,0,0,0,0,1,0,0,0,0,1,0,0,6,25.5,100.0
2652,40.40036,-3.67038,3,2.0,2.0,35.0,98.0,1,0.18,174,200,4220.0,63.672727,3.2,1.0,1,0,0,0,0,1,0,1,0,0,1,0,0,6,25.5,50.0
2653,40.41489,-3.69572,2,1.0,1.0,68.0,99.0,1,2.44,567,50,4503.0,68.043894,0.8,1.0,1,0,0,0,0,1,0,0,1,1,1,0,1,7,18.0,100.0
2654,40.41593,-3.69772,14,4.0,8.0,176.0,96.0,6,4.47,590,200,4503.0,68.043894,0.8,2.0,1,0,0,0,0,1,0,1,0,1,1,0,1,7,111.0,200.0
2655,40.47082,-3.69137,2,1.0,1.0,19.0,99.0,3,0.52,457,50,3476.0,60.621287,5.9,1.0,0,0,0,0,0,1,0,0,0,1,1,0,1,8,18.0,50.0
2656,40.47234,-3.69143,2,1.0,1.0,55.0,98.0,3,0.54,473,50,3476.0,60.621287,5.9,1.0,0,0,0,0,0,1,0,0,0,1,1,0,1,8,18.0,100.0
2657,40.41943,-3.7071,8,3.0,11.0,141.0,96.0,4,1.6,406,200,4503.0,68.043894,0.8,2.0,1,0,0,0,0,1,0,1,1,0,0,0,0,10,66.0,150.0
2658,40.40131,-3.72289,4,1.0,2.0,48.0,94.0,1,0.56,283,200,2195.0,47.402837,6.6,1.0,1,0,0,0,0,1,0,0,1,0,1,0,0,7,33.0,50.0
2659,40.38558,-3.70331,2,0.0,1.0,50.0,93.0,21,0.54,469,200,2316.0,43.910072,4.6,1.0,1,0,0,0,0,1,0,1,1,1,1,0,0,7,18.0,50.0
2660,40.38556,-3.7033,2,0.0,1.0,37.0,94.0,21,0.55,474,200,2316.0,43.910072,4.6,1.0,1,0,0,0,0,1,0,1,1,0,1,0,0,7,18.0,50.0
2661,40.40266,-3.68979,2,0.0,1.0,39.0,94.0,1,4.23,331,200,3917.0,55.025641,1.9,1.5,1,0,0,0,0,1,0,1,0,0,1,0,0,7,19.5,50.0
2662,40.41084,-3.73488,1,1.0,1.0,25.0,97.0,3,1.06,172,50,2287.0,47.008319,4.7,2.0,1,1,1,1,1,1,1,1,1,1,1,1,1,6,13.5,50.0
2663,40.4284,-3.70351,4,1.0,2.0,67.0,94.0,3,0.12,444,200,4503.0,68.043894,0.8,1.0,1,0,0,0,0,1,0,1,1,0,1,0,0,6,33.0,100.0
2664,40.43354,-3.68196,1,1.0,1.0,31.0,99.0,1,1.4,420,50,5328.0,74.694253,2.2,1.0,1,0,0,0,0,1,0,1,1,1,1,0,0,7,10.5,50.0
2665,40.42082,-3.70996,3,2.0,2.0,120.0,87.0,1,0.19,159,200,4503.0,68.043894,0.8,1.0,1,0,0,0,0,1,0,1,0,0,0,0,0,8,25.5,150.0
2666,40.40984,-3.70982,1,0.0,1.0,45.0,82.0,7,0.2,498,200,4503.0,68.043894,0.8,1.0,1,0,0,0,0,1,0,1,0,0,0,0,0,9,10.5,50.0
2667,40.41887,-3.6756,2,1.0,1.0,90.0,0.0,1,0.0,178,200,4220.0,63.672727,3.2,1.0,1,0,0,0,0,1,0,0,1,0,1,0,0,6,18.0,100.0
2668,40.44379,-3.64932,2,1.0,1.0,27.0,96.0,1,1.14,334,50,2893.0,50.090625,6.5,1.0,0,0,0,0,0,1,0,0,1,0,1,0,0,8,18.0,50.0
2669,40.39644,-3.62285,1,1.0,1.0,24.0,0.0,1,0.0,195,50,2246.0,55.472222,11.2,1.0,1,0,0,0,0,1,0,1,1,0,1,0,0,10,10.5,50.0
2670,40.42288,-3.69957,3,1.0,1.0,50.0,97.0,1,3.06,618,200,4503.0,68.043894,0.8,1.0,1,0,0,0,0,1,0,1,1,0,1,0,0,7,25.5,50.0
2671,40.41434,-3.71244,3,1.0,2.0,51.0,98.0,2,7.2,518,50,4503.0,68.043894,0.8,1.0,1,0,0,0,0,1,0,1,1,0,1,0,0,6,25.5,100.0
2672,40.4281,-3.70917,2,1.0,1.0,33.0,98.0,1,3.38,265,50,4503.0,68.043894,0.8,1.0,1,0,0,0,0,1,0,1,0,0,1,0,0,6,18.0,50.0
2673,40.42258,-3.70564,2,1.0,1.0,39.0,100.0,1,0.18,337,200,4503.0,68.043894,0.8,1.0,1,0,0,0,0,1,0,1,1,0,1,0,0,8,18.0,50.0
2674,40.42259,-3.7022,4,2.0,3.0,165.0,97.0,1,0.59,528,200,4503.0,68.043894,0.8,1.5,1,0,0,0,0,1,0,0,0,1,1,0,0,6,34.5,200.0
2675,40.41805,-3.67554,2,1.0,1.0,28.0,94.0,1,0.65,178,50,4220.0,63.672727,3.2,1.0,0,0,0,0,0,1,0,0,0,0,0,0,0,7,18.0,50.0
2676,40.42508,-3.70239,4,2.0,3.0,92.0,95.0,1,3.42,454,200,4503.0,68.043894,0.8,1.0,1,0,0,0,0,1,0,1,1,1,1,0,1,11,33.0,100.0
2677,40.42666,-3.69681,3,1.0,1.0,737.0,98.0,2,0.79,263,200,4503.0,68.043894,0.8,1.0,1,0,0,0,0,1,0,1,0,0,1,0,0,7,25.5,200.0
2678,40.3977,-3.65211,1,1.0,1.0,450.0,0.0,1,0.02,342,50,1890.0,41.443535,5.0,1.0,1,0,0,0,0,1,0,0,1,0,1,0,0,6,10.5,200.0
2679,40.40875,-3.70443,4,2.0,3.0,70.0,0.0,1,0.0,164,200,4503.0,68.043894,0.8,1.0,1,0,0,0,0,1,0,0,1,0,1,0,0,6,33.0,100.0
2680,40.41259,-3.70285,8,3.0,4.0,96.0,90.0,1,2.51,393,200,4503.0,68.043894,0.8,1.0,1,0,0,0,0,1,0,1,0,0,1,0,0,8,63.0,100.0
2681,40.45136,-3.70449,3,3.0,3.0,20.0,0.0,1,0.0,110,200,3476.0,60.621287,5.9,1.0,1,0,0,0,0,1,0,0,0,0,0,0,0,6,25.5,50.0
2682,40.46211,-3.64909,1,4.0,8.0,110.0,0.0,1,0.0,127,50,3312.0,62.061453,9.2,2.0,1,0,0,0,0,0,0,0,1,0,0,0,0,7,13.5,150.0
2683,40.41057,-3.70266,4,1.0,1.0,52.0,99.0,1,0.28,263,200,4503.0,68.043894,0.8,1.5,1,0,0,0,0,1,0,1,0,0,1,0,0,7,34.5,100.0
2684,40.41184,-3.70425,3,1.0,2.0,21.0,93.0,13,3.51,608,50,4503.0,68.043894,0.8,2.0,0,0,0,0,0,1,0,0,0,1,1,0,1,7,28.5,50.0
2685,40.44781,-3.67048,1,1.0,4.0,30.0,0.0,1,0.0,180,50,4508.0,67.220486,5.8,2.0,1,0,0,0,0,1,0,0,1,0,1,0,0,6,13.5,50.0
2686,40.42554,-3.67889,4,2.0,3.0,95.0,82.0,1,1.77,294,200,5328.0,74.694253,2.2,1.0,1,0,0,0,0,1,0,0,1,0,1,0,0,7,33.0,100.0
2687,40.44304,-3.65202,1,1.0,1.0,30.0,0.0,1,0.0,153,50,2893.0,50.090625,6.5,0.0,1,0,0,0,0,1,0,0,0,0,1,0,0,9,7.5,50.0
2688,40.42984,-3.6271,1,1.0,1.0,14.0,100.0,2,0.12,142,50,2477.0,70.967532,7.3,1.0,0,0,0,0,0,1,0,0,0,0,1,0,0,6,10.5,50.0
2690,40.40919,-3.70594,2,1.0,2.0,70.0,100.0,1,1.45,281,50,4503.0,68.043894,0.8,1.0,1,0,0,0,0,1,0,1,0,0,0,0,0,6,18.0,100.0
2691,40.41833,-3.70125,2,1.0,1.0,50.0,95.0,1,0.21,163,200,4503.0,68.043894,0.8,1.0,1,0,0,0,0,1,0,1,1,0,0,0,0,7,18.0,50.0
2692,40.40872,-3.70261,1,1.0,1.0,14.0,93.0,1,0.08,179,50,4503.0,68.043894,0.8,1.0,1,0,0,0,0,1,0,1,0,0,1,0,0,10,10.5,50.0
2693,40.40909,-3.71029,2,1.0,1.0,40.0,89.0,7,0.79,312,200,4503.0,68.043894,0.8,1.0,1,0,0,0,0,1,0,0,0,0,1,0,0,7,18.0,50.0
2694,40.41996,-3.70862,3,1.0,1.0,70.0,97.0,1,2.8,196,200,4503.0,68.043894,0.8,1.0,1,0,0,0,0,1,0,1,1,0,1,0,0,6,25.5,100.0
2695,40.42603,-3.70518,2,1.0,1.0,69.0,98.0,1,3.42,582,200,4503.0,68.043894,0.8,1.5,1,0,0,0,0,1,0,1,1,1,1,0,0,6,19.5,100.0
2696,40.41266,-3.67011,4,2.0,3.0,120.0,96.0,4,1.03,188,200,4220.0,63.672727,3.2,2.0,1,0,0,0,0,1,1,1,1,0,0,0,0,0,36.0,150.0
2697,40.42328,-3.68003,5,2.0,4.0,220.0,95.0,1,0.08,519,200,5328.0,74.694253,2.2,2.0,1,0,0,0,0,1,0,1,1,1,1,0,0,6,43.5,200.0
2698,40.4087,-3.70403,4,2.0,2.0,54.0,96.0,1,3.27,409,200,4503.0,68.043894,0.8,1.0,1,0,0,0,0,1,0,0,1,1,1,0,0,9,33.0,100.0
2699,40.4276,-3.70037,4,1.0,2.0,70.0,100.0,3,0.07,258,200,4503.0,68.043894,0.8,1.0,1,0,0,0,0,1,0,1,1,0,1,0,0,10,33.0,100.0
2700,40.44824,-3.64678,1,1.0,1.0,40.0,82.0,1,0.32,185,50,2477.0,70.967532,7.3,1.0,1,0,0,0,0,1,0,0,1,0,1,0,0,6,10.5,50.0
2701,40.4506,-3.70733,5,3.0,3.0,95.0,97.0,1,0.24,274,200,3476.0,60.621287,5.9,3.0,1,0,0,0,0,1,1,1,1,0,1,0,0,6,46.5,100.0
2702,40.4195,-3.70564,2,1.0,1.0,11.0,82.0,9,4.77,219,50,4503.0,68.043894,0.8,2.0,0,0,0,0,0,1,0,0,0,0,0,0,0,3,21.0,50.0
2703,40.42042,-3.71748,2,1.0,1.0,35.0,99.0,1,0.3,152,50,3555.0,63.451906,5.9,1.0,1,1,1,1,1,1,1,1,1,1,1,1,1,9,18.0,50.0
2704,40.39706,-3.72077,2,1.0,2.0,25.0,100.0,1,0.02,169,50,2195.0,47.402837,6.6,1.0,1,0,0,0,0,1,0,0,1,0,1,0,0,6,18.0,50.0
2705,40.42071,-3.71038,4,2.0,3.0,108.0,96.0,4,1.98,140,200,4503.0,68.043894,0.8,1.0,1,0,0,0,0,1,0,1,0,0,0,0,0,0,33.0,150.0
2706,40.43203,-3.67815,2,2.0,3.0,58.0,95.0,1,0.08,559,50,5328.0,74.694253,2.2,1.0,0,0,0,0,0,1,0,0,1,1,1,0,1,6,18.0,100.0
2707,40.45803,-3.67491,4,2.0,3.0,150.0,0.0,1,0.0,179,200,4508.0,67.220486,5.8,2.0,1,0,0,0,0,1,0,0,1,0,1,0,0,8,36.0,150.0
2708,40.48577,-3.68979,2,1.0,1.0,50.0,100.0,1,0.13,164,50,3545.0,57.198083,16.4,1.0,0,0,0,0,0,1,0,1,1,0,0,0,0,8,18.0,50.0
2709,40.41438,-3.71258,3,1.0,2.0,95.0,97.0,1,2.38,547,200,4503.0,68.043894,0.8,1.0,1,0,0,0,0,1,0,1,0,0,1,0,0,8,25.5,100.0
2710,40.41589,-3.70054,6,2.0,4.0,1139.0,93.0,27,2.91,203,200,4503.0,68.043894,0.8,1.0,1,0,0,0,0,1,0,1,1,0,1,0,0,7,48.0,200.0
2711,40.40851,-3.70356,4,1.0,3.0,61.0,96.0,1,1.64,311,200,4503.0,68.043894,0.8,1.0,1,0,0,0,0,1,0,1,0,0,1,0,0,6,33.0,100.0
2712,40.42887,-3.73487,4,0.0,2.0,45.0,90.0,1,2.97,174,200,3555.0,63.451906,5.9,1.0,1,0,0,0,0,1,0,1,0,0,1,0,0,6,33.0,50.0
2713,40.41219,-3.69637,4,1.0,3.0,1139.0,88.0,27,2.57,191,200,4503.0,68.043894,0.8,1.0,1,0,0,0,0,1,0,1,0,0,1,0,0,7,33.0,200.0
2714,40.40911,-3.7125,1,0.0,1.0,50.0,0.0,1,0.0,84,200,4503.0,68.043894,0.8,1.0,1,0,0,0,0,0,0,0,0,0,0,0,0,6,10.5,50.0
2715,40.42527,-3.67044,2,1.0,1.0,31.0,98.0,1,2.12,421,50,5328.0,74.694253,2.2,1.0,1,0,0,0,0,1,0,0,1,0,1,0,0,6,18.0,50.0
2716,40.41595,-3.70128,8,4.0,5.0,209.0,88.0,4,0.44,737,200,4503.0,68.043894,0.8,2.0,1,0,0,0,0,1,0,1,0,1,1,0,0,7,66.0,200.0
2717,40.42612,-3.70977,2,1.0,1.0,43.0,90.0,1,5.92,248,200,4503.0,68.043894,0.8,1.0,1,0,0,0,0,1,0,0,0,0,0,0,0,6,18.0,50.0
2718,40.43179,-3.68549,6,3.0,5.0,380.0,100.0,92,0.02,235,200,5328.0,74.694253,2.2,3.0,1,0,0,0,0,1,0,1,1,0,1,0,0,7,54.0,200.0
2719,40.40029,-3.69545,5,2.0,2.0,45.0,93.0,4,1.89,547,200,3917.0,55.025641,1.9,1.0,1,0,0,0,0,1,0,1,0,1,1,0,0,8,40.5,50.0
2720,40.41983,-3.67576,4,1.0,3.0,70.0,93.0,1,0.7,517,200,4220.0,63.672727,3.2,1.0,1,0,0,0,0,1,0,1,1,1,1,0,0,7,33.0,100.0
2721,40.41207,-3.70637,4,1.0,2.0,97.0,92.0,17,2.77,596,200,4503.0,68.043894,0.8,1.0,1,0,0,0,0,1,0,1,1,1,1,0,0,8,33.0,100.0
2722,40.40879,-3.70533,5,1.0,3.0,90.0,60.0,1,0.02,98,200,4503.0,68.043894,0.8,1.0,1,0,0,0,0,1,0,0,0,0,0,0,0,6,40.5,100.0
2723,40.4111,-3.69242,2,1.0,3.0,68.0,100.0,1,0.19,307,200,4220.0,63.672727,3.2,1.0,1,0,0,0,0,1,0,1,1,0,1,0,0,8,18.0,100.0
2724,40.43444,-3.69895,3,0.0,2.0,60.0,96.0,2,0.53,295,200,4855.0,64.056634,2.4,1.0,1,0,0,0,0,1,0,1,0,0,1,0,0,9,25.5,100.0
2725,40.40977,-3.70988,3,1.0,3.0,60.0,94.0,4,0.13,173,50,4503.0,68.043894,0.8,1.0,0,0,0,0,0,1,0,0,1,0,1,0,0,9,25.5,100.0
2726,40.42616,-3.67959,2,1.0,1.0,76.0,100.0,1,0.22,291,200,5328.0,74.694253,2.2,1.0,1,0,0,0,0,1,0,0,1,0,1,0,0,7,18.0,100.0
2727,40.45792,-3.65874,1,1.0,1.0,18.0,0.0,1,0.0,125,50,2893.0,50.090625,6.5,1.0,1,0,0,0,0,0,0,0,0,0,1,0,0,6,10.5,50.0
2728,40.43233,-3.71669,1,1.0,1.0,18.0,100.0,1,0.02,190,50,4855.0,64.056634,2.4,1.0,1,0,0,0,0,1,0,0,1,0,1,0,0,6,10.5,50.0
2729,40.4586,-3.68716,2,1.0,1.0,70.0,91.0,1,0.17,372,50,4508.0,67.220486,5.8,1.0,1,0,0,0,0,1,0,1,1,0,1,0,0,9,18.0,100.0
2730,40.41239,-3.70529,2,1.0,1.0,30.0,100.0,1,0.06,128,50,4503.0,68.043894,0.8,1.5,1,0,0,0,0,1,0,0,1,0,0,0,0,10,19.5,50.0
2731,40.41355,-3.69991,6,2.0,3.0,82.0,95.0,5,5.74,527,200,4503.0,68.043894,0.8,2.0,1,0,0,0,0,1,0,1,1,0,1,0,0,6,51.0,100.0
2732,40.43877,-3.69794,3,1.0,1.0,60.0,96.0,1,0.53,357,200,4855.0,64.056634,2.4,1.0,1,0,0,0,0,1,0,1,1,0,1,0,0,6,25.5,100.0
2733,40.40491,-3.67611,2,1.0,2.0,20.0,96.0,1,0.28,188,50,4220.0,63.672727,3.2,1.0,1,0,0,0,0,1,0,1,1,0,1,0,0,9,18.0,50.0
2734,40.41609,-3.70374,6,0.0,5.0,80.0,87.0,25,0.1,111,200,4503.0,68.043894,0.8,1.0,1,0,0,0,0,1,0,1,1,0,0,0,0,7,48.0,100.0
2735,40.41399,-3.69755,2,1.0,1.0,55.0,89.0,1,0.12,381,200,4503.0,68.043894,0.8,1.0,1,0,0,0,0,1,0,1,1,0,1,0,0,7,18.0,100.0
2736,40.45916,-3.68549,3,1.0,1.0,150.0,91.0,1,0.23,172,200,4508.0,67.220486,5.8,1.0,1,0,0,0,0,1,0,1,1,0,1,0,0,6,25.5,150.0
2737,40.41541,-3.70547,4,0.0,3.0,107.0,0.0,25,0.03,111,200,4503.0,68.043894,0.8,1.0,1,0,0,0,0,1,0,1,1,0,0,0,0,7,33.0,150.0
2738,40.4597,-3.69984,1,1.0,1.0,20.0,90.0,1,0.21,175,50,3476.0,60.621287,5.9,1.0,0,0,0,0,0,1,0,1,0,0,1,0,0,7,10.5,50.0
2739,40.41579,-3.70587,4,0.0,3.0,90.0,86.0,25,0.24,111,200,4503.0,68.043894,0.8,1.0,1,0,0,0,0,1,0,1,1,0,0,0,0,7,33.0,100.0
2740,40.41738,-3.70568,3,0.0,2.0,60.0,83.0,25,0.3,125,200,4503.0,68.043894,0.8,1.0,1,0,0,0,0,1,0,1,1,0,0,0,0,7,25.5,100.0
2741,40.42538,-3.70598,2,1.0,1.0,300.0,98.0,1,0.13,205,200,4503.0,68.043894,0.8,1.0,1,0,0,0,0,1,0,1,0,0,1,0,0,10,18.0,200.0
2742,40.4154,-3.70367,5,2.0,4.0,80.0,0.0,25,0.0,113,200,4503.0,68.043894,0.8,1.0,1,0,0,0,0,1,0,1,1,0,0,0,0,7,40.5,100.0
2743,40.41527,-3.70503,7,2.0,6.0,71.0,91.0,25,0.95,125,200,4503.0,68.043894,0.8,1.0,1,0,0,0,0,1,0,1,1,0,0,0,0,7,55.5,100.0
2744,40.3876,-3.64196,2,1.0,1.0,20.0,94.0,1,1.08,192,50,1890.0,41.443535,5.0,1.0,1,0,0,0,0,1,0,1,1,0,1,0,0,6,18.0,50.0
2745,40.37859,-3.69957,4,3.0,4.0,63.0,95.0,1,0.09,149,200,2316.0,43.910072,4.6,1.0,1,0,0,0,0,0,0,0,0,0,1,0,0,6,33.0,100.0
2746,40.38557,-3.70335,2,0.0,1.0,43.0,94.0,21,0.48,496,200,2316.0,43.910072,4.6,1.0,1,0,0,0,0,1,0,1,1,1,1,0,0,7,18.0,50.0
2747,40.40196,-3.63997,1,1.0,1.0,17.0,93.0,2,1.32,248,50,2547.0,45.581197,5.0,1.5,0,0,0,0,0,1,0,0,0,0,1,0,0,9,12.0,50.0
2748,40.42299,-3.69955,3,1.0,2.0,75.0,100.0,1,0.04,103,200,4503.0,68.043894,0.8,1.0,1,0,0,0,0,1,0,0,0,0,0,0,0,11,25.5,100.0
2749,40.41126,-3.69878,3,2.0,2.0,135.0,96.0,5,1.18,356,200,4503.0,68.043894,0.8,2.0,1,0,0,1,0,1,0,1,1,1,1,0,0,9,28.5,150.0
2750,40.39537,-3.71993,2,1.0,1.0,20.0,92.0,1,2.24,397,50,2195.0,47.402837,6.6,1.0,0,0,0,0,0,1,0,0,1,0,1,0,0,6,18.0,50.0
2751,40.40647,-3.70854,4,2.0,2.0,50.0,93.0,1,0.96,186,200,4503.0,68.043894,0.8,1.0,1,0,0,0,0,1,0,1,1,0,1,0,0,6,33.0,50.0
2752,40.4114,-3.70018,4,1.0,2.0,53.0,99.0,1,0.98,498,200,4503.0,68.043894,0.8,1.0,1,0,0,0,0,1,0,1,0,1,0,0,0,9,33.0,100.0
2753,40.38556,-3.70334,1,0.0,1.0,33.0,96.0,21,0.35,449,200,2316.0,43.910072,4.6,1.0,1,0,0,0,0,1,0,1,1,0,1,0,0,7,10.5,50.0
2754,40.4069,-3.68759,5,2.0,3.0,74.0,90.0,1,0.92,366,200,4220.0,63.672727,3.2,2.0,1,0,0,0,0,1,0,0,0,0,1,0,0,8,43.5,100.0
2755,40.41282,-3.70753,4,1.0,2.0,72.0,98.0,2,3.67,462,200,4503.0,68.043894,0.8,1.0,1,0,0,0,0,1,0,1,1,0,1,0,0,9,33.0,100.0
2756,40.41061,-3.69921,4,1.0,2.0,56.0,96.0,1,4.45,413,200,4503.0,68.043894,0.8,1.0,1,0,0,0,0,1,0,1,0,1,1,0,0,6,33.0,100.0
2757,40.41957,-3.7032,2,1.0,1.0,46.0,98.0,1,4.73,481,200,4503.0,68.043894,0.8,1.0,1,0,0,0,1,1,0,1,0,0,1,0,0,6,18.0,50.0
2758,40.41526,-3.70856,4,1.0,1.0,77.0,97.0,1,3.41,498,200,4503.0,68.043894,0.8,1.0,1,0,0,0,0,1,0,1,1,1,1,0,0,6,33.0,100.0
2759,40.41163,-3.70413,2,1.0,1.0,20.0,91.0,13,3.81,357,50,4503.0,68.043894,0.8,2.0,0,0,0,0,1,1,0,0,0,1,1,0,0,7,21.0,50.0
2760,40.41869,-3.70334,2,1.0,1.0,37.0,98.0,3,4.22,734,200,4503.0,68.043894,0.8,1.0,1,0,0,1,0,1,0,1,1,1,1,1,0,6,18.0,50.0
2761,40.42936,-3.7033,2,1.0,1.0,40.0,85.0,1,0.07,175,50,4855.0,64.056634,2.4,1.0,1,0,0,0,0,1,0,1,1,0,1,0,0,6,18.0,50.0
2762,40.42169,-3.71407,4,1.0,1.0,121.0,99.0,8,2.78,700,200,3555.0,63.451906,5.9,1.0,1,0,0,0,0,1,0,1,1,1,1,0,0,10,33.0,150.0
2763,40.43109,-3.66484,5,3.0,3.0,45.0,100.0,1,0.03,224,200,5328.0,74.694253,2.2,2.0,1,0,0,0,0,1,0,1,1,0,1,0,0,8,43.5,50.0
2764,40.39371,-3.69018,4,3.0,3.0,40.0,99.0,2,3.62,852,200,3917.0,55.025641,1.9,2.0,1,0,0,0,0,1,0,1,1,0,0,1,0,7,36.0,50.0
2765,40.42777,-3.7176,2,1.0,1.0,35.0,0.0,1,0.0,151,50,3555.0,63.451906,5.9,1.0,1,0,0,0,0,1,0,1,1,0,0,0,0,6,18.0,50.0
2766,40.42284,-3.7106,10,4.0,9.0,160.0,100.0,7,0.16,566,200,4503.0,68.043894,0.8,1.0,1,0,0,0,0,1,0,0,0,1,1,0,0,8,78.0,200.0
2767,40.42284,-3.7106,12,4.0,9.0,204.0,80.0,7,0.1,566,200,4503.0,68.043894,0.8,1.0,1,0,0,1,0,1,0,0,0,0,1,0,0,8,93.0,200.0
2768,40.41373,-3.71354,4,1.0,2.0,53.0,0.0,1,0.04,102,200,4503.0,68.043894,0.8,1.0,1,0,0,0,0,1,0,0,0,0,1,0,0,6,33.0,100.0
2769,40.43607,-3.71505,3,1.0,3.0,45.0,0.0,1,0.0,122,200,4855.0,64.056634,2.4,1.0,1,0,0,0,0,1,0,0,0,0,0,0,0,7,25.5,50.0
2770,40.42675,-3.70217,2,1.0,1.0,25.0,80.0,1,0.02,130,50,4503.0,68.043894,0.8,1.0,1,0,0,0,0,1,0,0,0,0,0,0,0,6,18.0,50.0
2771,40.39478,-3.71541,2,1.0,2.0,21.0,95.0,2,5.18,345,50,2195.0,47.402837,6.6,1.0,0,0,0,0,0,1,0,0,1,0,1,0,0,6,18.0,50.0
2772,40.45795,-3.69771,4,1.0,1.0,120.0,100.0,1,0.25,497,200,3476.0,60.621287,5.9,2.0,1,0,0,0,0,1,0,1,1,1,1,0,1,8,36.0,150.0
2773,40.40197,-3.69144,1,1.0,1.0,15.0,100.0,1,0.03,205,50,3917.0,55.025641,1.9,2.0,0,0,0,0,0,1,0,1,1,0,1,0,0,6,13.5,50.0
2774,40.41126,-3.70412,2,1.0,1.0,18.0,92.0,13,3.29,628,50,4503.0,68.043894,0.8,2.0,0,0,0,0,1,1,0,0,0,0,1,0,0,7,21.0,50.0
2775,40.44836,-3.7003,4,2.0,3.0,60.0,60.0,1,0.02,71,200,3476.0,60.621287,5.9,1.0,1,0,0,0,0,1,0,0,0,0,0,0,0,6,33.0,100.0
2776,40.41062,-3.69973,4,1.0,2.0,60.0,0.0,1,0.0,104,200,4503.0,68.043894,0.8,1.0,1,0,0,0,0,0,0,1,0,0,0,0,0,9,33.0,100.0
2777,40.42085,-3.71563,2,1.0,1.0,20.0,100.0,1,0.02,176,50,3555.0,63.451906,5.9,1.5,1,0,0,0,0,1,0,0,1,0,1,0,0,6,19.5,50.0
2778,40.4211,-3.67741,3,1.0,1.0,18.0,0.0,3,0.0,131,50,4220.0,63.672727,3.2,1.0,0,0,0,0,0,1,0,0,1,0,0,0,0,6,25.5,50.0
2779,40.42075,-3.67603,2,1.0,1.0,50.0,0.0,3,0.0,78,50,4220.0,63.672727,3.2,1.0,0,0,0,0,0,1,0,0,1,0,0,0,0,6,18.0,50.0
2780,40.43186,-3.71255,2,1.0,1.0,44.0,90.0,1,0.27,150,200,4855.0,64.056634,2.4,1.0,1,0,0,0,0,1,0,0,1,0,1,0,0,0,18.0,50.0
2781,40.38054,-3.69905,6,1.0,5.0,130.0,94.0,6,0.27,403,200,2316.0,43.910072,4.6,2.0,1,0,0,0,0,1,0,1,1,0,1,0,0,0,51.0,150.0
2782,40.42624,-3.67827,4,2.0,2.0,58.0,98.0,2,5.41,499,200,5328.0,74.694253,2.2,1.0,1,0,0,0,0,1,0,1,0,0,1,0,0,6,33.0,100.0
2783,40.42501,-3.70001,5,2.0,5.0,153.0,95.0,1,0.07,181,200,4503.0,68.043894,0.8,2.0,1,0,0,0,0,1,0,0,0,0,1,0,0,7,43.5,200.0
2784,40.46875,-3.69045,4,1.0,2.0,65.0,0.0,1,0.0,156,200,3476.0,60.621287,5.9,1.0,1,0,0,0,0,1,0,1,1,0,0,0,0,8,33.0,100.0
2785,40.41115,-3.7283,2,1.0,2.0,17.0,91.0,1,1.06,181,50,2287.0,47.008319,4.7,1.0,0,0,0,0,0,1,0,0,0,0,1,0,0,6,18.0,50.0
2786,40.43165,-3.71886,1,1.0,1.0,12.0,0.0,1,0.0,127,50,3555.0,63.451906,5.9,1.0,1,0,0,0,0,1,0,0,1,0,1,0,0,6,10.5,50.0
2787,40.426,-3.66798,2,1.0,1.0,60.0,0.0,1,0.0,181,50,5328.0,74.694253,2.2,2.0,1,1,1,1,1,0,0,0,1,0,1,0,0,9,21.0,100.0
2788,40.40696,-3.66904,5,3.0,3.0,94.0,97.0,1,2.19,624,200,4220.0,63.672727,3.2,2.0,1,0,0,0,0,1,0,1,1,0,1,0,0,7,43.5,100.0
2789,40.41844,-3.70336,1,1.0,1.0,28.0,100.0,1,0.07,106,50,4503.0,68.043894,0.8,1.5,1,0,0,0,0,1,0,0,0,0,1,0,0,8,12.0,50.0
2790,40.41203,-3.71139,4,1.0,3.0,126.0,93.0,6,0.08,452,200,4503.0,68.043894,0.8,1.0,1,0,0,0,0,1,0,1,1,1,0,0,0,6,33.0,150.0
2791,40.42442,-3.70543,2,1.0,1.0,47.0,92.0,1,0.78,197,200,4503.0,68.043894,0.8,1.0,1,0,0,0,0,1,0,0,0,0,1,0,0,6,18.0,50.0
2792,40.42342,-3.71339,2,2.0,3.0,48.0,100.0,1,0.24,190,200,3555.0,63.451906,5.9,1.0,1,0,0,0,0,1,0,0,1,1,0,0,0,9,18.0,50.0
2793,40.43588,-3.64785,1,1.0,1.0,300.0,0.0,1,0.0,89,50,2893.0,50.090625,6.5,1.0,1,0,0,0,0,0,0,1,1,0,0,0,0,6,10.5,200.0
2794,40.39584,-3.69499,2,1.0,1.0,32.0,99.0,3,3.97,377,50,3917.0,55.025641,1.9,1.5,0,0,0,0,0,1,0,1,1,0,0,0,0,6,19.5,50.0
2795,40.44587,-3.70175,3,2.0,1.0,75.0,0.0,1,0.0,233,200,4855.0,64.056634,2.4,1.0,1,0,0,0,0,1,0,1,1,0,1,0,0,7,25.5,100.0
2796,40.41245,-3.70542,4,1.0,1.0,100.0,92.0,17,2.43,620,200,4503.0,68.043894,0.8,1.0,1,0,0,0,0,1,0,1,1,1,1,0,0,8,33.0,100.0
2797,40.44249,-3.6756,2,1.0,1.0,39.0,93.0,13,0.16,220,200,4508.0,67.220486,5.8,1.5,1,0,0,0,0,1,0,1,0,0,0,0,0,7,19.5,50.0
2798,40.41126,-3.70034,3,0.0,2.0,45.0,96.0,3,3.4,363,200,4503.0,68.043894,0.8,1.0,1,0,0,0,0,1,0,1,1,0,1,1,0,6,25.5,50.0
2799,40.42103,-3.69888,16,7.0,14.0,529.0,96.0,11,1.53,644,200,4503.0,68.043894,0.8,4.5,1,0,0,0,0,1,0,1,1,1,1,0,0,7,133.5,200.0
2800,40.42212,-3.7013,2,1.0,1.0,40.0,100.0,2,0.02,150,50,4503.0,68.043894,0.8,1.0,1,0,0,0,0,1,0,1,0,0,1,0,0,10,18.0,50.0
2801,40.42328,-3.67857,1,1.0,1.0,35.0,93.0,1,0.2,185,50,5328.0,74.694253,2.2,1.0,0,0,0,0,0,1,0,1,1,0,0,0,0,9,10.5,50.0
2802,40.43014,-3.69599,4,2.0,3.0,98.0,95.0,1,0.87,347,200,4855.0,64.056634,2.4,2.0,1,0,0,0,0,1,0,0,0,1,1,0,0,10,36.0,100.0
2803,40.42804,-3.70611,2,0.0,1.0,61.0,92.0,5,0.34,262,200,4503.0,68.043894,0.8,1.0,1,0,0,0,0,1,0,1,0,0,1,0,0,10,18.0,100.0
2804,40.45078,-3.58168,4,2.0,3.0,60.0,82.0,1,0.24,336,200,3047.0,56.183432,11.8,1.0,1,0,0,0,0,1,0,1,0,0,0,0,0,9,33.0,100.0
2805,40.44412,-3.70586,2,1.0,2.0,23.0,96.0,1,0.1,169,50,4855.0,64.056634,2.4,1.0,0,0,0,0,0,1,0,0,0,0,1,0,0,9,18.0,50.0
2806,40.41728,-3.67481,2,1.0,1.0,45.0,100.0,1,0.02,58,50,4220.0,63.672727,3.2,1.0,0,0,0,0,0,1,0,0,1,0,0,0,0,0,18.0,50.0
2807,40.39674,-3.71363,2,1.0,1.0,35.0,100.0,2,0.27,378,50,2195.0,47.402837,6.6,1.5,0,0,0,0,1,1,0,0,1,1,1,0,0,6,19.5,50.0
2808,40.43139,-3.71439,2,1.0,1.0,43.0,0.0,4,0.0,181,50,4855.0,64.056634,2.4,2.0,0,0,0,0,0,1,0,0,1,0,1,0,0,6,21.0,50.0
2809,40.40503,-3.69005,4,2.0,3.0,69.0,97.0,2,3.32,489,200,3917.0,55.025641,1.9,1.0,1,0,0,0,0,1,0,1,1,0,1,0,0,6,33.0,100.0
2810,40.41846,-3.69851,16,7.0,14.0,429.0,94.0,10,1.69,662,200,4503.0,68.043894,0.8,4.5,1,0,0,0,0,1,0,1,1,1,1,0,0,9,133.5,200.0
2811,40.40636,-3.68385,2,1.0,1.0,65.0,89.0,1,0.58,359,200,4220.0,63.672727,3.2,1.0,1,0,0,0,0,1,0,0,1,0,1,0,0,6,18.0,100.0
2812,40.41854,-3.7126,4,2.0,3.0,550.0,0.0,1,0.0,236,200,4503.0,68.043894,0.8,1.0,1,0,0,0,0,0,0,1,1,0,1,0,0,6,33.0,200.0
2813,40.42147,-3.70248,2,1.0,2.0,60.0,97.0,1,3.29,491,50,4503.0,68.043894,0.8,1.0,1,0,0,0,0,1,0,1,1,1,1,0,0,10,18.0,100.0
2814,40.40763,-3.70037,3,2.0,2.0,47.0,93.0,5,4.66,489,200,4503.0,68.043894,0.8,1.0,1,0,0,0,0,1,0,1,0,0,1,0,0,6,25.5,50.0
2815,40.44896,-3.7086,4,2.0,3.0,52.0,92.0,1,0.64,406,200,3476.0,60.621287,5.9,1.0,1,0,0,0,0,1,0,0,1,0,1,0,0,7,33.0,100.0
2816,40.3894,-3.72821,6,3.0,3.0,74.0,92.0,1,1.55,497,200,2195.0,47.402837,6.6,2.0,1,0,0,0,0,1,0,1,0,1,1,0,0,6,51.0,100.0
2817,40.42637,-3.67785,2,1.0,1.0,59.0,80.0,1,0.02,143,200,5328.0,74.694253,2.2,1.0,1,0,0,0,0,1,0,0,0,0,1,0,0,6,18.0,100.0
2818,40.42408,-3.70357,4,2.0,3.0,53.0,97.0,1,1.56,480,200,4503.0,68.043894,0.8,1.5,1,0,0,0,0,1,0,1,1,0,1,0,0,6,34.5,100.0
2819,40.42674,-3.69574,1,1.0,1.0,30.0,90.0,2,0.09,161,50,4503.0,68.043894,0.8,1.0,0,0,0,0,0,1,0,0,1,0,1,0,0,9,10.5,50.0
2820,40.39901,-3.6916,1,1.0,1.0,25.0,87.0,1,0.28,134,50,3917.0,55.025641,1.9,1.0,1,0,0,0,0,1,0,0,1,0,0,0,0,7,10.5,50.0
2821,40.41113,-3.70052,4,1.0,1.0,65.0,80.0,2,0.02,166,200,4503.0,68.043894,0.8,1.0,1,0,0,0,0,1,0,1,0,0,1,0,0,9,33.0,100.0
2822,40.41046,-3.70971,2,1.0,1.0,500.0,0.0,1,0.0,220,50,4503.0,68.043894,0.8,2.0,1,0,0,0,0,1,0,0,1,0,1,0,0,7,21.0,200.0
2823,40.42628,-3.70262,4,1.0,2.0,83.0,97.0,1,0.8,284,200,4503.0,68.043894,0.8,1.0,1,0,0,0,0,1,0,1,1,0,1,0,0,8,33.0,100.0
2824,40.45846,-3.6983,2,1.0,1.0,63.0,88.0,4,0.45,222,50,3476.0,60.621287,5.9,1.0,0,0,0,0,0,1,0,0,0,0,0,0,0,10,18.0,100.0
2825,40.43912,-3.6948,2,1.0,1.0,90.0,100.0,1,0.02,93,200,4855.0,64.056634,2.4,1.0,1,0,0,0,0,1,0,0,0,0,0,0,0,6,18.0,100.0
2826,40.42955,-3.69292,3,1.0,2.0,89.0,90.0,1,0.58,124,200,4855.0,64.056634,2.4,1.0,1,0,0,0,0,1,0,0,1,0,0,0,0,9,25.5,100.0
2827,40.38556,-3.70331,1,0.0,1.0,34.0,93.0,21,0.2,396,200,2316.0,43.910072,4.6,1.0,1,0,0,0,0,1,0,1,1,0,1,0,0,7,10.5,50.0
2828,40.43774,-3.67155,2,1.0,1.0,39.0,95.0,1,0.44,497,200,5328.0,74.694253,2.2,1.0,1,0,0,0,0,1,0,0,0,0,1,0,0,7,18.0,50.0
2829,40.41072,-3.70006,2,1.0,1.0,46.0,100.0,1,0.1,151,200,4503.0,68.043894,0.8,1.0,1,0,0,0,0,1,0,0,0,0,1,0,0,0,18.0,50.0
2830,40.40107,-3.71306,7,4.0,6.0,116.0,97.0,1,1.44,529,200,3917.0,55.025641,1.9,2.0,1,0,0,0,0,1,0,1,1,0,1,0,0,6,58.5,150.0
2831,40.43842,-3.63748,2,1.0,1.0,35.0,98.0,1,1.42,674,50,2893.0,50.090625,6.5,1.0,0,0,0,0,0,1,0,1,1,1,1,0,0,10,18.0,50.0
2832,40.43449,-3.66878,5,2.0,3.0,90.0,0.0,1,0.0,101,200,5328.0,74.694253,2.2,1.0,1,0,0,0,0,1,0,1,0,0,0,0,0,7,40.5,100.0
2833,40.39917,-3.69892,4,1.0,3.0,66.0,93.0,6,0.89,519,200,3917.0,55.025641,1.9,1.0,1,0,0,0,0,1,0,1,1,1,1,0,0,0,33.0,100.0
2834,40.40962,-3.7094,2,1.0,1.0,40.0,84.0,4,0.18,231,50,4503.0,68.043894,0.8,1.0,0,0,0,0,0,1,0,0,1,0,1,0,0,9,18.0,50.0
2835,40.38712,-3.71252,1,1.0,1.0,25.0,0.0,1,0.0,169,50,2316.0,43.910072,4.6,1.0,1,0,0,0,0,1,0,1,0,0,1,0,0,6,10.5,50.0
2836,40.39311,-3.66536,1,1.0,1.0,20.0,100.0,1,0.05,286,50,1890.0,41.443535,5.0,1.0,0,0,0,0,0,0,0,1,0,0,1,0,0,6,10.5,50.0
2837,40.39804,-3.69355,2,1.0,1.0,38.0,99.0,3,3.94,377,50,3917.0,55.025641,1.9,1.5,0,0,0,0,0,1,0,1,1,0,1,0,0,6,19.5,50.0
2838,40.44798,-3.68848,4,2.0,3.0,120.0,99.0,1,0.81,583,200,4508.0,67.220486,5.8,2.0,1,0,0,1,0,1,0,1,1,0,1,0,1,6,36.0,150.0
2839,40.41537,-3.7061,4,1.0,3.0,114.0,96.0,1,2.75,424,200,4503.0,68.043894,0.8,1.0,1,0,0,0,0,1,0,1,1,1,1,0,0,6,33.0,150.0
2840,40.44076,-3.67287,3,1.0,2.0,65.0,0.0,1,0.0,155,200,4508.0,67.220486,5.8,1.0,1,0,0,0,0,1,0,1,1,0,1,0,0,8,25.5,100.0
2841,40.42648,-3.70573,4,2.0,3.0,70.0,95.0,1,0.07,231,200,4503.0,68.043894,0.8,1.0,1,0,0,0,0,1,0,1,1,0,1,0,0,9,33.0,100.0
2842,40.4122,-3.69419,4,2.0,5.0,80.0,96.0,2,0.59,240,200,4503.0,68.043894,0.8,1.0,1,0,0,0,0,1,0,1,0,0,0,0,0,8,33.0,100.0
2843,40.43427,-3.68206,6,3.0,5.0,360.0,100.0,92,0.02,235,200,5328.0,74.694253,2.2,2.0,1,0,0,0,0,1,0,1,1,0,1,0,0,7,51.0,200.0
2844,40.42593,-3.69098,4,2.0,3.0,110.0,98.0,2,0.52,379,200,4855.0,64.056634,2.4,2.0,1,0,0,0,0,1,0,1,1,0,1,0,0,8,36.0,150.0
2845,40.47459,-3.64894,2,1.0,1.0,23.0,98.0,1,1.81,430,50,3312.0,62.061453,9.2,1.0,0,0,0,0,0,1,0,0,0,1,1,0,0,6,18.0,50.0
2846,40.41269,-3.70565,2,0.0,1.0,51.0,98.0,1,3.66,331,200,4503.0,68.043894,0.8,1.0,1,0,0,0,0,1,0,1,1,0,0,0,1,8,18.0,100.0
2847,40.3652,-3.76078,3,3.0,2.0,25.0,0.0,1,0.0,207,200,2195.0,47.402837,6.6,2.0,1,0,0,0,0,1,0,0,1,0,1,0,0,6,28.5,50.0
2848,40.42511,-3.70688,3,1.0,1.0,83.0,98.0,2,2.6,575,200,4503.0,68.043894,0.8,1.5,1,0,0,0,0,1,0,0,0,0,1,0,0,6,27.0,100.0
2849,40.40505,-3.69715,1,1.0,1.0,31.0,93.0,1,1.68,451,50,3917.0,55.025641,1.9,1.0,0,0,0,0,0,1,0,1,1,0,1,0,0,6,10.5,50.0
2850,40.41561,-3.70762,5,3.0,3.0,99.0,98.0,8,1.74,753,200,4503.0,68.043894,0.8,1.5,1,0,0,0,0,1,0,1,1,0,1,0,0,10,42.0,100.0
2851,40.41554,-3.70296,3,1.0,2.0,34.0,80.0,3,3.83,280,50,4503.0,68.043894,0.8,1.0,1,0,0,0,0,0,0,0,1,0,1,0,0,6,25.5,50.0
2852,40.43187,-3.71123,2,1.0,1.0,35.0,97.0,4,0.2,198,50,4855.0,64.056634,2.4,2.0,0,0,0,0,0,1,0,0,1,0,1,0,0,6,21.0,50.0
2853,40.39744,-3.69867,5,1.0,2.0,76.0,83.0,6,0.42,511,200,3917.0,55.025641,1.9,1.0,1,0,0,0,0,1,0,1,1,1,1,0,0,0,40.5,100.0
2854,40.42851,-3.71955,1,1.0,1.0,29.0,0.0,14,0.0,117,50,3555.0,63.451906,5.9,0.0,1,0,0,0,0,1,0,0,1,0,0,0,0,6,7.5,50.0
2855,40.43057,-3.72104,2,1.0,2.0,39.0,100.0,14,0.02,146,50,3555.0,63.451906,5.9,0.0,1,0,0,0,0,1,0,0,1,0,1,0,0,6,15.0,50.0
2856,40.43044,-3.72148,1,1.0,1.0,29.0,0.0,14,0.0,133,50,3555.0,63.451906,5.9,0.0,1,0,0,0,0,1,0,0,1,0,1,0,0,6,7.5,50.0
2857,40.42879,-3.71997,2,1.0,2.0,39.0,100.0,14,0.02,120,50,3555.0,63.451906,5.9,0.0,1,0,0,0,0,1,0,0,1,0,1,0,0,6,15.0,50.0
2858,40.43071,-3.71984,2,1.0,2.0,39.0,80.0,14,0.02,140,50,3555.0,63.451906,5.9,0.0,1,0,0,0,0,1,0,0,1,0,1,0,0,6,15.0,50.0
2859,40.42901,-3.71994,1,1.0,1.0,29.0,0.0,14,0.0,140,50,3555.0,63.451906,5.9,0.0,1,0,0,0,0,1,0,0,1,0,1,0,0,6,7.5,50.0
2860,40.43033,-3.72125,2,1.0,2.0,39.0,80.0,14,0.02,108,50,3555.0,63.451906,5.9,0.0,1,0,0,0,0,1,0,0,0,0,1,0,0,6,15.0,50.0
2862,40.41766,-3.70978,2,1.0,1.0,20.0,92.0,2,0.7,266,50,4503.0,68.043894,0.8,1.0,0,0,0,0,0,1,0,0,0,1,0,0,0,7,18.0,50.0
2863,40.40976,-3.70249,3,1.0,2.0,36.0,90.0,1,4.31,417,200,4503.0,68.043894,0.8,1.0,1,0,0,0,0,1,0,0,0,0,1,0,0,8,25.5,50.0
2864,40.38838,-3.75744,2,1.0,1.0,9.0,93.0,1,0.24,202,50,2287.0,47.008319,4.7,1.0,0,0,0,0,1,1,0,0,0,0,0,0,0,9,18.0,50.0
2866,40.44077,-3.65401,4,2.0,2.0,749.0,90.0,1,0.03,271,200,2893.0,50.090625,6.5,3.0,1,0,0,1,0,1,0,1,1,1,0,0,0,10,39.0,200.0
2867,40.42409,-3.70603,2,1.0,1.0,61.0,99.0,1,1.56,235,200,4503.0,68.043894,0.8,1.5,1,0,0,0,0,1,0,1,0,0,1,0,0,6,19.5,100.0
2868,40.48111,-3.70258,2,1.0,1.0,17.0,80.0,2,0.21,267,50,3545.0,57.198083,16.4,2.0,0,0,0,0,0,1,0,0,1,0,1,0,0,7,21.0,50.0
2869,40.4066,-3.67861,2,1.0,1.0,50.0,98.0,1,0.97,485,50,4220.0,63.672727,3.2,1.5,1,0,0,0,0,1,0,0,0,1,1,0,0,8,19.5,50.0
2870,40.44484,-3.66328,1,1.0,1.0,20.0,0.0,1,0.0,166,50,4508.0,67.220486,5.8,1.5,1,0,0,0,0,1,0,0,1,0,1,0,0,6,12.0,50.0
2871,40.43249,-3.6555,1,1.0,1.0,23.0,93.0,3,2.31,370,50,2893.0,50.090625,6.5,1.0,1,1,1,1,1,1,1,1,1,1,1,1,1,6,10.5,50.0
2872,40.43239,-3.6569,1,1.0,1.0,23.0,92.0,3,1.06,262,50,2893.0,50.090625,6.5,1.0,1,1,1,1,1,1,1,1,1,1,1,1,1,6,10.5,50.0
2873,40.40639,-3.67416,1,1.0,1.0,23.0,85.0,4,0.37,199,50,4220.0,63.672727,3.2,1.0,1,0,0,0,0,1,0,1,0,0,1,0,0,7,10.5,50.0
2874,40.42313,-3.68197,3,1.0,1.0,70.0,0.0,1,0.02,308,200,5328.0,74.694253,2.2,1.0,1,0,0,0,0,1,0,1,1,0,1,0,0,6,25.5,100.0
2875,40.40431,-3.67337,2,1.0,1.0,30.0,87.0,4,0.32,251,50,4220.0,63.672727,3.2,1.0,1,0,0,0,0,1,0,0,1,0,1,0,0,7,18.0,50.0
2876,40.39588,-3.69709,2,1.0,1.0,26.0,94.0,2,1.91,193,50,3917.0,55.025641,1.9,1.0,0,0,0,0,0,1,0,1,1,0,0,0,0,6,18.0,50.0
2877,40.39528,-3.69613,2,1.0,2.0,23.0,94.0,2,2.14,172,50,3917.0,55.025641,1.9,1.0,0,0,0,0,0,1,0,1,1,0,0,0,0,6,18.0,50.0
2878,40.42857,-3.68296,4,2.0,3.0,95.0,92.0,1,2.11,340,200,5328.0,74.694253,2.2,1.0,1,0,0,0,0,1,0,1,1,0,1,0,0,6,33.0,100.0
2879,40.43149,-3.70325,1,1.0,1.0,40.0,0.0,1,0.0,142,50,4855.0,64.056634,2.4,2.0,1,0,0,0,0,1,0,1,1,0,1,0,0,6,13.5,50.0
2880,40.46396,-3.64913,8,4.0,7.0,120.0,96.0,2,0.69,461,200,3312.0,62.061453,9.2,2.0,1,0,0,0,0,1,0,1,0,1,1,0,0,8,66.0,150.0
2881,40.39901,-3.70044,2,1.0,1.0,40.0,93.0,1,0.15,133,200,3917.0,55.025641,1.9,1.0,1,0,0,0,0,1,0,1,0,0,1,0,0,7,18.0,50.0
2882,40.42782,-3.67817,2,1.0,2.0,154.0,96.0,25,0.34,448,200,5328.0,74.694253,2.2,1.0,1,0,0,0,0,1,0,1,1,0,1,0,0,11,18.0,200.0
2883,40.41248,-3.69576,2,1.0,1.0,55.0,100.0,1,0.02,155,50,4503.0,68.043894,0.8,1.0,1,0,0,0,0,1,0,1,1,0,0,0,0,8,18.0,100.0
2884,40.40817,-3.69979,2,1.0,1.0,45.0,98.0,1,1.3,480,50,4503.0,68.043894,0.8,1.0,0,0,0,0,0,1,0,1,1,0,1,0,0,6,18.0,50.0
2885,40.44134,-3.67115,1,1.0,1.0,200.0,0.0,1,0.0,27,50,4508.0,67.220486,5.8,1.0,1,0,0,0,0,0,0,0,0,0,0,0,0,8,10.5,200.0
2886,40.4255,-3.69607,4,2.0,2.0,170.0,90.0,1,0.07,188,200,4503.0,68.043894,0.8,1.0,1,0,0,0,0,1,0,1,1,0,1,0,0,6,33.0,200.0
2887,40.41987,-3.67446,1,1.0,1.0,15.0,73.0,1,0.05,197,50,4220.0,63.672727,3.2,1.0,1,0,0,0,0,1,0,1,1,0,1,0,0,6,10.5,50.0
2888,40.43778,-3.69973,2,1.0,2.0,45.0,0.0,1,0.0,92,200,4855.0,64.056634,2.4,1.0,1,0,0,0,0,1,0,0,0,0,0,0,0,6,18.0,50.0
2889,40.43091,-3.70136,2,1.0,1.0,9.0,100.0,1,0.22,160,50,4855.0,64.056634,2.4,1.0,1,1,1,1,1,1,1,1,1,1,1,1,1,8,18.0,50.0
2890,40.41229,-3.70242,3,2.0,3.0,93.0,99.0,1,2.39,596,200,4503.0,68.043894,0.8,1.0,1,0,0,0,0,1,0,1,1,1,1,1,0,6,25.5,100.0
2891,40.42595,-3.70618,4,2.0,3.0,140.0,99.0,2,0.41,314,200,4503.0,68.043894,0.8,1.0,1,0,0,0,0,1,0,1,1,0,1,0,0,7,33.0,150.0
2892,40.44641,-3.66151,2,1.0,1.0,79.0,73.0,1,0.12,152,200,4508.0,67.220486,5.8,1.0,1,0,0,0,0,1,0,1,0,0,1,0,0,9,18.0,100.0
2893,40.40955,-3.70163,2,1.0,1.0,42.0,98.0,1,1.82,842,200,4503.0,68.043894,0.8,1.5,1,0,0,0,0,0,0,1,0,0,0,0,1,6,19.5,50.0
2894,40.43262,-3.71026,2,1.0,1.0,55.0,97.0,5,0.58,315,200,4855.0,64.056634,2.4,1.0,1,0,0,0,0,1,0,1,1,0,1,0,0,7,18.0,100.0
2895,40.41189,-3.70317,8,2.0,8.0,51.0,82.0,2,3.84,300,200,4503.0,68.043894,0.8,1.0,1,0,0,0,0,1,0,1,0,0,0,0,0,6,63.0,100.0
2896,40.39253,-3.72118,1,1.0,1.0,22.0,99.0,2,0.3,240,50,2195.0,47.402837,6.6,1.5,1,1,1,1,1,1,1,1,1,1,1,1,1,8,12.0,50.0
2897,40.41262,-3.70265,5,2.0,4.0,47.0,85.0,2,5.31,165,200,4503.0,68.043894,0.8,1.0,1,0,0,0,0,1,0,1,0,0,0,0,0,6,40.5,50.0
2898,40.46446,-3.71096,4,3.0,4.0,160.0,0.0,2,0.0,38,200,3555.0,63.451906,5.9,1.0,1,0,0,0,0,0,0,0,0,0,0,0,0,7,33.0,200.0
2899,40.4307,-3.72038,2,1.0,2.0,39.0,0.0,14,0.0,160,50,3555.0,63.451906,5.9,0.0,1,0,0,0,0,1,0,0,1,1,1,0,0,6,15.0,50.0
2902,40.42925,-3.72168,1,1.0,1.0,29.0,0.0,14,0.0,181,50,3555.0,63.451906,5.9,0.0,1,0,0,0,0,1,0,0,1,0,1,0,0,6,7.5,50.0
2903,40.42108,-3.69908,2,1.0,1.0,59.0,97.0,1,0.32,143,200,4503.0,68.043894,0.8,1.0,1,0,0,0,0,1,0,0,0,0,1,0,0,8,18.0,100.0
2904,40.42418,-3.72395,4,2.0,3.0,150.0,0.0,1,0.0,181,200,3555.0,63.451906,5.9,2.5,1,0,0,0,0,1,0,1,1,0,1,0,0,9,37.5,150.0
2905,40.40985,-3.70242,3,0.0,2.0,39.0,91.0,20,4.24,477,200,4503.0,68.043894,0.8,1.0,1,0,0,0,0,1,0,1,0,0,1,0,0,9,25.5,50.0
2906,40.47732,-3.70683,3,1.0,1.0,37.0,0.0,1,0.0,121,200,3545.0,57.198083,16.4,1.0,1,0,0,0,0,1,0,0,1,0,1,0,0,6,25.5,50.0
2907,40.39929,-3.69466,7,3.0,4.0,78.0,94.0,1,0.12,274,200,3917.0,55.025641,1.9,2.0,1,0,0,0,0,1,0,1,1,0,1,0,0,6,58.5,100.0
2908,40.39591,-3.70752,1,1.0,1.0,23.0,0.0,1,0.0,247,50,2195.0,47.402837,6.6,1.0,0,0,0,0,0,1,0,0,0,0,1,0,0,6,10.5,50.0
2909,40.41593,-3.69772,4,2.0,2.0,62.0,96.0,6,4.37,520,200,4503.0,68.043894,0.8,1.0,1,0,0,0,0,1,0,1,1,0,1,0,0,7,33.0,100.0
2910,40.40667,-3.72928,6,3.0,5.0,90.0,99.0,1,1.31,390,200,2287.0,47.008319,4.7,2.0,1,0,0,0,0,1,1,1,1,0,1,0,0,6,51.0,100.0
2911,40.45609,-3.58501,2,1.0,1.0,37.0,97.0,1,9.36,358,50,3047.0,56.183432,11.8,1.5,1,0,0,0,0,1,0,0,1,0,0,0,0,8,19.5,50.0
2913,40.39443,-3.68385,3,2.0,3.0,85.0,100.0,1,0.02,161,200,3917.0,55.025641,1.9,1.0,1,0,0,0,0,1,0,1,1,0,1,0,0,6,25.5,100.0
2914,40.43292,-3.67275,4,2.0,3.0,110.0,0.0,1,0.02,136,200,5328.0,74.694253,2.2,1.0,1,1,1,1,1,1,0,1,1,0,0,0,0,0,33.0,150.0
2915,40.41144,-3.70971,2,1.0,1.0,40.0,0.0,1,0.0,77,50,4503.0,68.043894,0.8,1.0,1,0,0,0,0,1,0,0,1,0,0,0,0,7,18.0,50.0
2916,40.40594,-3.71245,1,1.0,1.0,25.0,0.0,1,0.0,147,50,3917.0,55.025641,1.9,2.0,1,0,0,0,0,1,0,0,1,0,1,0,0,6,13.5,50.0
2917,40.40752,-3.70377,4,1.0,2.0,56.0,97.0,1,2.93,469,200,4503.0,68.043894,0.8,1.0,1,0,0,0,0,1,0,1,1,1,1,0,0,6,33.0,100.0
2918,40.40798,-3.7036,5,2.0,1.0,71.0,98.0,2,0.65,320,200,4503.0,68.043894,0.8,1.0,1,1,1,1,1,1,1,1,1,1,1,1,1,11,40.5,100.0
2919,40.41416,-3.70716,6,2.0,3.0,63.0,94.0,59,3.26,480,200,4503.0,68.043894,0.8,1.0,1,0,0,0,0,1,0,1,0,1,1,0,0,7,48.0,100.0
2920,40.42032,-3.70638,1,1.0,2.0,41.0,93.0,1,0.4,225,50,4503.0,68.043894,0.8,1.0,0,0,0,0,0,1,0,0,1,0,0,0,0,6,10.5,50.0
2921,40.40814,-3.71375,6,2.0,4.0,80.0,40.0,1,0.02,136,200,4503.0,68.043894,0.8,1.5,1,0,0,0,0,1,0,0,1,0,0,0,0,6,49.5,100.0
2922,40.42008,-3.71025,6,4.0,6.0,252.0,95.0,1,2.16,477,200,4503.0,68.043894,0.8,3.0,1,0,0,0,0,1,0,1,1,0,1,0,0,8,54.0,200.0
2923,40.42268,-3.70963,6,3.0,3.0,109.0,0.0,1,0.0,281,200,4503.0,68.043894,0.8,3.0,1,0,0,0,0,1,0,1,1,0,1,0,0,8,54.0,150.0
2924,40.43084,-3.69596,2,3.0,6.0,150.0,0.0,1,0.0,92,200,4855.0,64.056634,2.4,3.0,1,0,0,0,0,1,0,0,0,0,0,0,0,6,24.0,150.0
2925,40.40635,-3.69256,2,1.0,1.0,40.0,97.0,1,0.7,423,50,3917.0,55.025641,1.9,1.0,0,0,0,0,0,1,0,0,0,0,1,0,0,6,18.0,50.0
2926,40.41661,-3.68824,1,1.0,1.0,26.0,85.0,2,2.57,173,50,4220.0,63.672727,3.2,1.0,1,0,0,0,0,1,0,1,0,0,0,0,0,7,10.5,50.0
2928,40.41625,-3.70802,1,1.0,1.0,384.0,0.0,1,0.02,105,50,4503.0,68.043894,0.8,2.0,1,0,0,0,0,1,0,0,1,0,0,0,0,6,13.5,200.0
2929,40.42783,-3.70454,3,1.0,1.0,110.0,96.0,25,0.38,419,200,4503.0,68.043894,0.8,2.0,1,0,0,0,0,1,0,1,0,1,1,0,0,11,28.5,150.0
2930,40.45678,-3.7037,4,1.0,2.0,40.0,80.0,1,0.03,92,200,3476.0,60.621287,5.9,1.0,1,0,0,0,0,1,0,1,1,0,0,0,0,6,33.0,50.0
2931,40.41953,-3.69905,15,5.0,10.0,279.0,94.0,11,0.64,608,200,4503.0,68.043894,0.8,2.0,1,0,0,0,0,1,0,1,0,1,1,0,0,7,118.5,200.0
2932,40.4137,-3.70945,2,1.0,1.0,35.0,91.0,1,3.36,318,50,4503.0,68.043894,0.8,1.0,0,0,0,0,0,1,0,0,0,1,0,0,0,8,18.0,50.0
2933,40.40491,-3.69886,2,1.0,1.0,57.0,100.0,1,0.07,93,200,3917.0,55.025641,1.9,1.0,1,0,0,0,0,1,0,0,1,0,0,0,0,9,18.0,100.0
2934,40.40887,-3.69719,2,1.0,1.0,35.0,93.0,4,0.16,302,50,4503.0,68.043894,0.8,1.5,0,0,0,0,0,1,0,1,1,0,1,0,0,8,19.5,50.0
2935,40.37675,-3.73682,2,1.0,1.0,20.0,92.0,2,2.85,255,50,2195.0,47.402837,6.6,1.0,1,0,0,0,0,1,0,0,1,0,0,0,0,8,18.0,50.0
2936,40.41136,-3.71419,2,1.0,1.0,87.0,100.0,1,0.04,212,50,4503.0,68.043894,0.8,2.0,1,0,0,0,0,1,0,1,1,0,1,0,0,8,21.0,100.0
2937,40.40568,-3.71196,1,1.0,1.0,30.0,85.0,2,0.34,108,50,3917.0,55.025641,1.9,1.0,1,0,0,0,0,1,1,0,1,0,0,0,0,9,10.5,50.0
2938,40.44368,-3.6794,2,1.0,1.0,65.0,0.0,1,0.0,73,200,4508.0,67.220486,5.8,1.0,1,0,0,0,0,1,0,0,0,0,0,0,0,7,18.0,100.0
2939,40.46042,-3.69398,2,1.0,1.0,85.0,93.0,1,0.48,608,200,3476.0,60.621287,5.9,1.5,1,0,0,0,0,1,1,1,1,0,1,0,0,6,19.5,100.0
2940,40.43755,-3.71019,4,2.0,2.0,55.0,100.0,1,0.03,140,200,4855.0,64.056634,2.4,1.0,1,0,0,0,0,1,0,0,0,0,1,0,0,8,33.0,100.0
2941,40.39495,-3.69424,4,3.0,2.0,29.0,0.0,1,0.0,127,200,3917.0,55.025641,1.9,2.0,1,0,0,0,0,1,0,0,1,0,1,0,0,0,36.0,50.0
2942,40.4494,-3.66075,1,1.0,1.0,42.0,0.0,1,0.0,135,50,2893.0,50.090625,6.5,2.0,1,0,0,0,0,1,1,1,0,0,0,0,0,6,13.5,50.0
2943,40.44932,-3.67729,1,1.0,1.0,30.0,97.0,1,0.1,443,50,4508.0,67.220486,5.8,2.0,0,0,0,0,0,1,0,0,1,0,1,0,0,6,13.5,50.0
2944,40.4163,-3.70204,8,2.0,5.0,152.0,93.0,9,3.57,305,200,4503.0,68.043894,0.8,2.0,1,0,0,0,0,1,0,1,1,0,1,0,0,3,66.0,200.0
2945,40.45008,-3.71036,3,1.0,2.0,55.0,100.0,1,0.02,165,200,3555.0,63.451906,5.9,1.0,1,0,0,0,0,1,0,0,1,0,1,0,0,8,25.5,100.0
2947,40.42283,-3.66512,6,3.0,3.0,222.0,97.0,2,0.16,428,200,5328.0,74.694253,2.2,2.5,1,0,0,0,0,1,1,0,1,0,1,0,0,8,52.5,200.0
2948,40.42645,-3.7029,2,1.0,2.0,53.0,97.0,1,1.24,177,200,4503.0,68.043894,0.8,1.5,1,0,0,0,0,1,0,0,0,0,1,0,0,6,19.5,100.0
2949,40.46434,-3.68023,2,1.0,1.0,37.0,98.0,2,4.83,554,200,4508.0,67.220486,5.8,1.0,1,0,0,0,0,1,1,1,1,1,1,0,0,7,18.0,50.0
2950,40.41608,-3.69443,4,2.0,3.0,115.0,91.0,4,2.26,306,200,4503.0,68.043894,0.8,1.0,1,0,0,0,0,1,0,1,0,0,1,0,0,6,33.0,150.0
2951,40.40577,-3.70083,4,1.0,1.0,100.0,98.0,2,3.47,242,200,4503.0,68.043894,0.8,1.0,1,0,0,0,0,1,0,1,1,0,0,0,0,6,33.0,100.0
2952,40.40496,-3.69408,2,1.0,1.0,20.0,0.0,1,0.0,141,50,3917.0,55.025641,1.9,1.0,1,0,0,0,0,1,0,0,1,0,1,0,0,8,18.0,50.0
2953,40.39614,-3.66171,2,1.0,1.0,22.0,90.0,1,0.08,141,50,1890.0,41.443535,5.0,1.0,1,1,1,1,1,1,1,1,1,1,1,1,1,6,18.0,50.0
2954,40.40487,-3.6969,4,1.0,2.0,48.0,88.0,1,0.7,365,200,3917.0,55.025641,1.9,1.0,1,0,0,0,0,1,0,0,1,0,1,0,0,9,33.0,50.0
2955,40.41017,-3.70188,2,1.0,1.0,50.0,97.0,1,3.07,201,200,4503.0,68.043894,0.8,1.0,1,0,0,0,0,1,0,1,0,0,1,0,0,6,18.0,50.0
2956,40.46874,-3.69548,4,2.0,2.0,60.0,96.0,1,0.09,118,200,3476.0,60.621287,5.9,1.0,1,0,0,0,0,1,0,1,0,0,0,0,0,6,33.0,100.0
2957,40.40012,-3.69489,2,1.0,1.0,35.0,84.0,2,0.61,305,200,3917.0,55.025641,1.9,1.0,1,0,0,0,0,1,0,0,0,0,0,0,0,7,18.0,50.0
2958,40.45091,-3.69758,2,1.0,1.0,18.0,99.0,1,1.45,263,50,3476.0,60.621287,5.9,2.0,1,0,0,0,0,1,0,0,1,0,1,0,0,6,21.0,50.0
2959,40.42105,-3.70316,3,1.0,2.0,42.0,85.0,53,4.1,635,50,4503.0,68.043894,0.8,1.0,1,0,0,0,0,1,0,0,1,1,1,0,0,9,25.5,50.0
2960,40.41296,-3.69596,2,1.0,1.0,45.0,0.0,1,0.0,74,200,4503.0,68.043894,0.8,1.0,1,0,0,0,0,1,0,0,0,0,0,0,0,8,18.0,50.0
2961,40.40459,-3.69429,4,1.0,2.0,45.0,93.0,2,0.46,368,200,3917.0,55.025641,1.9,1.0,1,0,0,0,0,1,0,0,1,0,1,0,0,7,33.0,50.0
2962,40.40605,-3.68132,4,1.0,1.0,736.0,93.0,1,2.05,427,200,4220.0,63.672727,3.2,1.0,1,0,0,0,0,1,0,1,0,0,1,0,1,6,33.0,200.0
2963,40.41073,-3.70358,2,1.0,1.0,30.0,100.0,1,0.09,141,50,4503.0,68.043894,0.8,2.0,0,0,0,0,0,1,0,0,1,0,1,0,0,7,21.0,50.0
2964,40.4035,-3.67888,2,1.0,1.0,50.0,98.0,1,0.19,392,200,4220.0,63.672727,3.2,1.0,1,0,0,0,0,1,0,0,1,0,1,0,0,9,18.0,50.0
2965,40.4113,-3.70576,2,1.0,1.0,20.0,91.0,13,3.86,532,50,4503.0,68.043894,0.8,2.0,0,0,0,0,0,1,0,0,0,1,1,0,0,7,21.0,50.0
2966,40.41882,-3.70221,2,1.0,1.0,50.0,91.0,2,0.41,189,50,4503.0,68.043894,0.8,1.0,0,0,0,0,0,1,0,1,1,0,1,0,0,7,18.0,50.0
2967,40.41358,-3.71263,2,1.0,1.0,60.0,0.0,1,0.0,154,200,4503.0,68.043894,0.8,1.0,1,0,0,0,0,1,0,1,1,0,0,0,0,6,18.0,100.0
2968,40.43379,-3.69359,3,0.0,2.0,91.0,94.0,1,0.86,196,200,4855.0,64.056634,2.4,1.0,1,0,0,0,0,1,0,1,1,0,1,0,0,8,25.5,100.0
2969,40.41951,-3.70189,3,1.0,2.0,32.0,87.0,53,3.81,611,50,4503.0,68.043894,0.8,1.0,1,0,0,0,0,1,0,0,1,1,1,0,0,9,25.5,50.0
2970,40.45548,-3.69485,2,1.0,2.0,70.0,80.0,2,0.05,2,50,3476.0,60.621287,5.9,1.0,1,0,0,0,0,0,0,0,0,0,0,0,0,6,18.0,100.0
2971,40.44848,-3.69874,2,1.0,1.0,20.0,100.0,2,0.12,184,50,3476.0,60.621287,5.9,1.0,1,0,0,0,0,1,0,0,0,0,1,0,0,7,18.0,50.0
2972,40.42185,-3.70138,2,1.0,1.0,20.0,80.0,53,3.5,617,50,4503.0,68.043894,0.8,1.0,1,0,0,0,0,1,0,0,1,1,0,0,0,9,18.0,50.0
2973,40.40269,-3.69187,1,1.0,1.0,12.0,0.0,1,0.02,165,50,3917.0,55.025641,1.9,1.0,1,0,0,0,0,1,0,0,1,0,1,0,0,6,10.5,50.0
2974,40.34114,-3.71038,1,1.0,1.0,16.0,98.0,1,0.53,149,50,1696.0,37.641618,9.0,1.0,0,0,0,0,0,1,0,0,0,0,0,0,0,6,10.5,50.0
2975,40.42243,-3.70174,2,0.0,1.0,70.0,99.0,1,1.13,226,200,4503.0,68.043894,0.8,1.0,1,0,0,0,0,1,0,1,1,0,1,0,0,6,18.0,100.0
2976,40.43356,-3.71342,4,1.0,2.0,75.0,96.0,2,2.26,674,200,4855.0,64.056634,2.4,1.0,1,0,0,0,0,1,0,1,0,1,1,0,0,10,33.0,100.0
2977,40.43226,-3.6746,5,2.0,2.0,200.0,90.0,1,0.14,144,200,5328.0,74.694253,2.2,2.0,1,0,0,0,0,1,0,0,1,0,1,0,0,8,43.5,200.0
2978,40.41912,-3.71141,2,1.0,1.0,70.0,0.0,1,0.0,137,200,4503.0,68.043894,0.8,1.0,1,0,0,0,0,1,0,0,1,0,0,0,0,6,18.0,100.0
2979,40.42698,-3.703,2,0.0,1.0,89.0,93.0,1,0.44,449,200,4503.0,68.043894,0.8,1.0,1,0,0,0,0,1,0,1,0,1,1,0,0,9,18.0,100.0
2980,40.39228,-3.72213,3,1.0,1.0,61.0,80.0,1,0.02,163,200,2195.0,47.402837,6.6,1.0,1,0,0,0,0,1,0,1,0,0,0,0,0,10,25.5,100.0
2981,40.41199,-3.69482,2,2.0,2.0,35.0,0.0,1,0.0,140,200,4503.0,68.043894,0.8,1.0,1,0,0,0,0,1,0,0,0,0,1,0,0,6,18.0,50.0
2982,40.39105,-3.70872,6,3.0,5.0,47.0,92.0,1,1.52,408,200,2316.0,43.910072,4.6,1.0,1,0,0,0,0,1,0,1,0,0,1,0,0,6,48.0,50.0
2983,40.44757,-3.70352,1,1.0,1.0,22.0,100.0,2,0.16,285,50,3476.0,60.621287,5.9,1.0,0,0,0,0,0,1,0,1,1,0,1,0,0,9,10.5,50.0
2984,40.41876,-3.70908,3,1.0,4.0,90.0,0.0,1,0.08,412,200,4503.0,68.043894,0.8,1.0,1,0,0,0,0,1,0,1,1,1,0,0,1,9,25.5,100.0
2985,40.40746,-3.69983,1,1.0,1.0,21.0,0.0,1,0.0,161,50,4503.0,68.043894,0.8,1.0,1,0,0,0,0,1,0,1,1,0,1,0,0,0,10.5,50.0
2986,40.39109,-3.65386,2,1.0,1.0,17.0,95.0,6,1.09,245,50,1890.0,41.443535,5.0,1.0,0,0,0,0,0,1,0,0,1,0,0,0,0,11,18.0,50.0
2987,40.41613,-3.7027,2,1.0,1.0,150.0,0.0,1,0.0,108,50,4503.0,68.043894,0.8,1.0,1,0,0,0,0,1,0,0,1,0,0,0,0,6,18.0,150.0
2988,40.42174,-3.70172,3,1.0,2.0,30.0,84.0,53,3.37,630,50,4503.0,68.043894,0.8,1.0,1,0,0,0,0,1,0,0,1,1,1,0,0,9,25.5,50.0
2989,40.36983,-3.76072,4,2.0,3.0,157.0,96.0,1,1.1,816,200,2195.0,47.402837,6.6,1.0,1,0,0,0,0,1,0,0,1,1,1,0,0,6,33.0,200.0
2990,40.41025,-3.69533,2,1.0,1.0,25.0,0.0,1,0.0,168,50,4503.0,68.043894,0.8,2.0,1,0,0,0,0,1,0,0,0,0,1,0,0,9,21.0,50.0
2991,40.407,-3.69807,4,1.0,3.0,71.0,93.0,1,1.84,413,200,4503.0,68.043894,0.8,1.0,1,0,0,0,0,1,0,0,0,0,1,0,0,6,33.0,100.0
2992,40.42033,-3.70338,2,1.0,1.0,36.0,80.0,53,2.85,621,50,4503.0,68.043894,0.8,1.0,1,0,0,0,0,1,0,0,1,1,1,0,0,9,18.0,50.0
2993,40.41982,-3.70313,2,1.0,1.0,31.0,85.0,53,3.56,604,50,4503.0,68.043894,0.8,1.0,1,0,0,0,0,1,0,0,1,1,1,0,0,9,18.0,50.0
2994,40.44647,-3.69949,4,2.0,3.0,495.0,98.0,1,1.41,307,200,4855.0,64.056634,2.4,2.0,1,0,0,0,0,1,0,1,1,0,1,0,0,6,36.0,200.0
2995,40.4212,-3.67777,2,2.0,2.0,143.0,100.0,1,0.04,201,200,4220.0,63.672727,3.2,2.0,1,0,0,0,0,1,0,1,1,0,1,0,0,6,21.0,150.0
2996,40.38692,-3.64334,6,3.0,5.0,36.0,86.0,1,0.12,168,200,1890.0,41.443535,5.0,2.0,1,0,0,0,0,1,0,0,1,0,1,0,0,6,51.0,50.0
2997,40.45705,-3.71275,1,1.0,2.0,47.0,100.0,1,0.12,289,50,3555.0,63.451906,5.9,2.0,0,0,0,0,0,1,1,1,1,0,1,0,0,6,13.5,50.0
2998,40.40764,-3.742,2,2.0,2.0,21.0,81.0,2,0.29,206,50,2287.0,47.008319,4.7,1.0,0,0,0,0,0,1,0,0,0,0,0,0,0,6,18.0,50.0
2999,40.4183,-3.70302,2,1.0,1.0,25.0,73.0,1,0.12,108,50,4503.0,68.043894,0.8,2.0,1,0,0,0,0,1,0,0,0,0,1,0,0,7,21.0,50.0
3000,40.41562,-3.69951,2,1.0,1.0,59.0,96.0,8,4.6,610,50,4503.0,68.043894,0.8,1.0,1,0,0,0,1,1,0,1,1,0,1,0,1,8,18.0,100.0
3001,40.3987,-3.69682,2,1.0,1.0,39.0,94.0,2,0.64,495,50,3917.0,55.025641,1.9,1.0,0,0,0,0,0,1,0,1,1,0,1,0,1,6,18.0,50.0
3002,40.42132,-3.69475,6,3.0,3.0,93.0,98.0,2,1.74,548,200,4503.0,68.043894,0.8,2.0,1,0,0,1,0,1,0,1,1,1,1,0,0,6,51.0,100.0
3003,40.41366,-3.71101,4,2.0,2.0,67.0,97.0,6,4.34,552,200,4503.0,68.043894,0.8,2.0,1,0,0,0,0,1,0,1,1,0,1,0,1,7,36.0,100.0
3005,40.4213,-3.70028,4,2.0,5.0,89.0,97.0,11,0.97,611,200,4503.0,68.043894,0.8,1.0,1,0,0,0,0,1,0,1,1,0,1,0,0,7,33.0,100.0
3006,40.40446,-3.69945,4,1.0,3.0,139.0,100.0,1,0.08,180,200,3917.0,55.025641,1.9,2.0,1,0,0,0,0,1,1,1,1,0,1,0,0,9,36.0,150.0
3007,40.43712,-3.67176,1,1.0,2.0,60.0,100.0,1,0.02,338,50,5328.0,74.694253,2.2,1.0,0,0,0,1,0,0,0,1,0,0,0,0,0,8,10.5,100.0
3008,40.41266,-3.67691,3,2.0,2.0,70.0,0.0,1,0.0,172,200,4220.0,63.672727,3.2,1.0,1,0,0,0,0,1,0,1,1,0,1,0,0,6,25.5,100.0
3009,40.42206,-3.70299,3,1.0,1.0,40.0,80.0,1,0.02,118,200,4503.0,68.043894,0.8,1.0,1,0,0,0,0,1,0,0,0,0,1,0,0,7,25.5,50.0
3010,40.44778,-3.7067,4,1.0,2.0,75.0,81.0,1,0.31,245,200,3476.0,60.621287,5.9,1.0,1,0,0,0,0,1,1,1,1,0,1,0,0,6,33.0,100.0
3011,40.46582,-3.6943,4,2.0,3.0,50.0,0.0,1,0.0,200,200,3476.0,60.621287,5.9,1.0,1,0,0,0,0,1,0,1,0,0,1,0,0,7,33.0,50.0
3012,40.40537,-3.71062,8,4.0,4.0,180.0,0.0,1,0.0,162,200,3917.0,55.025641,1.9,2.0,1,0,0,0,0,1,0,1,1,0,1,0,0,6,66.0,200.0
3013,40.40625,-3.70047,4,2.0,3.0,76.0,99.0,1,4.0,319,200,4503.0,68.043894,0.8,1.0,1,0,0,0,0,1,0,1,0,0,0,0,0,7,33.0,100.0
3014,40.42682,-3.66532,4,1.0,1.0,49.0,91.0,18,1.32,407,200,5328.0,74.694253,2.2,1.5,1,0,0,0,0,1,0,1,0,1,1,0,0,9,34.5,50.0
3015,40.41845,-3.701,5,1.0,1.0,200.0,100.0,3,0.09,317,200,4503.0,68.043894,0.8,1.0,1,0,0,0,0,1,0,1,0,0,1,0,0,6,40.5,200.0
3016,40.4156,-3.70408,4,2.0,3.0,80.0,89.0,1,3.42,560,200,4503.0,68.043894,0.8,1.0,1,0,0,0,0,1,0,1,1,0,1,0,0,6,33.0,100.0
3017,40.40673,-3.70567,2,1.0,1.0,30.0,90.0,2,0.07,141,50,4503.0,68.043894,0.8,1.5,0,0,1,0,0,1,0,0,1,0,1,0,0,6,19.5,50.0
3018,40.43382,-3.70363,2,1.0,1.0,35.0,100.0,3,0.4,188,50,4855.0,64.056634,2.4,1.0,1,1,1,1,1,1,1,1,1,1,1,1,1,8,18.0,50.0
3019,40.43567,-3.66828,2,1.0,1.0,40.0,0.0,1,0.0,164,200,5328.0,74.694253,2.2,1.0,1,0,0,0,0,1,0,1,1,0,1,0,0,7,18.0,50.0
3020,40.45226,-3.70498,1,1.0,1.0,30.0,90.0,1,1.21,411,50,3476.0,60.621287,5.9,1.0,0,0,0,0,0,1,0,0,0,1,0,0,0,6,10.5,50.0
3021,40.44768,-3.7045,3,1.0,2.0,49.0,0.0,1,0.0,164,200,3476.0,60.621287,5.9,1.0,1,0,0,0,0,1,0,1,1,0,1,0,0,6,25.5,50.0
3022,40.41164,-3.70774,6,2.0,4.0,62.0,96.0,17,2.33,456,200,4503.0,68.043894,0.8,1.0,1,0,0,0,0,1,0,1,1,1,1,0,0,9,48.0,100.0
3023,40.43013,-3.70361,1,1.0,1.0,30.0,95.0,1,0.07,186,50,4855.0,64.056634,2.4,1.0,0,0,0,0,1,1,0,0,1,0,1,0,0,7,10.5,50.0
3024,40.43926,-3.6756,4,1.0,2.0,73.0,98.0,1,1.06,518,200,4508.0,67.220486,5.8,1.0,1,0,0,1,0,1,0,1,0,1,1,0,0,8,33.0,100.0
3025,40.41495,-3.71102,4,1.0,2.0,68.0,96.0,1,2.41,356,200,4503.0,68.043894,0.8,1.0,1,0,0,0,0,1,0,0,0,0,1,0,0,6,33.0,100.0
3026,40.44218,-3.67167,6,2.0,3.0,58.0,100.0,1,0.05,418,200,4508.0,67.220486,5.8,1.0,1,0,0,1,0,1,0,1,0,0,1,0,0,8,48.0,100.0
3027,40.45697,-3.70258,2,0.0,1.0,70.0,73.0,1,0.05,130,200,3476.0,60.621287,5.9,1.0,1,0,0,0,0,1,0,1,0,0,0,0,0,6,18.0,100.0
3028,40.41766,-3.70863,3,1.0,2.0,75.0,100.0,1,0.09,262,200,4503.0,68.043894,0.8,1.0,1,0,0,0,0,1,0,1,1,0,0,0,0,6,25.5,100.0
3029,40.42655,-3.6739,2,1.0,1.0,30.0,0.0,1,0.0,127,50,5328.0,74.694253,2.2,1.0,0,0,0,0,0,1,0,0,1,0,1,0,0,6,18.0,50.0
3030,40.46412,-3.65282,5,2.0,1.0,112.0,100.0,2,0.36,543,200,3312.0,62.061453,9.2,1.0,1,1,1,1,1,1,1,1,1,1,1,1,1,8,40.5,150.0
3031,40.40853,-3.70777,1,1.0,1.0,30.0,96.0,3,1.77,262,50,4503.0,68.043894,0.8,1.0,0,0,0,0,0,1,0,0,0,0,1,0,0,6,10.5,50.0
3032,40.43004,-3.71699,4,2.0,1.0,1000.0,0.0,1,0.0,225,50,3555.0,63.451906,5.9,2.0,0,0,0,0,0,1,0,1,1,0,0,0,0,8,36.0,200.0
3033,40.43713,-3.65338,3,1.0,1.0,28.0,92.0,1,5.66,279,50,2893.0,50.090625,6.5,1.0,0,0,0,0,0,1,0,0,1,0,0,0,0,6,25.5,50.0
3034,40.42286,-3.69648,6,2.0,2.0,136.0,94.0,1,1.96,277,200,4503.0,68.043894,0.8,2.0,1,0,0,0,0,1,0,1,1,0,1,0,0,9,51.0,150.0
3035,40.41131,-3.71368,4,1.0,2.0,40.0,96.0,1,0.17,164,200,4503.0,68.043894,0.8,1.0,1,0,0,0,0,1,0,0,0,0,1,0,0,6,33.0,50.0
3036,40.42237,-3.6958,2,1.0,1.0,66.0,90.0,1,0.09,197,50,4503.0,68.043894,0.8,2.5,0,0,0,0,0,1,0,0,1,0,1,0,0,10,22.5,100.0
3037,40.41049,-3.69896,6,3.0,5.0,75.0,89.0,2,1.2,427,200,4503.0,68.043894,0.8,2.0,1,0,0,0,0,1,0,1,1,0,1,0,0,6,51.0,100.0
3038,40.41989,-3.70156,2,1.0,1.0,34.0,83.0,53,2.93,634,50,4503.0,68.043894,0.8,1.0,1,0,0,0,0,1,0,0,1,1,1,0,0,9,18.0,50.0
3039,40.41213,-3.69702,8,4.0,6.0,102.0,89.0,3,3.43,479,200,4503.0,68.043894,0.8,2.0,1,0,0,0,0,1,0,0,0,1,1,0,0,6,66.0,150.0
3040,40.42169,-3.70502,2,1.0,1.0,65.0,0.0,1,0.0,187,200,4503.0,68.043894,0.8,1.0,1,0,0,0,0,1,0,1,0,0,1,0,0,9,18.0,100.0
3041,40.41274,-3.69511,2,1.0,1.0,11.0,90.0,4,4.74,434,50,4503.0,68.043894,0.8,1.0,0,0,0,0,0,1,0,0,0,0,1,0,0,8,18.0,50.0
3042,40.4385,-3.67271,4,2.0,3.0,43.0,93.0,2,1.94,335,200,5328.0,74.694253,2.2,2.0,1,0,0,0,0,1,0,1,0,0,1,0,0,6,36.0,50.0
3043,40.40398,-3.71495,2,1.0,1.0,26.0,100.0,1,0.3,556,50,3917.0,55.025641,1.9,1.0,0,0,0,0,0,1,0,1,1,0,1,0,1,7,18.0,50.0
3044,40.39271,-3.66839,2,1.0,1.0,30.0,0.0,1,0.0,198,200,1890.0,41.443535,5.0,1.0,1,0,0,0,0,1,0,0,1,0,1,0,0,7,18.0,50.0
3045,40.43752,-3.68413,2,2.0,3.0,40.0,99.0,1,4.16,439,50,5328.0,74.694253,2.2,1.0,0,0,0,0,0,1,0,0,1,1,1,0,0,6,18.0,50.0
3046,40.43753,-3.67338,2,1.0,1.0,22.0,0.0,1,0.02,142,50,5328.0,74.694253,2.2,2.0,1,0,0,0,0,1,0,1,1,0,1,0,0,7,21.0,50.0
3047,40.46788,-3.69288,2,1.0,1.0,28.0,95.0,3,5.79,859,50,3476.0,60.621287,5.9,1.0,0,0,0,0,0,1,0,1,0,0,1,0,0,7,18.0,50.0
3048,40.40905,-3.69501,3,1.0,3.0,55.0,95.0,2,0.31,399,200,4503.0,68.043894,0.8,1.0,1,0,0,0,0,1,0,0,1,0,1,0,0,10,25.5,100.0
3049,40.4187,-3.70007,4,1.0,3.0,46.0,95.0,11,1.28,578,50,4503.0,68.043894,0.8,4.5,0,0,0,0,1,1,0,1,1,1,1,0,0,7,43.5,50.0
3050,40.42065,-3.69848,2,1.0,2.0,46.0,96.0,11,0.79,582,50,4503.0,68.043894,0.8,4.5,0,0,0,0,1,1,0,1,1,1,1,0,0,7,28.5,50.0
3051,40.41874,-3.70019,3,1.0,2.0,46.0,95.0,11,0.5,587,50,4503.0,68.043894,0.8,4.5,0,0,0,0,1,1,0,1,1,1,1,0,0,7,36.0,50.0
3052,40.42069,-3.69837,4,1.0,2.0,46.0,96.0,11,1.45,570,50,4503.0,68.043894,0.8,4.5,0,0,0,0,1,1,0,1,1,1,1,0,0,7,43.5,50.0
3053,40.40273,-3.71586,5,2.0,3.0,99.0,96.0,1,0.96,504,200,3917.0,55.025641,1.9,1.0,1,0,0,0,0,1,0,1,1,0,1,0,0,6,40.5,100.0
3054,40.44796,-3.70021,2,1.0,1.0,49.0,90.0,2,0.39,278,50,3476.0,60.621287,5.9,1.0,0,0,0,0,0,1,0,1,1,0,1,0,0,6,18.0,50.0
3055,40.39082,-3.68787,2,1.0,1.0,31.0,0.0,1,0.02,207,50,3917.0,55.025641,1.9,2.0,0,0,0,0,0,1,1,1,1,0,1,0,0,6,21.0,50.0
3056,40.47655,-3.67078,6,2.0,4.0,115.0,94.0,1,0.53,480,200,2893.0,50.090625,6.5,2.0,1,0,0,0,0,1,1,1,1,0,1,0,0,10,51.0,150.0
3057,40.43987,-3.70553,2,1.0,1.0,20.0,93.0,1,0.17,60,50,4855.0,64.056634,2.4,1.0,0,0,0,0,0,1,0,0,0,0,0,0,0,6,18.0,50.0
3058,40.43057,-3.7129,5,5.0,5.0,80.0,0.0,1,0.0,133,200,4855.0,64.056634,2.4,3.0,1,0,0,0,0,1,0,0,1,0,1,0,0,6,46.5,100.0
3059,40.42349,-3.70302,3,2.0,2.0,60.0,0.0,1,0.0,135,200,4503.0,68.043894,0.8,1.0,1,0,0,1,0,1,0,1,0,0,1,0,0,8,25.5,100.0
3060,40.41524,-3.70231,8,3.0,4.0,252.0,98.0,14,2.12,823,200,4503.0,68.043894,0.8,3.0,1,0,0,0,0,1,0,1,1,1,1,1,1,8,69.0,200.0
3061,40.40373,-3.71797,1,1.0,1.0,28.0,0.0,1,0.0,67,50,3917.0,55.025641,1.9,1.0,1,0,0,0,0,1,0,0,0,0,0,0,0,7,10.5,50.0
3062,40.40821,-3.69914,3,1.0,2.0,35.0,100.0,1,0.02,126,200,4503.0,68.043894,0.8,1.0,1,0,0,0,0,0,0,0,0,0,1,0,0,6,25.5,50.0
3063,40.48906,-3.64932,7,3.0,5.0,110.0,0.0,1,0.0,150,200,3312.0,62.061453,9.2,2.0,1,0,0,0,0,1,1,0,1,0,1,0,0,7,58.5,150.0
3064,40.41082,-3.70526,2,1.0,2.0,18.0,0.0,1,0.0,79,50,4503.0,68.043894,0.8,1.5,1,0,0,0,0,1,0,0,1,0,0,0,0,7,19.5,50.0
3065,40.40713,-3.69652,1,1.0,1.0,17.0,95.0,4,0.07,171,50,4503.0,68.043894,0.8,2.0,1,0,0,0,0,1,0,0,1,0,1,0,0,8,13.5,50.0
3066,40.40705,-3.69841,1,1.0,1.0,20.0,0.0,4,0.0,310,50,4503.0,68.043894,0.8,2.5,0,0,0,0,0,1,0,0,1,0,1,0,0,8,15.0,50.0
3067,40.40713,-3.69668,2,1.0,1.0,20.0,82.0,4,0.17,224,50,4503.0,68.043894,0.8,2.0,0,0,0,0,0,1,0,0,1,0,0,0,0,8,21.0,50.0
3068,40.43363,-3.66152,3,2.0,2.0,54.0,96.0,1,0.41,460,200,5328.0,74.694253,2.2,1.0,1,0,0,0,0,1,0,1,1,1,1,0,0,6,25.5,100.0
3069,40.41198,-3.70702,2,1.0,1.0,39.0,93.0,4,3.47,313,50,4503.0,68.043894,0.8,1.0,0,0,0,0,0,1,0,0,0,0,1,0,0,6,18.0,50.0
3070,40.41889,-3.70156,6,1.0,3.0,33.0,91.0,10,0.92,508,200,4503.0,68.043894,0.8,1.0,1,0,0,0,0,1,0,1,1,0,1,0,0,7,48.0,50.0
3071,40.41105,-3.67424,10,3.0,1.0,96.0,100.0,1,0.02,230,200,4220.0,63.672727,3.2,2.0,1,1,1,1,1,1,1,1,1,1,1,1,1,7,81.0,100.0
3072,40.43485,-3.70763,2,1.0,1.0,35.0,0.0,1,0.0,98,50,4855.0,64.056634,2.4,1.0,1,0,0,0,0,1,0,0,0,0,0,0,0,6,18.0,50.0
3073,40.41449,-3.70103,4,2.0,4.0,70.0,98.0,1,1.39,325,200,4503.0,68.043894,0.8,2.0,1,0,0,0,0,1,0,1,1,0,0,0,0,0,36.0,100.0
3074,40.42718,-3.71144,2,1.0,1.0,65.0,0.0,1,0.0,157,200,4503.0,68.043894,0.8,1.0,1,0,0,0,0,1,0,0,0,0,1,0,0,8,18.0,100.0
3075,40.48818,-3.71551,2,1.0,2.0,55.0,0.0,1,0.0,213,200,3545.0,57.198083,16.4,1.0,1,0,0,0,0,1,1,1,1,0,0,0,0,8,18.0,100.0
3076,40.43322,-3.70061,4,3.0,3.0,200.0,0.0,1,0.0,196,200,4855.0,64.056634,2.4,3.0,1,0,0,0,0,1,0,1,0,0,1,0,0,8,39.0,200.0
3077,40.43807,-3.71634,2,1.0,2.0,39.0,96.0,19,0.15,429,50,4855.0,64.056634,2.4,6.0,0,0,0,0,0,1,0,1,0,1,1,0,0,6,33.0,50.0
3078,40.3618,-3.59625,1,1.0,1.0,31.0,0.0,1,0.0,273,50,2382.0,49.659794,11.0,1.0,1,0,0,0,0,1,1,1,1,0,1,0,0,6,10.5,50.0
3079,40.42294,-3.70398,6,3.0,3.0,267.0,98.0,8,2.75,405,200,4503.0,68.043894,0.8,3.0,1,0,0,0,0,1,0,1,0,1,1,0,0,6,54.0,200.0
3080,40.4266,-3.70246,2,1.0,1.0,76.0,91.0,1,0.13,175,200,4503.0,68.043894,0.8,1.0,1,0,0,0,0,1,0,0,0,0,1,0,0,6,18.0,100.0
3081,40.45818,-3.78136,2,1.0,1.0,48.0,96.0,1,0.59,469,200,3555.0,63.451906,5.9,1.0,1,0,0,0,0,1,0,1,0,0,1,0,1,6,18.0,50.0
3082,40.38386,-3.70496,2,1.0,1.0,38.0,100.0,1,0.05,154,200,2316.0,43.910072,4.6,1.0,1,0,0,0,0,1,0,1,0,0,1,0,0,6,18.0,50.0
3083,40.40961,-3.70807,3,1.0,1.0,56.0,100.0,1,0.04,305,200,4503.0,68.043894,0.8,1.5,1,0,0,0,0,1,0,1,0,0,1,0,1,6,27.0,100.0
3084,40.40703,-3.73715,6,2.0,3.0,78.0,89.0,1,0.28,321,200,2287.0,47.008319,4.7,1.0,1,0,0,0,0,1,0,0,0,0,1,0,0,6,48.0,100.0
3085,40.42199,-3.69599,3,1.0,1.0,81.0,94.0,1,1.94,612,200,4503.0,68.043894,0.8,1.5,1,0,0,0,1,1,0,1,1,1,1,0,0,7,27.0,100.0
3086,40.39845,-3.66835,4,1.0,2.0,36.0,96.0,1,0.29,191,200,1890.0,41.443535,5.0,1.0,1,0,0,0,0,1,0,1,1,0,1,0,0,10,33.0,50.0
3087,40.45313,-3.69487,4,2.0,4.0,92.0,96.0,1,2.83,254,200,3476.0,60.621287,5.9,2.0,1,0,0,0,0,1,0,1,1,0,1,0,0,6,36.0,100.0
3088,40.41616,-3.70669,6,2.0,1.0,67.0,97.0,3,3.67,407,200,4503.0,68.043894,0.8,1.0,1,1,1,1,1,1,1,1,1,1,1,1,1,6,48.0,100.0
3089,40.39385,-3.76711,3,2.0,2.0,29.0,20.0,1,0.02,163,200,2287.0,47.008319,4.7,1.0,1,0,0,0,0,1,0,0,0,0,1,0,0,6,25.5,50.0
3090,40.43769,-3.71001,2,1.0,1.0,18.0,0.0,1,0.02,116,50,4855.0,64.056634,2.4,2.0,1,0,0,0,0,1,0,0,1,0,1,0,0,6,21.0,50.0
3091,40.4352,-3.61977,2,1.0,2.0,300.0,100.0,2,0.21,159,50,2477.0,70.967532,7.3,1.0,1,0,0,0,0,1,1,1,1,0,1,0,0,6,18.0,200.0
3092,40.40054,-3.69767,6,4.0,5.0,55.0,100.0,5,0.05,141,200,3917.0,55.025641,1.9,2.0,1,0,0,0,0,1,0,0,1,0,1,0,0,6,51.0,100.0
3093,40.395,-3.72771,1,1.0,1.0,80.0,98.0,2,0.38,254,50,2195.0,47.402837,6.6,1.0,0,0,0,0,0,1,0,1,1,0,1,0,0,6,10.5,100.0
3094,40.43786,-3.71943,2,1.0,2.0,55.0,80.0,19,0.08,540,50,3555.0,63.451906,5.9,6.0,0,0,0,0,0,1,0,1,1,1,1,0,0,6,33.0,100.0
3095,40.40559,-3.71831,2,0.0,1.0,40.0,100.0,1,0.02,156,200,3917.0,55.025641,1.9,1.0,1,0,0,0,0,1,0,0,1,0,1,0,0,6,18.0,50.0
3096,40.41347,-3.70174,16,5.0,14.0,306.0,96.0,11,3.97,607,200,4503.0,68.043894,0.8,3.0,1,0,0,0,0,1,0,1,0,0,1,0,1,6,129.0,200.0
3097,40.4679,-3.69268,2,1.0,1.0,26.0,96.0,3,5.09,608,50,3476.0,60.621287,5.9,1.0,0,0,0,0,0,1,0,1,0,0,1,0,0,7,18.0,50.0
3098,40.43103,-3.67103,2,1.0,1.0,32.0,92.0,1,0.76,272,200,5328.0,74.694253,2.2,1.0,1,0,0,0,0,1,0,0,0,0,0,0,0,7,18.0,50.0
3099,40.43289,-3.70088,2,1.0,1.0,25.0,95.0,1,0.09,157,50,4855.0,64.056634,2.4,1.0,1,0,0,0,0,1,0,0,1,0,1,0,0,8,18.0,50.0
3100,40.41562,-3.69867,3,1.0,1.0,35.0,0.0,1,0.0,168,200,4503.0,68.043894,0.8,1.0,1,0,0,0,0,1,0,1,1,0,1,0,0,6,25.5,50.0
3101,40.4237,-3.69659,2,1.0,1.0,92.0,97.0,1,0.81,490,50,4503.0,68.043894,0.8,1.5,1,0,0,0,0,1,0,1,0,1,1,0,0,6,19.5,100.0
3102,40.41393,-3.71653,3,2.0,2.0,60.0,100.0,1,0.04,201,200,4503.0,68.043894,0.8,1.0,1,0,0,0,0,1,0,1,1,0,1,0,0,8,25.5,100.0
3103,40.49223,-3.69226,4,2.0,1.0,70.0,0.0,1,0.0,123,200,3545.0,57.198083,16.4,2.0,1,0,0,0,0,1,1,0,1,0,1,0,0,11,36.0,100.0
3104,40.41347,-3.70174,4,1.0,2.0,78.0,96.0,11,3.15,524,200,4503.0,68.043894,0.8,1.0,1,0,0,0,0,1,0,1,0,1,1,0,0,6,33.0,100.0
3105,40.41725,-3.70931,5,2.0,2.0,63.0,96.0,1,3.58,449,200,4503.0,68.043894,0.8,1.0,1,0,0,0,0,1,0,0,1,1,1,0,0,6,40.5,100.0
3106,40.39617,-3.73217,1,1.0,1.0,80.0,100.0,2,0.07,130,50,2195.0,47.402837,6.6,1.0,0,0,0,0,0,1,0,1,1,0,0,0,0,6,10.5,100.0
3107,40.43438,-3.67818,2,1.0,2.0,56.0,0.0,1,0.0,186,200,5328.0,74.694253,2.2,1.0,1,0,0,0,0,1,0,1,1,0,1,0,0,6,18.0,100.0
3108,40.42117,-3.69853,2,1.0,1.0,100.0,0.0,1,0.0,100,200,4503.0,68.043894,0.8,1.0,1,0,0,0,0,1,0,0,1,0,0,0,0,6,18.0,100.0
3109,40.41172,-3.71212,5,3.0,7.0,100.0,96.0,4,0.17,505,200,4503.0,68.043894,0.8,2.0,1,0,0,0,0,1,0,0,1,1,1,0,1,9,43.5,100.0
3110,40.41318,-3.71335,2,1.0,1.0,50.0,97.0,4,0.53,431,50,4503.0,68.043894,0.8,1.0,1,0,0,0,0,1,0,0,1,0,1,0,0,9,18.0,50.0
3111,40.40699,-3.70133,5,2.0,3.0,80.0,98.0,2,0.85,294,200,4503.0,68.043894,0.8,1.0,1,0,0,0,0,1,0,1,0,0,0,0,0,11,40.5,100.0
3112,40.40038,-3.70078,2,1.0,1.0,30.0,100.0,1,0.02,135,50,3917.0,55.025641,1.9,2.0,1,0,0,0,0,1,0,0,1,0,1,0,0,8,21.0,50.0
3113,40.41287,-3.70611,2,1.0,1.0,14.0,87.0,6,0.07,180,50,4503.0,68.043894,0.8,1.5,0,0,0,0,0,1,0,0,0,0,0,0,0,7,19.5,50.0
3114,40.41176,-3.69996,6,1.0,3.0,110.0,0.0,1,0.0,141,200,4503.0,68.043894,0.8,1.0,1,0,0,0,0,1,0,1,1,0,0,0,0,6,48.0,150.0
3115,40.41258,-3.69872,2,0.0,1.0,36.0,95.0,3,2.49,469,200,4503.0,68.043894,0.8,1.0,1,0,0,0,0,1,0,1,0,0,1,0,0,7,18.0,50.0
3116,40.41275,-3.70216,2,1.0,1.0,20.0,0.0,1,0.0,134,50,4503.0,68.043894,0.8,1.0,1,0,0,0,0,1,0,0,1,0,1,0,0,7,18.0,50.0
3117,40.43645,-3.71858,2,1.0,2.0,49.0,0.0,19,0.0,397,50,3555.0,63.451906,5.9,8.0,0,0,0,0,0,1,0,1,0,1,1,0,0,6,39.0,50.0
3118,40.42485,-3.70546,2,1.0,1.0,139.0,98.0,2,0.66,464,200,4503.0,68.043894,0.8,1.0,1,0,0,0,0,1,0,0,0,1,1,0,0,7,18.0,150.0
3120,40.42331,-3.70038,2,1.0,1.0,95.0,0.0,1,0.0,66,50,4503.0,68.043894,0.8,1.0,1,0,0,0,0,1,0,0,1,0,0,0,0,6,18.0,100.0
3121,40.4103,-3.69556,2,1.0,1.0,40.0,100.0,1,0.03,134,200,4503.0,68.043894,0.8,1.0,1,0,0,0,0,1,0,0,0,0,1,0,0,6,18.0,50.0
3122,40.4138,-3.72837,4,1.0,3.0,65.0,91.0,1,0.77,337,200,2287.0,47.008319,4.7,1.0,1,0,0,0,0,1,0,1,0,0,1,0,1,6,33.0,100.0
3123,40.42515,-3.71031,1,1.0,1.0,22.0,99.0,2,1.03,574,50,4503.0,68.043894,0.8,1.5,0,0,0,0,0,1,0,1,1,1,1,0,0,6,12.0,50.0
3124,40.4105,-3.71218,2,1.0,1.0,62.0,89.0,7,0.45,404,200,4503.0,68.043894,0.8,1.0,1,0,0,0,0,1,0,1,0,0,1,0,0,7,18.0,100.0
3125,40.44872,-3.70111,2,1.0,1.0,22.0,100.0,2,0.02,172,50,3476.0,60.621287,5.9,1.0,0,0,0,0,0,1,0,0,0,0,0,0,0,7,18.0,50.0
3126,40.42738,-3.69871,4,1.0,1.0,100.0,86.0,3,0.31,442,200,4503.0,68.043894,0.8,1.0,1,0,0,0,0,1,0,0,0,1,1,0,0,10,33.0,100.0
3127,40.41297,-3.70622,1,1.0,1.0,35.0,80.0,6,0.05,176,50,4503.0,68.043894,0.8,1.0,0,0,0,0,0,1,0,0,0,0,0,0,0,7,10.5,50.0
3128,40.41298,-3.70606,2,1.0,1.0,23.0,92.0,6,0.31,165,50,4503.0,68.043894,0.8,1.5,0,0,0,0,0,1,0,0,0,0,0,0,0,7,19.5,50.0
3129,40.43695,-3.71909,2,1.0,2.0,64.0,0.0,19,0.0,438,50,3555.0,63.451906,5.9,6.0,0,0,0,0,0,1,0,1,0,1,1,0,0,6,33.0,100.0
3130,40.44128,-3.69794,3,2.0,2.0,67.0,95.0,2,0.68,496,200,4855.0,64.056634,2.4,1.0,1,0,0,0,0,1,0,1,1,0,1,0,0,6,25.5,100.0
3131,40.40731,-3.70089,2,1.0,2.0,32.0,88.0,5,1.87,429,200,4503.0,68.043894,0.8,1.0,1,0,0,1,0,0,0,1,0,0,1,0,0,8,18.0,50.0
3132,40.42103,-3.6949,6,3.0,3.0,320.0,98.0,1,2.35,463,200,4503.0,68.043894,0.8,3.0,1,0,0,0,0,1,0,1,1,0,0,0,0,8,54.0,200.0
3133,40.4255,-3.70293,6,2.0,3.0,73.0,90.0,2,0.98,424,200,4503.0,68.043894,0.8,1.0,1,0,0,0,0,0,0,0,1,0,1,0,0,6,48.0,100.0
3134,40.41576,-3.71179,2,0.0,2.0,75.0,94.0,25,3.31,430,200,4503.0,68.043894,0.8,1.0,1,0,0,0,0,1,0,1,0,1,1,0,0,9,18.0,100.0
3135,40.43707,-3.69194,2,1.0,1.0,89.0,0.0,1,0.0,158,200,4855.0,64.056634,2.4,1.0,1,0,0,0,0,1,1,0,1,0,1,0,0,8,18.0,100.0
3136,40.4075,-3.70178,2,1.0,1.0,48.0,91.0,4,2.71,476,200,4503.0,68.043894,0.8,1.0,1,0,0,0,0,1,0,1,1,0,1,0,1,8,18.0,50.0
3137,40.46202,-3.70522,2,2.0,2.0,26.0,100.0,1,0.02,132,200,3476.0,60.621287,5.9,1.0,1,0,0,0,0,1,0,0,1,0,1,0,0,6,18.0,50.0
3138,40.42501,-3.67855,4,2.0,3.0,130.0,97.0,1,1.59,465,200,5328.0,74.694253,2.2,1.5,1,0,0,0,0,1,0,1,1,1,1,0,0,7,34.5,150.0
3139,40.42296,-3.70466,4,1.0,2.0,60.0,86.0,53,3.45,676,200,4503.0,68.043894,0.8,1.0,1,0,0,0,0,1,0,0,0,0,1,0,1,9,33.0,100.0
3140,40.41539,-3.70212,6,2.0,3.0,51.0,90.0,4,3.94,368,200,4503.0,68.043894,0.8,1.0,1,0,0,0,0,1,0,1,0,0,1,0,0,7,48.0,100.0
3141,40.42046,-3.70455,1,1.0,1.0,45.0,0.0,1,0.0,92,50,4503.0,68.043894,0.8,1.0,0,0,0,0,0,1,0,1,1,0,0,0,0,8,10.5,50.0
3142,40.40408,-3.68414,1,1.0,1.0,33.0,0.0,1,0.0,160,50,4220.0,63.672727,3.2,1.0,0,0,0,0,0,1,0,1,1,0,1,0,0,6,10.5,50.0
3143,40.38433,-3.73037,1,1.0,1.0,15.0,100.0,1,0.02,148,50,2195.0,47.402837,6.6,1.0,0,0,0,0,0,1,0,1,0,0,1,0,0,6,10.5,50.0
3144,40.39992,-3.69777,2,1.0,2.0,25.0,0.0,5,0.0,142,50,3917.0,55.025641,1.9,2.0,0,0,0,0,0,1,0,0,1,0,0,0,0,6,21.0,50.0
3145,40.40849,-3.70899,5,1.0,3.0,61.0,95.0,1,3.16,331,200,4503.0,68.043894,0.8,1.0,1,0,0,0,0,1,0,0,1,1,1,0,0,6,40.5,100.0
3146,40.41055,-3.70074,6,2.0,3.0,41.0,95.0,1,4.33,436,200,4503.0,68.043894,0.8,1.0,1,0,0,0,0,1,0,0,1,0,1,1,0,6,48.0,50.0
3147,40.41335,-3.6977,3,1.0,2.0,48.0,95.0,3,2.48,524,200,4503.0,68.043894,0.8,1.0,1,0,0,0,0,1,0,1,0,1,1,0,0,7,25.5,50.0
3148,40.42336,-3.69852,4,1.0,2.0,81.0,98.0,3,2.4,403,200,4503.0,68.043894,0.8,1.0,1,0,0,0,0,1,0,1,1,0,1,0,0,10,33.0,100.0
3149,40.41014,-3.69616,10,5.0,7.0,90.0,93.0,5,6.51,543,200,4503.0,68.043894,0.8,1.0,1,0,0,0,0,1,0,1,1,1,0,0,0,6,78.0,100.0
3150,40.40039,-3.69729,2,1.0,2.0,25.0,100.0,5,0.02,134,50,3917.0,55.025641,1.9,2.0,0,0,0,0,0,1,0,0,1,0,0,0,0,6,21.0,50.0
3151,40.39983,-3.69733,1,1.0,1.0,25.0,0.0,5,0.0,141,50,3917.0,55.025641,1.9,2.0,0,0,0,0,0,1,0,0,1,0,1,0,0,6,13.5,50.0
3152,40.39972,-3.69713,1,1.0,1.0,18.0,0.0,5,0.0,130,50,3917.0,55.025641,1.9,2.0,0,0,0,0,0,1,0,0,1,0,1,0,0,6,13.5,50.0
3153,40.45317,-3.70754,3,1.0,1.0,60.0,0.0,2,0.0,122,200,3476.0,60.621287,5.9,1.0,1,0,0,0,0,0,0,0,1,0,0,0,0,8,25.5,100.0
3154,40.39531,-3.66706,2,1.0,1.0,15.0,90.0,1,0.05,137,50,1890.0,41.443535,5.0,1.0,1,0,0,0,0,1,0,0,0,0,0,0,0,6,18.0,50.0
3155,40.45772,-3.69789,2,1.0,1.0,21.0,80.0,1,0.02,110,50,3476.0,60.621287,5.9,1.0,0,0,0,0,0,1,0,0,1,0,0,0,0,6,18.0,50.0
3156,40.43123,-3.68057,1,1.0,1.0,55.0,98.0,2,0.37,117,50,5328.0,74.694253,2.2,1.0,0,0,0,0,0,1,0,0,1,0,1,0,0,9,10.5,100.0
3157,40.42604,-3.69617,2,1.0,1.0,30.0,89.0,8,0.45,149,50,4503.0,68.043894,0.8,1.5,0,0,0,0,1,1,0,0,0,0,0,0,0,8,19.5,50.0
3158,40.42662,-3.69431,3,1.0,2.0,30.0,86.0,8,0.31,190,50,4503.0,68.043894,0.8,1.5,0,0,0,0,1,1,0,0,0,0,0,0,0,8,27.0,50.0
3159,40.41644,-3.71028,2,1.0,1.0,48.0,94.0,16,3.49,386,200,4503.0,68.043894,0.8,1.0,1,0,0,0,0,1,0,1,1,0,1,0,0,6,18.0,50.0
3160,40.41273,-3.69477,2,1.0,1.0,17.0,97.0,1,0.1,105,50,4503.0,68.043894,0.8,1.0,0,0,0,0,0,1,0,0,0,0,1,0,0,6,18.0,50.0
3161,40.40932,-3.71253,2,1.0,1.0,25.0,0.0,1,0.0,108,50,4503.0,68.043894,0.8,1.0,0,0,0,0,0,1,0,0,0,0,1,0,0,7,18.0,50.0
3162,40.41203,-3.72005,4,2.0,2.0,50.0,98.0,1,0.17,154,200,3917.0,55.025641,1.9,1.0,1,0,0,0,0,1,0,1,0,0,0,0,0,11,33.0,50.0
3163,40.48124,-3.66844,2,1.0,1.0,49.0,100.0,3,0.03,230,50,2893.0,50.090625,6.5,1.0,1,0,0,0,0,1,1,0,1,0,1,0,0,10,18.0,50.0
3164,40.4103,-3.701,3,1.0,1.0,40.0,88.0,1,1.18,166,200,4503.0,68.043894,0.8,1.0,1,0,0,0,0,1,0,1,0,0,1,0,0,7,25.5,50.0
3165,40.40185,-3.69505,2,1.0,2.0,41.0,97.0,2,1.18,398,50,3917.0,55.025641,1.9,1.0,0,0,0,0,0,1,1,1,1,0,1,0,0,6,18.0,50.0
3166,40.43033,-3.71142,3,1.0,1.0,1200.0,0.0,1,0.02,417,200,4855.0,64.056634,2.4,1.0,1,0,0,0,0,1,0,1,1,1,0,0,0,9,25.5,200.0
3167,40.41593,-3.69772,8,2.0,4.0,95.0,98.0,6,4.45,503,200,4503.0,68.043894,0.8,1.0,1,0,0,0,0,1,0,1,1,1,1,0,0,7,63.0,100.0
3168,40.44529,-3.69699,1,1.0,1.0,395.0,0.0,1,0.0,27,50,4855.0,64.056634,2.4,1.5,1,0,0,0,0,0,0,0,0,0,0,0,0,6,12.0,200.0
3169,40.41081,-3.72847,1,1.0,1.0,17.0,94.0,2,1.56,91,50,2287.0,47.008319,4.7,1.0,1,0,0,0,0,1,0,0,1,0,0,0,0,6,10.5,50.0
3170,40.42456,-3.70596,3,1.0,2.0,50.0,0.0,1,0.0,133,200,4503.0,68.043894,0.8,1.0,1,0,0,0,0,0,0,0,0,0,1,0,0,6,25.5,50.0
3171,40.42627,-3.70696,2,1.0,1.0,55.0,0.0,1,0.0,106,50,4503.0,68.043894,0.8,1.0,1,0,0,0,0,1,0,1,1,0,0,0,0,7,18.0,100.0
3172,40.42864,-3.67643,3,1.0,1.0,27.0,88.0,1,1.07,401,50,5328.0,74.694253,2.2,1.0,0,0,0,0,0,1,0,0,1,0,1,0,0,6,25.5,50.0
3173,40.42627,-3.69098,2,1.0,2.0,206.0,0.0,92,0.0,184,200,4855.0,64.056634,2.4,1.0,1,0,0,0,0,1,0,1,1,0,1,0,0,7,18.0,200.0
3174,40.41654,-3.70588,5,3.0,3.0,98.0,95.0,2,6.13,316,200,4503.0,68.043894,0.8,1.0,1,0,0,0,0,1,0,0,1,0,0,0,0,7,40.5,100.0
3175,40.41171,-3.71224,4,2.0,2.0,116.0,99.0,1,1.22,325,200,4503.0,68.043894,0.8,1.0,1,0,0,0,1,1,0,0,1,1,1,0,0,8,33.0,150.0
3176,40.40286,-3.72276,4,2.0,2.0,64.0,88.0,7,0.42,457,200,2195.0,47.402837,6.6,1.0,1,0,0,0,0,0,0,0,0,0,0,0,0,7,33.0,100.0
3177,40.4271,-3.70268,2,1.0,1.0,200.0,89.0,2,0.49,544,50,4503.0,68.043894,0.8,1.0,1,0,0,0,0,1,0,1,1,0,1,0,0,7,18.0,200.0
3178,40.42958,-3.70586,6,2.0,3.0,62.0,98.0,1,0.37,434,200,4503.0,68.043894,0.8,2.0,1,0,0,0,0,1,0,1,1,0,1,0,1,6,51.0,100.0
3179,40.38548,-3.74561,1,1.0,1.0,10.0,0.0,1,0.02,52,50,2195.0,47.402837,6.6,1.0,1,0,0,0,0,0,0,0,0,0,0,0,0,6,10.5,50.0
3180,40.41241,-3.70004,3,1.0,1.0,89.0,98.0,3,3.55,289,200,4503.0,68.043894,0.8,1.0,1,0,0,0,0,1,0,1,0,0,0,0,0,6,25.5,100.0
3181,40.4276,-3.70427,1,1.0,1.0,45.0,98.0,2,0.99,603,50,4503.0,68.043894,0.8,1.0,0,0,0,0,0,1,0,1,1,1,1,0,1,6,10.5,50.0
3182,40.43074,-3.64983,1,1.0,1.0,11.0,96.0,2,0.17,360,50,2893.0,50.090625,6.5,1.5,1,0,0,0,0,1,0,1,1,0,0,0,0,7,12.0,50.0
3183,40.40994,-3.70469,4,2.0,2.0,60.0,0.0,1,0.0,97,200,4503.0,68.043894,0.8,2.0,1,0,0,0,0,1,0,0,0,0,1,0,0,9,36.0,100.0
3184,40.4296,-3.67212,1,1.0,1.0,10.0,0.0,1,0.0,87,50,5328.0,74.694253,2.2,1.0,0,0,0,0,0,1,0,0,1,0,1,0,0,6,10.5,50.0
3185,40.40976,-3.70585,2,1.0,1.0,44.0,100.0,1,0.09,154,200,4503.0,68.043894,0.8,1.0,1,0,0,0,0,1,0,0,0,0,1,0,0,6,18.0,50.0
3186,40.41178,-3.70688,2,1.0,1.0,65.0,0.0,1,0.02,27,200,4503.0,68.043894,0.8,1.0,1,0,0,0,0,0,0,0,0,0,0,0,0,6,18.0,100.0
3187,40.43438,-3.71543,4,1.0,2.0,99.0,98.0,1,0.45,314,200,4855.0,64.056634,2.4,2.0,1,0,0,0,0,1,0,1,1,0,1,0,0,0,36.0,100.0
3188,40.42758,-3.67292,1,1.0,1.0,25.0,0.0,1,0.0,175,50,5328.0,74.694253,2.2,1.0,1,0,0,0,0,0,0,0,1,0,1,0,0,6,10.5,50.0
3189,40.41093,-3.69556,2,1.0,1.0,80.0,100.0,1,0.02,152,200,4503.0,68.043894,0.8,1.0,1,0,0,0,0,0,0,0,1,0,1,0,0,6,18.0,100.0
3190,40.48472,-3.68604,3,2.0,2.0,39.0,96.0,1,1.03,340,200,3545.0,57.198083,16.4,1.5,1,0,0,0,0,1,0,0,0,1,0,0,0,6,27.0,50.0
3191,40.43226,-3.68476,3,1.0,1.0,112.0,0.0,2,0.0,150,200,5328.0,74.694253,2.2,1.0,1,0,0,0,0,0,0,1,1,0,1,0,0,8,25.5,150.0
3193,40.43635,-3.68123,1,1.0,1.0,29.0,92.0,1,0.09,173,50,5328.0,74.694253,2.2,1.5,0,0,0,0,0,1,0,0,1,0,1,0,0,10,12.0,50.0
3194,40.45965,-3.67525,2,1.0,1.0,35.0,100.0,1,1.86,169,50,4508.0,67.220486,5.8,1.0,0,0,0,0,0,1,0,0,1,0,1,0,0,6,18.0,50.0
3196,40.41909,-3.70057,2,1.0,2.0,46.0,96.0,11,1.0,558,50,4503.0,68.043894,0.8,4.5,0,0,0,0,1,1,0,1,1,0,1,0,0,7,28.5,50.0
3197,40.4201,-3.69835,2,1.0,1.0,46.0,93.0,11,0.19,578,50,4503.0,68.043894,0.8,4.5,0,0,0,0,1,1,0,1,1,1,1,0,0,7,28.5,50.0
3198,40.42681,-3.7042,1,1.0,1.0,30.0,100.0,1,0.11,267,50,4503.0,68.043894,0.8,1.0,0,0,0,0,0,1,0,0,1,0,1,0,0,0,10.5,50.0
3199,40.45806,-3.66374,2,1.0,1.0,70.0,0.0,1,0.0,273,50,2893.0,50.090625,6.5,2.0,1,0,0,0,0,1,1,1,0,0,1,0,0,11,21.0,100.0
3200,40.40185,-3.69006,4,2.0,2.0,75.0,99.0,1,1.09,385,200,3917.0,55.025641,1.9,1.0,1,0,0,0,0,1,0,1,1,1,1,0,0,8,33.0,100.0
3201,40.40083,-3.66109,2,1.0,1.0,30.0,0.0,1,0.0,132,200,1890.0,41.443535,5.0,1.0,1,0,0,0,0,1,0,1,0,0,0,0,0,8,18.0,50.0
3202,40.40121,-3.69963,4,1.0,2.0,40.0,93.0,1,0.05,199,200,3917.0,55.025641,1.9,1.0,1,0,0,0,0,1,0,1,1,0,1,0,0,6,33.0,50.0
3203,40.4345,-3.70668,2,1.0,1.0,40.0,63.0,1,0.12,69,50,4855.0,64.056634,2.4,2.0,0,0,0,0,0,1,0,0,1,0,0,0,0,6,21.0,50.0
3204,40.4167,-3.70753,8,3.0,4.0,185.0,0.0,1,0.0,221,200,4503.0,68.043894,0.8,2.0,1,0,0,0,0,1,0,1,1,0,0,0,0,6,66.0,200.0
3205,40.40716,-3.69807,1,1.0,1.0,17.0,100.0,1,0.11,141,50,4503.0,68.043894,0.8,1.5,0,0,0,0,0,1,0,0,1,0,1,0,0,6,12.0,50.0
3206,40.42412,-3.69822,1,1.0,1.0,24.0,88.0,2,0.17,174,50,4503.0,68.043894,0.8,1.0,1,1,1,1,1,1,1,1,1,1,1,1,1,6,10.5,50.0
3207,40.42162,-3.71156,3,1.0,2.0,139.0,96.0,10,0.45,430,50,4503.0,68.043894,0.8,2.0,0,0,0,0,0,1,0,0,0,0,1,0,0,10,28.5,150.0
3208,40.39288,-3.70786,2,1.0,1.0,25.0,98.0,1,0.24,150,50,2195.0,47.402837,6.6,1.0,0,0,0,0,0,1,0,1,1,0,1,0,0,6,18.0,50.0
3209,40.44199,-3.6707,4,1.0,3.0,40.0,0.0,1,0.0,103,200,4508.0,67.220486,5.8,1.0,1,0,0,0,0,1,0,1,1,0,0,0,0,6,33.0,50.0
3210,40.42146,-3.70277,2,1.0,1.0,53.0,92.0,2,0.37,369,50,4503.0,68.043894,0.8,1.5,1,0,0,0,0,1,0,0,1,1,1,0,0,8,19.5,100.0
3211,40.44999,-3.67301,1,1.0,2.0,57.0,100.0,2,0.03,273,50,4508.0,67.220486,5.8,1.0,1,0,0,0,0,1,0,0,0,0,1,0,0,6,10.5,100.0
3212,40.4597,-3.69394,1,1.0,1.0,26.0,100.0,1,0.09,202,50,3476.0,60.621287,5.9,1.0,1,0,0,0,0,1,0,1,1,0,1,0,0,6,10.5,50.0
3213,40.39684,-3.73547,2,1.0,1.0,50.0,0.0,1,0.0,199,200,2195.0,47.402837,6.6,1.0,1,0,0,0,0,1,0,1,1,0,1,0,0,6,18.0,50.0
3214,40.40248,-3.69694,2,1.0,1.0,55.0,97.0,2,1.33,429,50,3917.0,55.025641,1.9,1.0,1,0,0,0,0,1,1,1,1,0,1,0,0,6,18.0,100.0
3215,40.42693,-3.73015,4,1.0,3.0,68.0,100.0,3,0.14,465,200,3555.0,63.451906,5.9,1.0,1,0,0,0,0,1,0,1,1,0,1,0,0,6,33.0,100.0
3216,40.40865,-3.70414,1,1.0,1.0,20.0,100.0,2,0.02,152,50,4503.0,68.043894,0.8,1.5,0,0,0,0,0,1,0,0,1,0,1,0,0,6,12.0,50.0
3217,40.39657,-3.76238,1,4.0,4.0,20.0,83.0,4,0.16,282,50,2287.0,47.008319,4.7,1.0,0,0,0,0,0,1,0,0,0,0,1,0,0,7,10.5,50.0
3218,40.44167,-3.70784,2,0.0,1.0,54.0,100.0,1,0.18,181,200,4855.0,64.056634,2.4,1.0,1,0,0,0,0,1,0,1,1,0,1,0,0,6,18.0,100.0
3219,40.40477,-3.67387,1,1.0,1.0,31.0,0.0,1,0.0,161,50,4220.0,63.672727,3.2,1.0,1,0,0,0,0,1,0,0,1,0,0,0,0,6,10.5,50.0
3220,40.41017,-3.69714,3,1.0,1.0,30.0,88.0,1,0.17,121,200,4503.0,68.043894,0.8,1.0,1,0,0,0,0,0,0,0,0,0,1,0,0,6,25.5,50.0
3221,40.42564,-3.70346,2,1.0,1.0,25.0,85.0,1,3.62,287,50,4503.0,68.043894,0.8,2.0,0,0,0,0,0,1,0,0,0,0,1,0,0,0,21.0,50.0
3222,40.40979,-3.70944,3,1.0,1.0,58.0,96.0,2,2.34,415,200,4503.0,68.043894,0.8,1.0,1,0,0,0,0,1,0,1,0,0,1,0,0,6,25.5,100.0
3223,40.42508,-3.70338,6,2.0,3.0,159.0,96.0,1,2.27,306,200,4503.0,68.043894,0.8,2.0,1,0,0,0,0,1,0,1,0,0,1,0,0,6,51.0,200.0
3224,40.41047,-3.71109,2,1.0,2.0,45.0,0.0,2,0.0,179,200,4503.0,68.043894,0.8,1.0,1,0,0,0,0,0,0,1,0,0,1,0,0,6,18.0,50.0
3225,40.43795,-3.63676,5,3.0,5.0,91.0,91.0,1,1.3,314,200,2477.0,70.967532,7.3,1.0,1,0,0,0,0,1,0,0,1,1,0,0,0,7,40.5,100.0
3226,40.41846,-3.70664,5,1.0,3.0,79.0,86.0,3,2.75,202,200,4503.0,68.043894,0.8,1.0,1,0,0,0,0,1,0,1,0,0,0,0,0,7,40.5,100.0
3227,40.42675,-3.70299,2,1.0,1.0,30.0,90.0,1,0.54,117,200,4503.0,68.043894,0.8,1.0,1,0,0,0,0,1,0,0,0,0,0,0,0,8,18.0,50.0
3228,40.42189,-3.70712,2,1.0,2.0,97.0,100.0,1,0.07,457,200,4503.0,68.043894,0.8,1.0,1,0,0,0,0,1,0,1,0,1,1,0,0,6,18.0,100.0
3229,40.37685,-3.69083,1,1.0,1.0,15.0,95.0,2,4.41,470,50,2316.0,43.910072,4.6,1.0,0,0,0,0,0,1,0,1,0,0,1,0,0,8,10.5,50.0
3230,40.42028,-3.70298,2,1.0,1.0,61.0,84.0,2,0.09,569,200,4503.0,68.043894,0.8,1.0,1,0,0,0,0,1,0,1,0,0,1,0,0,8,18.0,100.0
3231,40.41909,-3.70833,10,5.0,8.0,598.0,99.0,19,1.48,435,200,4503.0,68.043894,0.8,4.5,1,0,0,0,0,1,0,1,1,1,0,0,0,8,88.5,200.0
3232,40.39434,-3.69071,6,2.0,2.0,64.0,0.0,1,0.0,139,200,3917.0,55.025641,1.9,2.0,1,0,0,0,0,1,0,1,1,0,0,0,0,7,51.0,100.0
3233,40.43004,-3.71608,6,3.0,5.0,207.0,100.0,92,0.04,248,200,3555.0,63.451906,5.9,3.0,1,0,0,0,0,1,0,1,1,0,1,0,0,7,54.0,200.0
3234,40.4101,-3.71204,4,3.0,4.0,117.0,40.0,3,0.04,331,200,4503.0,68.043894,0.8,1.0,1,0,0,0,0,1,0,0,1,0,1,0,0,7,33.0,150.0
3235,40.42222,-3.67405,1,1.0,1.0,11.0,0.0,1,0.0,167,50,5328.0,74.694253,2.2,1.0,0,0,0,0,0,1,0,0,1,0,1,0,0,7,10.5,50.0
3236,40.43128,-3.6869,4,1.0,2.0,65.0,0.0,1,0.0,194,200,5328.0,74.694253,2.2,1.0,1,0,0,0,0,1,0,1,1,0,0,0,0,9,33.0,100.0
3237,40.41561,-3.69908,6,2.0,3.0,68.0,94.0,23,4.28,429,200,4503.0,68.043894,0.8,1.0,1,0,0,1,0,1,0,1,1,0,0,0,1,10,48.0,100.0
3238,40.42385,-3.7005,2,1.0,1.0,96.0,100.0,1,0.14,212,200,4503.0,68.043894,0.8,1.0,1,0,0,0,0,1,0,1,1,0,1,0,0,7,18.0,100.0
3239,40.41732,-3.70982,2,1.0,1.0,115.0,0.0,1,0.0,122,200,4503.0,68.043894,0.8,1.0,1,0,0,0,0,0,0,0,1,0,0,0,0,7,18.0,150.0
3240,40.40507,-3.69691,3,1.0,2.0,59.0,93.0,1,0.92,283,200,3917.0,55.025641,1.9,1.0,1,0,0,0,0,1,0,0,1,0,1,0,1,10,25.5,100.0
3241,40.41439,-3.70879,12,3.0,6.0,275.0,94.0,6,2.17,379,200,4503.0,68.043894,0.8,2.0,1,0,0,0,0,1,0,1,0,1,1,0,0,7,96.0,200.0
3242,40.42379,-3.71177,2,1.0,1.0,103.0,96.0,1,1.05,341,200,3555.0,63.451906,5.9,1.0,1,0,0,0,0,1,0,1,1,0,1,0,0,6,18.0,150.0
3243,40.44458,-3.69918,1,1.0,1.0,13.0,0.0,1,0.0,167,50,4855.0,64.056634,2.4,1.5,0,0,0,0,0,1,0,0,1,0,0,0,0,7,12.0,50.0
3244,40.40602,-3.69984,2,1.0,2.0,30.0,99.0,1,0.35,402,50,4503.0,68.043894,0.8,1.0,1,0,0,0,0,1,0,1,1,1,1,0,1,6,18.0,50.0
3245,40.39447,-3.66137,2,1.0,1.0,50.0,0.0,1,0.0,121,200,1890.0,41.443535,5.0,1.0,1,0,0,0,0,0,0,1,0,0,0,0,0,6,18.0,50.0
3246,40.42059,-3.68555,2,1.0,1.0,114.0,100.0,1,0.02,130,50,4220.0,63.672727,3.2,1.0,1,0,0,0,0,1,0,0,1,0,0,0,0,8,18.0,150.0
3247,40.42358,-3.6973,1,1.0,1.0,31.0,99.0,1,2.05,138,50,4503.0,68.043894,0.8,1.0,0,0,0,0,0,1,0,0,0,0,1,0,0,6,10.5,50.0
3248,40.42771,-3.70717,4,2.0,2.0,98.0,95.0,2,0.17,285,200,4503.0,68.043894,0.8,1.0,1,0,0,0,0,1,0,0,0,1,1,0,1,8,33.0,100.0
3249,40.40824,-3.7049,2,1.0,1.0,25.0,94.0,1,0.56,98,50,4503.0,68.043894,0.8,1.0,0,0,0,0,0,1,0,0,0,0,0,0,0,6,18.0,50.0
3250,40.40856,-3.70606,2,1.0,1.0,28.0,100.0,1,0.04,125,50,4503.0,68.043894,0.8,1.0,1,0,0,0,0,1,0,0,0,0,0,0,0,6,18.0,50.0
3251,40.41198,-3.72184,2,1.0,2.0,38.0,87.0,7,0.34,708,50,3917.0,55.025641,1.9,1.5,1,0,0,0,0,1,0,0,1,0,1,0,0,7,19.5,50.0
3252,40.41587,-3.69756,16,5.0,10.0,209.0,98.0,6,3.78,609,200,4503.0,68.043894,0.8,5.0,1,0,0,0,0,1,0,1,1,0,1,0,0,7,135.0,200.0
3253,40.4245,-3.70553,4,2.0,3.0,83.0,98.0,1,3.67,542,200,4503.0,68.043894,0.8,1.0,1,0,0,0,1,1,0,1,0,1,1,0,0,6,33.0,100.0
3254,40.40902,-3.70806,4,2.0,3.0,47.0,100.0,2,0.04,537,200,4503.0,68.043894,0.8,1.0,1,0,0,0,0,1,0,1,0,0,1,0,0,9,33.0,50.0
3255,40.41119,-3.70261,4,2.0,2.0,85.0,98.0,1,1.34,548,200,4503.0,68.043894,0.8,1.0,1,0,0,0,0,1,0,1,1,1,1,0,0,6,33.0,100.0
3256,40.40906,-3.70925,5,2.0,4.0,83.0,93.0,2,2.29,666,200,4503.0,68.043894,0.8,1.0,1,0,0,0,0,1,0,1,1,1,1,0,1,8,40.5,100.0
3257,40.40304,-3.70117,2,1.0,1.0,20.0,94.0,1,0.12,133,50,3917.0,55.025641,1.9,1.0,0,0,0,0,0,1,0,0,1,0,1,0,0,0,18.0,50.0
3258,40.42603,-3.70692,1,1.0,1.0,20.0,0.0,1,0.0,119,50,4503.0,68.043894,0.8,1.0,0,0,0,0,0,1,0,0,0,0,0,0,0,8,10.5,50.0
3259,40.42586,-3.71027,3,1.0,2.0,150.0,100.0,1,1.98,293,200,4503.0,68.043894,0.8,1.0,1,0,0,0,0,1,0,1,0,0,0,0,0,10,25.5,150.0
3260,40.42937,-3.70462,1,1.0,1.0,40.0,99.0,2,0.72,642,50,4503.0,68.043894,0.8,1.0,0,0,0,0,0,1,0,1,1,1,1,0,1,6,10.5,50.0
3261,40.41974,-3.61898,1,1.0,1.0,35.0,100.0,1,0.05,353,50,2477.0,70.967532,7.3,1.0,0,0,0,0,0,1,1,0,1,1,1,0,0,6,10.5,50.0
3262,40.42154,-3.69782,1,1.0,1.0,19.0,93.0,1,0.05,128,50,4503.0,68.043894,0.8,1.0,1,0,0,0,0,1,0,0,1,0,1,0,0,6,10.5,50.0
3263,40.47734,-3.68417,2,1.0,2.0,40.0,99.0,1,0.38,123,50,4508.0,67.220486,5.8,1.0,1,0,0,0,0,1,0,0,1,0,0,0,0,8,18.0,50.0
3264,40.42082,-3.69521,2,1.0,1.0,59.0,98.0,2,0.96,553,50,4503.0,68.043894,0.8,1.0,1,0,0,0,0,1,0,1,1,1,1,0,0,6,18.0,100.0
3265,40.3842,-3.74512,1,1.0,1.0,9.0,100.0,2,0.05,351,50,2195.0,47.402837,6.6,1.0,0,0,0,0,0,1,0,0,0,0,0,0,1,6,10.5,50.0
3266,40.40203,-3.69817,1,1.0,1.0,18.0,0.0,1,0.0,118,50,3917.0,55.025641,1.9,1.0,0,0,0,0,0,1,0,0,0,0,1,0,0,7,10.5,50.0
3267,40.41821,-3.67733,3,1.0,2.0,60.0,94.0,1,0.33,199,200,4220.0,63.672727,3.2,1.0,1,0,0,0,0,1,0,1,1,0,1,0,0,6,25.5,100.0
3268,40.42359,-3.64075,4,2.0,2.0,61.0,97.0,1,1.84,504,200,2893.0,50.090625,6.5,1.0,1,0,0,0,0,1,0,1,0,0,1,0,1,9,33.0,100.0
3269,40.42514,-3.70727,4,1.0,1.0,77.0,95.0,3,3.95,399,200,4503.0,68.043894,0.8,1.5,1,0,0,0,0,1,0,1,0,0,1,0,0,6,34.5,100.0
3270,40.43135,-3.71288,2,0.0,1.0,51.0,99.0,1,2.14,445,200,4855.0,64.056634,2.4,1.0,1,0,0,0,0,1,0,1,0,0,1,0,0,11,18.0,100.0
3271,40.42034,-3.69941,6,3.0,6.0,336.0,98.0,1,0.23,655,200,4503.0,68.043894,0.8,3.0,1,0,0,0,0,1,0,1,1,0,1,0,0,9,54.0,200.0
3272,40.42794,-3.71735,2,1.0,1.0,51.0,94.0,1,0.47,378,50,3555.0,63.451906,5.9,1.0,0,0,0,0,0,1,0,1,1,0,0,0,0,6,18.0,100.0
3273,40.43185,-3.71016,1,1.0,1.0,25.0,80.0,4,0.2,92,50,4855.0,64.056634,2.4,2.0,0,0,0,0,0,1,0,0,0,0,0,0,0,6,13.5,50.0
3274,40.45071,-3.70938,3,2.0,2.0,70.0,96.0,1,1.51,262,200,3476.0,60.621287,5.9,1.0,1,0,0,0,0,1,0,1,0,0,1,0,0,6,25.5,100.0
3275,40.4017,-3.6981,2,1.0,1.0,50.0,0.0,2,0.0,97,200,3917.0,55.025641,1.9,1.0,1,0,0,0,0,1,0,1,0,0,0,0,0,6,18.0,50.0
3276,40.4047,-3.69492,2,1.0,1.0,45.0,0.0,2,0.0,86,200,3917.0,55.025641,1.9,1.0,1,0,0,0,0,1,0,1,0,0,0,0,0,6,18.0,50.0
3277,40.43048,-3.71281,1,1.0,1.0,21.0,96.0,4,0.38,121,50,4855.0,64.056634,2.4,2.0,1,0,0,0,0,1,0,0,1,0,0,0,0,6,13.5,50.0
3278,40.409,-3.69796,2,1.0,1.0,21.0,0.0,1,0.02,111,50,4503.0,68.043894,0.8,1.0,0,0,0,0,0,1,0,0,0,0,0,0,0,8,18.0,50.0
3279,40.40731,-3.70014,3,0.0,3.0,53.0,94.0,3,4.78,533,200,4503.0,68.043894,0.8,1.0,1,0,0,0,0,1,0,1,1,0,1,0,0,6,25.5,100.0
3280,40.41212,-3.70059,2,1.0,1.0,40.0,95.0,1,0.07,104,50,4503.0,68.043894,0.8,1.0,1,0,0,0,0,1,0,0,0,0,1,0,0,10,18.0,50.0
3281,40.44157,-3.67362,2,1.0,1.0,45.0,100.0,1,0.18,132,200,4508.0,67.220486,5.8,1.0,1,0,0,0,0,1,0,1,1,0,0,0,0,8,18.0,50.0
3282,40.41559,-3.70743,6,2.0,3.0,106.0,98.0,3,1.17,395,200,4503.0,68.043894,0.8,1.0,1,0,0,0,0,1,0,1,1,0,1,0,0,6,48.0,150.0
3283,40.42334,-3.70773,2,1.0,1.0,52.0,94.0,20,6.02,275,200,4503.0,68.043894,0.8,1.0,1,0,0,0,0,1,0,1,0,0,0,0,0,8,18.0,100.0
3284,40.43989,-3.6775,4,2.0,2.0,40.0,93.0,1,0.09,161,200,4508.0,67.220486,5.8,1.0,1,0,0,0,0,1,0,1,1,0,1,0,0,8,33.0,50.0
3285,40.42195,-3.70145,4,0.0,2.0,46.0,95.0,1,0.52,466,200,4503.0,68.043894,0.8,1.5,1,0,0,0,0,1,0,0,0,0,1,0,1,7,34.5,50.0
3286,40.42932,-3.69782,8,3.0,5.0,120.0,95.0,1,1.89,297,200,4855.0,64.056634,2.4,2.0,1,0,0,0,0,1,0,1,1,0,1,0,0,8,66.0,150.0
3287,40.41258,-3.70989,6,2.0,4.0,119.0,99.0,1,3.23,540,200,4503.0,68.043894,0.8,2.0,1,0,0,0,0,1,0,1,0,1,1,0,0,6,51.0,150.0
3288,40.49155,-3.69749,2,1.0,1.0,30.0,0.0,1,0.02,364,50,3545.0,57.198083,16.4,1.5,0,0,0,0,0,1,0,0,0,0,1,0,0,6,19.5,50.0
3289,40.43262,-3.71026,2,1.0,1.0,53.0,94.0,5,0.38,337,200,4855.0,64.056634,2.4,1.0,1,0,0,0,0,1,0,1,1,0,1,0,0,7,18.0,100.0
3290,40.40964,-3.70884,3,1.0,2.0,42.0,0.0,2,0.0,183,200,4503.0,68.043894,0.8,1.0,1,0,0,0,0,0,0,1,1,0,1,0,0,7,25.5,50.0
3291,40.42689,-3.66997,5,2.0,4.0,69.0,95.0,1,1.59,567,200,5328.0,74.694253,2.2,2.0,1,0,0,1,0,1,0,1,1,0,1,0,0,6,43.5,100.0
3292,40.39573,-3.70229,1,1.0,1.0,15.0,0.0,1,0.0,174,50,3917.0,55.025641,1.9,1.0,0,0,0,0,0,1,0,1,1,0,1,0,0,6,10.5,50.0
3293,40.40953,-3.70937,2,1.0,1.0,30.0,100.0,3,0.04,93,50,4503.0,68.043894,0.8,1.0,1,0,0,0,0,1,0,0,1,0,0,0,0,8,18.0,50.0
3294,40.4184,-3.66623,2,1.0,1.0,18.0,0.0,1,0.0,58,50,4220.0,63.672727,3.2,1.0,1,0,0,0,0,1,0,0,0,0,1,0,0,7,18.0,50.0
3295,40.40999,-3.70258,2,0.0,1.0,51.0,88.0,20,3.75,423,200,4503.0,68.043894,0.8,1.0,1,0,0,0,0,1,0,1,0,0,1,0,0,9,18.0,100.0
3296,40.48396,-3.68941,5,3.0,4.0,65.0,96.0,1,0.61,236,200,3545.0,57.198083,16.4,1.0,1,0,0,0,0,1,0,0,1,0,1,0,0,6,40.5,100.0
3297,40.44069,-3.67902,4,1.0,2.0,100.0,98.0,1,0.58,362,200,4508.0,67.220486,5.8,1.0,1,0,0,0,1,1,0,1,1,0,1,0,0,6,33.0,100.0
3298,40.40878,-3.70257,2,1.0,1.0,60.0,96.0,1,0.16,138,200,4503.0,68.043894,0.8,1.0,1,0,0,0,0,1,0,0,0,0,1,0,0,9,18.0,100.0
3299,40.41009,-3.71026,4,1.0,3.0,999.0,93.0,20,0.05,254,200,4503.0,68.043894,0.8,1.0,1,0,0,0,0,1,0,1,1,0,1,0,0,6,33.0,200.0
3300,40.40972,-3.71005,5,2.0,4.0,999.0,100.0,20,0.2,231,200,4503.0,68.043894,0.8,1.0,1,0,0,0,0,1,0,1,1,0,0,0,0,6,40.5,200.0
3301,40.38314,-3.73985,1,1.0,1.0,50.0,91.0,1,0.62,287,50,2195.0,47.402837,6.6,1.5,1,0,0,0,0,1,0,0,0,0,0,0,0,11,12.0,50.0
3302,40.4101,-3.69947,2,1.0,2.0,44.0,96.0,1,1.06,283,200,4503.0,68.043894,0.8,1.0,1,0,0,0,0,1,0,1,0,0,0,0,0,8,18.0,50.0
3303,40.42459,-3.70479,4,1.0,1.0,57.0,96.0,1,2.88,855,200,4503.0,68.043894,0.8,1.0,1,0,0,0,0,1,0,1,1,1,1,1,1,6,33.0,100.0
3304,40.42548,-3.7,4,1.0,1.0,114.0,90.0,3,0.06,198,200,4503.0,68.043894,0.8,1.0,1,0,0,0,0,1,0,0,0,0,1,0,0,10,33.0,150.0
3305,40.41123,-3.71121,10,4.0,5.0,173.0,98.0,3,2.82,442,200,4503.0,68.043894,0.8,2.0,1,0,0,0,0,1,0,1,0,1,1,0,0,6,81.0,200.0
3306,40.45018,-3.70271,4,2.0,2.0,65.0,99.0,1,0.69,344,200,3476.0,60.621287,5.9,1.0,1,0,0,1,0,1,0,1,0,0,1,0,0,8,33.0,100.0
3307,40.41083,-3.70112,2,1.0,1.0,25.0,0.0,1,0.0,129,50,4503.0,68.043894,0.8,1.0,1,0,0,0,0,1,0,0,0,0,0,0,0,8,18.0,50.0
3308,40.41899,-3.70545,4,2.0,3.0,140.0,99.0,1,2.21,297,200,4503.0,68.043894,0.8,2.0,1,0,0,0,0,1,0,1,1,0,1,0,0,6,36.0,150.0
3309,40.42284,-3.7106,3,1.0,3.0,34.0,95.0,7,0.7,600,50,4503.0,68.043894,0.8,1.0,0,0,0,0,0,1,0,0,0,1,1,0,0,8,25.5,50.0
3310,40.42485,-3.70016,2,1.0,1.0,53.0,98.0,1,2.1,511,200,4503.0,68.043894,0.8,1.0,1,0,0,0,0,1,0,1,1,0,1,0,0,6,18.0,100.0
3311,40.4262,-3.70694,2,1.0,1.0,38.0,100.0,1,0.02,107,50,4503.0,68.043894,0.8,1.0,1,0,0,0,0,1,0,0,1,0,0,0,0,7,18.0,50.0
3312,40.4325,-3.7037,4,2.0,3.0,79.0,96.0,1,1.57,484,200,4855.0,64.056634,2.4,1.0,1,0,0,0,0,1,0,1,1,0,1,0,0,6,33.0,100.0
3313,40.418,-3.70984,6,3.0,5.0,181.0,94.0,113,0.98,396,200,4503.0,68.043894,0.8,3.0,1,0,0,0,0,1,0,1,1,0,1,0,0,7,54.0,200.0
3314,40.41042,-3.70886,8,3.0,7.0,999.0,96.0,20,0.5,231,200,4503.0,68.043894,0.8,2.0,1,0,0,0,0,1,0,1,1,0,0,0,0,6,66.0,200.0
3315,40.41002,-3.70833,4,1.0,3.0,999.0,100.0,20,0.05,231,200,4503.0,68.043894,0.8,1.0,1,0,0,0,0,1,0,1,1,0,0,0,0,6,33.0,200.0
3317,40.41057,-3.70951,4,1.0,3.0,999.0,60.0,20,0.03,231,200,4503.0,68.043894,0.8,2.0,1,0,0,0,0,1,0,1,1,0,0,0,0,6,36.0,200.0
3318,40.40861,-3.70975,6,2.0,5.0,999.0,90.0,20,0.11,231,200,4503.0,68.043894,0.8,1.0,1,0,0,0,0,1,0,1,1,0,0,0,0,6,48.0,200.0
3320,40.45648,-3.68356,4,1.0,2.0,93.0,99.0,2,0.53,287,200,4508.0,67.220486,5.8,1.0,1,0,0,0,0,1,1,1,1,0,1,0,0,7,33.0,100.0
3321,40.41547,-3.71218,4,2.0,2.0,73.0,95.0,59,3.12,421,200,4503.0,68.043894,0.8,1.0,1,0,0,0,0,1,0,1,0,0,1,0,0,7,33.0,100.0
3322,40.41269,-3.7066,1,1.0,1.0,21.0,0.0,1,0.0,108,50,4503.0,68.043894,0.8,1.0,1,0,0,0,0,1,0,0,1,0,0,0,0,6,10.5,50.0
3323,40.43279,-3.71031,1,1.0,1.0,15.0,90.0,4,0.12,236,50,4855.0,64.056634,2.4,2.0,0,0,0,0,0,1,0,0,0,0,0,0,0,6,13.5,50.0
3329,40.41044,-3.71035,5,2.0,4.0,999.0,80.0,20,0.05,239,200,4503.0,68.043894,0.8,1.0,1,0,0,0,0,1,0,1,0,0,0,0,0,6,40.5,200.0
3334,40.42271,-3.70315,3,1.0,2.0,59.0,95.0,1,1.68,557,200,4503.0,68.043894,0.8,1.0,1,0,0,0,0,1,0,1,0,1,1,0,1,6,25.5,100.0
3335,40.42949,-3.71151,1,1.0,1.0,25.0,87.0,4,0.13,254,50,4503.0,68.043894,0.8,2.0,0,0,0,0,0,1,0,0,1,0,0,0,0,6,13.5,50.0
3336,40.41755,-3.69763,2,1.0,3.0,25.0,89.0,22,1.72,373,50,4503.0,68.043894,0.8,3.0,0,0,0,0,0,1,0,0,0,0,1,0,0,11,24.0,50.0
3337,40.41648,-3.69602,2,1.0,3.0,22.0,88.0,22,1.18,284,50,4503.0,68.043894,0.8,3.0,0,0,0,0,0,1,0,0,0,0,1,0,0,11,24.0,50.0
3338,40.42056,-3.71777,4,1.0,1.0,80.0,98.0,67,1.82,298,200,3555.0,63.451906,5.9,1.0,1,0,0,0,0,1,0,1,0,0,1,0,0,7,33.0,100.0
3339,40.44935,-3.70747,2,1.0,1.0,43.0,96.0,1,0.52,207,50,3476.0,60.621287,5.9,1.0,0,0,0,0,0,1,0,0,1,0,1,0,0,10,18.0,50.0
3340,40.43373,-3.69956,5,3.0,4.0,90.0,96.0,1,0.09,323,200,4855.0,64.056634,2.4,2.0,1,0,0,0,0,1,0,1,1,0,1,0,0,0,43.5,100.0
3341,40.41986,-3.71069,5,2.0,2.0,250.0,100.0,1,0.05,221,200,4503.0,68.043894,0.8,3.0,1,0,0,0,0,1,0,1,1,0,1,0,0,9,46.5,200.0
3342,40.40752,-3.69964,3,2.0,2.0,51.0,89.0,20,3.48,424,200,4503.0,68.043894,0.8,1.0,1,0,0,0,0,1,0,1,1,0,1,0,1,9,25.5,100.0
3343,40.41765,-3.707,10,4.0,4.0,272.0,95.0,1,0.13,163,200,4503.0,68.043894,0.8,2.0,1,0,0,0,0,1,0,1,1,0,0,0,0,7,81.0,200.0
3344,40.39289,-3.68866,2,1.0,1.0,30.0,98.0,1,3.31,391,50,3917.0,55.025641,1.9,1.0,1,0,0,0,0,1,0,1,1,0,0,0,0,8,18.0,50.0
3345,40.41125,-3.70057,2,1.0,1.0,41.0,95.0,1,1.37,326,200,4503.0,68.043894,0.8,1.0,1,0,0,0,0,1,0,1,0,0,1,0,0,9,18.0,50.0
3346,40.42202,-3.70683,4,2.0,1.0,32.0,97.0,1,4.38,397,200,4503.0,68.043894,0.8,1.0,1,1,1,1,1,1,1,1,1,1,1,1,1,6,33.0,50.0
3347,40.41272,-3.6985,6,2.0,3.0,63.0,94.0,23,5.04,431,200,4503.0,68.043894,0.8,2.0,1,0,0,0,0,1,0,1,0,0,0,0,1,10,51.0,100.0
3349,40.41342,-3.70903,1,1.0,1.0,28.0,93.0,4,3.6,333,50,4503.0,68.043894,0.8,1.0,0,0,0,0,0,1,0,1,0,0,1,0,0,6,10.5,50.0
3350,40.41197,-3.70861,1,1.0,1.0,24.0,91.0,4,3.96,309,50,4503.0,68.043894,0.8,1.0,0,0,0,0,0,1,0,1,0,0,1,0,0,6,10.5,50.0
3351,40.41324,-3.70997,6,2.0,5.0,130.0,97.0,1,1.4,535,200,4503.0,68.043894,0.8,2.0,1,0,0,0,0,1,0,1,1,0,1,0,0,7,51.0,150.0
3352,40.41125,-3.70128,3,1.0,1.0,60.0,93.0,2,0.55,143,200,4503.0,68.043894,0.8,1.0,1,0,0,0,0,1,0,0,0,0,1,0,0,10,25.5,100.0
3353,40.44651,-3.6424,3,1.0,1.0,42.0,97.0,1,0.14,345,200,2477.0,70.967532,7.3,1.0,1,0,0,0,0,1,0,1,1,1,1,0,0,6,25.5,50.0
3354,40.41106,-3.69619,2,1.0,1.0,55.0,100.0,1,0.59,209,50,4503.0,68.043894,0.8,1.0,1,0,0,0,0,1,0,1,1,0,1,0,0,7,18.0,100.0
3355,40.40928,-3.69529,1,1.0,1.0,30.0,92.0,1,0.45,160,50,4503.0,68.043894,0.8,1.0,0,0,0,0,0,1,0,0,0,0,1,0,0,6,10.5,50.0
3356,40.41528,-3.70777,6,1.0,4.0,131.0,91.0,7,0.53,226,200,4503.0,68.043894,0.8,1.0,1,0,0,0,0,1,0,1,1,0,0,0,0,8,48.0,150.0
3357,40.39389,-3.71004,2,1.0,1.0,17.0,97.0,1,0.73,323,50,2195.0,47.402837,6.6,1.0,0,0,0,0,0,1,0,0,0,0,1,0,0,9,18.0,50.0
3358,40.44654,-3.65164,2,1.0,1.0,279.0,100.0,1,0.05,389,200,2893.0,50.090625,6.5,1.5,1,0,0,1,0,1,0,1,1,0,1,0,0,0,19.5,200.0
3359,40.4043,-3.67692,1,1.0,1.0,22.0,97.0,1,6.94,313,50,4220.0,63.672727,3.2,1.0,0,0,0,0,0,1,0,0,1,0,1,0,0,6,10.5,50.0
3360,40.42164,-3.68233,5,2.0,5.0,150.0,97.0,5,0.13,171,200,5328.0,74.694253,2.2,1.0,1,0,0,0,0,1,0,0,1,0,1,0,0,9,40.5,150.0
3361,40.41606,-3.70053,4,0.0,3.0,1139.0,83.0,27,2.19,273,200,4503.0,68.043894,0.8,1.0,1,0,0,0,0,1,0,1,1,0,1,0,0,7,33.0,200.0
3362,40.41618,-3.70066,4,0.0,3.0,1139.0,86.0,27,2.44,323,200,4503.0,68.043894,0.8,1.0,1,0,0,0,0,1,0,1,1,0,1,0,0,7,33.0,200.0
3363,40.42175,-3.70214,8,4.0,4.0,258.0,98.0,8,3.17,400,200,4503.0,68.043894,0.8,4.0,1,0,0,0,0,1,0,1,0,0,1,0,0,6,72.0,200.0
3364,40.45887,-3.68087,2,1.0,2.0,63.0,83.0,5,0.13,461,200,4508.0,67.220486,5.8,1.0,1,0,0,0,0,1,1,1,1,0,1,0,0,9,18.0,100.0
3365,40.4478,-3.70084,2,1.0,1.0,51.0,80.0,2,0.08,514,200,3476.0,60.621287,5.9,1.0,1,0,0,0,0,1,0,1,1,1,1,0,0,6,18.0,100.0
3366,40.41486,-3.70452,6,2.0,3.0,180.0,97.0,2,2.6,323,200,4503.0,68.043894,0.8,2.0,1,0,0,0,0,1,0,1,1,0,0,0,0,6,51.0,200.0
3367,40.44187,-3.68042,8,3.0,5.0,156.0,97.0,4,0.81,1003,200,4508.0,67.220486,5.8,2.0,1,0,0,0,0,0,0,0,1,0,1,0,1,10,66.0,200.0
3368,40.42283,-3.70234,3,1.0,1.0,68.0,92.0,1,1.58,388,200,4503.0,68.043894,0.8,1.0,1,0,0,0,0,1,0,1,0,0,1,0,0,8,25.5,100.0
3369,40.43049,-3.69524,1,1.0,1.0,34.0,96.0,1,1.33,241,50,4855.0,64.056634,2.4,1.0,0,0,0,0,0,1,0,1,0,0,0,0,0,10,10.5,50.0
3370,40.41934,-3.70461,4,2.0,2.0,100.0,97.0,1,1.5,379,200,4503.0,68.043894,0.8,1.0,1,0,0,0,0,1,0,1,0,0,1,0,0,6,33.0,100.0
3371,40.39666,-3.7163,2,1.0,1.0,36.0,90.0,1,0.46,504,50,2195.0,47.402837,6.6,1.0,0,0,0,0,0,1,0,0,1,1,1,0,0,10,18.0,50.0
3372,40.40475,-3.69555,2,1.0,1.0,35.0,87.0,1,3.53,94,50,3917.0,55.025641,1.9,1.0,1,1,1,1,1,1,1,1,1,1,1,1,1,10,18.0,50.0
3373,40.4252,-3.69992,1,1.0,1.0,22.0,93.0,2,0.07,173,50,4503.0,68.043894,0.8,1.0,1,0,0,0,0,1,0,0,0,0,1,0,0,6,10.5,50.0
3374,40.47817,-3.64404,2,1.0,2.0,25.0,90.0,2,1.25,313,50,3312.0,62.061453,9.2,1.0,1,0,0,0,0,1,0,0,1,0,1,0,0,6,18.0,50.0
3375,40.39534,-3.7114,4,1.0,1.0,54.0,88.0,1,2.44,583,200,2195.0,47.402837,6.6,1.0,1,0,0,0,0,1,0,1,1,0,1,0,0,7,33.0,100.0
3376,40.47816,-3.6436,2,1.0,1.0,25.0,90.0,2,1.34,346,50,3312.0,62.061453,9.2,1.0,1,0,0,0,0,1,0,0,1,0,1,0,0,6,18.0,50.0
3377,40.40168,-3.64314,1,1.0,1.0,27.0,97.0,2,0.64,666,50,2547.0,45.581197,5.0,2.0,0,0,0,0,0,1,0,1,1,0,1,0,0,0,13.5,50.0
3378,40.41107,-3.69936,2,1.0,1.0,32.0,98.0,1,3.66,424,200,4503.0,68.043894,0.8,1.0,1,0,0,0,0,1,0,0,0,0,1,0,1,6,18.0,50.0
3379,40.41707,-3.70221,6,1.0,5.0,80.0,92.0,7,1.1,324,200,4503.0,68.043894,0.8,1.0,1,0,0,0,0,1,0,1,1,0,1,0,0,8,48.0,100.0
3380,40.45481,-3.61386,3,1.0,3.0,70.0,99.0,2,0.56,590,200,3312.0,62.061453,9.2,1.0,1,0,0,0,0,1,0,1,0,1,1,0,0,8,25.5,100.0
3381,40.43011,-3.69465,2,1.0,1.0,80.0,96.0,2,0.39,231,200,4855.0,64.056634,2.4,1.0,1,0,0,0,0,1,0,1,0,0,1,0,0,9,18.0,100.0
3382,40.41204,-3.70695,4,1.0,1.0,75.0,97.0,3,1.17,389,200,4503.0,68.043894,0.8,1.0,1,0,0,0,0,1,0,1,1,0,1,0,0,11,33.0,100.0
3383,40.45371,-3.61354,2,1.0,2.0,71.0,92.0,5,0.2,355,50,3312.0,62.061453,9.2,1.0,1,0,0,0,0,1,1,0,1,0,1,0,0,6,18.0,100.0
3384,40.45513,-3.61338,4,1.0,1.0,91.0,90.0,5,1.03,355,50,3312.0,62.061453,9.2,1.0,1,1,1,1,1,1,1,1,1,1,1,1,1,6,33.0,100.0
3385,40.41054,-3.71538,2,1.0,1.0,58.0,92.0,1,1.66,223,200,4503.0,68.043894,0.8,1.0,1,0,0,0,0,1,0,0,1,0,1,0,0,8,18.0,100.0
3386,40.42074,-3.7007,2,1.0,1.0,40.0,98.0,3,3.82,255,50,4503.0,68.043894,0.8,1.0,0,0,0,0,0,1,0,1,0,0,1,0,0,8,18.0,50.0
3387,40.41193,-3.69692,2,1.0,1.0,19.0,93.0,4,4.03,281,50,4503.0,68.043894,0.8,1.0,0,0,0,0,0,1,0,0,0,0,1,0,0,8,18.0,50.0
3388,40.41045,-3.6942,3,1.0,2.0,22.0,95.0,4,1.37,293,50,4503.0,68.043894,0.8,1.0,0,0,0,0,0,1,0,0,0,0,1,0,0,8,25.5,50.0
3389,40.4067,-3.68224,2,1.0,1.0,68.0,100.0,2,0.08,248,50,4220.0,63.672727,3.2,1.0,0,0,0,0,0,0,0,0,1,0,1,0,0,6,18.0,100.0
3390,40.46513,-3.69959,4,1.0,1.0,50.0,92.0,6,0.62,379,200,3476.0,60.621287,5.9,1.0,1,0,0,0,0,1,0,1,0,0,1,0,0,8,33.0,50.0
3391,40.40695,-3.67512,4,3.0,4.0,85.0,100.0,1,0.12,523,200,4220.0,63.672727,3.2,2.0,1,0,0,0,0,1,0,1,1,1,1,0,0,8,36.0,100.0
3392,40.4281,-3.65188,3,1.0,1.0,68.0,93.0,1,0.74,425,200,2893.0,50.090625,6.5,1.0,1,1,1,1,1,1,1,1,1,1,1,1,1,7,25.5,100.0
3393,40.40982,-3.70728,2,0.0,1.0,35.0,90.0,1,4.14,273,200,4503.0,68.043894,0.8,1.0,1,0,0,0,0,1,0,0,0,0,1,0,0,8,18.0,50.0
3394,40.42324,-3.7006,2,1.0,1.0,85.0,97.0,4,0.53,379,200,4503.0,68.043894,0.8,1.5,1,0,0,0,0,1,0,1,1,0,1,0,0,6,19.5,100.0
3396,40.41138,-3.70401,2,1.0,1.0,58.0,99.0,1,5.32,459,200,4503.0,68.043894,0.8,1.0,1,0,0,0,0,1,0,1,0,0,1,0,0,6,18.0,100.0
3397,40.43548,-3.65206,2,1.0,1.0,40.0,99.0,1,0.55,185,50,2893.0,50.090625,6.5,1.0,0,0,0,0,0,1,0,0,1,0,1,0,0,6,18.0,50.0
3398,40.41132,-3.70314,3,1.0,2.0,55.0,91.0,1,0.69,171,200,4503.0,68.043894,0.8,1.0,1,0,0,0,0,1,0,0,0,0,1,0,0,6,25.5,100.0
3400,40.41583,-3.6978,6,2.0,3.0,100.0,97.0,6,4.35,568,200,4503.0,68.043894,0.8,1.0,1,0,0,0,0,1,0,1,1,1,1,0,1,7,48.0,100.0
3401,40.41684,-3.70598,5,1.0,3.0,96.0,98.0,2,0.39,444,200,4503.0,68.043894,0.8,1.0,1,0,0,0,0,1,0,1,1,0,1,0,0,8,40.5,100.0
3402,40.41919,-3.71016,2,1.0,1.0,85.0,94.0,4,3.76,222,200,4503.0,68.043894,0.8,1.0,1,0,0,0,0,1,0,1,1,0,1,0,0,10,18.0,100.0
3403,40.45505,-3.61194,16,10.0,16.0,893.0,0.0,5,0.0,153,200,3312.0,62.061453,9.2,6.5,1,0,0,0,0,1,1,0,1,0,1,0,0,6,139.5,200.0
3404,40.40977,-3.70024,2,1.0,1.0,49.0,0.0,1,0.0,141,200,4503.0,68.043894,0.8,1.0,1,0,0,0,0,0,0,0,1,0,1,0,0,10,18.0,50.0
3405,40.41429,-3.69919,6,2.0,1.0,45.0,94.0,14,1.99,419,200,4503.0,68.043894,0.8,1.0,1,1,1,1,1,1,1,1,1,1,1,1,1,10,48.0,50.0
3406,40.42997,-3.72045,5,2.0,2.0,74.0,95.0,1,2.25,258,200,3555.0,63.451906,5.9,1.0,1,0,0,0,0,1,0,1,1,0,1,0,0,6,40.5,100.0
3407,40.39617,-3.66524,1,1.0,1.0,19.0,0.0,1,0.0,155,50,1890.0,41.443535,5.0,1.0,0,0,0,0,0,1,0,1,0,0,1,0,0,9,10.5,50.0
3408,40.42493,-3.71107,5,2.0,3.0,100.0,93.0,1,0.31,680,200,4503.0,68.043894,0.8,1.0,1,0,0,0,0,1,0,1,1,1,1,0,0,7,40.5,100.0
3409,40.41015,-3.73999,6,3.0,4.0,80.0,0.0,1,0.0,164,200,2287.0,47.008319,4.7,1.0,1,0,0,0,0,1,0,1,1,0,1,0,0,6,48.0,100.0
3410,40.42189,-3.70138,2,1.0,1.0,55.0,96.0,2,0.29,425,50,4503.0,68.043894,0.8,1.0,0,0,0,0,0,1,0,0,1,0,1,0,0,6,18.0,100.0
3411,40.42185,-3.71675,2,1.0,1.0,95.0,96.0,2,0.36,562,200,3555.0,63.451906,5.9,1.0,1,0,0,0,0,1,0,1,1,0,1,0,0,6,18.0,100.0
3412,40.45202,-3.70579,4,2.0,2.0,90.0,96.0,1,4.31,403,200,3476.0,60.621287,5.9,1.0,1,0,0,0,0,1,0,0,1,0,1,0,1,8,33.0,100.0
3413,40.41249,-3.69417,3,0.0,2.0,89.0,75.0,16,0.08,172,200,4503.0,68.043894,0.8,1.0,1,0,0,0,0,1,0,1,1,0,0,0,0,6,25.5,100.0
3414,40.45337,-3.61312,3,1.0,3.0,81.0,90.0,5,0.09,344,50,3312.0,62.061453,9.2,1.0,1,0,0,0,0,1,1,0,1,0,1,0,0,6,25.5,100.0
3415,40.41242,-3.69419,2,0.0,2.0,89.0,87.0,16,0.06,152,200,4503.0,68.043894,0.8,1.0,1,0,0,0,0,1,0,0,1,0,0,0,0,6,18.0,100.0
3418,40.40538,-3.73291,2,1.0,1.0,25.0,0.0,1,0.0,262,50,2287.0,47.008319,4.7,1.0,0,0,0,0,0,0,0,0,0,0,0,0,0,0,18.0,50.0
3419,40.40916,-3.70447,1,1.0,1.0,16.0,100.0,1,0.05,161,50,4503.0,68.043894,0.8,1.0,1,0,0,0,0,1,0,0,1,0,1,0,0,8,10.5,50.0
3420,40.41242,-3.69446,2,0.0,1.0,89.0,100.0,16,0.03,172,200,4503.0,68.043894,0.8,1.0,1,0,0,0,0,1,0,1,1,0,0,0,0,6,18.0,100.0
3424,40.4534,-3.61353,1,1.0,1.0,65.0,93.0,5,0.07,344,50,3312.0,62.061453,9.2,1.0,1,0,0,0,0,1,1,0,1,0,1,0,0,6,10.5,100.0
3425,40.41185,-3.69564,4,0.0,3.0,89.0,90.0,16,0.06,172,200,4503.0,68.043894,0.8,1.0,1,0,0,0,0,1,0,1,1,0,0,0,0,6,33.0,100.0
3427,40.41239,-3.6943,4,1.0,3.0,89.0,0.0,16,0.0,172,200,4503.0,68.043894,0.8,1.0,1,0,0,0,0,1,0,1,1,0,0,0,0,6,33.0,100.0
3428,40.41088,-3.69367,3,1.0,2.0,89.0,0.0,16,0.0,172,200,4503.0,68.043894,0.8,1.0,1,0,0,0,0,1,0,1,1,0,0,0,0,6,25.5,100.0
3430,40.41192,-3.69383,4,1.0,4.0,89.0,80.0,16,0.05,172,200,4503.0,68.043894,0.8,1.0,1,0,0,0,0,1,0,1,1,0,0,0,0,6,33.0,100.0
3431,40.40182,-3.70162,4,2.0,2.0,80.0,93.0,1,0.07,206,200,3917.0,55.025641,1.9,1.0,1,0,0,0,0,1,0,0,0,0,0,0,0,7,33.0,100.0
3434,40.42398,-3.70289,4,2.0,2.0,96.0,98.0,4,1.92,442,200,4503.0,68.043894,0.8,2.0,1,0,0,0,0,1,0,1,1,1,1,0,0,7,36.0,100.0
3435,40.41079,-3.71081,6,2.0,2.0,95.0,97.0,1,0.21,382,200,4503.0,68.043894,0.8,2.0,1,0,0,0,0,1,0,1,0,1,1,0,0,6,51.0,100.0
3436,40.41236,-3.70549,4,1.0,2.0,65.0,98.0,7,3.41,428,200,4503.0,68.043894,0.8,1.0,1,0,0,0,0,1,0,1,1,0,1,0,0,8,33.0,100.0
3437,40.41678,-3.70454,4,0.0,2.0,57.0,99.0,2,4.48,610,200,4503.0,68.043894,0.8,1.0,1,0,0,0,1,1,0,1,1,0,1,0,0,7,33.0,100.0
3438,40.41662,-3.67717,6,3.0,5.0,160.0,97.0,1,1.33,390,200,4220.0,63.672727,3.2,2.0,1,0,0,0,0,1,0,1,1,1,1,0,0,6,51.0,200.0
3439,40.41789,-3.7099,8,3.0,4.0,123.0,99.0,3,0.4,337,200,4503.0,68.043894,0.8,2.0,1,0,0,0,0,1,0,1,1,0,1,0,0,6,66.0,150.0
3440,40.46144,-3.69965,4,2.0,5.0,70.0,89.0,2,0.54,260,200,3476.0,60.621287,5.9,1.0,1,0,0,0,0,1,0,1,0,1,1,0,0,7,33.0,100.0
3441,40.41607,-3.70631,5,2.0,2.0,98.0,91.0,1,1.99,321,200,4503.0,68.043894,0.8,2.0,1,0,0,0,0,1,0,1,1,0,1,0,0,6,43.5,100.0
3442,40.4577,-3.69269,4,2.0,4.0,70.0,97.0,1,0.86,463,200,3476.0,60.621287,5.9,1.0,1,0,0,0,0,1,0,1,1,0,1,0,0,6,33.0,100.0
3443,40.42298,-3.68077,3,1.0,2.0,100.0,100.0,1,0.05,460,200,5328.0,74.694253,2.2,1.5,1,0,0,0,0,1,0,1,1,0,1,0,0,10,27.0,100.0
3444,40.43187,-3.71099,6,3.0,4.0,150.0,94.0,6,0.53,419,200,4855.0,64.056634,2.4,2.0,1,0,0,0,0,1,0,1,1,0,1,0,0,8,51.0,150.0
3445,40.42346,-3.67649,5,2.0,3.0,128.0,93.0,1,1.51,227,200,5328.0,74.694253,2.2,2.0,1,0,0,0,0,1,0,1,1,0,1,0,0,6,43.5,150.0
3446,40.4281,-3.6702,4,2.0,2.0,122.0,93.0,1,1.69,483,200,5328.0,74.694253,2.2,2.0,1,0,0,0,0,1,0,1,0,0,1,1,0,6,36.0,150.0
3447,40.3447,-3.67711,1,1.0,1.0,50.0,0.0,1,0.0,521,50,1696.0,37.641618,9.0,1.0,0,0,0,0,0,1,1,0,1,0,1,0,0,6,10.5,50.0
3448,40.41356,-3.69678,2,1.0,1.0,70.0,100.0,1,0.05,197,200,4503.0,68.043894,0.8,1.0,1,0,0,0,0,1,0,1,0,0,1,0,0,7,18.0,100.0
3449,40.44048,-3.67864,5,3.0,4.0,214.0,97.0,1,2.27,541,200,4508.0,67.220486,5.8,2.0,1,0,0,1,0,1,0,1,0,1,1,0,0,0,43.5,200.0
3450,40.39125,-3.72402,1,1.0,1.0,40.0,93.0,1,1.56,283,50,2195.0,47.402837,6.6,1.0,1,0,0,0,0,1,0,0,1,0,1,0,0,7,10.5,50.0
3451,40.48193,-3.73944,6,2.0,18.0,120.0,88.0,4,0.13,591,200,3545.0,57.198083,16.4,1.5,1,0,0,0,0,1,0,1,0,0,1,0,0,6,49.5,150.0
3452,40.41676,-3.7019,3,1.0,2.0,52.0,85.0,5,2.75,552,200,4503.0,68.043894,0.8,1.0,1,0,0,0,0,1,0,1,1,0,1,0,0,0,25.5,100.0
3453,40.4167,-3.67382,1,1.0,1.0,37.0,98.0,2,0.22,114,50,4220.0,63.672727,3.2,1.0,1,1,1,1,1,1,1,1,1,1,1,1,1,6,10.5,50.0
3454,40.42093,-3.70206,2,1.0,1.0,55.0,96.0,1,1.31,438,200,4503.0,68.043894,0.8,1.0,1,0,0,0,0,1,0,1,1,1,1,0,0,8,18.0,100.0
3455,40.40907,-3.67624,4,2.0,2.0,70.0,96.0,1,0.68,428,200,4220.0,63.672727,3.2,1.0,1,0,0,0,0,1,0,1,1,0,1,0,0,8,33.0,100.0
3456,40.38899,-3.64281,2,1.0,1.0,20.0,0.0,1,0.0,125,50,1890.0,41.443535,5.0,1.0,1,0,0,0,0,1,0,0,0,0,0,0,0,6,18.0,50.0
3457,40.40681,-3.70031,2,1.0,1.0,40.0,97.0,1,2.0,225,50,4503.0,68.043894,0.8,1.0,0,0,0,0,0,1,0,0,0,1,0,0,0,9,18.0,50.0
3458,40.43448,-3.67734,1,1.0,1.0,30.0,0.0,2,0.04,324,50,5328.0,74.694253,2.2,2.0,1,0,0,0,0,1,0,0,1,0,1,0,0,7,13.5,50.0
3459,40.44673,-3.67241,3,1.0,2.0,33.0,80.0,1,0.04,128,50,4508.0,67.220486,5.8,1.0,1,0,0,0,0,1,0,1,1,0,0,0,0,7,25.5,50.0
3460,40.41797,-3.70244,2,1.0,1.0,50.0,95.0,8,1.27,173,50,4503.0,68.043894,0.8,1.0,1,0,0,0,0,1,0,1,0,0,0,0,0,6,18.0,50.0
3461,40.40375,-3.68068,3,1.0,2.0,46.0,93.0,1,2.04,403,200,4220.0,63.672727,3.2,1.0,1,0,0,0,0,1,0,1,1,0,0,0,1,8,25.5,50.0
3462,40.4066,-3.70215,4,3.0,4.0,90.0,94.0,1,0.96,447,200,4503.0,68.043894,0.8,1.0,1,0,0,0,0,1,0,0,0,0,1,0,0,7,33.0,100.0
3463,40.4086,-3.71466,2,1.0,1.0,59.0,96.0,1,2.05,468,50,4503.0,68.043894,0.8,1.5,1,0,0,0,0,1,0,1,1,1,1,0,0,6,19.5,100.0
3464,40.44336,-3.5754,4,1.0,2.0,79.0,90.0,2,0.14,243,200,2477.0,70.967532,7.3,1.0,1,0,0,0,0,0,1,0,1,0,1,0,0,6,33.0,100.0
3466,40.44957,-3.7042,2,1.0,1.0,36.0,80.0,1,0.02,15,50,3476.0,60.621287,5.9,1.0,0,0,0,0,0,0,0,0,0,0,0,0,0,8,18.0,50.0
3467,40.48031,-3.72364,2,1.0,2.0,50.0,100.0,1,0.05,182,50,3545.0,57.198083,16.4,1.0,0,0,0,0,0,1,0,0,1,0,0,0,0,10,18.0,50.0
3468,40.47355,-3.57688,1,1.0,1.0,23.0,96.0,2,0.28,85,50,3047.0,56.183432,11.8,1.0,0,0,0,0,0,1,0,0,0,0,0,0,0,6,10.5,50.0
3469,40.37935,-3.6907,2,1.0,1.0,16.0,97.0,2,4.42,470,50,2316.0,43.910072,4.6,1.0,0,0,0,0,0,1,0,1,0,0,1,0,0,8,18.0,50.0
3470,40.41158,-3.70581,6,3.0,3.0,77.0,92.0,4,0.48,578,200,4503.0,68.043894,0.8,1.0,1,0,0,0,0,1,0,1,0,0,1,0,0,7,48.0,100.0
3471,40.42411,-3.70502,6,2.0,3.0,102.0,86.0,1,2.1,401,200,4503.0,68.043894,0.8,1.0,1,0,0,0,0,1,0,1,1,0,1,0,0,7,48.0,150.0
3472,40.46049,-3.71046,4,1.0,1.0,63.0,95.0,1,1.1,401,200,3555.0,63.451906,5.9,1.0,1,0,0,0,0,1,0,0,1,1,0,0,0,5,33.0,100.0
3473,40.47572,-3.57674,1,1.0,1.0,23.0,0.0,2,0.0,39,50,3047.0,56.183432,11.8,1.0,1,0,0,0,0,0,0,0,0,0,0,0,0,6,10.5,50.0
3474,40.49246,-3.68736,2,1.0,2.0,25.0,100.0,1,0.25,344,50,3545.0,57.198083,16.4,2.0,0,0,0,0,0,1,0,1,0,0,1,0,0,6,21.0,50.0
3475,40.43609,-3.7167,5,3.0,4.0,129.0,94.0,3,1.79,506,200,4855.0,64.056634,2.4,3.0,1,0,0,0,0,1,0,1,1,1,1,0,0,8,46.5,150.0
3476,40.45639,-3.70209,4,1.0,3.0,48.0,83.0,1,1.34,308,200,3476.0,60.621287,5.9,1.0,1,0,0,0,0,1,0,1,1,0,0,0,0,7,33.0,50.0
3477,40.4104,-3.70246,4,1.0,2.0,160.0,0.0,1,0.02,135,200,4503.0,68.043894,0.8,1.0,1,0,0,0,0,0,0,0,1,0,0,0,0,6,33.0,200.0
3478,40.41193,-3.69471,3,0.0,2.0,60.0,99.0,3,0.54,284,200,4503.0,68.043894,0.8,1.0,1,0,0,0,0,1,0,1,1,0,1,0,0,9,25.5,100.0
3479,40.45803,-3.67939,2,1.0,1.0,69.0,100.0,2,0.18,232,200,4508.0,67.220486,5.8,1.0,1,1,1,1,1,1,1,0,1,0,1,0,0,9,18.0,100.0
3480,40.44148,-3.60867,3,1.0,2.0,98.0,0.0,1,0.02,236,50,2477.0,70.967532,7.3,1.0,1,0,0,0,0,1,0,1,1,0,1,0,0,6,25.5,100.0
3481,40.48971,-3.72835,2,1.0,1.0,75.0,98.0,2,0.49,541,50,3545.0,57.198083,16.4,1.0,0,0,0,0,0,1,1,1,1,1,1,0,0,8,18.0,100.0
3482,40.41404,-3.69717,5,3.0,3.0,134.0,95.0,1,2.63,318,200,4503.0,68.043894,0.8,1.0,1,0,0,0,0,1,0,1,1,0,1,0,0,6,40.5,150.0
3483,40.42248,-3.69816,2,1.0,1.0,140.0,94.0,1,0.18,213,200,4503.0,68.043894,0.8,1.0,1,1,1,1,1,1,1,1,1,1,1,1,1,7,18.0,150.0
3484,40.39473,-3.72741,5,2.0,3.0,59.0,94.0,1,2.42,453,200,2195.0,47.402837,6.6,1.0,1,0,0,0,0,1,0,1,0,0,1,0,0,6,40.5,100.0
3485,40.4142,-3.69907,4,1.0,2.0,84.0,96.0,8,3.47,652,200,4503.0,68.043894,0.8,1.0,1,0,0,0,1,1,0,1,0,1,1,0,0,8,33.0,100.0
3486,40.43126,-3.67736,2,1.0,2.0,20.0,80.0,15,0.02,689,50,5328.0,74.694253,2.2,2.0,0,0,0,0,0,1,1,0,1,0,1,0,0,6,21.0,50.0
3487,40.40779,-3.69683,3,1.0,2.0,62.0,91.0,1,0.22,257,200,4503.0,68.043894,0.8,1.0,1,0,0,0,0,1,0,0,1,0,1,0,0,8,25.5,100.0
3488,40.41357,-3.71065,1,1.0,1.0,30.0,95.0,3,0.69,153,50,4503.0,68.043894,0.8,1.0,1,1,1,1,1,1,1,1,1,1,1,1,1,6,10.5,50.0
3490,40.44693,-3.70091,4,1.0,1.0,58.0,88.0,7,3.11,277,200,3476.0,60.621287,5.9,1.0,1,0,0,0,0,1,0,1,0,0,1,0,0,8,33.0,100.0
3491,40.41348,-3.71121,1,1.0,1.0,30.0,90.0,3,0.05,115,50,4503.0,68.043894,0.8,1.0,1,0,0,0,0,1,0,0,0,0,1,0,0,6,10.5,50.0
3492,40.41163,-3.7208,8,3.0,5.0,50.0,95.0,1,1.47,576,200,3917.0,55.025641,1.9,1.0,1,0,0,0,0,1,0,1,1,1,1,0,1,6,63.0,50.0
3494,40.41296,-3.69782,3,1.0,2.0,89.0,97.0,1,0.11,227,200,4503.0,68.043894,0.8,1.0,1,0,0,0,0,1,0,1,1,0,1,0,0,6,25.5,100.0
3495,40.42864,-3.70146,2,1.0,1.0,83.0,99.0,1,0.81,287,200,4503.0,68.043894,0.8,1.0,1,0,0,0,0,1,0,1,0,0,1,0,0,6,18.0,100.0
3496,40.42916,-3.68475,4,2.0,3.0,294.0,98.0,11,0.4,503,200,5328.0,74.694253,2.2,2.5,1,0,0,0,0,1,0,1,0,1,1,0,0,9,37.5,200.0
3497,40.45126,-3.67773,2,1.0,2.0,51.0,100.0,1,0.14,350,50,4508.0,67.220486,5.8,1.0,0,0,0,0,1,1,0,1,1,0,1,0,0,8,18.0,100.0
3498,40.42355,-3.70474,4,1.0,2.0,69.0,96.0,1,3.43,323,200,4503.0,68.043894,0.8,1.0,1,0,0,0,0,1,0,1,0,0,1,0,0,7,33.0,100.0
3499,40.41265,-3.71284,2,1.0,2.0,36.0,80.0,1,0.04,122,50,4503.0,68.043894,0.8,1.0,1,0,0,0,0,1,0,0,1,0,0,0,0,0,18.0,50.0
3500,40.4188,-3.69999,2,1.0,1.0,42.0,96.0,2,1.22,315,50,4503.0,68.043894,0.8,1.0,0,0,0,0,0,1,0,0,1,0,1,0,0,6,18.0,50.0
3501,40.42969,-3.67962,1,1.0,1.0,25.0,93.0,2,0.11,174,50,5328.0,74.694253,2.2,1.0,1,0,0,0,0,1,0,1,0,0,1,0,0,8,10.5,50.0
3502,40.41505,-3.70711,4,1.0,2.0,80.0,96.0,7,4.25,427,200,4503.0,68.043894,0.8,1.0,1,0,0,0,0,1,1,0,1,1,1,0,0,8,33.0,100.0
3503,40.45364,-3.68196,4,1.0,2.0,93.0,97.0,2,1.12,278,200,4508.0,67.220486,5.8,1.0,1,0,0,0,0,1,1,1,1,0,1,0,0,7,33.0,100.0
3504,40.42369,-3.69131,3,1.0,1.0,62.0,98.0,1,1.47,568,200,4503.0,68.043894,0.8,1.0,1,1,1,1,1,1,1,1,1,1,1,1,1,6,25.5,100.0
3505,40.42535,-3.66766,2,1.0,1.0,51.0,97.0,1,1.7,280,50,5328.0,74.694253,2.2,1.0,1,0,0,0,0,1,0,1,1,0,1,0,0,9,18.0,100.0
3506,40.41812,-3.69471,6,2.0,3.0,160.0,94.0,4,2.57,320,200,4503.0,68.043894,0.8,2.0,1,0,0,0,0,1,0,1,0,0,1,0,0,6,51.0,200.0
3507,40.42221,-3.71078,2,0.0,2.0,48.0,97.0,5,4.08,381,200,4503.0,68.043894,0.8,1.0,1,0,0,0,0,1,0,0,0,0,1,0,0,10,18.0,50.0
3508,40.42481,-3.70313,2,0.0,1.0,68.0,98.0,1,5.36,371,200,4503.0,68.043894,0.8,1.0,1,0,0,0,0,1,0,1,0,1,1,0,0,8,18.0,100.0
3509,40.38473,-3.7452,1,1.0,1.0,18.0,97.0,1,1.4,219,50,2195.0,47.402837,6.6,1.0,0,0,0,0,0,1,0,0,0,0,1,0,0,6,10.5,50.0
3510,40.4073,-3.7062,1,1.0,1.0,45.0,90.0,2,0.07,160,50,4503.0,68.043894,0.8,1.0,1,1,1,1,1,1,1,1,1,1,1,1,1,6,10.5,50.0
3511,40.38674,-3.72244,1,1.0,1.0,24.0,0.0,1,0.0,394,50,2195.0,47.402837,6.6,2.0,0,0,0,0,0,1,0,0,1,1,1,0,0,6,13.5,50.0
3512,40.46761,-3.66466,3,1.0,1.0,40.0,96.0,3,0.16,214,50,2893.0,50.090625,6.5,1.0,1,1,1,1,1,1,1,1,1,1,1,1,1,7,25.5,50.0
3513,40.39862,-3.74508,2,1.0,1.0,28.0,100.0,1,0.04,165,50,2287.0,47.008319,4.7,1.0,1,0,0,0,0,1,0,0,1,0,0,0,0,7,18.0,50.0
3514,40.39878,-3.66842,1,1.0,1.0,15.0,88.0,2,0.38,177,50,1890.0,41.443535,5.0,1.0,0,0,0,0,0,1,0,0,1,0,1,0,0,8,10.5,50.0
3515,40.41243,-3.70164,6,3.0,4.0,170.0,99.0,2,1.99,536,200,4503.0,68.043894,0.8,1.5,1,0,0,0,0,1,0,1,0,0,1,0,0,7,49.5,200.0
3516,40.45348,-3.67028,5,3.0,5.0,110.0,99.0,1,0.96,668,200,4508.0,67.220486,5.8,2.0,1,0,0,0,0,1,0,1,1,0,1,0,1,6,43.5,150.0
3518,40.48261,-3.72146,1,1.0,1.0,19.0,88.0,1,1.24,257,50,3545.0,57.198083,16.4,1.0,0,0,0,0,0,1,0,0,1,0,1,0,0,6,10.5,50.0
3519,40.41741,-3.6747,1,1.0,1.0,33.0,97.0,3,1.18,457,50,4220.0,63.672727,3.2,1.0,0,0,0,0,0,1,0,0,1,0,1,0,0,10,10.5,50.0
3520,40.39842,-3.69295,1,1.0,1.0,33.0,97.0,1,0.56,209,50,3917.0,55.025641,1.9,2.0,1,0,0,0,0,1,0,0,0,0,1,0,0,8,13.5,50.0
3521,40.41808,-3.7075,4,2.0,3.0,99.0,99.0,1,3.21,367,200,4503.0,68.043894,0.8,1.0,1,0,0,0,0,1,0,1,0,0,1,0,0,6,33.0,100.0
3522,40.39707,-3.66571,2,0.0,1.0,60.0,95.0,1,2.13,289,200,1890.0,41.443535,5.0,1.0,1,0,0,0,0,1,0,1,1,0,1,0,0,8,18.0,100.0
3523,40.42588,-3.6621,2,2.0,2.0,90.0,80.0,1,0.02,486,50,5328.0,74.694253,2.2,1.0,0,0,0,0,0,1,0,1,1,0,1,0,0,6,18.0,100.0
3524,40.42127,-3.69766,4,1.0,2.0,65.0,97.0,1,4.3,131,200,4503.0,68.043894,0.8,1.0,1,0,0,0,0,1,0,0,0,0,0,0,0,6,33.0,100.0
3525,40.41159,-3.70119,2,1.0,1.0,51.0,100.0,1,0.23,125,200,4503.0,68.043894,0.8,1.0,1,0,0,0,0,1,0,0,0,0,0,0,0,7,18.0,100.0
3526,40.40055,-3.70107,2,1.0,1.0,50.0,95.0,1,0.65,390,200,3917.0,55.025641,1.9,1.0,1,0,0,0,0,1,0,1,1,0,1,0,0,9,18.0,50.0
3527,40.42194,-3.6998,4,1.0,2.0,42.0,96.0,1,3.58,522,200,4503.0,68.043894,0.8,1.0,1,0,0,0,0,1,0,1,1,0,1,0,1,8,33.0,50.0
3528,40.42052,-3.67754,3,1.0,2.0,55.0,87.0,1,0.07,102,200,4220.0,63.672727,3.2,1.0,1,0,0,0,0,0,0,0,1,0,0,0,0,8,25.5,100.0
3529,40.41138,-3.70085,3,1.0,1.0,60.0,93.0,2,3.35,397,200,4503.0,68.043894,0.8,1.0,1,0,0,0,0,1,0,1,0,0,1,0,0,7,25.5,100.0
3530,40.42545,-3.70239,2,1.0,2.0,60.0,0.0,1,0.0,318,200,4503.0,68.043894,0.8,1.0,1,0,0,0,0,1,0,1,1,0,1,0,0,6,18.0,100.0
3531,40.3987,-3.70847,1,1.0,1.0,25.0,90.0,2,3.68,278,50,3917.0,55.025641,1.9,1.0,0,0,0,0,0,1,0,0,1,0,1,0,0,8,10.5,50.0
3532,40.45018,-3.6772,6,3.0,4.0,100.0,100.0,1,0.18,568,200,4508.0,67.220486,5.8,2.0,1,0,0,0,0,1,0,1,1,0,1,0,0,9,51.0,100.0
3533,40.42818,-3.68229,4,2.0,3.0,200.0,0.0,1,0.0,195,200,5328.0,74.694253,2.2,2.0,1,0,0,0,0,1,0,1,1,0,1,0,0,6,36.0,200.0
3534,40.46394,-3.71696,5,2.0,3.0,56.0,95.0,1,1.37,292,200,3555.0,63.451906,5.9,1.0,1,0,0,0,0,1,0,0,0,0,1,0,0,7,40.5,100.0
3535,40.39743,-3.66976,6,2.0,2.0,79.0,95.0,1,1.34,416,200,1890.0,41.443535,5.0,1.0,1,0,0,0,0,1,0,1,1,0,1,0,0,6,48.0,100.0
3536,40.46313,-3.62476,1,1.0,1.0,23.0,96.0,1,1.52,450,50,3312.0,62.061453,9.2,1.0,0,0,0,0,0,1,0,0,0,0,1,0,0,0,10.5,50.0
3537,40.40539,-3.67715,4,2.0,2.0,80.0,0.0,1,0.0,235,200,4220.0,63.672727,3.2,1.0,1,0,0,0,0,1,0,1,1,0,1,0,0,6,33.0,100.0
3538,40.45804,-3.65896,1,1.0,1.0,32.0,99.0,2,1.2,391,50,2893.0,50.090625,6.5,1.0,1,0,0,0,0,1,1,0,1,0,1,0,0,6,10.5,50.0
3539,40.41091,-3.70031,3,1.0,2.0,35.0,98.0,1,2.23,161,50,4503.0,68.043894,0.8,1.5,0,0,0,0,0,1,0,0,0,0,1,0,0,12,27.0,50.0
3540,40.40777,-3.70322,1,1.0,1.0,15.0,92.0,2,1.1,251,50,4503.0,68.043894,0.8,1.0,0,0,0,0,0,1,0,0,1,0,0,0,0,6,10.5,50.0
3541,40.42623,-3.70855,1,1.0,1.0,114.0,0.0,1,0.0,141,50,4503.0,68.043894,0.8,1.0,1,0,0,0,0,1,0,0,1,0,0,0,0,6,10.5,150.0
3542,40.4575,-3.67773,3,1.0,2.0,71.0,99.0,2,0.52,336,50,4508.0,67.220486,5.8,1.0,1,0,0,0,0,1,0,1,1,0,1,0,0,9,25.5,100.0
3543,40.45655,-3.67755,2,1.0,2.0,56.0,99.0,2,0.58,252,50,4508.0,67.220486,5.8,1.0,1,0,0,0,0,1,0,1,1,0,1,0,0,9,18.0,100.0
3544,40.44837,-3.70251,4,1.0,2.0,57.0,89.0,7,2.49,261,200,3476.0,60.621287,5.9,1.0,1,0,0,0,0,1,0,1,0,0,1,0,0,8,33.0,100.0
3545,40.39613,-3.69371,6,4.0,4.0,80.0,99.0,1,0.37,598,200,3917.0,55.025641,1.9,2.0,1,0,0,0,0,1,0,1,1,1,0,0,0,6,51.0,100.0
3546,40.41508,-3.702,2,1.0,1.0,50.0,97.0,1,1.46,197,50,4503.0,68.043894,0.8,1.0,0,0,0,0,0,1,0,1,1,0,1,0,0,6,18.0,50.0
3547,40.43082,-3.67825,2,1.0,1.0,30.0,93.0,15,0.16,523,50,5328.0,74.694253,2.2,2.0,1,0,0,0,1,1,0,0,1,0,1,0,0,6,21.0,50.0
3549,40.40675,-3.70944,3,2.0,1.0,80.0,98.0,1,0.14,156,200,4503.0,68.043894,0.8,1.5,1,0,0,0,0,1,0,1,0,0,1,0,0,8,27.0,100.0
3550,40.45736,-3.78277,1,1.0,1.0,30.0,97.0,1,2.54,309,50,3555.0,63.451906,5.9,1.0,1,0,0,0,0,1,0,1,0,0,1,0,0,6,10.5,50.0
3551,40.41853,-3.6971,4,1.0,3.0,30.0,94.0,5,0.85,216,200,4503.0,68.043894,0.8,1.0,1,0,0,0,0,1,0,1,1,0,1,0,0,6,33.0,50.0
3552,40.42379,-3.70318,6,2.0,2.0,103.0,97.0,4,1.86,681,200,4503.0,68.043894,0.8,1.0,1,0,0,0,0,1,0,1,0,1,1,0,0,7,48.0,150.0
3553,40.44145,-3.69994,2,1.0,2.0,60.0,95.0,1,0.67,444,200,4855.0,64.056634,2.4,1.0,1,0,0,0,0,1,0,1,1,0,1,0,0,9,18.0,100.0
3554,40.42376,-3.70311,6,3.0,4.0,173.0,97.0,4,2.53,677,200,4503.0,68.043894,0.8,2.0,1,0,0,0,0,1,0,1,0,1,1,0,0,7,51.0,200.0
3555,40.40806,-3.70334,3,1.0,2.0,50.0,89.0,1,3.71,302,200,4503.0,68.043894,0.8,1.0,1,0,0,0,0,1,0,1,0,0,0,0,0,8,25.5,50.0
3556,40.41058,-3.70217,4,0.0,2.0,40.0,94.0,17,2.3,494,200,4503.0,68.043894,0.8,1.0,1,0,0,0,0,1,0,1,1,0,1,0,0,9,33.0,50.0
3557,40.4343,-3.67767,5,2.0,4.0,119.0,99.0,1,0.64,471,200,5328.0,74.694253,2.2,1.0,1,0,0,0,0,1,0,1,1,0,1,0,0,9,40.5,150.0
3558,40.45873,-3.67951,2,1.0,1.0,53.0,90.0,5,0.13,446,200,4508.0,67.220486,5.8,1.0,1,0,0,0,0,1,1,1,1,0,1,0,0,9,18.0,100.0
3559,40.43333,-3.71257,2,1.0,1.0,29.0,93.0,1,0.11,126,50,4855.0,64.056634,2.4,1.0,1,0,0,0,0,1,0,0,0,0,1,0,0,6,18.0,50.0
3560,40.47931,-3.64503,2,2.0,2.0,45.0,98.0,1,0.47,417,50,3312.0,62.061453,9.2,2.0,1,0,0,1,0,1,0,1,1,1,1,0,0,6,21.0,50.0
3561,40.43059,-3.72017,4,1.0,3.0,74.0,99.0,3,2.35,472,200,3555.0,63.451906,5.9,1.0,1,0,0,0,0,1,0,1,0,0,1,0,0,8,33.0,100.0
3562,40.42913,-3.67203,1,1.0,1.0,30.0,100.0,1,0.06,178,50,5328.0,74.694253,2.2,1.0,1,0,0,0,0,1,0,1,1,0,1,0,0,6,10.5,50.0
3563,40.4218,-3.71159,4,1.0,2.0,156.0,92.0,10,0.31,505,50,4503.0,68.043894,0.8,2.0,0,0,0,0,0,1,0,0,0,1,1,0,0,10,36.0,200.0
3564,40.4123,-3.70229,3,1.0,2.0,76.0,99.0,3,5.1,492,200,4503.0,68.043894,0.8,1.0,1,0,0,0,0,1,0,1,1,1,1,0,0,6,25.5,100.0
3566,40.40725,-3.70008,2,1.0,2.0,70.0,98.0,14,2.87,277,200,4503.0,68.043894,0.8,1.0,1,0,0,0,0,1,0,1,0,0,0,0,0,10,18.0,100.0
3567,40.40244,-3.71046,2,1.0,2.0,43.0,95.0,1,0.69,247,50,3917.0,55.025641,1.9,1.0,1,0,0,0,0,1,0,1,1,0,1,0,0,7,18.0,50.0
3569,40.42543,-3.69817,2,1.0,1.0,50.0,92.0,1,0.72,530,50,4503.0,68.043894,0.8,1.0,1,0,0,0,0,1,0,1,1,0,1,0,0,7,18.0,50.0
3570,40.43224,-3.66771,1,1.0,1.0,100.0,0.0,1,0.0,2,50,5328.0,74.694253,2.2,1.0,1,0,0,0,0,0,0,0,0,0,0,0,0,6,10.5,100.0
3571,40.42286,-3.66461,1,1.0,1.0,85.0,100.0,2,0.06,535,50,5328.0,74.694253,2.2,2.5,1,0,0,0,0,1,1,0,1,1,1,0,0,8,15.0,100.0
3573,40.43436,-3.70615,2,1.0,1.0,50.0,0.0,1,0.0,173,200,4855.0,64.056634,2.4,2.0,1,0,0,0,0,1,0,1,1,0,0,0,0,9,21.0,50.0
3574,40.40991,-3.69924,4,1.0,2.0,70.0,97.0,1,0.78,633,200,4503.0,68.043894,0.8,1.0,1,0,0,1,0,1,0,0,1,0,1,0,1,8,33.0,100.0
3576,40.42648,-3.67539,3,2.0,2.0,45.0,95.0,1,3.94,417,200,5328.0,74.694253,2.2,1.0,1,0,0,0,0,1,0,0,1,0,1,0,0,6,25.5,50.0
3577,40.51417,-3.67419,2,1.0,1.0,33.0,98.0,1,0.65,474,50,3545.0,57.198083,16.4,1.0,0,0,0,1,0,1,1,0,1,0,1,0,0,7,18.0,50.0
3578,40.41155,-3.69914,6,2.0,4.0,68.0,96.0,1,0.36,465,200,4503.0,68.043894,0.8,1.0,1,0,0,0,0,1,0,0,1,1,1,0,0,9,48.0,100.0
3579,40.41991,-3.70654,4,1.0,3.0,80.0,92.0,3,0.1,119,200,4503.0,68.043894,0.8,1.0,1,0,0,0,0,1,0,1,1,0,0,0,0,6,33.0,100.0
3581,40.38422,-3.71142,6,2.0,2.0,50.0,97.0,1,3.41,699,200,2316.0,43.910072,4.6,1.0,1,0,0,0,0,1,0,1,0,1,0,0,0,6,48.0,50.0
3582,40.42155,-3.69934,4,1.0,2.0,56.0,91.0,2,1.12,465,200,4503.0,68.043894,0.8,1.5,1,0,0,0,0,1,0,1,0,0,1,0,0,9,34.5,100.0
3583,40.41465,-3.70334,5,2.0,2.0,62.0,92.0,18,2.95,409,200,4503.0,68.043894,0.8,1.0,1,0,0,0,0,1,0,1,0,0,1,0,0,6,40.5,100.0
3584,40.41424,-3.70154,6,2.0,2.0,53.0,93.0,18,2.73,386,200,4503.0,68.043894,0.8,1.0,1,0,0,0,0,1,0,1,0,0,1,0,0,6,48.0,100.0
3585,40.43326,-3.70411,4,2.0,3.0,56.0,97.0,1,3.01,378,200,4855.0,64.056634,2.4,1.0,1,0,0,0,0,1,0,1,1,0,0,0,0,6,33.0,100.0
3586,40.43423,-3.71697,3,0.0,2.0,200.0,0.0,2,0.0,120,200,4855.0,64.056634,2.4,1.0,1,0,0,0,0,1,0,1,0,0,0,0,0,6,25.5,200.0
3590,40.41481,-3.71173,2,1.0,1.0,114.0,94.0,113,1.36,190,200,4503.0,68.043894,0.8,1.0,1,0,0,0,0,1,0,1,1,0,0,0,0,7,18.0,150.0
3591,40.40829,-3.69627,3,2.0,2.0,56.0,99.0,1,0.46,218,200,4503.0,68.043894,0.8,1.0,1,0,0,0,0,1,0,0,0,0,1,0,0,7,25.5,100.0
3592,40.42056,-3.71777,4,1.0,1.0,99.0,97.0,67,2.68,298,200,3555.0,63.451906,5.9,1.0,1,0,0,0,0,1,0,1,0,0,1,0,0,7,33.0,100.0
3593,40.4463,-3.70588,1,1.0,1.0,41.0,96.0,1,0.62,127,50,4855.0,64.056634,2.4,1.0,1,0,0,1,0,1,0,0,0,0,1,0,0,6,10.5,50.0
3594,40.45478,-3.70602,4,1.0,2.0,200.0,83.0,38,4.38,334,200,3476.0,60.621287,5.9,1.0,1,0,0,0,0,1,0,1,1,0,0,0,0,9,33.0,200.0
3595,40.41412,-3.70441,4,1.0,2.0,80.0,98.0,1,1.52,430,200,4503.0,68.043894,0.8,1.0,1,0,0,0,0,1,0,1,1,0,1,0,0,7,33.0,100.0
3596,40.41633,-3.70361,6,4.0,1.0,100.0,91.0,1,1.98,231,200,4503.0,68.043894,0.8,1.0,1,1,1,1,1,1,1,1,1,1,1,1,1,6,48.0,100.0
3597,40.42546,-3.71379,4,1.0,3.0,56.0,90.0,1,1.62,395,200,3555.0,63.451906,5.9,1.0,1,0,0,0,0,1,0,1,1,0,1,0,0,7,33.0,100.0
3598,40.42805,-3.65135,1,1.0,1.0,16.0,96.0,1,1.06,312,50,2893.0,50.090625,6.5,1.0,0,0,0,0,0,1,0,0,1,0,0,0,0,8,10.5,50.0
3599,40.40765,-3.68538,4,2.0,2.0,285.0,100.0,92,0.02,235,200,4220.0,63.672727,3.2,2.0,1,0,0,0,0,1,0,1,1,0,1,0,0,7,36.0,200.0
3600,40.40882,-3.69901,2,1.0,1.0,34.0,92.0,1,3.03,204,50,4503.0,68.043894,0.8,1.0,0,0,0,0,0,1,0,0,0,0,0,0,0,7,18.0,50.0
3601,40.43174,-3.71564,5,4.0,5.0,125.0,0.0,1,0.0,172,200,4855.0,64.056634,2.4,2.0,1,0,0,0,0,1,0,1,1,0,1,0,0,9,43.5,150.0
3602,40.41745,-3.70147,4,2.0,2.0,129.0,100.0,2,0.07,155,200,4503.0,68.043894,0.8,1.0,1,0,0,0,0,1,0,0,1,0,1,0,0,6,33.0,150.0
3603,40.41143,-3.70634,4,1.0,1.0,62.0,94.0,2,0.35,391,200,4503.0,68.043894,0.8,1.0,1,0,0,0,0,1,0,0,0,0,1,0,0,10,33.0,100.0
3605,40.40557,-3.69802,4,1.0,2.0,80.0,96.0,2,2.18,539,200,3917.0,55.025641,1.9,1.0,1,0,0,0,0,1,0,1,1,0,1,0,0,7,33.0,100.0
3606,40.4192,-3.70287,4,1.0,2.0,70.0,93.0,18,1.42,485,200,4503.0,68.043894,0.8,1.0,1,0,0,0,0,1,0,1,1,1,1,0,0,9,33.0,100.0
3607,40.42425,-3.70845,4,1.0,2.0,64.0,90.0,3,0.07,567,200,4503.0,68.043894,0.8,1.0,1,0,0,0,0,1,0,1,1,0,1,0,0,6,33.0,100.0
3608,40.40969,-3.70842,4,1.0,2.0,34.0,85.0,9,1.34,483,200,4503.0,68.043894,0.8,1.0,1,0,0,0,0,1,0,1,0,0,1,0,0,8,33.0,50.0
3609,40.42518,-3.69706,6,2.0,3.0,89.0,88.0,1,0.09,196,200,4503.0,68.043894,0.8,1.0,1,0,0,0,0,1,0,1,0,0,1,0,0,6,48.0,100.0
3610,40.37348,-3.76322,1,1.0,1.0,25.0,0.0,1,0.0,252,50,2287.0,47.008319,4.7,1.0,1,0,0,0,0,1,1,1,1,0,1,0,0,6,10.5,50.0
3611,40.41584,-3.69956,4,1.0,2.0,58.0,99.0,2,3.81,868,200,4503.0,68.043894,0.8,1.0,1,0,0,1,0,1,0,1,0,0,1,1,1,10,33.0,100.0
3612,40.42593,-3.69101,2,1.0,2.0,60.0,93.0,1,1.6,321,200,4855.0,64.056634,2.4,1.0,1,0,0,0,0,1,0,1,1,0,1,0,0,6,18.0,100.0
3613,40.41396,-3.70655,2,0.0,1.0,89.0,87.0,6,0.26,364,200,4503.0,68.043894,0.8,1.0,1,0,0,0,0,1,0,1,1,0,1,0,0,8,18.0,100.0
3614,40.425,-3.70534,3,0.0,3.0,39.0,90.0,20,3.82,434,200,4503.0,68.043894,0.8,1.0,1,0,0,0,0,1,0,1,0,0,1,0,1,9,25.5,50.0
3615,40.41339,-3.70986,2,1.0,2.0,55.0,89.0,1,4.83,353,200,4503.0,68.043894,0.8,1.5,1,0,0,0,0,1,0,0,0,1,1,0,0,6,19.5,100.0
3616,40.40715,-3.64361,1,1.0,1.0,20.0,93.0,1,1.87,362,50,2547.0,45.581197,5.0,1.0,0,0,0,0,0,1,0,0,0,0,1,0,0,6,10.5,50.0
3617,40.40896,-3.70106,4,2.0,3.0,100.0,97.0,1,0.3,497,200,4503.0,68.043894,0.8,1.0,1,0,0,0,0,1,0,1,1,0,1,0,0,6,33.0,100.0
3618,40.423,-3.70544,3,1.0,2.0,56.0,92.0,5,2.0,237,200,4503.0,68.043894,0.8,1.0,1,0,0,0,0,1,0,1,1,0,1,0,0,10,25.5,100.0
3619,40.3983,-3.67735,8,4.0,8.0,98.0,87.0,1,0.35,506,200,3917.0,55.025641,1.9,2.0,1,0,0,0,0,1,0,1,1,1,0,0,1,6,66.0,100.0
3620,40.40966,-3.71203,2,1.0,1.0,39.0,90.0,9,2.66,480,50,4503.0,68.043894,0.8,2.0,0,0,0,0,0,1,0,1,0,0,1,0,0,7,21.0,50.0
3621,40.41089,-3.73507,2,1.0,1.0,12.0,87.0,2,2.11,112,50,2287.0,47.008319,4.7,1.0,0,0,0,0,0,1,0,0,0,0,0,0,0,10,18.0,50.0
3622,40.41584,-3.70467,5,2.0,3.0,71.0,92.0,1,2.41,558,200,4503.0,68.043894,0.8,1.0,1,0,0,0,0,1,0,1,0,1,1,0,0,6,40.5,100.0
3623,40.4152,-3.70491,2,1.0,1.0,21.0,100.0,1,0.02,148,50,4503.0,68.043894,0.8,1.0,1,0,0,0,0,1,0,0,0,0,1,0,0,7,18.0,50.0
3624,40.40608,-3.69753,4,1.0,2.0,80.0,95.0,2,2.18,579,200,3917.0,55.025641,1.9,1.0,1,0,0,0,0,1,0,1,1,0,1,0,0,7,33.0,100.0
3625,40.37921,-3.65801,2,1.0,1.0,22.0,100.0,1,0.24,391,50,1890.0,41.443535,5.0,1.0,1,0,0,0,0,1,0,0,1,1,1,0,1,7,18.0,50.0
3626,40.43475,-3.64218,4,2.0,2.0,58.0,0.0,1,0.0,258,200,2893.0,50.090625,6.5,1.0,1,0,0,1,0,1,0,0,0,0,1,0,0,6,33.0,100.0
3627,40.42135,-3.65595,4,2.0,2.0,55.0,96.0,1,1.27,499,200,2893.0,50.090625,6.5,1.0,1,0,0,0,0,1,0,1,1,0,1,0,0,6,33.0,100.0
3628,40.41247,-3.70713,16,5.0,11.0,321.0,96.0,3,1.39,396,200,4503.0,68.043894,0.8,2.0,1,0,0,0,0,1,0,1,1,0,1,0,0,6,126.0,200.0
3629,40.43821,-3.68246,2,2.0,1.0,50.0,1.0,2,1.0,137,50,4508.0,67.220486,5.8,2.0,1,1,1,1,1,1,1,1,1,1,1,1,1,8,21.0,50.0
3630,40.40275,-3.69149,4,1.0,2.0,52.0,97.0,1,0.53,322,200,3917.0,55.025641,1.9,1.0,1,0,0,0,0,1,0,0,0,0,1,0,0,6,33.0,100.0
3631,40.43147,-3.68592,5,2.0,3.0,200.0,94.0,12,0.42,304,200,5328.0,74.694253,2.2,2.0,1,0,0,0,0,1,0,1,1,0,1,0,0,9,43.5,200.0
3632,40.41357,-3.70767,5,1.0,1.0,145.0,84.0,7,0.34,252,200,4503.0,68.043894,0.8,1.0,1,0,0,0,0,1,0,1,1,0,0,0,0,8,40.5,150.0
3633,40.46193,-3.6848,4,2.0,4.0,150.0,0.0,92,0.0,263,200,4508.0,67.220486,5.8,2.0,1,0,0,0,0,1,0,1,1,0,1,0,0,7,36.0,150.0
3634,40.40578,-3.70058,2,1.0,1.0,36.0,94.0,1,1.3,389,50,4503.0,68.043894,0.8,1.5,0,0,0,0,0,1,0,1,0,0,1,0,0,10,19.5,50.0
3635,40.44838,-3.70112,4,1.0,1.0,60.0,92.0,1,0.28,113,200,3476.0,60.621287,5.9,1.0,1,0,0,0,0,1,0,0,0,0,1,0,0,8,33.0,100.0
3636,40.4525,-3.69659,1,1.0,1.0,35.0,98.0,1,2.91,409,50,3476.0,60.621287,5.9,1.0,1,0,0,0,0,1,0,0,1,0,1,0,0,6,10.5,50.0
3637,40.42197,-3.7055,6,1.0,4.0,150.0,95.0,2,1.62,428,200,4503.0,68.043894,0.8,1.0,1,0,0,0,0,1,0,1,1,0,0,0,0,4,48.0,150.0
3638,40.40963,-3.70739,1,1.0,1.0,27.0,98.0,1,1.41,344,50,4503.0,68.043894,0.8,1.0,1,0,0,0,1,1,0,1,1,0,0,0,0,6,10.5,50.0
3639,40.35365,-3.68998,12,3.0,7.0,86.0,63.0,1,0.17,356,50,1696.0,37.641618,9.0,1.5,0,0,0,0,0,1,0,0,0,0,1,0,0,7,94.5,100.0
3640,40.41469,-3.69683,6,2.0,2.0,125.0,98.0,7,1.43,530,200,4503.0,68.043894,0.8,2.0,1,0,0,0,0,1,0,0,1,0,1,0,1,6,51.0,150.0
3641,40.41701,-3.70219,4,2.0,2.0,113.0,100.0,1,0.11,378,200,4503.0,68.043894,0.8,1.0,1,0,0,0,0,1,0,1,1,0,1,0,0,7,33.0,150.0
3642,40.41255,-3.70897,4,1.0,2.0,123.0,91.0,28,0.67,172,200,4503.0,68.043894,0.8,1.0,1,0,0,0,0,1,0,1,1,0,0,0,0,10,33.0,150.0
3643,40.41176,-3.6995,2,1.0,1.0,90.0,99.0,2,2.26,282,200,4503.0,68.043894,0.8,1.5,1,0,0,0,0,1,0,1,1,0,0,0,0,6,19.5,100.0
3644,40.41847,-3.70075,2,1.0,1.0,37.0,95.0,2,2.59,384,50,4503.0,68.043894,0.8,1.0,0,0,0,0,0,1,0,1,0,0,0,0,0,7,18.0,50.0
3645,40.40329,-3.66978,2,1.0,2.0,81.0,99.0,1,0.59,467,200,4220.0,63.672727,3.2,1.0,1,0,0,0,0,1,0,0,0,1,1,0,1,6,18.0,100.0
3646,40.41216,-3.6992,4,2.0,4.0,189.0,99.0,2,2.05,537,200,4503.0,68.043894,0.8,2.5,1,0,0,0,0,1,0,1,1,1,1,0,0,6,37.5,200.0
3647,40.43094,-3.70488,5,2.0,3.0,99.0,99.0,3,0.62,216,200,4855.0,64.056634,2.4,1.0,1,0,0,0,0,1,0,1,1,0,1,0,0,11,40.5,100.0
3648,40.40857,-3.69968,4,0.0,1.0,63.0,100.0,1,0.57,270,200,4503.0,68.043894,0.8,1.0,1,0,0,0,0,1,0,1,0,0,1,0,0,7,33.0,100.0
3649,40.40931,-3.69968,4,2.0,2.0,200.0,100.0,1,0.07,305,200,4503.0,68.043894,0.8,2.0,1,0,0,0,0,1,0,0,0,0,1,0,0,7,36.0,200.0
3650,40.42558,-3.67885,2,1.0,1.0,90.0,97.0,1,0.19,311,200,5328.0,74.694253,2.2,1.0,1,0,0,0,0,1,0,0,1,0,1,0,0,6,18.0,100.0
3651,40.4172,-3.70748,2,1.0,2.0,90.0,98.0,2,3.73,205,200,4503.0,68.043894,0.8,1.0,1,0,0,0,0,1,0,1,1,0,1,0,0,0,18.0,100.0
3652,40.46378,-3.69144,2,1.0,1.0,60.0,100.0,1,0.88,392,50,3476.0,60.621287,5.9,1.0,1,0,0,0,0,1,0,0,1,0,1,0,0,6,18.0,100.0
3653,40.4143,-3.71319,6,2.0,4.0,110.0,90.0,1,0.13,163,200,4503.0,68.043894,0.8,1.0,1,0,0,0,0,1,0,1,0,0,1,0,0,6,48.0,150.0
3654,40.41033,-3.70944,3,1.0,2.0,43.0,99.0,3,3.23,358,200,4503.0,68.043894,0.8,1.0,1,0,0,0,0,1,0,1,0,0,1,0,0,7,25.5,50.0
3655,40.43142,-3.71982,2,1.0,1.0,30.0,91.0,2,2.71,204,50,3555.0,63.451906,5.9,1.0,0,0,0,0,0,1,0,0,0,0,0,0,0,6,18.0,50.0
3656,40.41348,-3.69719,2,1.0,2.0,85.0,80.0,1,0.02,549,200,4503.0,68.043894,0.8,1.0,1,0,0,0,0,1,0,0,1,1,1,0,0,6,18.0,100.0
3657,40.36345,-3.76444,2,1.0,1.0,95.0,100.0,1,0.15,91,200,2195.0,47.402837,6.6,1.5,1,1,1,1,1,1,1,1,1,1,1,1,1,6,19.5,100.0
3658,40.41719,-3.70902,1,1.0,1.0,62.0,96.0,1,0.52,436,50,4503.0,68.043894,0.8,1.0,0,0,0,0,0,1,0,1,1,1,1,0,0,6,10.5,100.0
3659,40.40862,-3.69251,6,3.0,4.0,38.0,95.0,1,3.03,485,200,4503.0,68.043894,0.8,2.0,1,0,0,0,0,1,0,1,1,0,1,0,0,8,51.0,50.0
3660,40.40832,-3.70385,4,1.0,2.0,47.0,93.0,20,2.56,465,200,4503.0,68.043894,0.8,1.5,1,0,0,0,0,1,0,1,1,0,1,0,0,9,34.5,50.0
3661,40.45463,-3.71338,2,1.0,1.0,800.0,94.0,1,0.31,333,50,3555.0,63.451906,5.9,1.0,0,0,0,0,0,1,0,0,1,0,1,0,0,6,18.0,200.0
3662,40.34314,-3.68894,5,2.0,4.0,49.0,94.0,1,2.07,397,200,1696.0,37.641618,9.0,1.0,1,0,0,0,0,1,0,0,0,0,1,0,1,7,40.5,50.0
3663,40.41923,-3.70476,6,1.0,3.0,33.0,85.0,10,0.73,440,200,4503.0,68.043894,0.8,1.0,1,0,0,0,0,1,0,1,1,0,1,0,0,7,48.0,50.0
3664,40.43383,-3.69146,5,2.0,3.0,128.0,90.0,22,0.04,600,200,4855.0,64.056634,2.4,2.0,1,0,0,0,0,1,0,1,1,1,1,0,0,6,43.5,150.0
3665,40.39443,-3.71186,2,1.0,1.0,20.0,88.0,2,0.34,241,50,2195.0,47.402837,6.6,1.0,0,0,0,0,0,1,0,0,0,0,0,0,0,6,18.0,50.0
3666,40.39486,-3.7118,2,1.0,1.0,40.0,80.0,2,0.02,154,50,2195.0,47.402837,6.6,1.0,0,0,0,0,0,0,0,1,0,0,0,0,0,6,18.0,50.0
3667,40.43268,-3.71659,1,1.0,1.0,20.0,96.0,2,0.72,361,50,4855.0,64.056634,2.4,1.0,0,0,0,0,0,1,0,0,1,0,1,0,0,13,10.5,50.0
3668,40.4289,-3.70125,5,2.0,3.0,250.0,95.0,1,0.24,260,200,4855.0,64.056634,2.4,1.0,1,0,0,0,0,1,0,1,1,0,1,0,0,6,40.5,200.0
3669,40.42025,-3.67761,5,3.0,3.0,129.0,96.0,1,1.23,619,200,4220.0,63.672727,3.2,1.5,1,0,0,0,0,1,0,0,1,0,1,0,1,11,42.0,150.0
3670,40.37538,-3.62498,2,1.0,1.0,20.0,97.0,1,0.7,123,50,2382.0,49.659794,11.0,2.0,1,0,0,0,0,1,0,0,1,0,0,0,0,6,21.0,50.0
3671,40.4029,-3.68316,6,2.0,2.0,76.0,84.0,2,1.53,321,200,4220.0,63.672727,3.2,2.0,1,0,0,0,0,1,1,1,1,0,1,0,0,6,51.0,100.0
3672,40.42346,-3.70187,2,1.0,1.0,25.0,96.0,1,1.58,458,50,4503.0,68.043894,0.8,1.0,0,0,0,0,0,1,0,0,1,1,1,0,0,8,18.0,50.0
3673,40.4165,-3.69679,4,2.0,4.0,146.0,99.0,2,4.11,561,200,4503.0,68.043894,0.8,1.0,1,0,0,0,0,1,0,1,1,0,1,0,0,6,33.0,150.0
3674,40.44522,-3.67553,9,3.0,5.0,143.0,95.0,5,1.97,430,200,4508.0,67.220486,5.8,2.0,1,0,0,0,0,1,0,1,0,0,1,0,0,7,73.5,150.0
3675,40.43877,-3.6902,2,1.0,1.0,84.0,90.0,1,0.99,275,200,4508.0,67.220486,5.8,1.0,1,0,0,0,0,1,0,1,1,0,1,0,0,7,18.0,100.0
3676,40.4126,-3.70173,2,1.0,1.0,40.0,0.0,1,0.0,105,50,4503.0,68.043894,0.8,1.0,0,1,1,1,1,1,0,1,1,0,0,0,0,7,18.0,50.0
3677,40.42347,-3.70126,2,1.0,1.0,30.0,0.0,1,0.0,27,50,4503.0,68.043894,0.8,1.0,1,0,0,0,0,0,0,0,0,0,0,0,0,6,18.0,50.0
3678,40.41372,-3.6982,4,1.0,2.0,86.0,91.0,8,2.67,600,200,4503.0,68.043894,0.8,1.0,1,0,0,0,1,1,0,1,1,0,0,0,1,8,33.0,100.0
3679,40.48705,-3.68808,4,2.0,3.0,40.0,95.0,1,0.34,223,200,3545.0,57.198083,16.4,1.0,1,0,0,0,0,1,0,0,0,0,1,0,0,6,33.0,50.0
3680,40.42755,-3.7027,4,2.0,2.0,123.0,98.0,1,0.74,518,200,4503.0,68.043894,0.8,2.0,1,0,0,0,0,1,0,1,0,0,1,0,0,8,36.0,150.0
3681,40.42475,-3.70683,4,1.0,2.0,131.0,97.0,8,1.28,346,200,4503.0,68.043894,0.8,1.0,1,0,0,0,0,1,0,1,1,0,0,0,0,6,33.0,150.0
3682,40.41504,-3.70712,2,1.0,1.0,70.0,95.0,67,4.36,372,200,4503.0,68.043894,0.8,1.0,1,0,0,0,0,1,0,1,0,1,1,0,0,7,18.0,100.0
3683,40.4356,-3.65748,4,2.0,3.0,40.0,98.0,1,2.36,489,200,2893.0,50.090625,6.5,1.0,1,0,0,0,1,1,0,1,1,1,1,0,0,6,33.0,50.0
3684,40.43095,-3.67234,2,1.0,1.0,56.0,85.0,1,0.22,199,200,5328.0,74.694253,2.2,1.0,1,0,0,0,0,1,0,1,1,0,1,0,0,6,18.0,100.0
3685,40.4192,-3.70177,4,2.0,3.0,184.0,97.0,2,2.7,611,200,4503.0,68.043894,0.8,1.0,1,0,0,0,0,1,0,1,1,1,1,0,1,9,33.0,200.0
3686,40.41454,-3.69894,2,1.0,1.0,66.0,96.0,1,0.2,127,200,4503.0,68.043894,0.8,1.0,1,0,0,0,0,1,0,0,1,0,1,0,0,10,18.0,100.0
3687,40.43727,-3.64821,2,1.0,1.0,35.0,100.0,1,0.06,83,50,2893.0,50.090625,6.5,1.0,1,0,0,0,0,1,0,1,0,0,0,0,0,6,18.0,50.0
3688,40.4151,-3.70225,4,1.0,2.0,65.0,94.0,1,5.6,642,200,4503.0,68.043894,0.8,1.0,1,0,0,0,0,1,0,1,0,0,1,0,0,11,33.0,100.0
3689,40.40869,-3.71046,2,1.0,1.0,40.0,94.0,2,2.06,470,200,4503.0,68.043894,0.8,1.0,1,0,0,0,0,1,0,1,0,0,1,0,1,6,18.0,50.0
3690,40.4268,-3.6784,6,2.0,3.0,213.0,82.0,72,0.62,382,200,5328.0,74.694253,2.2,2.0,1,0,0,0,0,1,0,1,1,1,1,0,0,6,51.0,200.0
3691,40.43333,-3.69142,5,2.0,3.0,129.0,0.0,22,0.0,552,200,4855.0,64.056634,2.4,2.0,1,0,0,0,0,1,0,1,1,0,1,0,0,6,43.5,150.0
3692,40.39846,-3.65617,6,3.0,3.0,200.0,0.0,1,0.0,243,200,1890.0,41.443535,5.0,2.0,1,0,0,0,0,1,0,1,1,0,1,0,0,6,51.0,200.0
3693,40.42426,-3.70909,4,1.0,1.0,116.0,91.0,72,0.13,325,200,4503.0,68.043894,0.8,1.0,1,0,0,0,0,1,0,0,1,0,1,0,0,6,33.0,150.0
3694,40.39083,-3.75976,2,1.0,1.0,21.0,96.0,1,1.34,195,50,2287.0,47.008319,4.7,1.0,1,0,0,0,0,1,0,1,1,0,0,0,0,6,18.0,50.0
3695,40.43383,-3.69146,3,1.0,2.0,99.0,0.0,22,0.0,537,200,4855.0,64.056634,2.4,1.0,1,0,0,0,0,1,0,1,1,0,1,0,0,6,25.5,100.0
3696,40.4348,-3.68346,2,1.0,2.0,39.0,98.0,2,4.61,639,50,5328.0,74.694253,2.2,1.5,0,0,0,0,0,1,0,1,1,1,1,1,0,6,19.5,50.0
3697,40.43422,-3.68005,2,1.0,1.0,60.0,100.0,1,0.41,585,50,5328.0,74.694253,2.2,1.0,1,0,0,0,0,1,0,1,1,1,1,0,0,8,18.0,100.0
3698,40.4583,-3.70074,2,1.0,1.0,25.0,97.0,1,0.72,266,50,3476.0,60.621287,5.9,1.0,0,0,0,0,0,1,0,1,1,0,0,0,0,6,18.0,50.0
3699,40.43491,-3.61782,2,1.0,1.0,25.0,96.0,3,1.05,363,50,2477.0,70.967532,7.3,1.5,1,0,0,1,0,1,0,1,1,0,1,0,0,10,19.5,50.0
3700,40.41847,-3.70075,2,1.0,1.0,56.0,100.0,2,0.31,336,200,4503.0,68.043894,0.8,1.0,1,0,0,0,0,1,0,1,0,0,1,0,0,7,18.0,100.0
3701,40.41958,-3.70818,2,1.0,1.0,81.0,0.0,1,0.0,352,200,4503.0,68.043894,0.8,1.0,1,0,0,0,0,1,0,1,1,0,1,0,0,6,18.0,100.0
3702,40.40519,-3.71062,3,1.0,2.0,53.0,87.0,1,1.36,445,200,3917.0,55.025641,1.9,1.0,1,0,0,0,0,1,0,0,0,0,1,0,1,7,25.5,100.0
3703,40.43946,-3.68875,2,1.0,1.0,50.0,100.0,1,0.04,212,200,4508.0,67.220486,5.8,1.0,1,0,0,0,0,1,0,1,1,0,1,0,0,9,18.0,50.0
3705,40.42841,-3.70096,2,1.0,2.0,85.0,0.0,2,0.0,136,50,4503.0,68.043894,0.8,2.0,1,0,0,0,0,1,0,1,0,0,0,0,0,0,21.0,100.0
3706,40.44396,-3.66836,6,1.0,1.0,130.0,97.0,2,0.73,262,200,4508.0,67.220486,5.8,1.0,1,0,0,0,0,1,0,1,1,0,1,0,0,7,48.0,150.0
3707,40.42772,-3.70439,2,1.0,1.0,41.0,88.0,1,3.99,285,200,4503.0,68.043894,0.8,1.0,1,0,0,0,0,0,0,0,0,1,1,0,0,6,18.0,50.0
3708,40.41631,-3.70628,4,2.0,2.0,76.0,99.0,1,1.23,440,200,4503.0,68.043894,0.8,2.0,1,0,0,0,0,1,0,1,0,1,1,0,0,6,36.0,100.0
3709,40.40631,-3.67586,3,2.0,2.0,65.0,94.0,2,0.25,356,200,4220.0,63.672727,3.2,1.0,1,0,0,0,0,1,0,1,0,0,1,0,0,6,25.5,100.0
3710,40.41602,-3.70478,3,2.0,3.0,150.0,95.0,1,0.18,434,200,4503.0,68.043894,0.8,1.0,1,0,0,0,0,1,0,1,0,1,1,0,0,7,25.5,150.0
3711,40.4105,-3.69331,3,2.0,2.0,18.0,89.0,1,1.31,370,200,4503.0,68.043894,0.8,1.5,1,0,0,0,0,1,0,1,0,0,1,0,0,6,27.0,50.0
3712,40.41877,-3.70703,2,1.0,1.0,80.0,99.0,1,0.65,324,200,4503.0,68.043894,0.8,1.0,1,1,1,1,1,1,1,1,1,1,1,1,1,6,18.0,100.0
3713,40.42739,-3.69238,2,1.0,1.0,40.0,92.0,2,0.7,288,50,4855.0,64.056634,2.4,1.0,0,0,0,0,0,1,0,1,0,0,1,0,0,6,18.0,50.0
3714,40.41354,-3.70361,12,5.0,8.0,350.0,93.0,1,1.68,932,200,4503.0,68.043894,0.8,2.5,1,0,0,0,0,1,0,1,0,1,1,1,0,6,97.5,200.0
3715,40.42528,-3.7039,4,0.0,2.0,61.0,92.0,2,1.83,497,200,4503.0,68.043894,0.8,1.0,1,0,0,0,0,1,0,1,0,0,0,0,0,8,33.0,100.0
3716,40.45719,-3.67296,4,2.0,3.0,65.0,94.0,12,1.05,440,200,4508.0,67.220486,5.8,1.0,1,0,0,0,0,1,0,1,1,1,1,0,0,5,33.0,100.0
3717,40.42143,-3.70409,4,2.0,2.0,104.0,87.0,1,2.23,204,200,4503.0,68.043894,0.8,1.0,1,0,0,0,0,1,0,1,1,0,1,0,0,6,33.0,150.0
3718,40.42607,-3.69217,1,1.0,1.0,32.0,94.0,2,4.47,463,50,4855.0,64.056634,2.4,1.0,0,0,0,0,0,1,0,1,0,0,1,0,0,6,10.5,50.0
3719,40.40885,-3.71009,5,2.0,4.0,999.0,70.0,20,0.05,191,200,4503.0,68.043894,0.8,1.0,1,0,0,0,0,1,0,1,1,0,0,0,0,6,40.5,200.0
3720,40.46378,-3.69675,2,1.0,1.0,71.0,97.0,2,0.16,2,50,3476.0,60.621287,5.9,1.0,1,0,0,0,0,0,0,0,0,0,0,0,0,9,18.0,100.0
3721,40.46081,-3.68666,1,1.0,1.0,70.0,0.0,1,0.0,166,50,4508.0,67.220486,5.8,1.0,1,0,0,0,0,1,1,1,1,0,1,0,0,7,10.5,100.0
3722,40.39697,-3.66581,2,2.0,3.0,65.0,100.0,3,0.02,326,200,1890.0,41.443535,5.0,1.0,1,0,0,0,0,1,0,1,0,0,1,0,0,7,18.0,100.0
3723,40.40625,-3.7011,2,1.0,1.0,35.0,99.0,2,4.37,603,200,4503.0,68.043894,0.8,1.0,1,0,0,0,0,1,0,1,0,0,1,0,0,8,18.0,50.0
3724,40.40378,-3.63835,1,1.0,1.0,17.0,98.0,1,0.17,152,50,2547.0,45.581197,5.0,1.0,1,0,0,0,0,1,0,0,0,0,0,0,0,6,10.5,50.0
3725,40.41219,-3.70555,4,1.0,2.0,75.0,97.0,7,3.76,419,200,4503.0,68.043894,0.8,1.0,1,0,0,0,0,1,0,1,1,0,1,0,0,8,33.0,100.0
3726,40.40786,-3.70223,2,1.0,2.0,55.0,98.0,4,0.69,338,200,4503.0,68.043894,0.8,1.0,1,0,0,1,0,1,0,1,0,0,1,0,0,9,18.0,100.0
3727,40.47433,-3.57532,2,1.0,1.0,21.0,96.0,1,3.52,229,50,3047.0,56.183432,11.8,1.0,0,0,0,0,0,1,0,0,0,1,0,0,0,6,18.0,50.0
3728,40.43744,-3.69767,4,2.0,3.0,147.0,99.0,25,0.56,570,200,4855.0,64.056634,2.4,2.0,1,0,0,0,0,1,0,1,1,1,1,0,1,11,36.0,150.0
3729,40.46675,-3.67197,1,1.0,1.0,76.0,100.0,1,0.04,123,50,4508.0,67.220486,5.8,1.0,0,0,0,0,0,1,0,0,0,0,1,0,0,7,10.5,100.0
3730,40.43016,-3.71603,3,1.0,1.0,70.0,92.0,1,0.35,159,200,3555.0,63.451906,5.9,1.0,1,0,0,0,0,1,0,1,1,0,1,0,0,6,25.5,100.0
3731,40.4126,-3.69979,2,1.0,1.0,32.0,94.0,1,0.97,242,50,4503.0,68.043894,0.8,1.0,0,0,0,0,0,1,0,0,0,0,0,0,0,6,18.0,50.0
3732,40.42422,-3.67839,3,1.0,1.0,38.0,89.0,1,0.96,340,200,5328.0,74.694253,2.2,1.0,1,0,0,0,0,1,0,1,1,0,1,0,0,6,25.5,50.0
3733,40.42797,-3.67722,4,1.0,2.0,90.0,93.0,1,0.38,398,200,5328.0,74.694253,2.2,1.0,1,0,0,0,0,1,0,0,1,1,1,0,0,9,33.0,100.0
3734,40.41255,-3.70341,2,1.0,1.0,45.0,0.0,1,0.0,165,200,4503.0,68.043894,0.8,1.0,1,0,0,0,0,1,0,1,0,0,1,0,0,9,18.0,50.0
3735,40.40461,-3.71299,2,1.0,1.0,49.0,96.0,2,0.95,181,50,3917.0,55.025641,1.9,1.5,0,0,0,0,0,1,0,1,1,0,1,0,0,6,19.5,50.0
3736,40.42118,-3.71675,2,1.0,1.0,32.0,92.0,1,0.59,220,50,3555.0,63.451906,5.9,1.0,0,0,0,0,0,1,0,0,1,0,0,0,0,7,18.0,50.0
3737,40.39296,-3.65643,2,1.0,1.0,45.0,96.0,2,2.54,382,200,1890.0,41.443535,5.0,1.0,1,0,0,0,0,1,0,0,0,0,1,0,0,6,18.0,50.0
3738,40.40393,-3.7481,6,2.0,3.0,125.0,94.0,6,0.62,476,200,2287.0,47.008319,4.7,1.0,1,0,0,0,0,1,0,1,1,0,1,0,1,0,48.0,150.0
3739,40.42407,-3.72487,5,1.0,3.0,85.0,93.0,1,1.69,454,200,3555.0,63.451906,5.9,1.0,1,0,0,0,0,1,0,1,1,0,1,0,0,6,40.5,100.0
3740,40.45122,-3.68885,2,1.0,1.0,99.0,88.0,2,0.94,431,50,4508.0,67.220486,5.8,1.5,1,0,0,0,0,1,0,0,1,1,0,0,0,9,19.5,100.0
3741,40.41164,-3.70377,4,2.0,1.0,70.0,99.0,1,0.28,179,200,4503.0,68.043894,0.8,1.0,1,0,0,0,0,1,0,0,1,0,0,0,0,7,33.0,100.0
3742,40.47739,-3.65841,1,1.0,1.0,26.0,98.0,1,2.54,217,50,3312.0,62.061453,9.2,1.0,0,0,0,0,0,1,0,0,0,0,1,0,0,6,10.5,50.0
3744,40.41025,-3.71852,2,1.0,1.0,80.0,97.0,2,0.97,345,200,3917.0,55.025641,1.9,1.0,1,0,0,0,0,1,0,1,0,0,0,0,0,8,18.0,100.0
3745,40.42937,-3.68681,4,1.0,1.0,79.0,87.0,12,1.84,255,200,5328.0,74.694253,2.2,1.0,1,0,0,0,0,1,0,1,0,0,1,0,0,9,33.0,100.0
3746,40.43126,-3.67704,1,1.0,1.0,20.0,100.0,15,0.02,449,50,5328.0,74.694253,2.2,2.0,0,0,0,0,0,1,0,0,1,0,1,0,0,6,13.5,50.0
3747,40.41432,-3.7002,1,1.0,1.0,15.0,0.0,4,0.0,143,50,4503.0,68.043894,0.8,1.0,1,0,0,0,0,1,0,1,0,0,1,0,0,7,10.5,50.0
3748,40.42713,-3.6979,12,3.0,6.0,263.0,95.0,3,1.39,341,200,4503.0,68.043894,0.8,4.0,1,0,0,0,0,1,0,1,0,0,1,0,0,7,102.0,200.0
3749,40.39508,-3.75886,1,1.0,1.0,21.0,93.0,1,0.73,319,50,2287.0,47.008319,4.7,1.0,1,0,0,0,0,1,0,0,1,0,1,0,0,6,10.5,50.0
3750,40.42888,-3.69903,4,2.0,3.0,180.0,100.0,1,0.58,300,200,4855.0,64.056634,2.4,1.0,1,0,0,0,0,1,0,1,1,0,1,0,0,8,33.0,200.0
3751,40.40865,-3.70137,2,1.0,1.0,105.0,94.0,1,0.26,157,200,4503.0,68.043894,0.8,1.0,1,0,0,1,0,1,0,0,0,0,1,0,0,7,18.0,150.0
3752,40.41019,-3.7036,4,2.0,2.0,100.0,100.0,1,0.04,161,200,4503.0,68.043894,0.8,1.0,1,0,0,0,0,1,0,1,1,0,1,0,0,0,33.0,100.0
3753,40.44917,-3.61064,6,3.0,5.0,140.0,92.0,1,0.11,185,200,2477.0,70.967532,7.3,2.5,1,0,0,0,0,1,0,0,0,0,1,0,0,6,52.5,150.0
3754,40.42409,-3.70944,4,1.0,2.0,124.0,95.0,72,0.15,269,200,4503.0,68.043894,0.8,1.0,1,0,0,0,0,1,0,1,1,0,1,0,0,6,33.0,150.0
3755,40.43389,-3.69155,3,1.0,2.0,79.0,100.0,22,0.02,537,200,4855.0,64.056634,2.4,1.0,1,0,0,0,0,1,0,1,1,0,1,0,0,6,25.5,100.0
3756,40.41782,-3.70752,6,2.0,2.0,75.0,90.0,1,2.84,417,200,4503.0,68.043894,0.8,1.0,1,0,0,0,0,1,0,0,0,0,1,0,0,9,48.0,100.0
3757,40.40976,-3.70563,3,2.0,2.0,114.0,89.0,1,0.62,215,200,4503.0,68.043894,0.8,1.0,1,0,0,0,0,1,0,0,0,0,1,0,0,7,25.5,150.0
3758,40.46709,-3.70055,1,1.0,1.0,24.0,97.0,2,0.71,281,50,3476.0,60.621287,5.9,2.0,0,0,0,0,0,1,0,0,0,0,1,0,0,6,13.5,50.0
3759,40.37268,-3.60831,2,1.0,1.0,200.0,0.0,3,0.0,299,50,2382.0,49.659794,11.0,1.0,1,0,0,0,0,0,1,1,1,0,0,0,0,6,18.0,200.0
3760,40.42028,-3.70735,5,2.0,3.0,74.0,91.0,1,1.94,499,200,4503.0,68.043894,0.8,1.0,1,0,0,0,0,1,0,1,1,0,1,0,0,6,40.5,100.0
3761,40.41434,-3.6941,2,1.0,1.0,93.0,97.0,1,1.02,627,200,4503.0,68.043894,0.8,1.0,1,0,0,0,0,1,0,1,1,1,1,1,1,8,18.0,100.0
3762,40.41381,-3.69672,7,2.0,3.0,106.0,96.0,3,0.75,344,200,4503.0,68.043894,0.8,2.0,1,0,0,0,0,1,0,1,0,0,1,0,0,6,58.5,150.0
3763,40.42022,-3.69825,3,1.0,2.0,80.0,93.0,7,2.3,428,200,4503.0,68.043894,0.8,1.0,1,0,0,0,0,1,0,1,0,1,1,0,0,9,25.5,100.0
3764,40.41191,-3.71201,2,0.0,1.0,90.0,91.0,7,1.41,275,200,4503.0,68.043894,0.8,1.0,1,0,0,0,0,1,0,1,1,0,1,0,0,7,18.0,100.0
3765,40.42148,-3.71007,2,1.0,1.0,150.0,100.0,1,0.18,236,200,4503.0,68.043894,0.8,1.0,1,0,0,0,0,1,0,0,0,0,0,0,0,0,18.0,150.0
3766,40.41239,-3.70304,6,2.0,3.0,68.0,100.0,8,0.11,381,200,4503.0,68.043894,0.8,2.0,1,0,0,0,0,1,0,1,0,0,1,0,0,9,51.0,100.0
3767,40.38971,-3.7425,2,1.0,2.0,19.0,93.0,3,0.35,367,50,2195.0,47.402837,6.6,1.5,0,0,0,0,0,1,0,0,0,1,1,0,0,7,19.5,50.0
3768,40.42303,-3.70221,3,0.0,1.0,40.0,92.0,1,2.85,339,200,4503.0,68.043894,0.8,1.0,1,0,0,0,0,1,0,0,0,0,1,0,0,7,25.5,50.0
3769,40.4043,-3.71177,2,1.0,1.0,38.0,96.0,2,1.64,307,50,3917.0,55.025641,1.9,1.0,1,0,0,0,0,1,1,0,1,0,1,0,0,9,18.0,50.0
3770,40.41096,-3.61372,1,1.0,1.0,15.0,92.0,1,1.74,78,50,2246.0,55.472222,11.2,1.0,1,1,1,1,1,1,1,1,1,1,1,1,1,6,10.5,50.0
3771,40.433,-3.65797,6,2.0,4.0,66.0,96.0,1,1.9,277,200,2893.0,50.090625,6.5,1.0,1,0,0,0,0,1,0,1,1,0,1,0,0,6,48.0,100.0
3772,40.45052,-3.70758,8,3.0,6.0,90.0,94.0,1,2.35,522,200,3476.0,60.621287,5.9,2.0,1,0,0,0,0,1,0,1,1,0,1,0,0,6,66.0,100.0
3773,40.42353,-3.7115,2,0.0,1.0,50.0,100.0,1,0.06,175,200,3555.0,63.451906,5.9,1.0,1,0,0,0,0,1,0,1,1,0,1,0,0,7,18.0,50.0
3774,40.37227,-3.60789,2,1.0,1.0,200.0,100.0,3,0.02,308,50,2382.0,49.659794,11.0,1.0,1,1,1,1,1,1,1,1,1,1,1,1,1,6,18.0,200.0
3775,40.4784,-3.72955,4,1.0,1.0,52.0,94.0,2,0.45,418,200,3545.0,57.198083,16.4,1.0,1,0,0,0,0,1,0,0,0,0,1,0,1,7,33.0,100.0
3776,40.44199,-3.69831,4,2.0,2.0,91.0,98.0,1,1.78,395,200,4855.0,64.056634,2.4,1.0,1,0,0,1,0,1,0,1,1,1,1,0,0,6,33.0,100.0
3777,40.41038,-3.69362,4,1.0,2.0,44.0,96.0,1,7.47,696,200,4503.0,68.043894,0.8,1.0,1,0,0,1,0,1,0,1,0,0,1,0,0,6,33.0,50.0
3779,40.45907,-3.69406,4,1.0,2.0,166.0,100.0,1,0.04,218,200,3476.0,60.621287,5.9,1.0,1,0,0,0,0,1,1,1,1,0,1,0,0,0,33.0,200.0
3780,40.47734,-3.65076,3,2.0,2.0,90.0,98.0,1,0.17,539,200,3312.0,62.061453,9.2,1.5,1,0,0,0,0,1,1,0,1,1,1,0,0,7,27.0,100.0
3781,40.40717,-3.68005,2,1.0,1.0,27.0,40.0,3,0.04,186,50,4220.0,63.672727,3.2,1.0,1,0,0,1,0,1,0,1,1,0,1,0,0,7,18.0,50.0
3782,40.4049,-3.67856,1,1.0,1.0,19.0,97.0,3,0.11,186,50,4220.0,63.672727,3.2,1.0,1,0,0,1,0,1,0,1,1,0,1,0,0,7,10.5,50.0
3783,40.42602,-3.7051,6,2.0,3.0,140.0,92.0,1,0.36,279,200,4503.0,68.043894,0.8,1.0,1,0,0,0,0,1,0,0,0,0,1,0,0,6,48.0,150.0
3784,40.4199,-3.70144,2,1.0,1.0,47.0,94.0,1,1.38,195,200,4503.0,68.043894,0.8,1.0,1,0,0,0,0,1,0,0,1,0,0,0,0,6,18.0,50.0
3785,40.4277,-3.67804,2,1.0,1.0,24.0,97.0,1,1.59,247,50,5328.0,74.694253,2.2,1.0,0,0,0,0,0,1,0,0,1,0,0,0,0,7,18.0,50.0
3786,40.46777,-3.65551,1,1.0,1.0,19.0,99.0,1,0.7,261,50,3312.0,62.061453,9.2,1.0,0,0,0,0,0,1,0,0,0,0,1,0,0,6,10.5,50.0
3787,40.37083,-3.60869,6,2.0,3.0,80.0,93.0,3,2.2,401,200,2382.0,49.659794,11.0,2.0,1,0,0,0,0,0,1,1,1,1,0,0,0,6,51.0,100.0
3788,40.4104,-3.70779,7,2.0,6.0,84.0,89.0,6,0.21,473,50,4503.0,68.043894,0.8,1.0,1,0,0,0,0,1,0,1,1,0,1,0,0,7,55.5,100.0
3789,40.42491,-3.69751,1,1.0,1.0,20.0,89.0,4,2.33,116,50,4503.0,68.043894,0.8,1.0,1,0,0,0,0,1,0,0,0,0,0,0,0,7,10.5,50.0
3790,40.43033,-3.73578,1,1.0,1.0,28.0,0.0,2,0.0,135,50,3555.0,63.451906,5.9,1.0,0,0,0,0,0,1,0,0,0,0,0,0,0,6,10.5,50.0
3793,40.42252,-3.68271,7,2.0,7.0,170.0,90.0,2,0.1,128,200,5328.0,74.694253,2.2,1.0,1,0,0,0,0,1,0,0,1,0,1,0,0,7,55.5,200.0
3794,40.42204,-3.7077,6,1.0,3.0,107.0,93.0,6,0.22,464,200,4503.0,68.043894,0.8,1.0,1,0,0,0,0,1,0,1,1,0,1,0,0,6,48.0,150.0
3795,40.43383,-3.69146,3,1.0,2.0,75.0,95.0,22,0.08,555,200,4855.0,64.056634,2.4,1.0,1,0,0,0,0,1,0,1,1,0,1,0,0,6,25.5,100.0
3796,40.41663,-3.71061,3,1.0,2.0,180.0,98.0,1,1.5,284,200,4503.0,68.043894,0.8,1.0,1,0,0,0,0,1,0,1,0,0,0,0,0,6,25.5,200.0
3797,40.42841,-3.70175,4,2.0,2.0,73.0,96.0,1,2.66,454,200,4503.0,68.043894,0.8,1.0,1,0,0,0,0,1,0,1,1,0,1,0,0,6,33.0,100.0
3798,40.42024,-3.70094,6,2.0,2.0,133.0,87.0,2,1.92,314,200,4503.0,68.043894,0.8,2.0,1,0,0,0,0,1,0,1,1,1,1,0,0,6,51.0,150.0
3799,40.42281,-3.70297,2,1.0,1.0,28.0,0.0,1,0.0,202,50,4503.0,68.043894,0.8,1.0,1,0,0,0,0,1,0,0,0,0,1,0,0,9,18.0,50.0
3800,40.44366,-3.63272,2,1.0,2.0,20.0,94.0,2,2.42,594,50,2477.0,70.967532,7.3,1.0,0,0,0,1,1,1,0,1,0,0,1,0,0,8,18.0,50.0
3801,40.4053,-3.71078,2,1.0,2.0,39.0,96.0,1,0.21,220,50,3917.0,55.025641,1.9,1.5,1,0,0,0,0,1,0,1,1,0,1,0,0,6,19.5,50.0
3802,40.40694,-3.67851,4,2.0,2.0,50.0,50.0,3,0.04,186,200,4220.0,63.672727,3.2,1.0,1,0,0,1,0,1,0,1,1,0,1,0,0,7,33.0,50.0
3804,40.43429,-3.67312,4,0.0,1.0,38.0,80.0,38,3.21,348,200,5328.0,74.694253,2.2,1.0,1,0,0,0,0,0,0,1,1,0,0,0,0,9,33.0,50.0
3805,40.42498,-3.70379,4,2.0,3.0,110.0,97.0,5,2.38,215,200,4503.0,68.043894,0.8,2.0,1,0,0,0,0,1,0,0,0,0,1,0,0,10,36.0,150.0
3806,40.42461,-3.69877,3,2.0,2.0,80.0,90.0,4,0.12,136,200,4503.0,68.043894,0.8,1.0,1,0,0,0,0,1,0,0,0,0,1,0,0,7,25.5,100.0
3807,40.44622,-3.66834,1,1.0,1.0,150.0,0.0,1,0.02,107,50,4508.0,67.220486,5.8,1.0,1,0,0,0,0,1,0,0,1,0,0,0,0,6,10.5,150.0
3808,40.41648,-3.71166,2,0.0,1.0,48.0,98.0,4,1.69,338,200,4503.0,68.043894,0.8,1.0,1,0,0,0,0,1,0,1,1,0,1,0,0,6,18.0,50.0
3809,40.42139,-3.71851,2,1.0,1.0,52.0,96.0,1,4.94,583,200,3555.0,63.451906,5.9,1.0,1,0,0,0,0,1,0,1,1,1,1,1,0,7,18.0,100.0
3810,40.42457,-3.70215,4,1.0,1.0,97.0,94.0,1,2.15,320,200,4503.0,68.043894,0.8,1.0,1,0,0,0,0,1,0,1,0,1,1,0,0,6,33.0,100.0
3811,40.42414,-3.69964,6,3.0,3.0,153.0,88.0,1,2.05,135,200,4503.0,68.043894,0.8,2.0,1,0,0,0,0,1,0,0,1,0,0,0,0,6,51.0,200.0
3812,40.40347,-3.69572,6,3.0,4.0,90.0,0.0,2,0.0,240,200,3917.0,55.025641,1.9,1.0,1,0,0,0,0,1,0,0,1,0,1,0,0,6,48.0,100.0
3813,40.39719,-3.69882,5,1.0,2.0,73.0,84.0,6,0.4,519,200,3917.0,55.025641,1.9,1.0,1,0,0,0,0,1,0,1,1,1,1,0,0,0,40.5,100.0
3814,40.40056,-3.72222,2,1.0,1.0,51.0,96.0,2,0.53,214,200,2195.0,47.402837,6.6,1.0,1,0,0,0,0,1,0,1,1,0,1,0,0,6,18.0,100.0
3815,40.41031,-3.70712,6,3.0,6.0,86.0,85.0,14,1.22,288,200,4503.0,68.043894,0.8,1.0,1,0,0,0,0,1,0,1,1,0,0,0,0,6,48.0,100.0
3816,40.43229,-3.71549,3,1.0,2.0,51.0,96.0,2,5.28,186,200,4855.0,64.056634,2.4,1.0,1,0,0,0,0,1,0,1,1,0,1,0,0,8,25.5,100.0
3817,40.41928,-3.70127,4,2.0,2.0,85.0,91.0,5,2.19,245,200,4503.0,68.043894,0.8,1.0,1,0,0,0,0,1,0,1,1,0,1,0,0,8,33.0,100.0
3818,40.43985,-3.62632,3,0.0,1.0,54.0,97.0,1,1.09,616,200,2477.0,70.967532,7.3,1.0,1,0,0,1,1,1,0,1,1,1,1,0,0,7,25.5,100.0
3819,40.40291,-3.59151,4,1.0,2.0,56.0,91.0,1,4.6,331,200,2246.0,55.472222,11.2,2.0,1,0,0,0,0,1,0,1,1,0,1,0,0,7,36.0,100.0
3820,40.42779,-3.64134,1,1.0,1.0,23.0,97.0,2,3.59,182,50,2893.0,50.090625,6.5,1.0,0,0,0,0,0,1,0,0,0,0,0,0,0,6,10.5,50.0
3821,40.42207,-3.69858,4,2.0,2.0,64.0,86.0,2,0.15,164,200,4503.0,68.043894,0.8,2.0,1,0,0,0,0,1,0,1,1,0,1,0,0,10,36.0,100.0
3822,40.40271,-3.69212,3,2.0,2.0,62.0,99.0,1,0.73,354,200,3917.0,55.025641,1.9,1.0,1,0,0,0,0,1,0,1,1,0,1,0,0,8,25.5,100.0
3823,40.41993,-3.70088,6,2.0,3.0,89.0,91.0,5,3.39,258,200,4503.0,68.043894,0.8,1.0,1,0,0,0,0,1,0,1,0,0,1,0,0,8,48.0,100.0
3824,40.42125,-3.70082,4,1.0,2.0,70.0,96.0,1,0.98,428,200,4503.0,68.043894,0.8,1.0,1,0,0,0,0,1,0,1,1,0,1,0,0,6,33.0,100.0
3825,40.40926,-3.70047,4,2.0,3.0,84.0,97.0,1,5.1,285,200,4503.0,68.043894,0.8,1.0,1,0,0,0,0,1,0,1,0,0,1,0,0,9,33.0,100.0
3826,40.41782,-3.70443,4,1.0,2.0,83.0,50.0,43,0.06,464,200,4503.0,68.043894,0.8,1.0,1,0,0,0,0,0,0,0,1,1,0,0,0,6,33.0,100.0
3827,40.41782,-3.70443,6,2.0,3.0,177.0,60.0,43,0.04,464,200,4503.0,68.043894,0.8,2.0,1,0,0,0,0,0,0,0,1,1,0,0,0,6,51.0,200.0
3828,40.41782,-3.70443,4,1.0,2.0,118.0,47.0,43,0.06,415,200,4503.0,68.043894,0.8,1.0,1,0,0,0,0,0,0,0,1,1,0,0,0,6,33.0,150.0
3829,40.41782,-3.70443,6,2.0,3.0,177.0,73.0,43,0.06,255,200,4503.0,68.043894,0.8,2.0,1,0,0,0,0,0,0,0,1,1,0,0,0,6,51.0,200.0
3830,40.41782,-3.70443,6,2.0,3.0,107.0,80.0,43,0.02,287,200,4503.0,68.043894,0.8,2.0,1,0,0,0,0,0,0,0,1,1,0,0,0,6,51.0,150.0
3831,40.41782,-3.70443,6,2.0,3.0,177.0,50.0,43,0.04,447,200,4503.0,68.043894,0.8,2.0,1,0,0,0,0,0,0,0,1,1,0,0,0,6,51.0,200.0
3832,40.41758,-3.69789,6,2.0,4.0,107.0,80.0,43,0.02,423,200,4503.0,68.043894,0.8,1.0,1,0,0,0,0,0,0,0,1,0,0,0,0,6,48.0,150.0
3833,40.41291,-3.69826,4,1.0,3.0,42.0,95.0,43,0.1,370,200,4503.0,68.043894,0.8,1.0,1,0,0,0,0,0,0,0,1,0,0,0,0,6,33.0,50.0
3834,40.42133,-3.7013,5,3.0,4.0,118.0,89.0,43,0.16,473,200,4503.0,68.043894,0.8,2.0,1,0,0,0,0,0,0,1,1,1,0,0,0,6,43.5,150.0
3835,40.45308,-3.7051,4,1.0,2.0,34.0,87.0,43,0.08,401,200,3476.0,60.621287,5.9,1.0,1,0,0,0,0,0,0,0,1,0,0,0,0,6,33.0,50.0
3836,40.42899,-3.70045,3,1.0,2.0,48.0,71.0,43,0.15,399,200,4855.0,64.056634,2.4,1.0,1,0,0,0,0,0,0,1,1,0,0,0,0,6,25.5,50.0
3837,40.40741,-3.69757,4,1.0,2.0,59.0,100.0,43,0.07,411,200,4503.0,68.043894,0.8,1.0,1,0,0,0,0,0,0,0,0,0,0,0,0,6,33.0,100.0
3838,40.42096,-3.67789,6,2.0,3.0,83.0,100.0,43,0.03,409,200,4220.0,63.672727,3.2,2.0,1,0,0,0,0,1,0,0,1,0,0,0,0,6,51.0,100.0
3839,40.47512,-3.71388,4,1.0,2.0,59.0,40.0,43,0.02,449,200,3545.0,57.198083,16.4,1.0,1,0,0,0,0,0,0,0,0,0,0,0,0,6,33.0,100.0
3840,40.41639,-3.70432,4,0.0,2.0,77.0,0.0,43,0.0,392,200,4503.0,68.043894,0.8,1.0,1,0,0,0,0,0,0,0,1,0,0,0,0,6,33.0,100.0
3841,40.43872,-3.674,6,2.0,4.0,59.0,87.0,43,0.06,409,200,5328.0,74.694253,2.2,1.0,1,0,0,1,0,1,0,0,1,0,0,0,0,6,48.0,100.0
3842,40.45591,-3.66719,6,2.0,4.0,42.0,28.0,43,0.11,390,200,4508.0,67.220486,5.8,1.0,1,0,0,1,0,1,0,0,0,0,0,0,0,6,48.0,50.0
3843,40.42742,-3.70301,3,0.0,2.0,59.0,40.0,43,0.03,403,200,4503.0,68.043894,0.8,1.0,1,0,0,0,0,1,0,1,1,0,0,0,0,6,25.5,100.0
3844,40.41555,-3.70644,4,1.0,2.0,36.0,100.0,43,0.04,414,200,4503.0,68.043894,0.8,1.0,1,0,0,1,0,0,0,0,1,0,0,0,0,6,33.0,50.0
3845,40.4305,-3.67598,4,2.0,3.0,61.0,89.0,1,1.02,400,200,5328.0,74.694253,2.2,1.0,1,0,0,0,0,1,0,1,0,0,1,0,0,6,33.0,100.0
3846,40.4097,-3.69599,6,3.0,4.0,163.0,98.0,1,0.77,561,200,4503.0,68.043894,0.8,2.0,1,0,0,0,0,1,0,1,1,0,1,0,0,6,51.0,200.0
3847,40.40474,-3.69203,5,3.0,3.0,75.0,89.0,1,1.3,225,200,3917.0,55.025641,1.9,2.0,1,0,0,0,0,1,0,0,1,0,1,0,0,6,43.5,100.0
3848,40.41516,-3.70406,2,1.0,2.0,23.0,90.0,1,0.09,79,50,4503.0,68.043894,0.8,2.0,1,0,0,0,0,1,0,0,0,0,1,0,0,6,21.0,50.0
3849,40.42295,-3.70022,2,1.0,1.0,70.0,85.0,1,0.41,140,200,4503.0,68.043894,0.8,1.0,1,0,0,0,0,1,0,0,0,0,0,0,0,6,18.0,100.0
3850,40.42414,-3.70514,5,1.0,2.0,48.0,98.0,1,2.06,511,200,4503.0,68.043894,0.8,1.0,1,0,0,0,0,1,0,0,0,0,1,0,0,7,40.5,50.0
3851,40.43383,-3.69146,3,1.0,2.0,109.0,100.0,22,0.03,537,200,4855.0,64.056634,2.4,1.0,1,0,0,0,0,1,0,1,1,0,1,0,0,6,25.5,150.0
3852,40.40708,-3.69865,4,2.0,3.0,90.0,94.0,2,1.69,284,200,4503.0,68.043894,0.8,1.0,1,0,0,0,0,1,0,1,1,0,0,0,0,10,33.0,100.0
3853,40.42543,-3.69961,4,1.0,2.0,91.0,99.0,1,1.39,330,200,4503.0,68.043894,0.8,1.0,1,0,0,0,0,1,0,1,1,0,1,0,0,11,33.0,100.0
3854,40.41877,-3.67352,2,2.0,1.0,79.0,100.0,1,0.19,521,50,4220.0,63.672727,3.2,1.5,1,1,1,1,1,1,1,1,1,1,1,1,1,6,19.5,100.0
3855,40.41962,-3.70386,4,1.0,3.0,51.0,96.0,1,1.99,347,200,4503.0,68.043894,0.8,1.0,1,0,0,0,0,1,0,1,1,0,1,0,0,9,33.0,100.0
3856,40.43837,-3.65239,2,1.0,2.0,25.0,63.0,1,0.11,221,50,2893.0,50.090625,6.5,1.0,1,0,0,0,0,1,0,0,1,0,1,0,0,6,18.0,50.0
3857,40.49066,-3.72134,4,2.0,3.0,129.0,0.0,1,0.0,282,200,3545.0,57.198083,16.4,1.0,1,0,0,0,0,1,0,1,0,0,1,0,0,6,33.0,150.0
3858,40.42652,-3.66714,2,1.0,1.0,25.0,80.0,1,0.08,127,50,5328.0,74.694253,2.2,1.0,0,0,0,0,0,1,0,0,1,0,1,0,0,6,18.0,50.0
3859,40.43351,-3.69979,2,1.0,1.0,65.0,91.0,1,1.03,409,200,4855.0,64.056634,2.4,1.0,1,0,0,0,0,1,0,1,0,0,1,0,0,0,18.0,100.0
3860,40.41845,-3.70868,2,0.0,1.0,35.0,86.0,6,5.79,360,200,4503.0,68.043894,0.8,1.0,1,0,0,0,0,1,0,1,0,0,1,0,0,6,18.0,50.0
3861,40.4169,-3.70838,2,0.0,1.0,36.0,88.0,6,5.3,348,200,4503.0,68.043894,0.8,1.0,1,0,0,0,0,1,0,1,0,1,1,0,0,6,18.0,50.0
3862,40.41751,-3.70666,2,0.0,1.0,36.0,86.0,6,5.12,356,200,4503.0,68.043894,0.8,1.0,1,0,0,0,0,1,0,1,0,0,1,0,0,6,18.0,50.0
3863,40.41814,-3.70655,4,0.0,2.0,40.0,85.0,6,4.61,357,200,4503.0,68.043894,0.8,1.0,1,0,0,0,0,1,0,1,0,1,1,0,0,6,33.0,50.0
3864,40.42047,-3.69939,4,1.0,1.0,69.0,97.0,1,3.57,432,200,4503.0,68.043894,0.8,1.0,1,0,0,1,0,1,0,1,1,0,1,0,0,9,33.0,100.0
3865,40.40168,-3.72281,2,1.0,1.0,39.0,94.0,2,0.47,208,200,2195.0,47.402837,6.6,1.0,1,0,0,0,0,1,0,1,1,0,0,0,0,6,18.0,50.0
3866,40.40976,-3.70471,2,1.0,1.0,70.0,96.0,1,2.05,300,200,4503.0,68.043894,0.8,1.0,1,0,0,0,0,1,0,0,0,0,1,0,0,8,18.0,100.0
3867,40.43623,-3.62453,2,1.0,1.0,150.0,95.0,1,0.62,503,50,2477.0,70.967532,7.3,1.0,0,0,0,0,0,1,0,1,1,1,1,0,0,7,18.0,150.0
3868,40.41703,-3.71013,5,1.0,1.0,150.0,98.0,1,0.25,239,200,4503.0,68.043894,0.8,1.0,1,0,0,0,0,1,0,1,1,0,1,0,0,6,40.5,150.0
3869,40.42142,-3.69658,5,2.0,2.0,40.0,98.0,2,4.37,308,200,4503.0,68.043894,0.8,1.0,1,0,0,0,0,1,0,1,0,0,1,0,0,6,40.5,50.0
3870,40.41358,-3.71137,2,1.0,1.0,22.0,98.0,4,1.53,379,50,4503.0,68.043894,0.8,1.5,1,0,0,0,0,1,0,0,1,1,1,0,0,9,19.5,50.0
3871,40.42141,-3.69927,6,2.0,2.0,85.0,96.0,11,4.13,587,200,4503.0,68.043894,0.8,2.0,1,0,0,0,0,1,0,1,1,0,1,0,0,7,51.0,100.0
3872,40.4269,-3.67679,2,1.0,1.0,35.0,93.0,1,0.13,158,50,5328.0,74.694253,2.2,1.0,1,0,0,0,0,1,0,0,0,0,1,0,0,9,18.0,50.0
3873,40.43383,-3.69146,3,1.0,2.0,84.0,0.0,22,0.0,537,200,4855.0,64.056634,2.4,1.0,1,0,0,0,0,1,0,1,1,0,1,0,0,6,25.5,100.0
3874,40.42384,-3.68694,2,1.0,1.0,77.0,0.0,1,0.0,83,50,5328.0,74.694253,2.2,1.0,1,0,0,0,0,1,0,0,1,0,0,0,0,6,18.0,100.0
3875,40.42192,-3.69857,2,1.0,1.0,40.0,80.0,2,0.02,200,50,4503.0,68.043894,0.8,1.0,1,0,0,0,0,1,0,1,1,0,1,0,0,10,18.0,50.0
3876,40.41111,-3.7055,3,1.0,1.0,80.0,98.0,4,3.55,520,200,4503.0,68.043894,0.8,1.0,1,0,0,0,0,1,0,1,1,1,1,0,0,7,25.5,100.0
3877,40.50486,-3.67406,2,1.0,1.0,113.0,93.0,10,0.22,208,200,3545.0,57.198083,16.4,1.0,1,0,0,0,0,1,1,1,1,0,0,0,0,7,18.0,150.0
3878,40.50441,-3.67284,2,1.0,1.0,126.0,91.0,10,0.18,206,200,3545.0,57.198083,16.4,1.0,1,1,1,1,1,1,1,1,1,1,1,1,1,7,18.0,150.0
3879,40.39476,-3.76323,1,1.0,1.0,23.0,98.0,1,0.28,837,50,2287.0,47.008319,4.7,1.0,0,0,0,0,0,1,0,1,0,1,0,0,0,8,10.5,50.0
3880,40.41509,-3.70204,6,2.0,2.0,77.0,93.0,25,4.65,465,200,4503.0,68.043894,0.8,1.0,1,0,0,1,0,1,0,1,0,1,0,0,1,6,48.0,100.0
3881,40.43536,-3.61791,1,1.0,1.0,19.0,98.0,1,1.21,115,50,2477.0,70.967532,7.3,1.0,0,0,0,1,1,1,0,1,1,0,1,0,0,10,10.5,50.0
3883,40.41136,-3.697,4,1.0,2.0,50.0,89.0,2,1.5,629,200,4503.0,68.043894,0.8,1.5,1,0,0,0,0,1,0,1,0,1,1,0,1,6,34.5,50.0
3884,40.43383,-3.69146,2,1.0,1.0,123.0,100.0,22,0.05,589,200,4855.0,64.056634,2.4,1.0,1,0,0,0,0,1,0,1,1,1,1,0,0,6,18.0,150.0
3885,40.3826,-3.74347,1,1.0,1.0,20.0,96.0,2,2.36,315,50,2195.0,47.402837,6.6,1.0,0,0,0,0,0,1,0,1,0,0,1,0,0,6,10.5,50.0
3886,40.38238,-3.74359,1,1.0,1.0,18.0,94.0,2,2.16,255,50,2195.0,47.402837,6.6,1.0,0,0,0,0,0,1,0,0,0,0,1,0,0,6,10.5,50.0
3887,40.40536,-3.69141,2,1.0,1.0,72.0,100.0,1,0.15,508,200,3917.0,55.025641,1.9,1.5,1,0,0,0,0,1,0,1,1,0,1,0,0,6,19.5,100.0
3888,40.39039,-3.71591,2,1.0,1.0,25.0,0.0,1,0.0,64,50,2195.0,47.402837,6.6,1.5,1,0,0,0,0,1,0,0,0,0,1,0,0,6,19.5,50.0
3889,40.42649,-3.70154,2,0.0,1.0,50.0,93.0,2,2.39,226,200,4503.0,68.043894,0.8,1.0,1,0,0,0,0,0,0,0,0,0,0,0,0,9,18.0,50.0
3890,40.41176,-3.69557,2,0.0,1.0,43.0,94.0,15,7.07,339,200,4503.0,68.043894,0.8,1.5,1,0,0,0,0,1,0,1,0,0,0,0,0,9,19.5,50.0
3891,40.43318,-3.71337,4,1.0,2.0,55.0,95.0,2,1.95,384,200,4855.0,64.056634,2.4,1.0,1,0,0,0,0,1,0,0,0,0,1,0,0,10,33.0,100.0
3892,40.42446,-3.70714,2,1.0,1.0,55.0,85.0,1,0.15,71,200,4503.0,68.043894,0.8,1.0,1,0,0,0,0,1,0,0,0,0,0,0,0,6,18.0,100.0
3893,40.44747,-3.77839,2,1.0,2.0,35.0,97.0,6,0.95,882,50,3555.0,63.451906,5.9,2.0,0,0,0,1,0,1,0,1,1,1,1,0,1,6,21.0,50.0
3894,40.44737,-3.77881,2,1.0,1.0,45.0,99.0,6,1.15,825,50,3555.0,63.451906,5.9,2.0,0,0,0,1,0,1,0,1,1,1,1,0,1,6,21.0,50.0
3895,40.50447,-3.6968,3,1.0,1.0,69.0,100.0,1,0.29,235,200,3545.0,57.198083,16.4,1.0,1,0,0,0,0,1,1,1,1,0,1,0,0,6,25.5,100.0
3896,40.42088,-3.70719,4,0.0,2.0,94.0,98.0,2,3.06,494,200,4503.0,68.043894,0.8,1.0,1,0,0,0,0,1,0,1,1,1,1,1,0,10,33.0,100.0
3897,40.4154,-3.67192,1,1.0,1.0,35.0,100.0,2,0.11,159,50,4220.0,63.672727,3.2,1.0,0,0,0,0,0,1,0,0,1,0,0,0,0,6,10.5,50.0
3898,40.41242,-3.71881,2,0.0,1.0,50.0,40.0,1,0.02,141,200,3917.0,55.025641,1.9,1.0,1,0,0,0,0,0,0,0,1,0,1,0,0,9,18.0,50.0
3899,40.42398,-3.70086,4,0.0,2.0,58.0,88.0,1,1.78,304,200,4503.0,68.043894,0.8,1.0,1,0,0,0,0,1,0,1,1,1,1,0,0,6,33.0,100.0
3900,40.38631,-3.66275,3,3.0,3.0,45.0,0.0,3,0.0,204,200,1890.0,41.443535,5.0,1.0,1,0,0,0,0,1,0,1,0,0,1,0,0,7,25.5,50.0
3901,40.42742,-3.70821,1,1.0,1.0,21.0,0.0,1,0.0,123,50,4503.0,68.043894,0.8,1.0,0,0,0,0,0,1,0,0,0,0,1,0,0,6,10.5,50.0
3902,40.507,-3.67153,3,2.0,2.0,45.0,100.0,1,0.09,204,200,3545.0,57.198083,16.4,1.0,1,0,0,0,0,1,1,1,1,0,0,0,0,7,25.5,50.0
3903,40.38554,-3.70331,3,0.0,3.0,46.0,91.0,21,0.28,398,200,2316.0,43.910072,4.6,1.0,1,0,0,0,0,1,0,1,1,0,1,0,0,7,25.5,50.0
3904,40.44526,-3.786,2,1.0,1.0,50.0,98.0,1,1.0,528,50,3555.0,63.451906,5.9,1.0,1,0,0,0,0,1,1,0,1,0,1,0,1,7,18.0,50.0
3905,40.40872,-3.69895,4,2.0,4.0,68.0,98.0,1,2.14,691,200,4503.0,68.043894,0.8,1.0,1,0,0,0,0,1,0,1,1,1,1,0,1,7,33.0,100.0
3906,40.42973,-3.67223,4,1.0,2.0,136.0,97.0,1,0.12,394,200,5328.0,74.694253,2.2,1.5,1,0,0,0,0,1,0,1,1,1,1,0,0,9,34.5,150.0
3907,40.4114,-3.70188,3,1.0,2.0,41.0,100.0,1,0.02,65,200,4503.0,68.043894,0.8,1.0,1,0,0,0,0,1,0,0,0,0,0,0,0,8,25.5,50.0
3908,40.4131,-3.73255,2,1.0,1.0,24.0,98.0,1,1.05,408,50,2287.0,47.008319,4.7,1.0,0,0,0,0,0,1,0,1,0,0,1,0,0,8,18.0,50.0
3909,40.40902,-3.71051,4,2.0,2.0,106.0,95.0,7,0.73,331,200,4503.0,68.043894,0.8,2.0,1,0,0,0,1,1,0,1,0,0,1,0,0,7,36.0,150.0
3910,40.42699,-3.71886,6,4.0,4.0,149.0,95.0,4,0.6,709,200,3555.0,63.451906,5.9,3.0,1,0,0,0,0,1,0,1,1,0,1,0,0,10,54.0,150.0
3911,40.44339,-3.66868,5,1.0,4.0,66.0,95.0,1,1.01,426,200,4508.0,67.220486,5.8,1.0,1,0,0,0,0,1,0,1,1,0,1,0,1,6,40.5,100.0
3912,40.41592,-3.70685,10,4.0,6.0,242.0,96.0,11,4.31,325,200,4503.0,68.043894,0.8,2.0,1,0,0,0,0,1,0,1,0,0,0,0,0,6,81.0,200.0
3913,40.45684,-3.58797,3,1.0,3.0,33.0,100.0,2,0.19,280,50,3047.0,56.183432,11.8,1.0,0,0,0,0,0,1,0,0,1,1,0,0,0,6,25.5,50.0
3914,40.39918,-3.69849,4,1.0,2.0,68.0,89.0,6,1.06,494,200,3917.0,55.025641,1.9,1.0,1,0,0,0,0,1,0,1,1,1,1,0,0,0,33.0,100.0
3915,40.39394,-3.70888,2,1.0,2.0,17.0,93.0,1,0.97,211,50,2195.0,47.402837,6.6,1.0,1,0,0,0,0,1,0,1,0,0,0,0,0,6,18.0,50.0
3916,40.41401,-3.70512,7,2.0,2.0,75.0,94.0,25,4.53,420,200,4503.0,68.043894,0.8,2.0,1,0,0,0,0,1,0,1,1,0,0,0,0,6,58.5,100.0
3917,40.41051,-3.71487,5,3.0,3.0,300.0,0.0,2,0.0,96,200,4503.0,68.043894,0.8,1.5,1,0,0,0,0,1,0,0,1,0,0,0,0,10,42.0,200.0
3918,40.43417,-3.7116,1,1.0,1.0,14.0,96.0,1,0.09,117,50,4855.0,64.056634,2.4,2.0,0,0,0,0,0,1,0,0,1,0,1,0,0,6,13.5,50.0
3919,40.47573,-3.64745,1,1.0,1.0,15.0,85.0,1,0.11,329,50,3312.0,62.061453,9.2,1.0,0,0,0,0,0,1,0,0,0,0,0,0,0,6,10.5,50.0
3920,40.42088,-3.70472,4,2.0,3.0,60.0,95.0,1,4.23,554,200,4503.0,68.043894,0.8,1.0,1,0,0,0,0,1,0,1,1,0,1,0,0,6,33.0,100.0
3921,40.41071,-3.73493,2,1.0,1.0,18.0,83.0,4,1.66,291,50,2287.0,47.008319,4.7,1.0,0,0,0,0,0,1,0,0,1,0,0,0,0,6,18.0,50.0
3922,40.42697,-3.67311,3,2.0,2.0,80.0,0.0,1,0.0,177,200,5328.0,74.694253,2.2,1.0,1,1,1,1,1,1,0,1,1,0,0,0,0,10,25.5,100.0
3923,40.40456,-3.69538,4,1.0,2.0,75.0,94.0,1,0.19,225,200,3917.0,55.025641,1.9,1.0,1,0,0,0,0,1,0,0,1,0,1,0,0,10,33.0,100.0
3924,40.4244,-3.70712,2,1.0,1.0,64.0,100.0,7,0.12,407,200,4503.0,68.043894,0.8,1.0,1,1,1,1,1,1,1,1,1,1,1,1,1,6,18.0,100.0
3925,40.41157,-3.70159,4,1.0,1.0,73.0,98.0,1,1.34,362,200,4503.0,68.043894,0.8,1.0,1,1,1,1,1,1,1,1,1,1,1,1,1,10,33.0,100.0
3926,40.42657,-3.70555,2,0.0,1.0,33.0,93.0,7,0.74,344,200,4503.0,68.043894,0.8,1.0,1,0,0,0,0,1,0,1,0,0,1,0,0,6,18.0,50.0
3927,40.42427,-3.70573,3,1.0,2.0,71.0,92.0,7,0.52,369,200,4503.0,68.043894,0.8,1.0,1,0,0,0,0,1,0,1,0,0,1,0,0,6,25.5,100.0
3928,40.42704,-3.71245,4,2.0,3.0,59.0,100.0,3,0.18,317,200,4503.0,68.043894,0.8,1.0,1,0,0,0,0,1,0,1,1,0,1,0,0,9,33.0,100.0
3929,40.45871,-3.67296,6,2.0,4.0,144.0,98.0,2,1.57,459,200,4508.0,67.220486,5.8,2.0,1,0,0,0,0,1,1,1,1,0,1,0,0,6,51.0,150.0
3930,40.42559,-3.70763,2,1.0,2.0,35.0,86.0,7,0.72,369,200,4503.0,68.043894,0.8,1.0,1,0,0,0,0,1,0,1,0,0,1,0,0,6,18.0,50.0
3931,40.42448,-3.70756,2,1.0,2.0,36.0,95.0,7,1.14,426,200,4503.0,68.043894,0.8,1.0,1,0,0,0,0,1,0,1,0,0,1,0,0,6,18.0,50.0
3932,40.42399,-3.70761,2,1.0,1.0,47.0,94.0,3,3.95,357,200,4503.0,68.043894,0.8,1.0,1,0,0,0,0,1,0,1,1,0,1,0,0,8,18.0,50.0
3933,40.42246,-3.68515,2,1.0,2.0,45.0,93.0,10,0.73,433,200,5328.0,74.694253,2.2,1.0,1,0,0,0,0,1,0,1,0,0,1,0,0,6,18.0,50.0
3934,40.40843,-3.69977,4,1.0,2.0,36.0,96.0,1,1.11,604,200,4503.0,68.043894,0.8,1.0,1,0,0,0,0,1,0,1,0,0,0,1,0,6,33.0,50.0
3935,40.42102,-3.70205,4,1.0,1.0,79.0,94.0,2,2.2,205,200,4503.0,68.043894,0.8,1.0,1,0,0,0,0,1,0,1,0,0,0,0,0,6,33.0,100.0
3936,40.42264,-3.7026,4,1.0,1.0,81.0,93.0,2,1.74,339,200,4503.0,68.043894,0.8,1.0,1,0,0,0,0,1,0,1,0,0,1,0,0,6,33.0,100.0
3937,40.40061,-3.69668,2,1.0,2.0,58.0,86.0,1,0.25,150,200,3917.0,55.025641,1.9,1.0,1,0,0,0,0,1,0,0,0,0,0,0,0,7,18.0,100.0
3938,40.45539,-3.6988,2,1.0,1.0,56.0,91.0,2,1.02,452,50,3476.0,60.621287,5.9,1.0,1,1,1,1,1,1,1,1,1,1,1,1,1,6,18.0,100.0
3939,40.41477,-3.70163,3,1.0,2.0,50.0,80.0,3,1.15,265,50,4503.0,68.043894,0.8,1.0,1,0,0,0,0,0,0,0,1,0,1,0,0,6,25.5,50.0
3940,40.44326,-3.67705,2,0.0,1.0,45.0,95.0,2,0.65,396,200,4508.0,67.220486,5.8,1.0,1,0,0,0,0,1,0,1,0,0,1,0,0,6,18.0,50.0
3941,40.42662,-3.70458,3,2.0,2.0,64.0,81.0,1,0.85,286,200,4503.0,68.043894,0.8,1.5,1,0,0,0,0,1,0,0,0,0,1,0,0,6,27.0,100.0
3942,40.41476,-3.70269,4,1.0,1.0,89.0,96.0,1,3.11,368,200,4503.0,68.043894,0.8,1.0,1,0,0,0,0,1,0,1,1,1,1,0,0,6,33.0,100.0
3943,40.43118,-3.67657,1,1.0,2.0,18.0,90.0,15,0.18,705,50,5328.0,74.694253,2.2,2.0,0,0,0,0,0,1,1,0,1,0,1,0,0,6,13.5,50.0
3944,40.42212,-3.70482,2,1.0,1.0,91.0,100.0,4,0.04,199,200,4503.0,68.043894,0.8,1.0,1,0,0,0,0,1,0,1,1,0,0,0,0,9,18.0,100.0
3946,40.43496,-3.66446,6,2.0,4.0,131.0,97.0,1,3.92,665,200,5328.0,74.694253,2.2,1.0,1,0,0,0,0,1,0,1,0,1,1,0,0,6,48.0,150.0
3947,40.4315,-3.71975,1,1.0,1.0,15.0,40.0,1,0.04,114,50,3555.0,63.451906,5.9,1.0,0,0,0,0,0,1,0,0,1,0,1,0,0,6,10.5,50.0
3948,40.4398,-3.69992,3,2.0,1.0,200.0,100.0,1,0.04,200,200,4855.0,64.056634,2.4,2.0,1,0,0,0,0,1,0,1,1,0,1,0,0,10,28.5,200.0
3949,40.44851,-3.70232,4,1.0,2.0,58.0,87.0,7,2.93,275,200,3476.0,60.621287,5.9,1.0,1,0,0,0,0,1,0,1,0,0,1,0,0,8,33.0,100.0
3950,40.39615,-3.71368,5,2.0,3.0,34.0,97.0,1,0.86,164,200,2195.0,47.402837,6.6,1.0,1,0,0,0,0,1,0,0,0,0,1,0,0,6,40.5,50.0
3951,40.41058,-3.70217,4,0.0,2.0,56.0,94.0,17,1.24,530,200,4503.0,68.043894,0.8,1.0,1,0,0,0,0,1,0,1,1,1,1,0,0,9,33.0,100.0
3952,40.40964,-3.70117,1,1.0,1.0,27.0,97.0,2,0.98,130,50,4503.0,68.043894,0.8,1.0,0,0,0,0,0,1,0,0,0,0,1,0,0,6,10.5,50.0
3953,40.42455,-3.70735,2,2.0,3.0,42.0,97.0,7,0.2,457,200,4503.0,68.043894,0.8,1.0,1,0,0,0,0,1,0,1,0,0,1,0,0,6,18.0,50.0
3954,40.43352,-3.7148,1,1.0,1.0,38.0,95.0,19,0.08,406,50,4855.0,64.056634,2.4,5.5,1,1,1,1,1,1,1,1,1,1,1,1,1,6,24.0,50.0
3956,40.45091,-3.70253,1,1.0,1.0,19.0,93.0,1,0.06,130,50,3476.0,60.621287,5.9,2.0,0,0,0,0,0,1,0,0,1,0,1,0,0,6,13.5,50.0
3957,40.41472,-3.7034,5,2.0,2.0,69.0,95.0,1,6.55,480,200,4503.0,68.043894,0.8,1.5,1,0,0,0,0,1,0,1,0,0,1,0,0,7,42.0,100.0
3958,40.40867,-3.6798,5,3.0,3.0,175.0,98.0,1,0.79,719,200,4220.0,63.672727,3.2,2.0,1,0,0,0,0,1,0,1,1,1,1,0,1,7,43.5,200.0
3959,40.38243,-3.65846,2,1.0,1.0,70.0,97.0,1,1.05,464,200,1890.0,41.443535,5.0,1.0,1,0,1,0,0,1,0,1,1,1,1,0,0,6,18.0,100.0
3960,40.41758,-3.70125,4,1.0,1.0,137.0,96.0,14,1.76,530,200,4503.0,68.043894,0.8,1.0,1,0,0,0,0,1,0,1,1,1,1,0,0,8,33.0,150.0
3961,40.41109,-3.70227,6,2.0,4.0,40.0,89.0,6,3.35,384,200,4503.0,68.043894,0.8,1.0,1,0,0,0,0,1,0,1,0,0,0,0,0,10,48.0,50.0
3962,40.4173,-3.70394,2,1.0,1.0,80.0,100.0,1,0.06,166,200,4503.0,68.043894,0.8,1.0,1,0,0,0,0,1,0,1,1,0,0,0,0,9,18.0,100.0
3963,40.4146,-3.70048,6,2.0,3.0,109.0,80.0,3,0.21,152,200,4503.0,68.043894,0.8,1.0,1,0,0,0,0,1,0,1,1,0,0,0,0,6,48.0,150.0
3964,40.42213,-3.70278,4,2.0,2.0,137.0,100.0,3,0.05,96,200,4503.0,68.043894,0.8,1.0,1,0,0,0,0,1,0,0,0,0,0,0,0,10,33.0,150.0
3965,40.46683,-3.63681,1,1.0,1.0,52.0,98.0,1,0.3,295,50,3312.0,62.061453,9.2,1.0,1,0,0,0,0,1,0,0,1,0,1,0,0,6,10.5,100.0
3966,40.43675,-3.67862,2,1.0,1.0,49.0,0.0,1,0.0,168,200,5328.0,74.694253,2.2,1.0,1,0,0,0,0,1,0,1,1,0,1,0,0,10,18.0,50.0
3967,40.39581,-3.66791,2,1.0,1.0,36.0,84.0,4,3.4,239,200,1890.0,41.443535,5.0,1.0,1,0,0,0,0,1,0,1,0,0,0,0,0,6,18.0,50.0
3968,40.41044,-3.70081,4,1.0,1.0,79.0,97.0,1,1.36,465,200,4503.0,68.043894,0.8,1.0,1,0,0,0,0,1,0,1,0,1,1,0,0,8,33.0,100.0
3969,40.38146,-3.69916,1,1.0,1.0,26.0,94.0,1,1.41,261,50,2316.0,43.910072,4.6,1.0,0,0,0,0,0,1,0,0,0,0,0,0,0,6,10.5,50.0
3970,40.41037,-3.69753,6,2.0,4.0,54.0,88.0,1,4.91,359,200,4503.0,68.043894,0.8,1.0,1,0,0,0,0,0,0,1,0,0,1,0,0,6,48.0,100.0
3971,40.42,-3.69969,4,1.0,2.0,53.0,84.0,66,5.36,448,200,4503.0,68.043894,0.8,1.0,1,0,0,0,0,1,0,1,1,1,1,0,0,6,33.0,100.0
3972,40.41368,-3.69926,2,1.0,1.0,63.0,100.0,1,0.21,156,200,4503.0,68.043894,0.8,1.0,1,0,0,0,0,1,0,1,0,0,1,0,0,6,18.0,100.0
3973,40.40959,-3.70617,4,2.0,2.0,66.0,92.0,1,0.98,349,200,4503.0,68.043894,0.8,1.5,1,0,0,0,0,1,0,1,0,1,1,0,0,8,34.5,100.0
3974,40.38557,-3.74197,6,4.0,6.0,85.0,91.0,2,0.59,371,200,2195.0,47.402837,6.6,2.0,1,0,0,0,0,1,0,1,0,0,0,0,0,6,51.0,100.0
3975,40.41534,-3.70263,6,2.0,6.0,136.0,94.0,5,2.3,735,200,4503.0,68.043894,0.8,1.0,1,0,0,0,0,1,0,1,0,1,1,0,0,11,48.0,150.0
3976,40.38554,-3.70331,2,0.0,2.0,39.0,93.0,21,0.6,452,200,2316.0,43.910072,4.6,1.0,1,0,0,0,0,1,0,1,1,1,1,0,0,7,18.0,50.0
3977,40.41987,-3.70103,4,1.0,2.0,53.0,83.0,66,4.52,458,200,4503.0,68.043894,0.8,1.0,1,0,0,0,0,1,0,1,1,1,1,0,0,6,33.0,100.0
3978,40.40295,-3.69382,7,3.0,5.0,178.0,99.0,1,3.22,433,200,3917.0,55.025641,1.9,2.0,1,0,0,0,0,1,0,1,1,0,0,0,0,6,58.5,200.0
3979,40.40389,-3.69714,6,2.0,3.0,57.0,98.0,1,0.34,516,200,3917.0,55.025641,1.9,2.0,1,0,0,0,0,1,0,1,0,1,1,0,0,7,51.0,100.0
3980,40.40976,-3.69693,3,1.0,2.0,56.0,94.0,6,4.83,345,200,4503.0,68.043894,0.8,1.0,1,0,0,1,0,1,0,0,1,0,1,0,0,6,25.5,100.0
3981,40.42118,-3.69932,4,1.0,2.0,52.0,88.0,66,5.32,438,200,4503.0,68.043894,0.8,1.0,1,0,0,0,0,1,0,1,1,0,1,0,0,6,33.0,100.0
3982,40.41333,-3.69708,4,1.0,2.0,54.0,80.0,66,4.39,428,200,4503.0,68.043894,0.8,1.0,1,0,0,0,0,1,0,1,1,0,1,0,0,6,33.0,100.0
3983,40.39089,-3.66939,2,1.0,1.0,57.0,96.0,6,1.07,483,50,1890.0,41.443535,5.0,1.5,0,0,0,0,0,1,0,0,0,0,1,0,0,10,19.5,100.0
3984,40.41313,-3.72843,6,2.0,3.0,94.0,97.0,6,2.02,668,200,2287.0,47.008319,4.7,1.0,1,0,0,0,0,1,0,1,0,1,1,0,1,8,48.0,100.0
3985,40.42133,-3.7005,3,0.0,2.0,50.0,91.0,88,4.86,355,200,4503.0,68.043894,0.8,1.0,1,0,0,0,0,1,0,1,1,1,1,0,0,6,25.5,50.0
3986,40.47103,-3.58755,2,1.0,1.0,41.0,100.0,1,0.8,136,50,3047.0,56.183432,11.8,1.0,1,0,0,1,1,1,0,0,0,0,0,0,0,6,18.0,50.0
3987,40.43184,-3.65163,1,1.0,1.0,10.0,0.0,1,0.0,117,50,2893.0,50.090625,6.5,1.0,1,0,0,0,0,1,0,0,0,0,0,0,0,6,10.5,50.0
3988,40.40929,-3.705,4,1.0,2.0,79.0,95.0,1,1.12,516,200,4503.0,68.043894,0.8,1.0,1,0,0,0,0,1,0,1,0,1,1,0,0,7,33.0,100.0
3989,40.41607,-3.71012,3,0.0,2.0,61.0,90.0,88,4.81,381,200,4503.0,68.043894,0.8,1.0,1,0,0,0,0,1,0,1,1,0,1,0,0,6,25.5,100.0
3990,40.40934,-3.70788,2,1.0,1.0,36.0,96.0,3,3.69,412,200,4503.0,68.043894,0.8,1.0,1,0,0,0,0,1,0,1,0,0,1,0,0,6,18.0,50.0
3991,40.409,-3.73644,4,0.0,2.0,43.0,98.0,1,0.34,189,200,2287.0,47.008319,4.7,1.0,1,0,0,0,0,1,0,1,1,0,0,0,0,7,33.0,50.0
3993,40.40764,-3.70585,1,0.0,1.0,51.0,70.0,7,0.09,298,200,4503.0,68.043894,0.8,1.0,1,0,0,0,0,1,0,1,0,0,1,0,0,9,10.5,100.0
3994,40.44441,-3.69894,2,1.0,1.0,100.0,95.0,2,4.42,194,200,4855.0,64.056634,2.4,1.0,1,0,0,0,0,1,0,1,0,0,0,0,0,8,18.0,100.0
3995,40.41178,-3.70625,1,1.0,1.0,28.0,95.0,1,1.4,317,50,4503.0,68.043894,0.8,1.0,0,0,0,0,0,1,0,1,1,0,0,0,0,7,10.5,50.0
3996,40.40891,-3.70793,5,3.0,4.0,130.0,98.0,1,2.34,423,200,4503.0,68.043894,0.8,1.0,1,0,0,0,0,1,0,1,1,0,1,0,0,6,40.5,150.0
3997,40.44852,-3.67393,4,1.0,2.0,86.0,100.0,1,0.02,172,200,4508.0,67.220486,5.8,1.0,1,0,0,0,0,0,0,0,1,0,1,0,0,6,33.0,100.0
3998,40.42572,-3.68893,10,5.0,8.0,381.0,98.0,19,2.13,538,200,5328.0,74.694253,2.2,4.5,1,0,0,0,0,1,0,1,1,1,0,0,0,8,88.5,200.0
3999,40.40443,-3.69747,3,1.0,2.0,50.0,0.0,1,0.0,178,200,3917.0,55.025641,1.9,1.0,1,0,0,1,0,0,0,1,1,0,1,0,0,8,25.5,50.0
4000,40.41908,-3.70355,3,2.0,4.0,148.0,98.0,1,1.13,426,200,4503.0,68.043894,0.8,1.0,1,0,0,0,0,1,0,1,1,1,1,0,0,9,25.5,150.0
4001,40.40834,-3.69943,4,2.0,2.0,49.0,92.0,6,2.9,336,200,4503.0,68.043894,0.8,1.0,1,0,0,0,0,1,0,1,1,0,0,0,0,10,33.0,50.0
4002,40.39645,-3.73169,4,2.0,3.0,59.0,93.0,3,2.82,715,200,2195.0,47.402837,6.6,1.0,1,0,0,0,0,1,0,1,0,0,1,0,0,6,33.0,100.0
4003,40.41346,-3.70701,1,1.0,1.0,33.0,80.0,3,0.33,107,50,4503.0,68.043894,0.8,1.0,1,0,0,0,0,1,0,0,1,0,0,0,0,6,10.5,50.0
4004,40.40459,-3.68134,2,1.0,1.0,20.0,90.0,1,0.04,80,50,4220.0,63.672727,3.2,1.0,1,0,0,0,0,1,0,0,1,0,0,0,0,6,18.0,50.0
4005,40.41285,-3.70574,4,2.0,2.0,67.0,97.0,7,3.35,481,200,4503.0,68.043894,0.8,1.0,1,0,0,0,0,1,0,1,1,0,0,0,0,6,33.0,100.0
4006,40.40835,-3.71226,2,1.0,1.0,25.0,89.0,1,0.31,273,50,4503.0,68.043894,0.8,1.0,0,0,0,0,0,1,0,0,1,1,0,0,0,6,18.0,50.0
4007,40.39373,-3.66042,5,0.0,2.0,48.0,0.0,2,0.0,122,200,1890.0,41.443535,5.0,1.0,1,0,0,0,0,0,0,0,0,0,0,0,0,6,40.5,50.0
4008,40.43923,-3.65502,1,1.0,1.0,21.0,100.0,1,0.02,176,50,2893.0,50.090625,6.5,1.0,0,0,0,0,0,1,0,0,1,0,1,0,0,8,10.5,50.0
4009,40.41782,-3.70443,6,2.0,3.0,177.0,94.0,43,0.15,472,200,4503.0,68.043894,0.8,2.0,1,0,0,0,0,1,0,0,1,1,0,0,0,6,51.0,200.0
4010,40.4296,-3.62345,1,1.0,1.0,20.0,94.0,1,2.08,248,50,2477.0,70.967532,7.3,1.0,0,0,0,0,0,1,0,0,0,0,0,0,0,6,10.5,50.0
4011,40.41261,-3.70534,4,1.0,2.0,57.0,97.0,7,3.09,653,200,4503.0,68.043894,0.8,1.0,1,0,0,0,0,1,0,1,1,1,0,0,0,6,33.0,100.0
4012,40.41718,-3.67287,4,1.0,2.0,79.0,94.0,1,0.46,343,200,4220.0,63.672727,3.2,1.0,1,0,0,0,0,1,0,1,1,0,1,0,0,8,33.0,100.0
4013,40.4721,-3.69187,2,1.0,1.0,25.0,65.0,2,0.16,139,50,3476.0,60.621287,5.9,1.0,0,0,0,0,0,1,0,1,0,0,0,0,0,6,18.0,50.0
4014,40.42842,-3.64568,1,1.0,1.0,19.0,98.0,1,0.3,376,50,2893.0,50.090625,6.5,1.0,0,0,0,0,0,1,0,0,0,1,1,0,0,6,10.5,50.0
4015,40.40304,-3.69535,3,1.0,1.0,78.0,90.0,1,1.55,170,200,3917.0,55.025641,1.9,1.0,1,0,0,0,0,1,0,0,0,0,1,0,0,6,25.5,100.0
4016,40.40906,-3.69506,3,2.0,1.0,40.0,80.0,8,0.04,215,200,4503.0,68.043894,0.8,1.0,1,1,1,1,1,1,1,1,1,1,1,1,1,10,25.5,50.0
4017,40.42124,-3.71787,10,3.0,8.0,236.0,94.0,2,1.42,149,200,3555.0,63.451906,5.9,1.0,1,0,0,0,0,1,0,1,1,0,0,0,0,7,78.0,200.0
4018,40.42271,-3.70273,4,2.0,3.0,51.0,95.0,1,3.78,269,200,4503.0,68.043894,0.8,1.0,1,0,0,0,0,1,0,1,1,0,1,0,0,6,33.0,100.0
4019,40.41449,-3.70767,2,1.0,1.0,59.0,97.0,1,4.11,486,200,4503.0,68.043894,0.8,1.0,1,0,0,0,0,1,0,1,0,0,1,0,0,6,18.0,100.0
4020,40.42114,-3.69899,2,6.0,1.0,35.0,70.0,3,0.08,116,50,4503.0,68.043894,0.8,1.0,1,1,1,1,1,1,1,1,1,1,1,1,1,6,18.0,50.0
4021,40.4483,-3.70573,2,1.0,1.0,50.0,100.0,1,0.02,27,50,3476.0,60.621287,5.9,1.0,1,0,0,0,0,0,0,0,0,0,0,0,0,8,18.0,50.0
4022,40.3459,-3.67845,1,1.0,1.0,28.0,0.0,1,0.0,143,50,1696.0,37.641618,9.0,1.5,1,0,0,0,0,1,1,0,1,0,0,0,0,5,12.0,50.0
4023,40.41093,-3.71344,2,1.0,1.0,60.0,95.0,1,0.47,399,200,4503.0,68.043894,0.8,1.0,1,0,0,0,0,1,0,1,0,0,0,0,0,9,18.0,100.0
4024,40.43152,-3.67132,5,2.0,3.0,68.0,85.0,1,0.43,356,200,5328.0,74.694253,2.2,1.0,1,0,0,0,0,1,0,0,0,0,1,0,0,6,40.5,100.0
4025,40.43352,-3.70944,1,1.0,1.0,30.0,92.0,2,0.23,204,50,4855.0,64.056634,2.4,1.0,0,0,0,0,0,1,0,0,1,0,0,0,0,5,10.5,50.0
4026,40.4387,-3.71045,1,1.0,1.0,35.0,89.0,2,0.22,155,50,4855.0,64.056634,2.4,1.0,1,1,1,1,1,1,1,1,1,1,1,1,1,5,10.5,50.0
4027,40.40796,-3.69982,4,2.0,2.0,68.0,94.0,67,2.28,307,200,4503.0,68.043894,0.8,1.0,1,0,0,0,0,1,0,1,0,1,1,0,0,7,33.0,100.0
4028,40.47364,-3.65386,1,1.0,1.0,21.0,90.0,1,0.51,264,50,3312.0,62.061453,9.2,1.0,0,0,0,0,0,1,0,1,0,0,0,0,1,7,10.5,50.0
4029,40.42367,-3.70293,2,0.0,1.0,61.0,81.0,2,1.42,221,200,4503.0,68.043894,0.8,1.0,1,0,0,0,0,1,0,1,1,0,1,0,0,5,18.0,100.0
4030,40.44124,-3.70326,4,2.0,3.0,138.0,100.0,1,0.48,545,200,4855.0,64.056634,2.4,1.0,1,0,0,0,0,1,0,1,1,1,1,0,0,5,33.0,150.0
4031,40.40988,-3.69933,4,1.0,1.0,44.0,93.0,1,2.66,500,200,4503.0,68.043894,0.8,1.5,1,0,0,0,0,1,0,0,0,1,1,0,0,5,34.5,50.0
4032,40.42017,-3.71039,2,1.0,1.0,50.0,87.0,1,0.43,224,50,4503.0,68.043894,0.8,0.0,0,0,0,0,0,1,0,1,0,0,0,0,0,5,15.0,50.0
4034,40.42193,-3.6867,4,2.0,2.0,105.0,95.0,2,0.26,307,200,5328.0,74.694253,2.2,2.0,1,0,0,0,0,1,0,1,1,0,1,0,0,7,36.0,150.0
4037,40.41518,-3.71217,2,1.0,2.0,69.0,80.0,7,0.04,458,50,4503.0,68.043894,0.8,0.0,0,0,0,0,0,1,0,1,0,0,0,0,0,6,15.0,100.0
4038,40.41748,-3.70355,5,0.0,4.0,75.0,80.0,16,0.04,128,200,4503.0,68.043894,0.8,1.0,1,0,0,0,0,1,0,1,1,0,0,0,0,6,40.5,100.0
4039,40.42557,-3.70012,2,1.0,1.0,43.0,98.0,1,2.53,452,50,4503.0,68.043894,0.8,1.0,1,0,0,0,0,1,0,0,0,1,1,0,0,6,18.0,50.0
4040,40.46359,-3.76741,1,1.0,2.0,40.0,0.0,1,0.0,255,50,3555.0,63.451906,5.9,1.0,0,0,0,0,0,1,0,1,0,0,1,0,0,5,10.5,50.0
4041,40.41603,-3.71278,2,1.0,1.0,79.0,80.0,7,0.04,237,50,4503.0,68.043894,0.8,1.0,1,0,0,0,0,1,0,1,0,0,0,0,0,6,18.0,100.0
4042,40.44688,-3.61423,2,1.0,1.0,44.0,80.0,1,0.04,224,50,2477.0,70.967532,7.3,1.0,1,0,0,0,0,1,1,1,1,0,1,0,0,5,18.0,50.0
4044,40.42589,-3.71113,4,2.0,3.0,200.0,97.0,1,0.45,472,200,4503.0,68.043894,0.8,2.0,1,0,0,0,0,1,0,1,1,1,1,0,0,7,36.0,200.0
4045,40.40621,-3.70227,4,2.0,3.0,43.0,92.0,5,9.19,557,200,4503.0,68.043894,0.8,1.0,1,0,0,0,0,1,0,1,1,0,1,0,0,6,33.0,50.0
4046,40.42731,-3.64218,1,1.0,1.0,21.0,97.0,2,2.87,163,50,2893.0,50.090625,6.5,1.5,0,0,0,0,0,1,0,0,0,0,0,0,0,6,12.0,50.0
4047,40.36188,-3.75768,2,4.0,1.0,50.0,100.0,3,0.07,245,50,2195.0,47.402837,6.6,2.0,0,0,0,0,0,1,0,1,1,0,1,0,0,5,21.0,50.0
4048,40.43278,-3.63919,2,1.0,1.0,25.0,97.0,1,0.39,80,50,2893.0,50.090625,6.5,1.0,0,0,0,0,0,1,0,1,0,0,0,0,0,8,18.0,50.0
4049,40.40748,-3.70308,4,0.0,2.0,49.0,96.0,1,1.24,364,200,4503.0,68.043894,0.8,1.5,1,0,0,0,0,1,0,1,0,0,1,0,0,9,34.5,50.0
4050,40.42426,-3.69771,4,2.0,2.0,110.0,95.0,1,1.23,344,200,4503.0,68.043894,0.8,2.0,1,0,0,0,0,1,0,1,1,1,1,0,0,5,36.0,150.0
4051,40.40552,-3.69338,2,1.0,1.0,25.0,94.0,1,2.06,177,50,3917.0,55.025641,1.9,1.0,0,0,0,0,0,1,0,1,0,0,1,0,0,5,18.0,50.0
4052,40.44381,-3.6103,3,2.0,3.0,70.0,92.0,1,1.08,400,200,2477.0,70.967532,7.3,1.5,1,0,0,0,0,1,0,0,0,0,1,0,0,6,27.0,100.0
4053,40.40621,-3.67466,1,1.0,1.0,34.0,93.0,1,0.06,200,50,4220.0,63.672727,3.2,1.0,0,0,0,0,0,0,0,1,1,0,1,0,0,10,10.5,50.0
4054,40.42401,-3.70272,2,1.0,2.0,85.0,88.0,1,0.47,208,200,4503.0,68.043894,0.8,1.0,1,0,0,0,0,1,0,1,1,0,0,0,0,6,18.0,100.0
4055,40.39304,-3.69694,2,1.0,1.0,23.0,100.0,1,1.02,382,50,3917.0,55.025641,1.9,1.0,0,0,0,0,0,1,0,0,1,0,1,0,0,5,18.0,50.0
4058,40.42494,-3.71319,6,2.0,4.0,128.0,92.0,9,3.03,402,200,3555.0,63.451906,5.9,1.0,1,0,0,0,0,1,0,1,1,0,1,0,0,3,48.0,150.0
4059,40.41485,-3.70068,2,1.0,1.0,83.0,89.0,2,1.3,329,200,4503.0,68.043894,0.8,1.0,1,0,0,0,0,1,0,0,0,0,1,0,0,7,18.0,100.0
4060,40.4136,-3.71016,11,4.0,5.0,102.0,91.0,3,3.69,507,200,4503.0,68.043894,0.8,2.0,1,0,0,0,0,1,0,1,0,0,1,0,0,6,88.5,150.0
4061,40.38781,-3.66736,3,1.0,3.0,21.0,89.0,1,0.61,364,50,1890.0,41.443535,5.0,1.5,0,0,0,0,0,1,0,1,0,0,1,0,0,5,27.0,50.0
4062,40.40802,-3.69972,3,1.0,2.0,25.0,90.0,1,3.94,287,50,4503.0,68.043894,0.8,1.0,0,0,0,0,0,1,0,0,0,0,1,0,0,7,25.5,50.0
4063,40.45149,-3.58994,1,1.0,1.0,21.0,91.0,3,8.52,160,50,3047.0,56.183432,11.8,1.0,0,0,0,1,0,1,0,0,1,0,0,0,0,6,10.5,50.0
4064,40.42717,-3.68183,4,2.0,3.0,76.0,97.0,1,1.4,453,200,5328.0,74.694253,2.2,1.0,1,0,0,0,0,1,0,1,1,1,1,0,0,6,33.0,100.0
4065,40.45066,-3.59184,1,2.0,1.0,22.0,92.0,3,8.26,209,50,3047.0,56.183432,11.8,2.0,0,0,0,0,0,1,0,0,1,0,0,0,0,6,13.5,50.0
4066,40.42846,-3.71414,4,2.0,3.0,59.0,99.0,3,0.52,413,200,4503.0,68.043894,0.8,1.0,1,0,0,0,0,1,0,1,1,0,1,0,0,9,33.0,100.0
4067,40.42729,-3.67721,3,1.0,2.0,46.0,92.0,2,0.51,381,200,5328.0,74.694253,2.2,1.0,1,0,0,0,0,1,0,0,1,0,1,0,0,8,25.5,50.0
4068,40.42357,-3.69658,4,1.0,2.0,54.0,99.0,1,3.3,758,200,4503.0,68.043894,0.8,2.0,1,0,0,0,0,1,0,1,1,1,1,0,1,8,36.0,100.0
4069,40.40703,-3.67692,8,4.0,4.0,527.0,90.0,66,0.93,365,200,4220.0,63.672727,3.2,5.0,1,0,0,0,1,1,1,0,0,0,1,0,0,6,75.0,200.0
4070,40.41777,-3.71016,3,1.0,2.0,80.0,100.0,7,0.18,155,200,4503.0,68.043894,0.8,1.0,1,0,0,0,0,1,0,0,1,0,1,0,0,12,25.5,100.0
4071,40.42465,-3.69826,3,2.0,2.0,60.0,63.0,2,0.16,138,200,4503.0,68.043894,0.8,1.0,1,0,0,0,0,1,0,0,0,0,0,0,0,7,25.5,100.0
4072,40.34959,-3.67734,1,1.0,1.0,59.0,96.0,1,0.19,264,50,1696.0,37.641618,9.0,1.0,1,0,0,0,0,1,1,0,1,0,0,0,0,6,10.5,100.0
4073,40.41177,-3.71954,2,1.0,1.0,21.0,99.0,1,0.58,343,50,3917.0,55.025641,1.9,1.0,0,0,0,0,0,1,0,1,1,0,1,0,0,5,18.0,50.0
4074,40.41322,-3.70731,5,3.0,3.0,109.0,98.0,2,0.82,489,200,4503.0,68.043894,0.8,1.0,1,0,0,0,0,1,0,1,1,0,1,0,0,8,40.5,150.0
4076,40.41099,-3.70864,2,1.0,1.0,48.0,98.0,2,1.03,349,50,4503.0,68.043894,0.8,1.5,0,0,0,0,0,1,0,1,1,0,1,0,0,8,19.5,50.0
4077,40.40897,-3.70831,5,3.0,4.0,101.0,94.0,1,1.72,392,200,4503.0,68.043894,0.8,1.5,1,0,0,0,0,1,0,1,0,0,1,0,0,10,42.0,150.0
4078,40.41068,-3.71226,4,0.0,2.0,83.0,88.0,1,1.24,307,200,4503.0,68.043894,0.8,1.0,1,0,0,0,0,1,0,1,1,0,1,0,0,6,33.0,100.0
4079,40.42725,-3.70832,1,1.0,1.0,40.0,96.0,1,0.77,171,50,4503.0,68.043894,0.8,1.0,0,0,0,0,0,1,0,0,0,0,0,0,0,5,10.5,50.0
4080,40.44735,-3.77851,7,4.0,5.0,250.0,95.0,6,0.11,788,200,3555.0,63.451906,5.9,3.0,1,0,0,1,0,1,1,1,1,0,1,0,1,6,61.5,200.0
4081,40.39461,-3.70485,5,3.0,3.0,73.0,95.0,2,3.53,540,200,2316.0,43.910072,4.6,1.0,1,0,0,0,0,1,0,1,1,0,1,0,0,6,40.5,100.0
4082,40.44689,-3.70035,2,1.0,1.0,53.0,88.0,7,3.51,369,200,3476.0,60.621287,5.9,1.0,1,0,0,0,0,1,0,1,0,1,1,0,0,8,18.0,100.0
4083,40.46222,-3.70161,4,1.0,1.0,34.0,94.0,2,2.73,389,200,3476.0,60.621287,5.9,1.0,1,0,0,0,0,1,0,1,1,0,1,0,0,5,33.0,50.0
4084,40.40517,-3.68173,1,1.0,1.0,30.0,0.0,1,0.0,405,50,4220.0,63.672727,3.2,1.0,0,0,0,0,0,1,0,1,0,1,1,0,0,10,10.5,50.0
4085,40.47164,-3.69467,4,3.0,3.0,58.0,80.0,1,0.08,306,200,3476.0,60.621287,5.9,2.5,1,0,0,0,0,1,1,1,1,0,1,0,0,5,37.5,100.0
4086,40.41064,-3.70816,3,1.0,2.0,62.0,95.0,7,3.11,603,200,4503.0,68.043894,0.8,1.0,1,0,0,0,0,1,0,1,1,0,0,0,0,6,25.5,100.0
4087,40.4262,-3.70453,2,1.0,1.0,85.0,96.0,1,0.43,256,200,4503.0,68.043894,0.8,2.0,1,0,0,0,0,1,0,1,1,0,1,0,0,5,21.0,100.0
4089,40.45771,-3.58661,2,1.0,1.0,45.0,80.0,1,0.06,119,50,3047.0,56.183432,11.8,1.0,1,0,0,1,0,1,0,1,1,0,0,0,0,7,18.0,50.0
4090,40.40634,-3.67413,5,3.0,3.0,75.0,80.0,4,0.02,179,200,4220.0,63.672727,3.2,1.0,1,0,0,0,0,1,0,0,1,0,1,0,0,7,40.5,100.0
4091,40.40409,-3.69743,4,1.0,2.0,65.0,98.0,1,1.6,487,200,3917.0,55.025641,1.9,1.0,1,0,0,0,0,1,0,1,1,0,1,0,1,7,33.0,100.0
4092,40.4159,-3.70379,2,1.0,1.0,93.0,100.0,16,0.02,144,200,4503.0,68.043894,0.8,1.0,1,0,0,0,0,1,0,1,1,0,0,0,0,6,18.0,100.0
4093,40.41562,-3.70535,6,0.0,3.0,200.0,83.0,16,0.26,155,200,4503.0,68.043894,0.8,1.0,1,0,0,0,0,1,0,1,1,0,0,0,0,6,48.0,200.0
4094,40.41582,-3.70543,4,2.0,2.0,155.0,0.0,16,0.0,155,200,4503.0,68.043894,0.8,1.0,1,0,0,0,0,1,0,1,1,0,0,0,0,6,33.0,200.0
4095,40.41681,-3.70408,2,1.0,1.0,95.0,0.0,1,0.0,192,200,4503.0,68.043894,0.8,1.0,1,0,0,0,0,1,0,1,0,0,0,0,0,5,18.0,100.0
4096,40.40911,-3.70754,2,0.0,1.0,50.0,0.0,1,0.0,172,200,4503.0,68.043894,0.8,1.0,1,0,0,0,0,1,0,1,1,0,1,0,0,6,18.0,50.0
4097,40.41977,-3.70376,8,3.0,8.0,179.0,97.0,1,2.01,283,200,4503.0,68.043894,0.8,1.0,1,0,0,0,0,1,0,1,1,0,1,0,0,5,63.0,200.0
4098,40.428,-3.67834,3,2.0,2.0,97.0,95.0,8,0.59,482,200,5328.0,74.694253,2.2,1.0,1,0,0,0,0,1,0,1,1,0,0,1,0,8,25.5,100.0
4099,40.4287,-3.70233,4,2.0,2.0,173.0,99.0,1,0.34,301,200,4503.0,68.043894,0.8,2.0,1,0,0,0,0,1,0,0,0,1,1,0,0,7,36.0,200.0
4100,40.40258,-3.66969,2,1.0,1.0,50.0,80.0,1,0.02,77,200,4220.0,63.672727,3.2,1.0,1,0,0,0,0,1,0,0,0,0,1,0,0,6,18.0,50.0
4101,40.42219,-3.70277,4,2.0,3.0,75.0,90.0,59,3.14,452,200,4503.0,68.043894,0.8,1.0,1,0,0,0,0,1,0,1,1,1,0,0,0,7,33.0,100.0
4102,40.42259,-3.69477,4,1.0,2.0,99.0,97.0,1,0.53,354,200,4503.0,68.043894,0.8,1.0,1,0,0,0,0,1,0,1,0,0,1,0,0,9,33.0,100.0
4103,40.42619,-3.70502,4,1.0,2.0,172.0,99.0,62,0.44,452,200,4503.0,68.043894,0.8,1.0,1,0,0,1,0,1,0,1,1,1,1,0,0,5,33.0,200.0
4104,40.42589,-3.71891,2,1.0,1.0,49.0,95.0,1,2.34,284,200,3555.0,63.451906,5.9,1.0,1,0,0,0,0,1,0,1,0,0,1,0,0,6,18.0,50.0
4105,40.38249,-3.78063,3,2.0,2.0,20.0,60.0,1,0.02,109,50,2287.0,47.008319,4.7,1.0,0,0,0,0,0,0,0,0,0,0,0,0,0,6,25.5,50.0
4106,40.39387,-3.71364,3,1.0,3.0,20.0,96.0,2,3.9,289,50,2195.0,47.402837,6.6,1.0,0,0,0,0,0,1,0,0,1,0,1,0,0,6,25.5,50.0
4107,40.39133,-3.64573,3,2.0,2.0,55.0,90.0,1,0.04,202,200,1890.0,41.443535,5.0,1.0,1,0,0,0,0,1,0,1,0,0,1,0,0,5,25.5,100.0
4108,40.41536,-3.70458,3,1.0,1.0,89.0,99.0,2,5.11,419,200,4503.0,68.043894,0.8,1.5,1,1,1,1,1,1,1,1,1,1,1,1,1,8,27.0,100.0
4109,40.42904,-3.68513,3,2.0,2.0,87.0,98.0,3,0.52,387,200,5328.0,74.694253,2.2,1.0,1,0,0,0,0,1,0,1,1,0,1,0,1,9,25.5,100.0
4110,40.39792,-3.72005,1,1.0,1.0,24.0,93.0,2,1.57,296,50,2195.0,47.402837,6.6,1.0,0,0,0,0,0,1,0,0,1,0,1,0,0,5,10.5,50.0
4111,40.46062,-3.58606,2,1.0,1.0,33.0,98.0,1,11.2,470,50,3047.0,56.183432,11.8,1.0,1,0,0,0,0,1,0,0,1,0,1,0,0,5,18.0,50.0
4112,40.43496,-3.69423,4,1.0,1.0,159.0,93.0,67,1.97,436,200,4855.0,64.056634,2.4,1.5,1,0,0,0,0,1,0,1,0,1,1,0,0,7,34.5,200.0
4113,40.40453,-3.67447,2,1.0,1.0,30.0,50.0,4,0.06,123,50,4220.0,63.672727,3.2,1.0,1,0,0,0,0,1,0,0,1,0,0,0,0,7,18.0,50.0
4114,40.46146,-3.64869,1,1.0,1.0,15.0,85.0,1,0.17,182,50,3312.0,62.061453,9.2,1.0,0,0,0,1,0,1,0,1,0,0,1,0,0,7,10.5,50.0
4115,40.40649,-3.70207,4,2.0,2.0,70.0,98.0,1,0.98,456,200,4503.0,68.043894,0.8,2.0,1,0,0,0,0,1,0,1,1,1,1,0,0,0,36.0,100.0
4116,40.40867,-3.70929,3,1.0,2.0,53.0,94.0,1,1.7,260,200,4503.0,68.043894,0.8,1.0,1,0,0,0,0,1,0,1,0,0,1,0,0,6,25.5,100.0
4117,40.41477,-3.69684,2,1.0,1.0,65.0,100.0,1,0.06,140,200,4503.0,68.043894,0.8,1.0,1,0,0,0,0,1,0,0,0,0,1,0,0,7,18.0,100.0
4118,40.43089,-3.70443,4,1.0,3.0,73.0,90.0,1,1.45,174,200,4855.0,64.056634,2.4,1.0,1,0,0,0,0,1,0,1,0,0,1,0,0,5,33.0,100.0
4119,40.4561,-3.68069,4,1.0,1.0,74.0,94.0,2,4.39,545,200,4508.0,67.220486,5.8,1.0,1,0,0,0,0,1,0,1,0,0,1,0,1,6,33.0,100.0
4120,40.42004,-3.71696,5,2.0,3.0,91.0,87.0,59,2.69,466,200,4503.0,68.043894,0.8,1.0,1,0,0,0,0,1,0,1,0,0,1,0,0,7,40.5,100.0
4121,40.43032,-3.71262,6,2.0,4.0,59.0,0.0,3,0.0,306,200,4855.0,64.056634,2.4,1.0,1,0,0,0,0,1,0,1,1,0,0,0,0,8,48.0,100.0
4122,40.43034,-3.71435,6,2.0,4.0,59.0,93.0,3,0.06,386,200,4503.0,68.043894,0.8,1.0,1,0,0,0,0,1,0,1,1,0,1,0,0,8,48.0,100.0
4123,40.40639,-3.68684,4,2.0,3.0,110.0,95.0,6,6.48,450,200,4220.0,63.672727,3.2,1.0,1,0,0,0,0,1,0,1,1,1,1,0,0,6,33.0,150.0
4124,40.42492,-3.6884,5,2.0,2.0,82.0,84.0,12,1.41,233,200,5328.0,74.694253,2.2,2.0,1,0,0,0,0,1,0,1,0,0,1,0,0,9,43.5,100.0
4125,40.39806,-3.66625,2,1.0,3.0,15.0,96.0,2,0.39,267,50,1890.0,41.443535,5.0,1.5,0,0,0,0,0,1,0,1,1,0,1,0,0,8,19.5,50.0
4126,40.44481,-3.66803,2,1.0,1.0,32.0,1.0,1,1.0,161,50,4508.0,67.220486,5.8,2.0,1,1,1,1,1,1,1,1,1,1,1,1,1,8,21.0,50.0
4127,40.45791,-3.6863,6,2.0,3.0,106.0,95.0,6,1.56,402,200,4508.0,67.220486,5.8,1.0,1,0,0,0,0,1,0,0,1,0,1,0,0,8,48.0,150.0
4128,40.38523,-3.60862,6,2.0,1.0,76.0,97.0,1,2.62,513,200,2382.0,49.659794,11.0,1.0,1,1,1,1,1,1,1,1,1,1,1,1,1,5,48.0,100.0
4129,40.41953,-3.70554,2,1.0,1.0,33.0,93.0,3,2.82,401,50,4503.0,68.043894,0.8,1.0,0,0,0,0,0,1,0,0,1,1,1,0,0,10,18.0,50.0
4130,40.40656,-3.69114,4,2.0,2.0,81.0,97.0,1,2.02,439,200,3917.0,55.025641,1.9,1.0,1,0,0,0,0,1,0,1,1,0,1,0,0,5,33.0,100.0
4131,40.42155,-3.70033,2,0.0,1.0,55.0,94.0,2,2.02,372,200,4503.0,68.043894,0.8,1.0,1,0,0,0,0,1,0,1,0,0,1,0,0,6,18.0,100.0
4132,40.41395,-3.69756,2,1.0,1.0,54.0,80.0,2,0.06,137,50,4503.0,68.043894,0.8,1.0,0,0,0,0,0,1,0,1,0,0,0,0,0,7,18.0,100.0
4133,40.41928,-3.70016,1,1.0,2.0,42.0,97.0,2,1.93,427,50,4503.0,68.043894,0.8,1.5,0,0,0,0,0,1,0,0,1,0,1,0,0,6,12.0,50.0
4134,40.40966,-3.70345,4,1.0,2.0,76.0,97.0,2,2.22,336,200,4503.0,68.043894,0.8,1.0,1,0,0,0,0,1,0,1,0,0,0,0,0,5,33.0,100.0
4135,40.42785,-3.675,1,1.0,1.0,29.0,96.0,1,0.54,243,50,5328.0,74.694253,2.2,1.0,0,0,0,0,0,1,0,1,1,1,1,0,0,5,10.5,50.0
4136,40.41036,-3.73607,2,1.0,1.0,19.0,86.0,4,1.27,304,50,2287.0,47.008319,4.7,1.0,1,1,1,1,1,1,1,1,1,1,1,1,1,6,18.0,50.0
4137,40.42526,-3.68927,6,2.0,1.0,187.0,90.0,12,0.04,274,200,5328.0,74.694253,2.2,2.0,1,0,0,0,0,1,0,1,1,0,1,0,0,9,51.0,200.0
4138,40.42498,-3.68654,6,3.0,4.0,330.0,95.0,15,1.52,662,200,5328.0,74.694253,2.2,3.0,1,0,0,0,0,1,0,1,1,1,1,0,1,6,54.0,200.0
4139,40.39342,-3.76184,2,1.0,1.0,30.0,100.0,1,0.32,180,50,2287.0,47.008319,4.7,1.0,1,0,0,0,0,1,1,0,1,0,1,0,0,5,18.0,50.0
4140,40.42561,-3.70176,2,1.0,1.0,60.0,97.0,1,2.0,293,200,4503.0,68.043894,0.8,1.0,1,0,0,0,0,1,0,1,0,0,1,0,0,5,18.0,100.0
4141,40.40567,-3.70825,7,3.0,4.0,129.0,93.0,59,3.72,444,200,3917.0,55.025641,1.9,2.0,1,0,0,0,0,1,0,1,1,1,0,0,0,7,58.5,150.0
4142,40.45686,-3.6541,2,1.0,2.0,85.0,100.0,1,0.02,254,200,2893.0,50.090625,6.5,1.0,1,0,0,0,0,0,1,1,1,0,1,0,0,7,18.0,100.0
4143,40.45681,-3.708,7,3.0,4.0,90.0,89.0,1,1.33,514,200,3476.0,60.621287,5.9,1.5,1,0,0,0,0,1,0,1,1,0,1,0,0,7,57.0,100.0
4144,40.42699,-3.70442,4,2.0,2.0,80.0,100.0,1,0.29,169,200,4503.0,68.043894,0.8,1.0,1,0,0,0,0,1,0,0,1,0,1,0,0,6,33.0,100.0
4145,40.42201,-3.67589,2,1.0,2.0,90.0,96.0,1,0.1,316,200,5328.0,74.694253,2.2,1.0,1,0,0,0,0,1,0,1,1,0,1,0,0,6,18.0,100.0
4146,40.40473,-3.7034,2,1.0,2.0,85.0,100.0,1,0.48,363,200,3917.0,55.025641,1.9,1.5,1,0,0,0,0,1,0,1,0,0,1,0,0,8,19.5,100.0
4147,40.4249,-3.70628,4,1.0,2.0,109.0,94.0,18,0.17,166,200,4503.0,68.043894,0.8,1.0,1,0,0,0,0,1,0,0,0,0,0,0,0,10,33.0,150.0
4148,40.41393,-3.69726,6,2.0,2.0,126.0,91.0,1,1.26,203,200,4503.0,68.043894,0.8,2.0,1,0,0,0,0,1,0,1,1,0,1,0,0,8,51.0,150.0
4149,40.46596,-3.68023,4,2.0,3.0,80.0,94.0,1,2.84,568,200,4508.0,67.220486,5.8,1.0,1,0,0,0,0,1,1,1,1,0,1,0,1,5,33.0,100.0
4151,40.4582,-3.6924,2,1.0,4.0,93.0,99.0,1,0.44,668,50,3476.0,60.621287,5.9,1.5,1,0,0,1,1,1,0,1,1,1,1,0,0,5,19.5,100.0
4152,40.43199,-3.67421,6,2.0,5.0,134.0,95.0,25,0.27,568,200,5328.0,74.694253,2.2,2.5,1,0,0,0,0,1,0,1,1,1,1,0,0,11,52.5,150.0
4153,40.39492,-3.69188,1,1.0,1.0,21.0,99.0,3,0.61,371,50,3917.0,55.025641,1.9,1.0,0,0,0,0,0,1,0,0,1,0,0,0,0,7,10.5,50.0
4154,40.42567,-3.70217,7,4.0,5.0,220.0,96.0,4,1.72,408,200,4503.0,68.043894,0.8,2.0,1,0,0,0,0,1,0,1,1,0,1,0,0,9,58.5,200.0
4155,40.40996,-3.71226,2,1.0,1.0,78.0,94.0,12,2.24,315,200,4503.0,68.043894,0.8,1.0,1,0,0,0,0,1,0,0,0,0,1,0,0,7,18.0,100.0
4156,40.41321,-3.69162,6,3.0,4.0,285.0,0.0,92,0.0,212,200,4220.0,63.672727,3.2,2.0,1,0,0,0,0,1,0,1,1,0,1,0,0,7,51.0,200.0
4157,40.34986,-3.69317,2,1.0,1.0,23.0,88.0,3,2.06,403,50,1696.0,37.641618,9.0,1.0,0,0,0,0,0,1,0,0,0,1,1,0,0,7,18.0,50.0
4158,40.41579,-3.70771,6,3.0,5.0,264.0,96.0,1,3.38,417,200,4503.0,68.043894,0.8,3.0,1,0,0,0,0,1,0,1,0,0,1,0,0,6,54.0,200.0
4159,40.42477,-3.70865,4,1.0,2.0,131.0,97.0,8,0.75,369,200,4503.0,68.043894,0.8,1.0,1,0,0,0,0,1,0,1,1,0,1,0,0,6,33.0,150.0
4160,40.43163,-3.67339,4,1.0,2.0,62.0,99.0,1,1.91,643,200,5328.0,74.694253,2.2,1.0,1,0,0,0,0,1,0,1,1,1,1,0,0,5,33.0,100.0
4161,40.44638,-3.69533,6,2.0,2.0,140.0,95.0,6,1.76,523,200,4855.0,64.056634,2.4,1.5,1,0,0,1,0,1,0,1,1,1,1,0,0,9,49.5,150.0
4162,40.4129,-3.69991,4,2.0,3.0,63.0,96.0,2,2.67,807,200,4503.0,68.043894,0.8,1.0,1,0,0,0,0,1,0,1,1,1,1,1,1,7,33.0,100.0
4163,40.43062,-3.61323,5,3.0,3.0,39.0,92.0,1,1.89,401,200,2477.0,70.967532,7.3,2.0,1,0,0,0,0,1,0,0,1,0,0,0,0,7,43.5,50.0
4164,40.43042,-3.64135,1,1.0,1.0,14.0,0.0,1,0.0,130,50,2893.0,50.090625,6.5,2.0,1,0,0,0,0,1,0,0,0,0,0,0,0,6,13.5,50.0
4165,40.42443,-3.70575,3,1.0,1.0,59.0,89.0,7,4.13,460,200,4503.0,68.043894,0.8,1.0,1,0,0,0,0,1,0,1,1,0,1,0,0,5,25.5,100.0
4166,40.41201,-3.72196,2,1.0,1.0,36.0,92.0,7,0.1,704,50,3917.0,55.025641,1.9,1.5,0,0,0,0,0,1,0,0,1,0,1,0,0,7,19.5,50.0
4167,40.36515,-3.58319,2,1.0,1.0,56.0,87.0,1,1.76,408,200,2382.0,49.659794,11.0,2.0,1,0,0,0,0,1,1,1,1,1,1,0,0,6,21.0,100.0
4168,40.40575,-3.67254,3,1.0,1.0,53.0,98.0,1,1.1,571,200,4220.0,63.672727,3.2,1.0,1,0,0,0,0,0,0,1,1,0,1,1,0,6,25.5,100.0
4169,40.4733,-3.71431,3,1.0,1.0,10.0,100.0,1,0.02,62,50,3545.0,57.198083,16.4,1.0,1,0,0,0,0,0,0,0,0,0,0,0,0,5,25.5,50.0
4170,40.43026,-3.70577,4,1.0,1.0,122.0,96.0,3,0.39,588,200,4855.0,64.056634,2.4,2.0,1,0,0,0,0,1,0,1,1,0,1,0,1,8,36.0,150.0
4171,40.46416,-3.62541,1,1.0,1.0,16.0,92.0,2,6.84,52,50,3312.0,62.061453,9.2,1.0,1,0,0,0,0,0,0,0,0,0,0,0,0,5,10.5,50.0
4172,40.42424,-3.70162,3,2.0,2.0,44.0,92.0,4,2.32,419,200,4503.0,68.043894,0.8,1.0,1,0,0,0,0,1,0,1,1,0,0,1,0,0,25.5,50.0
4174,40.41961,-3.70323,6,2.0,3.0,142.0,97.0,16,2.36,473,200,4503.0,68.043894,0.8,1.0,1,0,0,0,1,1,0,1,1,1,0,0,0,6,48.0,150.0
4175,40.43383,-3.69146,2,1.0,2.0,71.0,0.0,22,0.0,532,200,4855.0,64.056634,2.4,1.0,1,0,0,0,0,1,0,1,1,0,0,0,0,6,18.0,100.0
4176,40.42565,-3.61811,3,2.0,2.0,36.0,91.0,2,0.2,354,200,2477.0,70.967532,7.3,1.0,1,0,0,0,0,1,0,0,0,0,1,0,0,7,25.5,50.0
4177,40.40972,-3.70008,2,1.0,1.0,69.0,98.0,1,5.39,309,200,4503.0,68.043894,0.8,1.0,1,0,0,0,1,1,0,1,0,0,0,0,0,8,18.0,100.0
4178,40.43228,-3.6541,2,1.0,1.0,20.0,93.0,1,0.1,140,50,2893.0,50.090625,6.5,1.0,1,0,0,0,0,1,0,1,0,0,0,0,0,6,18.0,50.0
4179,40.46355,-3.68313,2,1.0,2.0,207.0,0.0,92,0.0,227,200,4508.0,67.220486,5.8,1.0,1,0,0,0,0,1,1,1,1,0,1,0,0,7,18.0,200.0
4180,40.40733,-3.70038,2,1.0,1.0,46.0,90.0,2,2.49,377,200,4503.0,68.043894,0.8,1.0,1,0,0,0,0,1,0,0,0,0,1,0,0,5,18.0,50.0
4181,40.40926,-3.70845,2,1.0,3.0,70.0,96.0,4,3.38,341,200,4503.0,68.043894,0.8,1.5,1,0,0,0,0,1,0,1,0,0,1,0,0,7,19.5,100.0
4182,40.4331,-3.68356,2,1.0,1.0,45.0,97.0,2,3.23,515,50,5328.0,74.694253,2.2,1.5,0,0,0,0,0,1,0,1,1,1,1,0,0,6,19.5,50.0
4183,40.45016,-3.69901,2,1.0,1.0,57.0,97.0,2,2.11,498,200,3476.0,60.621287,5.9,1.0,1,0,0,0,0,1,0,0,0,0,1,0,1,5,18.0,100.0
4184,40.41627,-3.70147,4,1.0,2.0,96.0,94.0,4,2.53,321,200,4503.0,68.043894,0.8,1.0,1,0,0,0,0,1,0,1,0,0,1,0,0,5,33.0,100.0
4185,40.41098,-3.70074,2,1.0,2.0,25.0,97.0,1,3.44,484,50,4503.0,68.043894,0.8,1.0,0,0,0,0,0,1,0,0,1,0,1,0,1,6,18.0,50.0
4186,40.41707,-3.70267,6,2.0,4.0,89.0,94.0,53,4.35,640,200,4503.0,68.043894,0.8,2.0,1,0,0,0,0,1,0,0,1,0,1,0,0,9,51.0,100.0
4187,40.42086,-3.71326,3,1.0,1.0,45.0,87.0,1,0.06,232,50,4503.0,68.043894,0.8,2.5,0,0,0,0,0,1,0,0,1,0,1,0,0,8,30.0,50.0
4188,40.40111,-3.62075,4,2.0,2.0,150.0,99.0,1,0.32,216,200,2246.0,55.472222,11.2,2.0,1,0,0,0,0,1,0,0,1,0,1,0,0,5,36.0,150.0
4189,40.41613,-3.7037,6,2.0,4.0,107.0,80.0,16,0.16,130,200,4503.0,68.043894,0.8,1.0,1,0,0,0,0,1,0,1,1,0,0,0,0,6,48.0,150.0
4190,40.43383,-3.69146,3,1.0,2.0,155.0,100.0,22,0.02,600,200,4855.0,64.056634,2.4,1.5,1,0,0,0,0,1,0,1,1,1,1,0,0,6,27.0,200.0
4191,40.40948,-3.70669,2,1.0,2.0,59.0,91.0,7,0.33,395,200,4503.0,68.043894,0.8,1.0,1,0,0,0,0,1,0,1,0,1,1,0,0,8,18.0,100.0
4192,40.41535,-3.70415,4,1.0,1.0,80.0,84.0,16,0.1,101,200,4503.0,68.043894,0.8,1.0,1,1,1,1,1,1,1,1,1,1,1,1,1,6,33.0,100.0
4193,40.41595,-3.70152,5,2.0,3.0,106.0,93.0,4,2.49,294,200,4503.0,68.043894,0.8,1.0,1,0,0,0,0,1,0,1,0,0,1,0,0,5,40.5,150.0
4194,40.41523,-3.70384,6,2.0,4.0,200.0,67.0,16,0.12,124,200,4503.0,68.043894,0.8,1.0,1,0,0,0,0,1,0,1,1,0,0,0,0,6,48.0,200.0
4195,40.40698,-3.69141,9,5.0,6.0,125.0,97.0,4,2.11,537,200,3917.0,55.025641,1.9,2.0,1,0,0,0,0,1,0,1,1,1,1,0,0,5,73.5,150.0
4196,40.41123,-3.70063,2,1.0,1.0,77.0,99.0,1,0.33,353,200,4503.0,68.043894,0.8,1.5,1,0,0,0,1,1,0,1,1,1,1,0,0,7,19.5,100.0
4197,40.42572,-3.70997,2,2.0,2.0,80.0,0.0,1,0.0,236,50,4503.0,68.043894,0.8,1.0,0,0,0,0,0,1,0,0,0,0,1,0,0,5,18.0,100.0
4198,40.41532,-3.70419,4,0.0,2.0,200.0,60.0,16,0.04,133,200,4503.0,68.043894,0.8,1.0,1,0,0,0,0,1,0,1,1,0,0,0,0,6,33.0,200.0
4199,40.41545,-3.70255,4,1.0,1.0,65.0,95.0,67,2.66,267,200,4503.0,68.043894,0.8,1.0,1,0,0,0,0,1,0,1,0,0,1,0,0,7,33.0,100.0
4200,40.35801,-3.69359,1,1.0,1.0,15.0,100.0,4,0.07,320,50,1696.0,37.641618,9.0,1.5,0,0,0,0,0,1,0,0,1,0,1,0,0,5,12.0,50.0
4201,40.46166,-3.68177,1,1.0,1.0,70.0,90.0,1,0.08,336,50,4508.0,67.220486,5.8,1.5,1,0,0,0,0,1,0,0,0,0,1,0,0,5,12.0,100.0
4202,40.35979,-3.69451,1,1.0,1.0,14.0,100.0,4,0.03,340,50,1696.0,37.641618,9.0,1.5,0,0,0,0,0,1,0,0,1,1,1,0,0,5,12.0,50.0
4203,40.35829,-3.69609,1,1.0,1.0,13.0,0.0,4,0.0,339,50,1696.0,37.641618,9.0,1.5,0,0,0,0,0,1,0,0,1,0,1,0,0,5,12.0,50.0
4204,40.35773,-3.69558,1,1.0,1.0,13.0,88.0,4,0.17,330,50,1696.0,37.641618,9.0,1.5,0,0,0,0,0,1,0,0,1,0,1,0,0,5,12.0,50.0
4205,40.42388,-3.69575,2,1.0,1.0,48.0,97.0,1,1.69,429,200,4503.0,68.043894,0.8,1.0,1,0,0,0,0,1,0,0,0,0,1,0,0,5,18.0,50.0
4206,40.41406,-3.70441,4,0.0,1.0,126.0,92.0,6,1.16,445,200,4503.0,68.043894,0.8,1.0,1,0,0,0,0,1,1,1,1,1,1,0,0,0,33.0,150.0
4207,40.43581,-3.649,3,2.0,2.0,43.0,90.0,1,0.16,342,200,2893.0,50.090625,6.5,1.0,1,0,0,0,0,1,0,0,0,1,1,0,0,6,25.5,50.0
4208,40.42509,-3.70247,6,2.0,2.0,231.0,99.0,1,0.63,384,200,4503.0,68.043894,0.8,2.5,1,0,0,0,0,1,0,1,1,0,1,0,0,9,52.5,200.0
4209,40.40184,-3.70176,2,1.0,1.0,38.0,80.0,1,0.1,250,50,3917.0,55.025641,1.9,1.0,0,0,0,0,0,1,0,0,0,0,0,0,0,5,18.0,50.0
4210,40.41976,-3.70023,8,4.0,7.0,389.0,99.0,2,2.54,569,200,4503.0,68.043894,0.8,4.0,1,0,0,0,0,1,0,1,1,1,1,0,0,5,72.0,200.0
4211,40.44098,-3.71727,1,1.0,1.0,60.0,0.0,1,0.0,130,200,4855.0,64.056634,2.4,1.0,1,0,0,0,0,1,0,0,1,0,1,0,0,6,10.5,100.0
4212,40.42659,-3.70264,2,1.0,1.0,24.0,100.0,2,0.86,471,50,4503.0,68.043894,0.8,1.0,1,0,0,0,1,1,0,1,0,0,1,0,0,9,18.0,50.0
4213,40.43073,-3.71245,4,1.0,1.0,103.0,100.0,113,0.26,345,200,4855.0,64.056634,2.4,1.0,1,0,0,0,0,1,0,1,1,0,1,0,1,7,33.0,150.0
4214,40.37497,-3.75339,1,1.0,1.0,21.0,96.0,1,0.14,356,50,2195.0,47.402837,6.6,1.0,0,0,0,0,0,1,0,0,0,0,1,0,0,5,10.5,50.0
4215,40.44032,-3.67413,5,3.0,4.0,136.0,97.0,3,2.33,438,200,4508.0,67.220486,5.8,2.0,1,0,0,1,0,1,0,1,1,1,1,0,0,7,43.5,150.0
4216,40.42179,-3.68696,4,2.0,3.0,289.0,90.0,113,0.11,232,200,5328.0,74.694253,2.2,3.0,1,0,0,0,0,1,0,1,1,0,0,0,0,7,39.0,200.0
4217,40.42405,-3.7107,4,2.0,3.0,99.0,94.0,1,2.04,296,200,4503.0,68.043894,0.8,1.0,1,0,0,0,0,1,0,1,1,0,1,0,0,5,33.0,100.0
4218,40.41313,-3.69344,6,2.0,2.0,159.0,93.0,5,2.49,326,200,4503.0,68.043894,0.8,2.0,1,0,0,0,0,1,0,1,1,0,1,0,0,8,51.0,200.0
4219,40.45555,-3.68049,4,1.0,2.0,54.0,92.0,1,1.71,551,200,4508.0,67.220486,5.8,1.0,1,0,0,0,0,1,0,1,1,1,1,0,0,8,33.0,100.0
4220,40.45644,-3.69358,1,1.0,1.0,53.0,93.0,2,0.35,180,50,3476.0,60.621287,5.9,1.5,0,0,0,0,1,1,0,0,1,0,1,0,0,6,12.0,100.0
4222,40.4089,-3.6945,6,2.0,4.0,500.0,92.0,12,2.86,461,200,4503.0,68.043894,0.8,2.0,1,0,0,0,0,1,0,1,1,1,1,0,0,6,51.0,200.0
4223,40.42936,-3.69955,3,2.0,2.0,78.0,93.0,7,3.42,484,200,4855.0,64.056634,2.4,1.0,1,0,0,0,0,1,0,1,1,0,1,0,0,5,25.5,100.0
4224,40.40855,-3.70512,1,1.0,1.0,25.0,99.0,1,1.14,329,50,4503.0,68.043894,0.8,1.0,0,0,0,0,0,1,0,0,0,1,0,0,0,5,10.5,50.0
4225,40.42492,-3.68868,6,3.0,3.0,175.0,91.0,12,2.52,297,200,5328.0,74.694253,2.2,2.0,1,0,0,0,0,1,0,1,1,0,1,0,0,9,51.0,200.0
4226,40.39804,-3.6967,2,1.0,1.0,52.0,96.0,1,3.6,301,200,3917.0,55.025641,1.9,1.0,1,0,0,0,0,1,0,0,0,1,1,0,0,5,18.0,100.0
4227,40.41135,-3.69449,2,1.0,1.0,52.0,99.0,1,1.19,433,50,4503.0,68.043894,0.8,2.0,1,0,0,0,0,1,0,0,1,0,1,0,0,6,21.0,100.0
4228,40.44497,-3.64198,4,1.0,2.0,66.0,96.0,11,0.11,359,200,2893.0,50.090625,6.5,1.0,1,0,0,0,0,1,0,1,1,0,1,0,0,5,33.0,100.0
4229,40.42127,-3.70049,3,0.0,2.0,62.0,94.0,88,3.78,330,200,4503.0,68.043894,0.8,1.0,1,0,0,0,0,1,0,1,1,1,1,0,0,6,25.5,100.0
4230,40.43441,-3.69254,3,1.0,2.0,80.0,100.0,22,0.07,537,200,4855.0,64.056634,2.4,1.0,1,0,0,0,0,1,0,1,1,0,1,0,0,6,25.5,100.0
4231,40.41782,-3.70443,6,2.0,3.0,177.0,79.0,43,0.32,453,200,4503.0,68.043894,0.8,2.0,1,0,0,0,0,0,0,0,1,1,0,0,0,6,51.0,200.0
4232,40.45107,-3.70881,5,2.0,6.0,136.0,92.0,31,0.29,689,200,3476.0,60.621287,5.9,1.0,1,0,0,0,0,1,0,1,0,1,1,0,0,8,40.5,150.0
4233,40.40911,-3.70914,4,1.0,2.0,75.0,95.0,1,2.62,404,200,4503.0,68.043894,0.8,1.0,1,0,0,0,0,1,0,1,1,1,1,0,0,5,33.0,100.0
4234,40.41641,-3.71079,3,1.0,1.0,32.0,98.0,2,3.84,519,200,4503.0,68.043894,0.8,1.0,1,0,0,0,0,1,0,1,0,0,1,0,0,7,25.5,50.0
4235,40.45305,-3.68119,2,1.0,1.0,38.0,81.0,1,0.43,630,200,4508.0,67.220486,5.8,1.5,1,0,0,0,0,1,0,1,0,0,1,0,0,10,19.5,50.0
4236,40.42273,-3.68432,2,1.0,1.0,100.0,97.0,1,0.12,395,200,5328.0,74.694253,2.2,1.0,1,0,0,0,0,1,0,1,1,0,0,0,0,6,18.0,100.0
4237,40.42517,-3.70513,2,1.0,1.0,60.0,80.0,1,0.48,217,200,4503.0,68.043894,0.8,1.0,1,0,0,0,0,0,0,1,0,0,1,0,0,6,18.0,100.0
4238,40.41332,-3.70374,3,1.0,2.0,40.0,93.0,20,3.44,399,200,4503.0,68.043894,0.8,1.0,1,0,0,0,0,1,0,1,0,0,1,0,0,9,25.5,50.0
4239,40.40983,-3.66647,1,1.0,1.0,30.0,99.0,2,0.64,225,50,4220.0,63.672727,3.2,1.0,0,0,0,0,0,1,0,0,0,0,1,0,0,8,10.5,50.0
4240,40.43491,-3.69301,1,1.0,1.0,30.0,99.0,1,1.31,387,50,4855.0,64.056634,2.4,1.0,0,0,0,0,0,1,0,1,1,0,1,0,0,0,10.5,50.0
4241,40.40893,-3.71085,2,1.0,1.0,84.0,97.0,1,0.3,298,200,4503.0,68.043894,0.8,1.0,1,0,0,0,0,1,0,1,0,0,1,0,0,8,18.0,100.0
4242,40.40436,-3.75649,2,1.0,1.0,16.0,100.0,2,0.18,400,50,2287.0,47.008319,4.7,1.0,0,0,0,0,0,1,0,1,0,0,1,0,0,8,18.0,50.0
4243,40.42475,-3.71267,5,2.0,3.0,96.0,88.0,1,1.23,226,200,3555.0,63.451906,5.9,2.0,1,0,0,0,0,1,0,1,1,0,0,0,0,6,43.5,100.0
4244,40.42467,-3.7064,10,4.0,6.0,170.0,97.0,7,1.93,560,200,4503.0,68.043894,0.8,2.0,1,0,0,0,0,1,0,1,0,1,1,0,0,8,81.0,200.0
4246,40.42438,-3.71051,2,1.0,1.0,45.0,96.0,1,0.1,104,50,4503.0,68.043894,0.8,1.0,0,0,0,0,0,1,0,0,0,0,0,0,0,5,18.0,50.0
4247,40.43532,-3.66864,4,2.0,2.0,56.0,85.0,1,0.18,332,200,5328.0,74.694253,2.2,1.0,1,0,0,0,0,1,0,0,0,0,1,0,0,6,33.0,100.0
4249,40.42198,-3.6899,2,1.0,1.0,102.0,86.0,113,0.36,188,200,5328.0,74.694253,2.2,1.0,1,0,0,0,0,1,0,1,1,0,0,0,0,7,18.0,150.0
4250,40.442,-3.68083,2,1.0,1.0,37.0,98.0,1,0.2,204,50,4508.0,67.220486,5.8,1.0,0,0,0,0,0,1,0,0,1,0,1,0,0,10,18.0,50.0
4251,40.40728,-3.70244,4,1.0,1.0,68.0,97.0,1,3.73,267,200,4503.0,68.043894,0.8,1.0,1,1,1,1,1,1,1,1,1,1,1,1,1,5,33.0,100.0
4252,40.42545,-3.70919,2,1.0,1.0,82.0,95.0,1,2.02,629,200,4503.0,68.043894,0.8,1.5,1,0,0,0,0,1,0,1,0,0,1,0,0,5,19.5,100.0
4253,40.4315,-3.62729,2,1.0,1.0,29.0,93.0,1,0.5,396,50,2477.0,70.967532,7.3,1.0,0,0,0,0,0,1,0,0,0,0,1,0,0,5,18.0,50.0
4254,40.41961,-3.70062,4,1.0,2.0,53.0,82.0,66,5.19,442,200,4503.0,68.043894,0.8,1.0,1,0,0,0,0,1,0,1,1,0,1,0,0,6,33.0,100.0
4255,40.40932,-3.70086,2,1.0,1.0,31.0,0.0,1,0.0,82,50,4503.0,68.043894,0.8,1.0,0,0,0,0,0,1,0,0,0,0,0,0,0,6,18.0,50.0
4256,40.40858,-3.70213,3,1.0,1.0,79.0,100.0,1,0.02,163,200,4503.0,68.043894,0.8,1.0,1,0,0,0,1,1,0,1,1,0,0,0,0,5,25.5,100.0
4257,40.42808,-3.6675,1,1.0,1.0,14.0,0.0,1,0.0,152,50,5328.0,74.694253,2.2,2.0,1,0,0,0,0,1,0,1,1,0,0,0,0,6,13.5,50.0
4258,40.41222,-3.70357,2,1.0,2.0,70.0,0.0,2,0.0,99,50,4503.0,68.043894,0.8,1.5,1,0,0,0,0,1,0,1,1,0,0,0,0,5,19.5,100.0
4259,40.41544,-3.70552,6,2.0,3.0,135.0,92.0,59,3.33,468,200,4503.0,68.043894,0.8,1.0,1,0,0,0,0,1,0,1,0,0,1,0,0,7,48.0,150.0
4260,40.43771,-3.70119,4,1.0,2.0,90.0,100.0,1,0.04,226,200,4855.0,64.056634,2.4,1.0,1,0,0,0,0,1,0,1,1,0,0,0,0,5,33.0,100.0
4261,40.46247,-3.68124,1,1.0,1.0,30.0,92.0,1,0.64,106,50,4508.0,67.220486,5.8,1.0,1,0,0,0,0,1,0,0,0,0,0,0,0,7,10.5,50.0
4262,40.40263,-3.69105,4,1.0,2.0,62.0,97.0,1,3.96,413,200,3917.0,55.025641,1.9,1.0,1,0,0,0,1,1,0,1,1,0,1,0,0,5,33.0,100.0
4263,40.45847,-3.70949,4,1.0,2.0,43.0,98.0,1,2.15,619,200,3476.0,60.621287,5.9,1.0,1,0,0,0,0,1,0,1,0,0,1,0,1,5,33.0,50.0
4264,40.41119,-3.70918,2,1.0,1.0,68.0,99.0,1,2.35,516,200,4503.0,68.043894,0.8,1.0,1,0,0,0,0,1,0,1,1,0,1,0,0,5,18.0,100.0
4265,40.39936,-3.73334,2,1.0,1.0,25.0,97.0,1,0.12,110,50,2195.0,47.402837,6.6,1.0,0,0,0,0,1,1,0,0,1,0,0,0,0,8,18.0,50.0
4266,40.3954,-3.66933,4,2.0,2.0,200.0,97.0,1,3.2,519,200,1890.0,41.443535,5.0,1.0,1,0,0,0,0,1,0,1,1,1,1,0,1,6,33.0,200.0
4267,40.40944,-3.71258,2,1.0,1.0,109.0,100.0,1,0.29,419,200,4503.0,68.043894,0.8,1.0,1,0,0,0,0,1,0,1,1,0,1,0,0,8,18.0,150.0
4268,40.44739,-3.77877,1,1.0,1.0,35.0,97.0,6,0.32,827,50,3555.0,63.451906,5.9,2.0,0,0,0,1,0,1,0,1,1,0,1,0,1,6,13.5,50.0
4269,40.42178,-3.70321,1,1.0,1.0,33.0,97.0,2,0.93,243,50,4503.0,68.043894,0.8,1.0,0,0,0,0,0,1,0,0,0,0,0,0,0,10,10.5,50.0
4270,40.40408,-3.70907,1,1.0,1.0,14.0,0.0,3,0.0,173,50,3917.0,55.025641,1.9,1.0,1,0,0,0,0,0,1,1,1,0,0,0,0,8,10.5,50.0
4271,40.42724,-3.65035,2,1.0,1.0,19.0,88.0,1,0.24,126,50,2893.0,50.090625,6.5,1.0,0,0,0,0,0,1,0,0,0,0,0,0,0,6,18.0,50.0
4272,40.46345,-3.62695,1,1.0,1.0,14.0,94.0,2,4.76,88,50,3312.0,62.061453,9.2,1.0,1,0,0,0,0,0,0,0,0,0,0,0,0,5,10.5,50.0
4273,40.40421,-3.69512,4,1.0,2.0,168.0,90.0,28,0.21,180,200,3917.0,55.025641,1.9,1.0,1,0,0,0,0,1,0,1,1,0,0,0,0,10,33.0,200.0
4274,40.4158,-3.70873,8,3.0,5.0,311.0,93.0,28,0.56,163,200,4503.0,68.043894,0.8,2.5,1,0,0,0,0,1,0,0,1,0,0,0,0,10,67.5,200.0
4275,40.41925,-3.70561,2,1.0,1.0,39.0,92.0,3,2.89,397,50,4503.0,68.043894,0.8,1.0,0,0,0,0,0,1,0,0,1,0,1,0,0,10,18.0,50.0
4276,40.42445,-3.70623,4,1.0,2.0,56.0,94.0,1,1.47,545,200,4503.0,68.043894,0.8,1.0,1,0,0,0,0,1,0,1,0,1,1,0,1,7,33.0,100.0
4277,40.46889,-3.6886,3,1.0,3.0,45.0,0.0,1,0.0,106,200,3476.0,60.621287,5.9,1.0,1,0,0,0,0,1,0,1,1,0,1,0,0,5,25.5,50.0
4278,40.41703,-3.70003,4,1.0,2.0,60.0,93.0,18,3.88,414,200,4503.0,68.043894,0.8,1.0,1,0,0,0,0,1,0,1,1,1,1,0,0,6,33.0,100.0
4279,40.40915,-3.71197,2,1.0,3.0,70.0,0.0,2,0.02,101,200,4503.0,68.043894,0.8,1.5,1,0,0,0,0,1,0,1,0,0,0,0,0,5,19.5,100.0
4280,40.40998,-3.71201,10,3.0,3.0,179.0,97.0,2,2.94,274,200,4503.0,68.043894,0.8,2.0,1,0,0,0,0,1,0,0,1,0,0,0,0,8,81.0,200.0
4281,40.39947,-3.69481,6,2.0,3.0,96.0,0.0,1,0.0,186,200,3917.0,55.025641,1.9,1.0,1,0,0,0,0,1,0,1,1,0,1,0,0,7,48.0,100.0
4282,40.42456,-3.70491,2,0.0,1.0,89.0,100.0,2,0.15,195,200,4503.0,68.043894,0.8,1.0,1,0,0,0,0,1,0,1,1,0,1,0,0,8,18.0,100.0
4283,40.41565,-3.70029,4,1.0,2.0,40.0,88.0,38,5.4,354,200,4503.0,68.043894,0.8,1.5,1,0,0,0,0,1,0,1,1,0,1,0,0,9,34.5,50.0
4284,40.43058,-3.66618,4,2.0,3.0,100.0,88.0,1,1.41,342,200,5328.0,74.694253,2.2,1.0,1,0,0,0,0,1,0,1,1,1,0,0,0,7,33.0,100.0
4285,40.38533,-3.70315,4,1.0,1.0,73.0,99.0,1,0.4,445,200,2316.0,43.910072,4.6,1.0,1,0,0,0,0,1,0,0,0,1,1,0,1,10,33.0,100.0
4286,40.40151,-3.64367,2,1.0,1.0,21.0,0.0,1,0.0,606,50,2547.0,45.581197,5.0,1.0,0,0,0,0,0,1,1,0,1,0,1,0,1,5,18.0,50.0
4287,40.41466,-3.70365,6,3.0,6.0,151.0,94.0,4,0.57,287,200,4503.0,68.043894,0.8,1.0,1,0,0,0,0,1,0,1,1,0,1,0,0,5,48.0,200.0
4288,40.40892,-3.70788,2,1.0,1.0,61.0,92.0,1,0.95,406,200,4503.0,68.043894,0.8,1.0,1,0,0,0,0,1,0,0,0,1,1,0,0,5,18.0,100.0
4289,40.41544,-3.69735,4,1.0,3.0,99.0,98.0,1,1.96,320,200,4503.0,68.043894,0.8,1.0,1,0,0,0,0,1,0,1,1,0,1,0,0,7,33.0,100.0
4290,40.41714,-3.67449,6,3.0,4.0,200.0,100.0,92,0.04,235,200,4220.0,63.672727,3.2,2.0,1,0,0,0,0,1,0,1,1,0,1,0,0,7,51.0,200.0
4291,40.42753,-3.67575,1,1.0,1.0,25.0,100.0,1,0.67,987,50,5328.0,74.694253,2.2,1.0,1,0,0,0,0,0,0,1,1,1,0,1,1,6,10.5,50.0
4292,40.41584,-3.70683,4,2.0,2.0,136.0,99.0,8,3.31,779,200,4503.0,68.043894,0.8,1.0,1,0,0,0,0,1,0,1,1,1,1,0,0,10,33.0,150.0
4293,40.42754,-3.62529,1,1.0,1.0,14.0,93.0,1,2.45,427,50,2477.0,70.967532,7.3,1.0,0,0,0,0,0,1,0,0,0,0,1,0,1,5,10.5,50.0
4294,40.42821,-3.67678,6,3.0,3.0,258.0,0.0,92,0.0,235,200,5328.0,74.694253,2.2,2.0,1,0,0,0,0,1,0,1,1,0,1,0,0,7,51.0,200.0
4295,40.40519,-3.69249,5,2.0,3.0,81.0,91.0,1,1.83,423,200,3917.0,55.025641,1.9,1.0,1,0,0,0,0,1,0,0,1,0,0,0,1,5,40.5,100.0
4296,40.40786,-3.70613,2,1.0,1.0,32.0,98.0,3,2.34,264,50,4503.0,68.043894,0.8,1.0,0,0,0,0,1,0,0,1,1,0,1,0,0,9,18.0,50.0
4297,40.4143,-3.7018,3,1.0,2.0,85.0,99.0,1,3.74,570,200,4503.0,68.043894,0.8,1.0,1,0,0,0,0,1,0,1,0,1,1,0,0,6,25.5,100.0
4298,40.40895,-3.70398,4,1.0,2.0,39.0,92.0,3,2.76,335,200,4503.0,68.043894,0.8,1.0,1,0,0,0,0,1,0,0,1,0,1,0,0,6,33.0,50.0
4299,40.40267,-3.69343,2,2.0,1.0,60.0,90.0,2,0.26,160,50,3917.0,55.025641,1.9,1.0,1,1,1,1,1,1,1,1,1,1,1,1,1,9,18.0,100.0
4300,40.41314,-3.70371,4,1.0,2.0,50.0,97.0,15,2.2,508,200,4503.0,68.043894,0.8,1.0,1,0,0,0,0,1,0,1,0,1,1,0,0,3,33.0,50.0
4302,40.43651,-3.68117,4,2.0,4.0,200.0,100.0,92,0.06,385,200,5328.0,74.694253,2.2,2.0,1,0,0,0,0,1,0,1,0,0,1,0,0,7,36.0,200.0
4303,40.36029,-3.69859,4,2.0,3.0,48.0,99.0,1,2.52,383,200,1696.0,37.641618,9.0,1.0,1,0,0,0,0,1,0,1,0,0,1,0,0,6,33.0,50.0
4305,40.49245,-3.68663,2,1.0,1.0,40.0,100.0,1,0.17,373,50,3545.0,57.198083,16.4,1.0,1,0,0,0,0,1,0,0,0,0,1,0,0,6,18.0,50.0
4306,40.43596,-3.67687,4,1.0,2.0,79.0,87.0,1,2.28,243,200,5328.0,74.694253,2.2,1.0,1,0,0,0,0,1,0,1,1,0,1,0,0,5,33.0,100.0
4307,40.41431,-3.71197,3,3.0,4.0,150.0,97.0,4,1.98,421,200,4503.0,68.043894,0.8,3.0,1,0,0,0,0,1,0,1,1,0,0,0,0,5,31.5,150.0
4308,40.41633,-3.70975,4,1.0,1.0,93.0,98.0,1,1.38,309,200,4503.0,68.043894,0.8,1.5,1,0,0,0,0,1,0,1,1,0,1,0,0,5,34.5,100.0
4309,40.42915,-3.70866,4,2.0,9.0,38.0,86.0,3,2.55,541,50,4503.0,68.043894,0.8,1.0,1,0,0,1,0,1,0,0,0,0,1,0,0,10,33.0,50.0
4310,40.48243,-3.65833,2,1.0,1.0,35.0,80.0,1,0.1,111,50,3312.0,62.061453,9.2,1.0,1,0,0,0,0,1,0,0,1,0,0,0,0,6,18.0,50.0
4311,40.4447,-3.67693,1,1.0,1.0,29.0,100.0,1,0.02,195,50,4508.0,67.220486,5.8,1.0,0,0,0,0,0,1,1,1,1,0,1,0,0,5,10.5,50.0
4312,40.3995,-3.69695,6,3.0,4.0,86.0,97.0,1,2.06,604,200,3917.0,55.025641,1.9,2.0,1,0,0,0,0,1,0,1,1,1,1,0,0,6,51.0,100.0
4313,40.46355,-3.69866,2,1.0,1.0,40.0,0.0,1,0.0,152,200,3476.0,60.621287,5.9,1.0,1,0,0,0,0,1,0,1,0,0,1,0,0,8,18.0,50.0
4314,40.4159,-3.71096,4,1.0,3.0,40.0,96.0,1,1.14,104,50,4503.0,68.043894,0.8,1.0,1,0,0,0,0,1,0,0,1,0,1,0,0,5,33.0,50.0
4315,40.41231,-3.70884,2,1.0,1.0,53.0,99.0,4,0.72,350,200,4503.0,68.043894,0.8,1.0,1,0,0,0,0,1,0,1,0,0,1,0,0,6,18.0,100.0
4316,40.49216,-3.70606,7,3.0,5.0,95.0,98.0,1,0.16,236,200,3545.0,57.198083,16.4,2.0,1,0,0,0,0,1,1,0,1,0,1,0,0,0,58.5,100.0
4317,40.41849,-3.7092,2,1.0,1.0,66.0,99.0,1,3.3,328,200,4503.0,68.043894,0.8,1.5,1,1,1,1,1,1,1,1,1,1,1,1,1,6,19.5,100.0
4318,40.43287,-3.70297,2,1.0,1.0,65.0,98.0,1,0.52,371,200,4855.0,64.056634,2.4,1.0,1,0,0,0,0,1,0,1,1,0,1,0,0,6,18.0,100.0
4319,40.40984,-3.70155,1,1.0,1.0,31.0,82.0,3,0.22,102,50,4503.0,68.043894,0.8,1.0,1,0,0,0,0,1,0,0,1,0,1,0,0,6,10.5,50.0
4320,40.41066,-3.73545,2,1.0,2.0,17.0,86.0,4,1.51,313,50,2287.0,47.008319,4.7,1.0,0,0,0,0,1,1,0,0,1,0,1,0,0,6,18.0,50.0
4321,40.42264,-3.69757,4,2.0,3.0,165.0,98.0,2,2.65,596,200,4503.0,68.043894,0.8,1.5,1,0,0,0,0,1,0,1,0,1,1,0,0,8,34.5,200.0
4322,40.40903,-3.71016,2,1.0,2.0,72.0,98.0,1,1.84,624,200,4503.0,68.043894,0.8,1.0,1,0,0,0,0,0,0,1,1,0,1,0,0,6,18.0,100.0
4323,40.45892,-3.71033,5,3.0,4.0,59.0,94.0,2,0.5,310,200,3476.0,60.621287,5.9,1.5,1,0,0,0,0,1,0,0,1,0,1,0,0,7,42.0,100.0
4324,40.37508,-3.74084,2,2.0,2.0,20.0,0.0,1,0.02,264,50,2195.0,47.402837,6.6,1.0,1,0,0,0,0,1,0,1,1,0,1,0,0,5,18.0,50.0
4325,40.41329,-3.71106,4,2.0,2.0,114.0,95.0,1,2.15,334,200,4503.0,68.043894,0.8,1.0,1,0,0,0,0,1,0,1,0,0,1,0,0,6,33.0,150.0
4326,40.42561,-3.70472,6,2.0,4.0,62.0,89.0,1,0.99,420,200,4503.0,68.043894,0.8,1.0,1,0,0,0,0,1,0,0,1,0,1,0,0,6,48.0,100.0
4327,40.43649,-3.70715,4,2.0,3.0,65.0,96.0,1,0.32,466,200,4855.0,64.056634,2.4,1.0,1,0,0,0,0,1,0,0,1,0,1,0,0,5,33.0,100.0
4328,40.41125,-3.69902,4,2.0,3.0,105.0,92.0,1,2.64,302,200,4503.0,68.043894,0.8,1.0,1,0,0,0,0,1,0,1,0,0,1,0,0,5,33.0,150.0
4329,40.39206,-3.72611,4,2.0,3.0,56.0,96.0,1,2.14,362,200,2195.0,47.402837,6.6,1.0,1,0,0,0,0,1,0,1,0,0,0,0,0,5,33.0,100.0
4330,40.3986,-3.67134,1,1.0,1.0,18.0,97.0,1,3.53,259,50,4220.0,63.672727,3.2,1.0,0,0,0,0,0,1,0,0,1,0,1,0,0,7,10.5,50.0
4331,40.39342,-3.6705,6,2.0,3.0,90.0,92.0,1,0.64,239,200,1890.0,41.443535,5.0,1.0,1,0,0,0,0,1,0,1,1,0,1,0,0,7,48.0,100.0
4332,40.41542,-3.70515,4,1.0,3.0,150.0,0.0,16,0.0,141,200,4503.0,68.043894,0.8,1.0,1,0,0,0,0,1,0,1,1,0,0,0,0,6,33.0,150.0
4333,40.41582,-3.70354,5,0.0,3.0,150.0,80.0,16,0.08,144,200,4503.0,68.043894,0.8,1.0,1,0,0,0,0,1,0,1,1,0,0,0,0,6,40.5,150.0
4334,40.42413,-3.70651,2,1.0,1.0,38.0,89.0,1,4.37,275,200,4503.0,68.043894,0.8,1.5,1,0,0,0,0,1,0,1,1,0,1,0,0,5,19.5,50.0
4335,40.43133,-3.69977,6,3.0,5.0,230.0,0.0,92,0.0,235,200,4855.0,64.056634,2.4,2.0,1,0,0,0,0,1,0,1,1,0,1,0,0,7,51.0,200.0
4336,40.42767,-3.70447,2,0.0,2.0,65.0,93.0,4,0.19,374,200,4503.0,68.043894,0.8,1.0,1,0,0,0,0,1,0,1,1,0,1,0,0,11,18.0,100.0
4337,40.42619,-3.69852,4,2.0,2.0,284.0,0.0,92,0.0,184,200,4503.0,68.043894,0.8,2.5,1,0,0,0,0,1,0,1,1,0,1,0,0,7,37.5,200.0
4338,40.41534,-3.70356,4,0.0,3.0,110.0,0.0,16,0.0,155,200,4503.0,68.043894,0.8,1.0,1,0,0,0,0,1,0,1,1,0,0,0,0,6,33.0,150.0
4339,40.40933,-3.6988,2,0.0,1.0,44.0,94.0,1,2.43,293,200,4503.0,68.043894,0.8,1.0,1,0,0,0,0,1,0,0,0,0,0,0,0,6,18.0,50.0
4340,40.40854,-3.70495,4,1.0,2.0,52.0,96.0,7,5.51,430,200,4503.0,68.043894,0.8,1.0,1,0,0,0,0,1,0,0,0,0,1,0,0,8,33.0,100.0
4341,40.42423,-3.70291,4,1.0,2.0,100.0,95.0,8,4.01,374,200,4503.0,68.043894,0.8,1.0,1,0,0,0,0,1,0,1,0,0,1,0,0,0,33.0,100.0
4342,40.4068,-3.70418,2,1.0,1.0,28.0,93.0,1,0.08,141,50,4503.0,68.043894,0.8,1.5,1,0,0,0,0,1,0,0,1,0,0,0,0,8,19.5,50.0
4343,40.40718,-3.74072,2,1.0,1.0,25.0,95.0,1,0.43,125,50,2287.0,47.008319,4.7,1.0,0,0,0,0,0,1,0,0,0,0,1,0,0,6,18.0,50.0
4344,40.43928,-3.62568,4,0.0,2.0,42.0,82.0,38,5.55,353,200,2477.0,70.967532,7.3,1.0,1,0,0,1,0,1,0,1,1,0,1,0,0,9,33.0,50.0
4345,40.41939,-3.67338,6,3.0,3.0,175.0,100.0,1,0.22,642,200,4220.0,63.672727,3.2,2.5,1,0,0,0,0,1,0,1,1,0,1,0,1,5,52.5,200.0
4346,40.42414,-3.70183,2,1.0,1.0,90.0,100.0,1,1.05,379,200,4503.0,68.043894,0.8,1.0,1,0,0,0,0,1,0,1,1,0,1,0,0,10,18.0,100.0
4347,40.40921,-3.70634,2,1.0,1.0,75.0,97.0,1,0.72,333,200,4503.0,68.043894,0.8,1.0,1,0,0,0,0,1,0,0,0,1,1,0,0,8,18.0,100.0
4348,40.42147,-3.70274,4,1.0,2.0,69.0,73.0,4,0.07,216,200,4503.0,68.043894,0.8,1.0,1,0,0,0,0,1,0,1,0,0,0,0,0,11,33.0,100.0
4349,40.41407,-3.70417,2,1.0,1.0,59.0,98.0,67,1.65,287,200,4503.0,68.043894,0.8,1.0,1,0,0,0,0,1,0,1,0,0,1,0,0,7,18.0,100.0
4350,40.4092,-3.70863,2,1.0,1.0,62.0,99.0,1,2.82,464,200,4503.0,68.043894,0.8,1.0,1,0,0,0,0,1,0,1,0,1,1,0,0,6,18.0,100.0
4351,40.42153,-3.70272,4,1.0,2.0,74.0,84.0,4,0.31,250,200,4503.0,68.043894,0.8,1.0,1,0,0,0,0,1,0,1,0,0,0,0,0,11,33.0,100.0
4352,40.4216,-3.70274,4,0.0,2.0,65.0,96.0,4,0.59,203,200,4503.0,68.043894,0.8,1.0,1,0,0,0,0,1,0,1,0,0,0,0,0,11,33.0,100.0
4353,40.40717,-3.70267,3,1.0,2.0,40.0,80.0,1,0.04,116,200,4503.0,68.043894,0.8,1.0,1,0,0,0,0,1,0,0,0,0,1,0,0,6,25.5,50.0
4354,40.41176,-3.69557,4,1.0,3.0,53.0,96.0,15,4.21,577,200,4503.0,68.043894,0.8,1.0,1,0,0,0,0,1,0,1,0,1,0,0,0,9,33.0,100.0
4355,40.40953,-3.69905,2,1.0,1.0,60.0,91.0,1,0.34,438,200,4503.0,68.043894,0.8,1.0,1,0,0,0,0,1,0,1,1,0,1,0,0,5,18.0,100.0
4356,40.40706,-3.694,2,1.0,2.0,30.0,94.0,2,2.57,410,50,3917.0,55.025641,1.9,1.0,0,0,0,1,0,1,0,0,1,0,1,0,0,5,18.0,50.0
4357,40.46662,-3.6987,1,1.0,1.0,32.0,98.0,1,1.36,739,50,3476.0,60.621287,5.9,1.0,1,0,0,0,0,1,0,1,0,1,1,1,0,5,10.5,50.0
4358,40.43337,-3.69289,4,2.0,3.0,120.0,95.0,1,0.4,447,200,4855.0,64.056634,2.4,2.0,1,0,0,0,0,1,0,0,0,0,1,0,1,7,36.0,150.0
4359,40.41042,-3.70727,16,5.0,16.0,343.0,97.0,3,0.78,379,200,4503.0,68.043894,0.8,2.0,1,0,0,0,0,1,0,1,0,0,1,0,0,6,126.0,200.0
4360,40.41782,-3.70443,4,1.0,2.0,118.0,73.0,43,0.07,464,200,4503.0,68.043894,0.8,1.0,1,0,0,0,0,0,0,0,1,1,0,0,0,6,33.0,150.0
4361,40.41312,-3.70187,4,1.0,3.0,1139.0,82.0,27,1.32,212,200,4503.0,68.043894,0.8,1.0,1,0,0,0,0,1,0,1,1,0,1,0,0,7,33.0,200.0
4362,40.42376,-3.69777,2,1.0,1.0,22.0,0.0,1,0.0,205,50,4503.0,68.043894,0.8,1.0,0,0,0,0,0,1,0,0,0,0,1,0,0,6,18.0,50.0
4363,40.40955,-3.70525,4,0.0,2.0,70.0,96.0,1,0.32,140,200,4503.0,68.043894,0.8,1.0,1,0,0,0,0,1,0,1,1,0,1,0,0,5,33.0,100.0
4364,40.37237,-3.73855,2,1.0,1.0,35.0,97.0,1,0.66,182,200,2195.0,47.402837,6.6,2.0,1,0,0,0,0,1,0,1,1,0,0,0,0,5,21.0,50.0
4365,40.34606,-3.68996,6,3.0,4.0,70.0,93.0,3,2.4,553,200,1696.0,37.641618,9.0,1.0,1,0,0,0,0,1,0,0,1,0,1,0,1,6,48.0,100.0
4366,40.43383,-3.69146,3,1.0,2.0,84.0,100.0,22,0.08,628,200,4855.0,64.056634,2.4,1.0,1,0,0,0,0,1,0,1,1,0,1,0,0,6,25.5,100.0
4367,40.43582,-3.68392,2,1.0,1.0,155.0,0.0,92,0.0,203,200,5328.0,74.694253,2.2,1.0,1,0,0,0,0,1,0,1,1,0,1,0,0,7,18.0,200.0
4368,40.42799,-3.68109,8,4.0,5.0,300.0,100.0,92,0.02,235,200,5328.0,74.694253,2.2,3.0,1,0,0,0,0,1,0,1,1,0,1,0,0,7,69.0,200.0
4369,40.45887,-3.70365,4,0.0,3.0,50.0,98.0,1,2.9,377,200,3476.0,60.621287,5.9,1.0,1,0,0,0,0,1,0,0,0,0,1,0,0,8,33.0,50.0
4370,40.41601,-3.70754,4,2.0,3.0,159.0,100.0,1,1.66,302,200,4503.0,68.043894,0.8,2.0,1,0,0,0,0,1,0,1,1,0,0,0,0,9,36.0,200.0
4371,40.3801,-3.69987,2,1.0,2.0,23.0,97.0,1,1.95,295,50,2316.0,43.910072,4.6,1.0,0,0,0,0,0,1,0,1,0,1,1,0,0,0,18.0,50.0
4372,40.41104,-3.71324,3,1.0,2.0,48.0,92.0,11,0.33,454,200,4503.0,68.043894,0.8,2.0,1,0,0,0,0,1,0,1,1,1,1,0,0,7,28.5,50.0
4373,40.41644,-3.71007,2,1.0,1.0,71.0,96.0,11,0.23,383,200,4503.0,68.043894,0.8,1.0,1,0,0,0,0,1,0,1,0,0,1,0,0,7,18.0,100.0
4374,40.4556,-3.59277,2,1.0,1.0,31.0,98.0,2,4.19,503,50,3047.0,56.183432,11.8,1.0,0,0,0,0,0,1,0,1,0,1,1,0,1,9,18.0,50.0
4375,40.41137,-3.70386,4,2.0,2.0,110.0,85.0,7,2.5,465,200,4503.0,68.043894,0.8,2.0,1,0,0,0,0,1,0,1,1,0,1,0,0,5,36.0,150.0
4376,40.40955,-3.73101,2,1.0,1.0,19.0,0.0,1,0.0,193,50,2287.0,47.008319,4.7,1.0,1,0,0,0,0,1,0,1,0,0,0,0,0,5,18.0,50.0
4377,40.41459,-3.70393,4,1.0,1.0,93.0,96.0,1,1.34,285,200,4503.0,68.043894,0.8,1.0,1,0,0,0,0,1,0,1,1,0,1,0,0,5,33.0,100.0
4378,40.45406,-3.70201,4,2.0,3.0,51.0,88.0,1,0.98,249,200,3476.0,60.621287,5.9,1.0,1,0,0,0,0,1,0,0,0,0,0,0,0,8,33.0,100.0
4379,40.40947,-3.69625,2,1.0,1.0,52.0,96.0,3,1.5,267,200,4503.0,68.043894,0.8,1.0,1,0,0,0,1,1,0,1,0,0,0,0,0,7,18.0,100.0
4380,40.42677,-3.67858,2,1.0,1.0,49.0,0.0,1,0.0,125,200,5328.0,74.694253,2.2,1.0,1,0,0,0,0,1,0,0,1,0,1,0,0,0,18.0,50.0
4381,40.46794,-3.66944,2,1.0,1.0,20.0,0.0,1,0.0,164,50,4508.0,67.220486,5.8,2.0,1,0,0,0,0,0,1,1,1,0,1,0,0,6,21.0,50.0
4382,40.41024,-3.69732,4,1.0,2.0,34.0,91.0,2,10.39,475,200,4503.0,68.043894,0.8,1.0,1,0,0,0,0,1,0,1,0,0,1,0,0,7,33.0,50.0
4383,40.4736,-3.68748,5,3.0,3.0,90.0,100.0,1,0.2,191,200,3476.0,60.621287,5.9,2.0,1,0,0,0,0,1,0,1,1,0,1,0,0,10,43.5,100.0
4384,40.46079,-3.69716,1,1.0,1.0,40.0,0.0,1,0.0,220,50,3476.0,60.621287,5.9,1.0,0,0,0,0,0,1,0,0,1,0,1,0,0,5,10.5,50.0
4385,40.48393,-3.70834,3,2.0,2.0,28.0,86.0,1,1.73,709,200,3545.0,57.198083,16.4,1.0,1,0,0,0,0,1,0,1,0,0,1,1,0,8,25.5,50.0
4386,40.42448,-3.70968,4,1.0,2.0,86.0,89.0,3,0.26,399,200,4503.0,68.043894,0.8,1.0,1,0,0,0,0,1,0,1,1,0,0,0,0,5,33.0,100.0
4387,40.41169,-3.70626,8,3.0,4.0,172.0,93.0,3,2.22,370,200,4503.0,68.043894,0.8,3.0,1,0,0,0,0,1,0,1,0,0,0,0,0,8,69.0,200.0
4388,40.40868,-3.69865,6,2.0,4.0,120.0,97.0,3,2.52,318,200,4503.0,68.043894,0.8,2.0,1,0,0,0,0,1,0,1,0,0,0,0,0,5,51.0,150.0
4389,40.4531,-3.69586,1,1.0,1.0,53.0,94.0,2,0.42,316,50,3476.0,60.621287,5.9,1.0,0,0,0,0,1,1,0,1,1,0,1,0,0,6,10.5,100.0
4390,40.45593,-3.68067,8,3.0,4.0,143.0,93.0,2,4.61,591,200,4508.0,67.220486,5.8,2.0,1,0,0,0,0,1,0,1,0,0,1,0,1,6,66.0,150.0
4391,40.42294,-3.70853,2,0.0,2.0,111.0,96.0,8,0.67,271,200,4503.0,68.043894,0.8,1.0,1,0,0,0,0,1,0,1,1,0,1,0,0,6,18.0,150.0
4392,40.46374,-3.69187,2,0.0,2.0,45.0,89.0,3,1.87,344,200,3476.0,60.621287,5.9,1.0,1,0,0,0,0,1,0,1,1,0,0,0,0,5,18.0,50.0
4393,40.48407,-3.70655,2,1.0,1.0,57.0,97.0,1,0.57,248,50,3545.0,57.198083,16.4,1.0,1,1,1,1,1,1,1,1,1,1,1,1,1,5,18.0,100.0
4394,40.39136,-3.64793,1,1.0,1.0,13.0,96.0,1,0.43,40,50,1890.0,41.443535,5.0,1.0,1,0,0,0,0,1,0,0,0,0,0,0,0,6,10.5,50.0
4395,40.39764,-3.66896,4,1.0,3.0,31.0,87.0,7,1.7,311,200,1890.0,41.443535,5.0,1.0,1,0,0,0,0,1,0,0,0,0,1,0,0,8,33.0,50.0
4396,40.40024,-3.66648,4,2.0,3.0,60.0,96.0,1,2.25,518,200,1890.0,41.443535,5.0,1.0,1,0,0,0,0,1,0,1,0,0,1,0,0,5,33.0,100.0
4397,40.4269,-3.71174,6,2.0,2.0,95.0,100.0,1,0.08,170,200,4503.0,68.043894,0.8,1.0,1,0,0,0,0,1,0,1,1,0,1,0,0,6,48.0,100.0
4398,40.42426,-3.70644,4,1.0,2.0,131.0,99.0,8,0.57,302,200,4503.0,68.043894,0.8,1.0,1,0,0,0,0,1,0,1,1,0,1,0,0,6,33.0,150.0
4399,40.42512,-3.67859,2,1.0,1.0,85.0,99.0,1,1.41,397,200,5328.0,74.694253,2.2,1.0,1,0,0,0,0,1,0,1,1,0,1,0,0,6,18.0,100.0
4400,40.40831,-3.70776,4,2.0,2.0,41.0,100.0,3,0.09,369,200,4503.0,68.043894,0.8,1.0,1,0,0,0,0,1,0,0,0,1,1,0,0,6,33.0,50.0
4401,40.45945,-3.67857,4,2.0,3.0,100.0,99.0,1,1.2,387,200,4508.0,67.220486,5.8,2.0,1,0,0,1,0,1,0,1,1,0,1,0,0,7,36.0,100.0
4402,40.40799,-3.67081,4,3.0,3.0,200.0,98.0,1,0.37,457,200,4220.0,63.672727,3.2,2.0,1,0,0,0,0,1,0,1,1,0,1,0,0,5,36.0,200.0
4403,40.41267,-3.69699,4,1.0,3.0,50.0,82.0,7,2.79,565,200,4503.0,68.043894,0.8,1.0,1,0,0,0,0,1,0,0,1,0,1,0,0,5,33.0,50.0
4404,40.42632,-3.70495,2,1.0,2.0,53.0,97.0,1,1.54,619,200,4503.0,68.043894,0.8,1.0,1,0,0,0,0,1,0,1,1,1,1,0,1,6,18.0,100.0
4405,40.41165,-3.70842,4,2.0,2.0,65.0,80.0,3,0.07,126,200,4503.0,68.043894,0.8,2.0,1,0,0,0,0,1,0,1,0,0,0,0,0,6,36.0,100.0
4406,40.41666,-3.71142,2,1.0,2.0,48.0,99.0,1,0.33,114,50,4503.0,68.043894,0.8,1.0,1,0,0,0,0,1,0,0,1,0,0,0,0,5,18.0,50.0
4407,40.41365,-3.69639,4,1.0,1.0,80.0,80.0,6,0.1,473,200,4503.0,68.043894,0.8,1.0,1,0,0,0,1,1,0,1,1,0,1,0,0,9,33.0,100.0
4408,40.41728,-3.69554,5,2.0,3.0,99.0,95.0,25,3.3,457,200,4503.0,68.043894,0.8,1.5,1,0,0,0,0,1,0,1,0,0,0,0,0,6,42.0,100.0
4409,40.41482,-3.70281,5,2.0,3.0,154.0,100.0,8,0.04,223,200,4503.0,68.043894,0.8,1.5,1,0,0,0,0,1,0,1,1,0,1,0,0,7,42.0,200.0
4410,40.39452,-3.66582,2,1.0,1.0,25.0,100.0,1,0.16,112,50,1890.0,41.443535,5.0,1.0,0,0,0,0,0,0,0,0,0,0,0,0,0,6,18.0,50.0
4411,40.41523,-3.70137,5,1.0,3.0,80.0,95.0,1,1.36,368,200,4503.0,68.043894,0.8,1.0,1,0,0,0,0,1,0,1,0,0,0,0,0,5,40.5,100.0
4412,40.41518,-3.70239,5,2.0,4.0,154.0,93.0,8,0.06,380,200,4503.0,68.043894,0.8,1.5,1,0,0,0,0,1,0,1,1,0,1,0,0,7,42.0,200.0
4413,40.41398,-3.69816,2,1.0,1.0,90.0,94.0,3,2.41,427,200,4503.0,68.043894,0.8,1.0,1,0,0,0,0,1,0,1,1,0,0,0,0,10,18.0,100.0
4414,40.4167,-3.70305,6,2.0,6.0,154.0,100.0,8,0.02,223,200,4503.0,68.043894,0.8,1.5,1,0,0,0,0,1,0,1,1,0,1,0,0,7,49.5,200.0
4415,40.41682,-3.70374,5,2.0,3.0,154.0,100.0,8,0.02,223,200,4503.0,68.043894,0.8,1.0,1,0,0,0,0,1,0,1,1,0,1,0,0,7,40.5,200.0
4416,40.42321,-3.70092,3,1.0,1.0,43.0,94.0,4,3.07,473,200,4503.0,68.043894,0.8,1.0,1,0,0,0,0,1,0,1,1,0,1,0,0,0,25.5,50.0
4417,40.42376,-3.6992,1,1.0,1.0,22.0,88.0,2,0.73,121,50,4503.0,68.043894,0.8,1.0,1,0,0,0,0,1,0,0,0,0,1,0,0,6,10.5,50.0
4418,40.41124,-3.71184,4,2.0,2.0,76.0,90.0,1,2.08,350,200,4503.0,68.043894,0.8,1.0,1,0,0,0,0,1,0,1,0,0,0,0,0,10,33.0,100.0
4419,40.42041,-3.7016,1,1.0,1.0,31.0,95.0,2,1.13,346,50,4503.0,68.043894,0.8,1.0,1,1,1,1,1,1,1,1,1,1,1,1,1,7,10.5,50.0
4420,40.45462,-3.69634,2,0.0,2.0,45.0,64.0,1,0.1,83,200,3476.0,60.621287,5.9,1.0,1,0,0,0,0,0,0,1,1,0,0,0,0,6,18.0,50.0
4421,40.43187,-3.71149,2,1.0,1.0,87.0,80.0,1,0.1,27,200,4855.0,64.056634,2.4,1.5,1,0,0,0,0,0,0,0,0,0,0,0,0,7,19.5,100.0
4422,40.43522,-3.70723,1,1.0,1.0,20.0,97.0,1,0.51,255,50,4855.0,64.056634,2.4,1.0,1,0,0,0,0,1,0,0,0,0,1,0,0,6,10.5,50.0
4423,40.41333,-3.7057,8,4.0,4.0,300.0,0.0,3,0.0,152,200,4503.0,68.043894,0.8,2.0,1,0,0,0,0,1,0,1,1,0,0,0,0,5,66.0,200.0
4424,40.43413,-3.70714,1,1.0,1.0,33.0,96.0,1,0.14,131,50,4855.0,64.056634,2.4,1.0,0,0,0,0,0,1,0,0,1,0,1,0,0,8,10.5,50.0
4425,40.39466,-3.72144,2,1.0,1.0,69.0,100.0,1,0.18,185,200,2195.0,47.402837,6.6,1.0,1,0,0,0,0,1,0,1,1,0,0,0,0,9,18.0,100.0
4426,40.41998,-3.70157,4,1.0,1.0,50.0,98.0,5,0.23,491,200,4503.0,68.043894,0.8,1.0,1,0,0,0,0,1,0,1,1,1,1,0,0,5,33.0,50.0
4427,40.42283,-3.69497,2,0.0,1.0,46.0,90.0,88,2.78,347,200,4503.0,68.043894,0.8,1.0,1,0,0,0,0,1,0,1,1,0,0,0,0,6,18.0,50.0
4428,40.40618,-3.68705,2,1.0,1.0,41.0,96.0,2,0.79,198,50,4220.0,63.672727,3.2,1.0,1,1,1,1,1,1,1,1,1,1,1,1,1,5,18.0,50.0
4429,40.37881,-3.7819,1,1.0,1.0,14.0,100.0,1,0.22,332,50,2287.0,47.008319,4.7,1.0,0,0,0,0,0,1,0,0,1,0,1,0,0,6,10.5,50.0
4430,40.44685,-3.67494,1,1.0,1.0,18.0,90.0,1,0.35,399,50,4508.0,67.220486,5.8,1.5,0,0,0,0,0,1,0,0,0,0,1,0,0,5,12.0,50.0
4431,40.42479,-3.69745,4,1.0,1.0,67.0,92.0,4,0.75,417,200,4503.0,68.043894,0.8,1.0,1,0,0,0,0,1,0,1,0,1,0,0,0,10,33.0,100.0
4432,40.40826,-3.7442,5,3.0,4.0,45.0,94.0,1,0.59,441,200,2287.0,47.008319,4.7,2.0,1,0,0,0,0,1,0,0,1,1,1,0,0,7,43.5,50.0
4433,40.43371,-3.69109,4,1.0,2.0,89.0,97.0,1,1.79,467,200,4855.0,64.056634,2.4,1.0,1,0,0,0,0,1,0,1,1,0,1,0,0,5,33.0,100.0
4434,40.40469,-3.73935,2,1.0,1.0,42.0,96.0,1,0.67,140,200,2287.0,47.008319,4.7,1.0,1,0,0,0,0,1,0,0,0,0,0,0,0,0,18.0,50.0
4435,40.43876,-3.69426,2,1.0,1.0,54.0,89.0,4,1.59,376,200,4855.0,64.056634,2.4,1.0,1,0,0,0,0,1,0,1,1,0,1,0,0,7,18.0,100.0
4436,40.42648,-3.70441,4,1.0,1.0,109.0,95.0,1,0.68,455,200,4503.0,68.043894,0.8,1.0,1,0,0,0,0,1,1,1,1,0,1,0,0,6,33.0,150.0
4437,40.41006,-3.70907,2,1.0,2.0,45.0,100.0,1,0.1,194,50,4503.0,68.043894,0.8,1.0,0,0,0,0,0,1,0,0,1,1,0,0,0,5,18.0,50.0
4438,40.42448,-3.70169,4,1.0,2.0,71.0,98.0,1,2.05,709,200,4503.0,68.043894,0.8,1.0,1,0,0,0,0,1,0,1,1,0,1,1,1,7,33.0,100.0
4439,40.41628,-3.70402,4,2.0,2.0,154.0,100.0,8,0.02,369,200,4503.0,68.043894,0.8,1.5,1,0,0,0,0,1,0,1,1,0,1,0,0,7,34.5,200.0
4441,40.42014,-3.6765,5,2.0,3.0,50.0,98.0,2,4.92,580,200,4220.0,63.672727,3.2,1.0,1,0,0,0,0,1,0,1,1,0,1,0,0,7,40.5,50.0
4442,40.46087,-3.70035,2,1.0,1.0,15.0,0.0,1,0.0,98,50,3476.0,60.621287,5.9,1.0,0,0,0,0,0,1,0,0,0,0,1,0,0,10,18.0,50.0
4443,40.417,-3.70379,2,1.0,1.0,121.0,0.0,8,0.0,223,200,4503.0,68.043894,0.8,1.0,1,0,0,0,0,1,0,1,1,0,1,0,0,7,18.0,150.0
4444,40.44598,-3.69926,4,2.0,2.0,96.0,99.0,1,1.64,514,200,4855.0,64.056634,2.4,2.0,1,0,0,0,0,1,0,1,1,0,1,0,0,5,36.0,100.0
4446,40.424,-3.70587,3,1.0,2.0,650.0,0.0,1,0.0,155,200,4503.0,68.043894,0.8,1.0,1,0,0,0,0,1,0,1,0,0,0,0,0,7,25.5,200.0
4447,40.40502,-3.6726,4,2.0,4.0,110.0,98.0,1,2.25,714,200,4220.0,63.672727,3.2,2.0,1,0,0,0,0,1,1,1,1,1,1,0,0,5,36.0,150.0
4448,40.42438,-3.7066,4,1.0,2.0,131.0,96.0,8,0.65,421,200,4503.0,68.043894,0.8,1.0,1,0,0,0,0,1,0,1,1,0,1,0,0,6,33.0,150.0
4449,40.41289,-3.69662,6,2.0,3.0,117.0,94.0,1,2.79,556,200,4503.0,68.043894,0.8,2.0,1,0,0,0,1,1,0,1,0,1,1,0,0,0,51.0,150.0
4450,40.4233,-3.70385,4,2.0,2.0,113.0,94.0,2,1.38,515,200,4503.0,68.043894,0.8,1.0,1,0,0,0,0,1,0,0,0,1,0,0,1,8,33.0,150.0
4451,40.44301,-3.70114,1,1.0,1.0,50.0,100.0,1,0.43,409,50,4855.0,64.056634,2.4,1.0,1,0,0,0,0,1,0,0,1,1,0,0,0,8,10.5,50.0
4452,40.41808,-3.70834,4,2.0,3.0,126.0,99.0,6,0.55,433,200,4503.0,68.043894,0.8,2.0,1,0,0,0,0,1,0,1,1,0,1,0,0,10,36.0,150.0
4453,40.43355,-3.69242,2,1.0,1.0,181.0,60.0,92,0.04,226,200,4855.0,64.056634,2.4,1.0,1,0,0,0,0,1,0,1,1,0,0,0,0,7,18.0,200.0
4454,40.40827,-3.69765,2,1.0,1.0,30.0,86.0,9,1.53,538,200,4503.0,68.043894,0.8,1.0,1,1,1,1,1,1,1,1,1,1,1,1,1,8,18.0,50.0
4455,40.4058,-3.6743,1,1.0,1.0,25.0,96.0,1,0.35,22,50,4220.0,63.672727,3.2,1.0,0,0,0,0,0,1,0,0,0,0,0,0,0,7,10.5,50.0
4456,40.41373,-3.69604,3,1.0,1.0,53.0,91.0,3,1.87,316,200,4503.0,68.043894,0.8,1.0,1,0,0,0,0,1,0,0,0,0,0,0,0,7,25.5,100.0
4458,40.41205,-3.7186,2,2.0,2.0,37.0,0.0,2,0.0,112,200,3917.0,55.025641,1.9,1.0,1,0,0,0,0,0,0,0,0,0,0,0,0,8,18.0,50.0
4459,40.37598,-3.76459,4,2.0,3.0,72.0,90.0,1,0.09,256,200,2287.0,47.008319,4.7,1.0,1,0,0,0,0,1,0,1,0,0,0,0,0,5,33.0,100.0
4460,40.41379,-3.71241,2,1.0,1.0,54.0,96.0,1,0.19,278,200,4503.0,68.043894,0.8,1.5,1,0,0,0,0,1,0,1,0,0,1,0,0,6,19.5,100.0
4461,40.41158,-3.71317,5,2.0,4.0,71.0,90.0,1,1.75,468,200,4503.0,68.043894,0.8,1.0,1,0,0,0,0,1,0,1,0,0,1,0,0,0,40.5,100.0
4462,40.39243,-3.69611,1,1.0,1.0,27.0,0.0,5,0.0,171,50,3917.0,55.025641,1.9,1.0,0,0,0,0,0,1,0,0,0,0,1,0,0,7,10.5,50.0
4463,40.42644,-3.70338,4,1.0,2.0,84.0,97.0,12,3.46,605,200,4503.0,68.043894,0.8,1.0,1,0,0,0,0,1,0,1,1,0,1,0,0,7,33.0,100.0
4464,40.43782,-3.68326,10,3.0,4.0,158.0,100.0,1,0.04,194,200,4508.0,67.220486,5.8,2.0,1,0,0,0,0,1,0,1,1,0,1,0,0,6,81.0,200.0
4465,40.43998,-3.69385,6,3.0,5.0,207.0,100.0,92,0.02,203,200,4855.0,64.056634,2.4,2.0,1,0,0,0,0,1,0,1,1,0,1,0,0,7,51.0,200.0
4466,40.41286,-3.69757,4,2.0,3.0,83.0,98.0,1,2.0,394,200,4503.0,68.043894,0.8,1.0,1,0,0,0,0,1,0,0,0,0,1,0,0,6,33.0,100.0
4467,40.42754,-3.71146,6,3.0,3.0,146.0,99.0,3,1.7,668,200,4503.0,68.043894,0.8,2.5,1,0,0,0,0,1,0,1,1,1,1,0,0,8,52.5,150.0
4468,40.42979,-3.6781,4,1.0,2.0,79.0,0.0,1,0.02,139,200,5328.0,74.694253,2.2,1.0,1,0,0,0,0,0,0,0,1,0,1,0,0,6,33.0,100.0
4469,40.42981,-3.67834,2,1.0,1.0,40.0,82.0,7,0.21,262,200,5328.0,74.694253,2.2,1.5,1,1,1,1,1,1,1,1,1,1,1,1,1,12,19.5,50.0
4470,40.41425,-3.70281,4,1.0,2.0,70.0,100.0,1,0.17,371,200,4503.0,68.043894,0.8,1.0,1,0,0,0,0,1,0,1,0,0,1,0,0,8,33.0,100.0
4471,40.43378,-3.7125,2,1.0,1.0,40.0,100.0,1,0.06,132,200,4855.0,64.056634,2.4,1.0,1,0,0,0,0,0,0,0,0,0,0,0,0,5,18.0,50.0
4472,40.41155,-3.70689,4,1.0,2.0,91.0,100.0,2,2.37,293,200,4503.0,68.043894,0.8,1.0,1,0,0,0,0,1,0,1,0,0,0,0,0,6,33.0,100.0
4473,40.44678,-3.70187,4,1.0,2.0,51.0,85.0,7,1.61,262,200,3476.0,60.621287,5.9,1.0,1,0,0,0,0,1,0,1,0,0,1,0,0,8,33.0,100.0
4474,40.42115,-3.70503,2,1.0,1.0,22.0,100.0,1,0.02,93,50,4503.0,68.043894,0.8,1.0,1,0,0,0,0,1,0,0,0,0,1,0,0,6,18.0,50.0
4475,40.41122,-3.70963,4,1.0,2.0,100.0,93.0,1,0.14,2,200,4503.0,68.043894,0.8,1.0,1,0,0,0,0,0,0,0,0,0,0,0,0,5,33.0,100.0
4476,40.36906,-3.71782,2,1.0,1.0,27.0,98.0,2,2.56,354,50,2316.0,43.910072,4.6,1.5,0,0,0,0,0,1,0,1,0,0,1,0,0,5,19.5,50.0
4477,40.44736,-3.70321,3,1.0,1.0,29.0,0.0,2,0.0,215,50,3476.0,60.621287,5.9,1.5,0,0,0,1,0,1,0,1,0,0,1,0,0,6,27.0,50.0
4478,40.40846,-3.69813,4,1.0,1.0,59.0,93.0,67,1.7,401,200,4503.0,68.043894,0.8,1.0,1,0,0,0,0,1,0,1,0,1,1,0,0,7,33.0,100.0
4479,40.42895,-3.67917,5,3.0,3.0,128.0,90.0,1,0.47,235,200,5328.0,74.694253,2.2,2.0,1,0,0,0,0,1,0,1,0,0,0,0,0,8,43.5,150.0
4480,40.4104,-3.70133,4,2.0,3.0,57.0,98.0,1,0.83,590,200,4503.0,68.043894,0.8,1.0,1,0,0,0,0,1,0,0,1,0,1,0,0,0,33.0,100.0
4481,40.39834,-3.66977,2,2.0,2.0,55.0,87.0,1,0.1,366,200,4220.0,63.672727,3.2,1.0,1,0,0,0,0,0,0,1,0,1,1,0,1,6,18.0,100.0
4482,40.40428,-3.70488,2,1.0,1.0,65.0,100.0,1,0.19,258,200,3917.0,55.025641,1.9,1.0,1,0,0,0,0,1,0,0,1,0,1,0,0,6,18.0,100.0
4483,40.41797,-3.67738,2,1.0,2.0,86.0,100.0,2,0.06,88,50,4220.0,63.672727,3.2,1.0,1,0,0,0,0,1,0,0,1,0,0,0,0,10,18.0,100.0
4484,40.40846,-3.69424,8,4.0,6.0,237.0,95.0,1,2.23,478,200,4503.0,68.043894,0.8,3.0,1,0,0,0,0,1,0,1,0,0,1,0,0,5,69.0,200.0
4485,40.43073,-3.71283,4,2.0,2.0,165.0,98.0,25,0.77,485,200,4855.0,64.056634,2.4,1.0,1,0,0,0,1,1,0,1,1,1,1,0,0,9,33.0,200.0
4486,40.41238,-3.70981,6,3.0,4.0,140.0,90.0,3,2.41,781,200,4503.0,68.043894,0.8,2.0,1,0,0,0,0,1,0,1,0,0,1,1,0,8,51.0,150.0
4487,40.43273,-3.69182,2,0.0,1.0,90.0,100.0,2,0.02,316,200,4855.0,64.056634,2.4,1.0,1,0,0,0,0,1,0,1,1,0,1,0,0,9,18.0,100.0
4488,40.42863,-3.67521,5,2.0,4.0,128.0,90.0,1,1.24,207,200,5328.0,74.694253,2.2,2.0,1,0,0,0,0,1,0,0,1,0,1,0,0,5,43.5,150.0
4489,40.37992,-3.69242,1,1.0,1.0,17.0,96.0,1,1.57,624,50,2316.0,43.910072,4.6,1.0,0,0,0,0,0,1,0,1,1,0,1,0,0,8,10.5,50.0
4490,40.41115,-3.70336,3,1.0,2.0,102.0,96.0,1,1.77,476,200,4503.0,68.043894,0.8,1.0,1,0,0,0,0,1,0,1,1,1,1,0,0,6,25.5,150.0
4491,40.40536,-3.67626,1,1.0,1.0,26.0,90.0,1,0.04,113,50,4220.0,63.672727,3.2,1.0,0,0,0,0,0,1,0,0,1,0,0,0,0,5,10.5,50.0
4492,40.46641,-3.63504,1,2.0,1.0,31.0,100.0,2,0.07,251,50,3312.0,62.061453,9.2,1.0,0,0,0,0,0,1,0,0,1,0,1,0,0,6,10.5,50.0
4493,40.41818,-3.67716,5,2.0,5.0,164.0,100.0,2,0.06,80,200,4220.0,63.672727,3.2,1.0,1,0,0,0,0,1,0,0,1,0,0,0,0,10,40.5,200.0
4494,40.46083,-3.70032,2,1.0,1.0,50.0,100.0,2,0.23,264,50,3476.0,60.621287,5.9,1.0,0,0,0,0,0,1,0,1,1,1,1,0,0,2,18.0,50.0
4495,40.44429,-3.68251,4,2.0,3.0,300.0,100.0,2,0.06,612,200,4508.0,67.220486,5.8,2.5,1,0,0,0,0,1,0,1,1,0,1,0,1,5,37.5,200.0
4496,40.40829,-3.70789,5,2.0,5.0,106.0,84.0,2,1.79,298,200,4503.0,68.043894,0.8,2.0,1,0,0,0,0,1,0,1,0,0,0,0,0,6,43.5,150.0
4497,40.39335,-3.73125,1,1.0,1.0,15.0,100.0,1,0.11,465,50,2195.0,47.402837,6.6,1.0,0,0,0,0,0,1,0,0,0,0,0,0,0,6,10.5,50.0
4498,40.42513,-3.70407,2,1.0,1.0,800.0,80.0,1,0.16,357,50,4503.0,68.043894,0.8,1.0,0,0,0,0,0,1,0,0,1,0,1,0,0,7,18.0,200.0
4499,40.43063,-3.70387,1,1.0,1.0,26.0,99.0,3,1.56,212,50,4855.0,64.056634,2.4,1.0,0,0,0,0,0,1,0,0,1,0,0,0,0,11,10.5,50.0
4500,40.42564,-3.62215,4,1.0,1.0,1000.0,100.0,1,0.02,280,200,2477.0,70.967532,7.3,1.0,1,0,0,1,0,1,0,1,0,0,0,0,0,6,33.0,200.0
4501,40.39751,-3.69768,2,1.0,1.0,35.0,100.0,1,1.74,388,50,3917.0,55.025641,1.9,1.0,0,0,0,0,0,1,0,0,1,1,0,0,0,5,18.0,50.0
4502,40.41953,-3.70634,4,2.0,2.0,130.0,96.0,113,0.21,204,200,4503.0,68.043894,0.8,1.0,1,0,0,0,0,1,0,1,1,0,0,0,0,7,33.0,150.0
4503,40.42164,-3.7071,4,2.0,2.0,130.0,96.0,113,0.23,188,200,4503.0,68.043894,0.8,2.0,1,0,0,0,0,1,0,1,1,0,0,0,0,7,36.0,150.0
4504,40.45444,-3.78334,1,1.0,1.0,25.0,100.0,1,0.04,161,50,3555.0,63.451906,5.9,1.0,0,0,0,0,0,1,1,0,0,0,1,0,0,6,10.5,50.0
4505,40.44759,-3.68323,1,1.0,1.0,60.0,97.0,1,0.56,575,50,4508.0,67.220486,5.8,1.0,1,0,0,0,0,1,0,1,0,0,1,1,1,7,10.5,100.0
4506,40.41048,-3.7061,6,2.0,3.0,98.0,93.0,1,4.25,549,200,4503.0,68.043894,0.8,2.0,1,0,0,0,0,1,0,1,1,1,1,0,0,5,51.0,100.0
4507,40.39748,-3.6984,2,1.0,1.0,38.0,92.0,1,1.0,303,50,3917.0,55.025641,1.9,1.0,0,0,0,0,0,1,0,0,1,1,1,0,0,10,18.0,50.0
4508,40.42864,-3.67681,4,1.0,1.0,87.0,91.0,6,1.99,324,200,5328.0,74.694253,2.2,1.0,1,0,0,0,0,1,0,1,1,0,0,0,0,5,33.0,100.0
4509,40.41495,-3.70009,2,1.0,1.0,49.0,99.0,3,0.86,586,200,4503.0,68.043894,0.8,1.0,1,0,0,0,0,1,0,1,1,1,1,0,0,8,18.0,50.0
4510,40.42022,-3.70476,2,1.0,1.0,99.0,100.0,113,0.19,204,200,4503.0,68.043894,0.8,1.0,1,0,0,0,0,1,0,1,1,0,0,0,0,7,18.0,100.0
4511,40.41993,-3.70661,2,1.0,1.0,95.0,84.0,113,0.21,204,200,4503.0,68.043894,0.8,1.0,1,0,0,0,0,1,0,1,1,0,0,0,0,7,18.0,100.0
4513,40.42153,-3.70713,2,1.0,1.0,82.0,96.0,113,0.35,204,200,4503.0,68.043894,0.8,1.0,1,0,0,0,0,1,0,1,1,0,0,0,0,7,18.0,100.0
4514,40.41989,-3.70656,4,2.0,2.0,226.0,100.0,113,0.08,215,200,4503.0,68.043894,0.8,2.0,1,0,0,0,0,1,0,1,1,0,0,0,0,7,36.0,200.0
4515,40.38263,-3.72689,2,2.0,2.0,18.0,100.0,1,0.21,320,200,2195.0,47.402837,6.6,1.0,1,0,0,0,0,1,0,1,0,1,1,0,0,9,18.0,50.0
4516,40.41989,-3.70691,2,1.0,1.0,94.0,93.0,113,0.17,204,200,4503.0,68.043894,0.8,1.0,1,0,0,0,0,1,0,1,1,0,0,0,0,7,18.0,100.0
4517,40.40733,-3.70006,2,1.0,1.0,47.0,0.0,1,0.06,176,200,4503.0,68.043894,0.8,1.0,1,0,0,0,0,1,0,1,0,0,1,0,0,5,18.0,50.0
4518,40.44914,-3.7059,4,2.0,3.0,131.0,92.0,31,0.39,661,200,3476.0,60.621287,5.9,2.0,1,0,0,0,0,1,0,1,0,1,1,0,0,8,36.0,150.0
4519,40.41315,-3.70359,4,2.0,2.0,70.0,0.0,1,0.0,226,200,4503.0,68.043894,0.8,2.0,1,0,0,0,0,1,0,1,1,0,1,0,0,10,36.0,100.0
4520,40.42427,-3.70609,4,1.0,2.0,42.0,97.0,2,2.71,385,200,4503.0,68.043894,0.8,1.0,1,0,0,0,0,1,0,1,1,0,0,0,0,10,33.0,50.0
4522,40.40881,-3.69732,4,2.0,3.0,70.0,100.0,2,0.24,151,200,4503.0,68.043894,0.8,1.0,1,0,0,0,0,1,0,1,0,0,0,0,0,6,33.0,100.0
4523,40.40232,-3.67685,2,1.0,1.0,60.0,99.0,1,0.52,448,200,4220.0,63.672727,3.2,1.0,1,0,0,0,0,1,0,0,0,0,1,0,0,5,18.0,100.0
4524,40.41559,-3.70353,1,1.0,1.0,114.0,0.0,2,0.0,246,50,4503.0,68.043894,0.8,1.5,0,1,1,1,1,1,0,1,0,0,1,0,0,7,12.0,150.0
4525,40.40881,-3.70361,2,1.0,1.0,75.0,83.0,1,0.16,116,200,4503.0,68.043894,0.8,1.0,1,0,0,0,0,1,0,0,0,0,0,0,0,6,18.0,100.0
4526,40.42363,-3.67766,5,2.0,3.0,68.0,99.0,1,8.04,783,200,5328.0,74.694253,2.2,1.0,1,0,0,0,0,1,0,1,1,1,1,0,0,5,40.5,100.0
4527,40.38614,-3.71888,2,0.0,1.0,50.0,92.0,9,3.11,204,200,2195.0,47.402837,6.6,1.0,1,0,0,0,0,1,0,1,1,0,1,0,0,8,18.0,50.0
4528,40.41246,-3.70556,6,3.0,4.0,300.0,0.0,3,0.0,152,200,4503.0,68.043894,0.8,2.0,1,0,0,0,0,1,0,1,1,0,0,0,0,5,51.0,200.0
4529,40.43055,-3.657,2,1.0,1.0,24.0,95.0,1,0.64,425,50,2893.0,50.090625,6.5,1.0,0,0,0,0,0,1,0,1,0,0,0,0,0,10,18.0,50.0
4530,40.4273,-3.70106,2,1.0,1.0,100.0,100.0,1,0.12,475,200,4503.0,68.043894,0.8,1.0,1,0,0,0,0,1,0,0,1,1,1,0,0,5,18.0,100.0
4531,40.41671,-3.7092,4,2.0,3.0,100.0,95.0,1,1.83,319,200,4503.0,68.043894,0.8,1.0,1,0,0,0,0,1,0,1,1,1,0,0,0,9,33.0,100.0
4532,40.42249,-3.69884,2,1.0,1.0,35.0,90.0,2,0.14,117,50,4503.0,68.043894,0.8,1.0,0,0,0,0,0,1,0,0,0,0,1,0,0,7,18.0,50.0
4533,40.39328,-3.69554,4,2.0,3.0,56.0,97.0,3,4.6,607,200,3917.0,55.025641,1.9,1.0,1,0,0,0,0,1,0,1,1,0,1,0,0,5,33.0,100.0
4534,40.42357,-3.67862,7,2.0,4.0,54.0,99.0,1,3.54,1199,200,5328.0,74.694253,2.2,1.0,1,0,0,0,0,0,0,0,1,0,1,0,1,5,55.5,100.0
4535,40.42526,-3.69769,1,1.0,1.0,14.0,100.0,1,0.04,66,50,4503.0,68.043894,0.8,2.0,1,0,0,0,0,1,0,0,1,0,0,0,0,5,13.5,50.0
4536,40.41155,-3.70538,2,1.0,1.0,62.0,92.0,3,1.09,229,50,4503.0,68.043894,0.8,0.0,0,0,0,0,0,1,0,0,0,0,0,0,0,6,15.0,100.0
4537,40.42664,-3.70923,2,1.0,1.0,40.0,94.0,1,1.26,305,200,4503.0,68.043894,0.8,1.0,1,0,0,0,0,1,0,0,1,0,0,0,0,5,18.0,50.0
4538,40.42427,-3.70407,4,2.0,1.0,66.0,88.0,1,2.85,377,200,4503.0,68.043894,0.8,1.0,1,0,0,0,0,1,0,0,1,1,1,0,0,5,33.0,100.0
4539,40.39326,-3.70967,2,1.0,2.0,18.0,91.0,1,4.24,253,50,2195.0,47.402837,6.6,1.0,0,0,0,0,0,1,0,1,0,0,0,0,0,6,18.0,50.0
4540,40.40407,-3.67482,2,0.0,1.0,50.0,88.0,1,2.54,543,200,4220.0,63.672727,3.2,1.0,1,0,0,0,0,1,0,0,1,0,1,0,0,6,18.0,50.0
4541,40.34579,-3.69159,2,1.0,1.0,43.0,95.0,1,0.76,368,50,1696.0,37.641618,9.0,1.0,0,0,0,0,0,1,0,1,0,0,1,0,0,6,18.0,50.0
4542,40.39821,-3.71831,2,1.0,1.0,27.0,97.0,2,0.12,99,50,2195.0,47.402837,6.6,1.0,0,0,0,0,0,1,0,0,1,0,0,0,0,5,18.0,50.0
4543,40.42196,-3.70332,3,1.0,2.0,48.0,98.0,1,0.99,431,200,4503.0,68.043894,0.8,1.0,1,0,0,0,0,1,0,1,1,0,1,0,0,7,25.5,50.0
4544,40.47165,-3.58532,1,1.0,1.0,24.0,97.0,1,6.56,231,50,3047.0,56.183432,11.8,1.0,0,0,0,1,0,1,0,0,1,0,1,0,0,5,10.5,50.0
4545,40.44687,-3.70506,3,1.0,3.0,61.0,99.0,1,1.46,429,50,4855.0,64.056634,2.4,1.0,0,0,0,0,0,1,0,1,1,0,1,0,0,5,25.5,100.0
4546,40.42913,-3.6637,2,1.0,1.0,26.0,95.0,1,1.19,232,50,5328.0,74.694253,2.2,1.5,0,0,0,0,0,1,0,0,0,0,0,0,0,8,19.5,50.0
4547,40.40521,-3.75222,4,2.0,2.0,45.0,0.0,3,0.0,234,200,2287.0,47.008319,4.7,1.0,1,0,0,0,0,1,0,1,0,0,1,0,0,8,33.0,50.0
4548,40.40096,-3.70048,3,1.0,1.0,58.0,100.0,1,0.17,359,50,3917.0,55.025641,1.9,1.5,0,0,0,0,0,1,0,0,1,1,1,0,0,8,27.0,100.0
4549,40.4127,-3.71082,6,1.0,3.0,102.0,94.0,3,3.08,572,200,4503.0,68.043894,0.8,1.0,1,0,0,0,1,1,0,0,1,0,1,0,0,6,48.0,150.0
4550,40.3994,-3.71789,2,1.0,2.0,28.0,100.0,2,0.05,159,50,2195.0,47.402837,6.6,1.5,0,0,0,0,0,1,0,0,1,0,0,0,0,5,19.5,50.0
4551,40.41122,-3.70961,4,1.0,1.0,113.0,92.0,3,4.47,698,200,4503.0,68.043894,0.8,1.5,1,1,1,1,1,1,1,1,1,1,1,1,1,6,34.5,150.0
4552,40.42369,-3.70161,4,0.0,2.0,65.0,92.0,2,2.81,169,200,4503.0,68.043894,0.8,1.0,1,0,0,0,0,1,0,1,0,0,1,0,0,9,33.0,100.0
4553,40.40761,-3.74334,1,1.0,1.0,246.0,0.0,1,0.0,68,50,2287.0,47.008319,4.7,1.0,1,0,0,0,0,1,0,0,1,0,0,0,0,5,10.5,200.0
4554,40.42463,-3.70639,2,0.0,1.0,111.0,94.0,8,0.53,257,200,4503.0,68.043894,0.8,1.0,1,0,0,0,0,1,0,1,1,0,1,0,0,6,18.0,150.0
4555,40.40279,-3.68841,4,1.0,2.0,50.0,93.0,1,2.18,369,200,3917.0,55.025641,1.9,1.0,1,0,0,0,0,1,0,0,0,1,1,0,0,5,33.0,50.0
4556,40.41205,-3.70338,4,1.0,2.0,121.0,99.0,1,0.47,443,200,4503.0,68.043894,0.8,1.0,1,0,0,0,0,1,0,1,0,0,1,0,0,12,33.0,150.0
4557,40.42061,-3.6843,4,1.0,3.0,99.0,89.0,1,1.29,284,200,4220.0,63.672727,3.2,1.0,1,0,0,0,0,1,0,1,1,0,1,0,0,5,33.0,100.0
4558,40.50677,-3.67514,4,3.0,5.0,156.0,92.0,10,0.11,208,200,3545.0,57.198083,16.4,2.0,1,0,0,0,0,1,1,1,1,0,0,0,0,7,36.0,200.0
4559,40.42376,-3.69132,3,1.0,2.0,49.0,93.0,7,2.33,549,200,4503.0,68.043894,0.8,1.0,1,0,0,0,0,0,0,1,1,0,1,1,0,8,25.5,50.0
4560,40.42102,-3.7034,1,1.0,1.0,24.0,86.0,53,3.39,539,50,4503.0,68.043894,0.8,1.0,1,0,0,0,0,1,0,1,1,1,0,0,0,9,10.5,50.0
4561,40.40963,-3.71029,6,3.0,4.0,115.0,93.0,25,3.55,490,200,4503.0,68.043894,0.8,1.0,1,0,0,1,1,1,0,1,1,1,0,0,1,6,48.0,150.0
4562,40.43573,-3.70691,3,2.0,2.0,143.0,100.0,7,0.06,352,200,4855.0,64.056634,2.4,1.0,1,0,0,0,0,1,0,1,1,1,1,0,0,6,25.5,150.0
4563,40.44616,-3.67056,3,1.0,1.0,106.0,91.0,1,0.35,384,200,4508.0,67.220486,5.8,1.0,1,0,0,0,0,1,0,1,1,1,0,0,0,6,25.5,150.0
4564,40.41554,-3.70129,5,2.0,4.0,121.0,97.0,1,3.45,417,200,4503.0,68.043894,0.8,1.0,1,0,0,0,0,1,0,1,1,0,1,0,1,8,40.5,150.0
4565,40.38868,-3.66979,2,4.0,1.0,15.0,92.0,6,0.92,227,50,1890.0,41.443535,5.0,1.0,0,0,0,0,0,1,0,0,0,0,1,0,0,5,18.0,50.0
4566,40.42952,-3.70612,3,1.0,1.0,120.0,100.0,1,0.16,136,200,4503.0,68.043894,0.8,1.0,1,0,0,0,0,1,0,1,1,0,0,0,0,9,25.5,150.0
4567,40.41909,-3.70838,8,4.0,6.0,404.0,92.0,17,1.09,604,200,4503.0,68.043894,0.8,3.0,1,0,0,0,0,1,0,1,1,1,1,0,1,8,69.0,200.0
4568,40.42671,-3.6904,4,2.0,2.0,132.0,84.0,12,0.58,245,200,4855.0,64.056634,2.4,2.0,1,0,0,0,0,1,0,1,0,0,1,0,0,9,36.0,150.0
4569,40.4367,-3.63438,2,0.0,1.0,50.0,97.0,1,3.14,385,200,2477.0,70.967532,7.3,1.0,1,0,0,0,0,1,0,1,0,1,1,0,0,5,18.0,50.0
4570,40.40963,-3.70361,4,1.0,2.0,69.0,98.0,2,2.47,375,200,4503.0,68.043894,0.8,1.0,1,0,0,0,0,1,0,1,0,0,1,0,0,5,33.0,100.0
4571,40.38659,-3.66864,2,4.0,1.0,10.0,95.0,6,1.23,121,50,1890.0,41.443535,5.0,1.0,0,0,0,0,0,1,0,0,0,0,1,0,0,5,18.0,50.0
4572,40.4602,-3.64938,1,1.0,1.0,18.0,91.0,2,0.92,331,50,3312.0,62.061453,9.2,1.0,0,0,0,0,0,1,0,0,0,1,0,0,1,7,10.5,50.0
4574,40.47075,-3.67855,2,1.0,1.0,35.0,99.0,2,2.81,438,50,4508.0,67.220486,5.8,1.0,1,0,0,0,1,1,1,1,1,0,1,0,0,5,18.0,50.0
4575,40.40569,-3.70427,2,1.0,1.0,61.0,93.0,1,0.62,426,200,4503.0,68.043894,0.8,1.0,1,0,0,0,0,1,0,0,0,1,1,0,0,5,18.0,100.0
4576,40.41524,-3.70693,4,3.0,4.0,314.0,100.0,1,0.82,738,200,4503.0,68.043894,0.8,2.0,1,0,0,0,0,1,0,1,1,1,1,0,1,6,36.0,200.0
4577,40.42672,-3.70767,4,2.0,3.0,173.0,93.0,7,0.32,618,200,4503.0,68.043894,0.8,2.0,1,0,0,0,0,1,0,1,0,0,1,0,0,11,36.0,200.0
4578,40.39427,-3.70847,1,1.0,1.0,30.0,0.0,1,0.0,99,50,2195.0,47.402837,6.6,1.0,1,0,0,0,0,1,0,0,1,0,0,0,0,5,10.5,50.0
4580,40.43144,-3.70563,2,1.0,1.0,141.0,99.0,1,0.38,315,200,4855.0,64.056634,2.4,1.0,1,0,0,0,0,1,0,1,1,0,1,0,0,8,18.0,150.0
4581,40.40158,-3.67809,4,1.0,2.0,53.0,95.0,1,3.36,360,200,4220.0,63.672727,3.2,1.0,1,0,0,0,0,1,0,1,1,0,1,0,0,5,33.0,100.0
4582,40.4133,-3.70734,3,1.0,2.0,105.0,99.0,1,1.07,599,200,4503.0,68.043894,0.8,1.0,1,0,0,0,0,1,0,1,1,1,1,0,0,10,25.5,150.0
4583,40.4108,-3.70162,2,0.0,1.0,42.0,98.0,2,3.18,629,200,4503.0,68.043894,0.8,1.0,1,0,0,1,0,1,0,1,0,0,1,0,0,6,18.0,50.0
4584,40.40351,-3.70222,4,1.0,2.0,47.0,84.0,66,4.54,412,200,3917.0,55.025641,1.9,1.0,1,0,0,0,0,1,0,0,1,0,1,0,0,6,33.0,50.0
4585,40.43115,-3.65883,2,1.0,1.0,30.0,92.0,1,2.09,407,50,2893.0,50.090625,6.5,1.0,1,0,0,0,0,1,0,0,1,0,1,0,0,8,18.0,50.0
4586,40.41173,-3.71006,2,1.0,1.0,90.0,89.0,7,1.17,243,200,4503.0,68.043894,0.8,1.0,1,0,0,0,0,1,0,1,1,0,1,0,0,7,18.0,100.0
4587,40.43115,-3.66958,3,1.0,1.0,57.0,100.0,1,0.06,184,200,5328.0,74.694253,2.2,1.0,1,0,0,0,0,1,0,0,1,0,1,0,0,7,25.5,100.0
4588,40.45584,-3.70169,2,2.0,2.0,150.0,91.0,1,0.15,386,200,3476.0,60.621287,5.9,1.0,1,0,0,0,0,1,0,1,0,1,1,0,0,6,18.0,150.0
4589,40.42734,-3.70481,4,2.0,3.0,277.0,99.0,6,0.68,410,200,4503.0,68.043894,0.8,2.0,1,0,0,0,0,1,0,1,1,0,0,0,0,9,36.0,200.0
4591,40.47791,-3.70831,2,1.0,1.0,19.0,100.0,2,0.09,182,50,3545.0,57.198083,16.4,1.0,0,0,0,0,0,1,0,0,1,0,0,0,0,7,18.0,50.0
4592,40.42548,-3.70308,2,1.0,1.0,30.0,86.0,1,0.15,102,50,4503.0,68.043894,0.8,2.0,1,0,0,0,0,1,0,0,0,0,1,0,0,5,21.0,50.0
4593,40.43039,-3.61631,5,3.0,4.0,47.0,96.0,2,1.2,402,200,2477.0,70.967532,7.3,1.0,1,0,0,0,0,1,0,0,0,0,1,0,0,6,40.5,50.0
4594,40.41207,-3.73234,3,2.0,2.0,49.0,89.0,1,1.25,348,200,2287.0,47.008319,4.7,1.0,1,0,0,0,0,1,0,0,0,1,1,0,0,7,25.5,50.0
4595,40.40636,-3.70356,2,1.0,1.0,31.0,98.0,2,4.07,277,200,4503.0,68.043894,0.8,1.0,1,0,0,0,0,1,0,1,1,0,0,0,0,7,18.0,50.0
4596,40.41131,-3.70554,10,4.0,6.0,179.0,94.0,67,2.0,301,200,4503.0,68.043894,0.8,3.0,1,0,0,0,0,1,0,1,0,1,1,0,0,7,84.0,200.0
4597,40.41829,-3.7119,6,3.0,5.0,176.0,97.0,7,0.77,354,200,4503.0,68.043894,0.8,3.0,1,0,0,0,0,1,0,1,1,0,1,0,0,7,54.0,200.0
4598,40.48681,-3.66711,2,1.0,1.0,78.0,100.0,1,1.4,398,200,3312.0,62.061453,9.2,1.0,1,0,0,0,0,1,0,1,1,0,1,0,0,5,18.0,100.0
4599,40.42407,-3.70803,4,1.0,2.0,100.0,93.0,8,3.34,174,200,4503.0,68.043894,0.8,1.0,1,0,0,0,0,1,0,1,0,0,1,0,0,0,33.0,100.0
4600,40.42176,-3.69791,2,1.0,2.0,36.0,99.0,1,2.46,395,50,4503.0,68.043894,0.8,1.0,0,0,0,0,0,1,0,0,1,0,1,0,0,9,18.0,50.0
4601,40.40741,-3.70026,3,1.0,2.0,46.0,89.0,88,3.23,340,200,4503.0,68.043894,0.8,1.0,1,0,0,0,0,1,0,0,1,0,1,0,0,6,25.5,50.0
4602,40.40727,-3.70056,3,1.0,2.0,89.0,94.0,1,1.8,480,200,4503.0,68.043894,0.8,1.0,1,0,0,0,0,1,0,1,1,0,1,0,0,3,25.5,100.0
4603,40.42472,-3.70592,6,2.0,4.0,133.0,93.0,1,2.25,296,200,4503.0,68.043894,0.8,2.0,1,0,0,0,0,1,0,1,1,1,0,0,0,5,51.0,150.0
4604,40.43337,-3.69146,2,1.0,1.0,88.0,95.0,22,0.11,548,200,4855.0,64.056634,2.4,1.0,1,0,0,0,0,1,0,1,1,0,1,0,0,6,18.0,100.0
4605,40.42499,-3.69892,4,1.0,3.0,46.0,97.0,2,0.41,333,200,4503.0,68.043894,0.8,1.0,1,0,0,0,0,1,0,1,1,0,1,0,0,5,33.0,50.0
4606,40.44282,-3.67692,2,1.0,1.0,21.0,67.0,2,0.14,783,50,4508.0,67.220486,5.8,1.0,0,0,0,0,0,1,0,1,1,1,1,0,0,8,18.0,50.0
4607,40.44423,-3.67548,1,1.0,2.0,21.0,90.0,2,0.15,753,50,4508.0,67.220486,5.8,1.5,0,0,0,0,0,1,0,1,1,1,1,0,0,8,12.0,50.0
4608,40.42409,-3.71395,2,1.0,1.0,48.0,100.0,1,1.25,277,50,3555.0,63.451906,5.9,1.0,0,0,0,0,0,1,0,0,0,0,1,0,1,10,18.0,50.0
4609,40.42955,-3.67697,2,1.0,2.0,35.0,100.0,15,0.12,567,50,5328.0,74.694253,2.2,2.0,0,0,0,0,0,1,1,0,1,1,1,0,0,6,21.0,50.0
4610,40.40934,-3.7064,6,3.0,3.0,109.0,94.0,67,2.93,287,200,4503.0,68.043894,0.8,1.0,1,0,0,0,0,1,0,1,0,0,1,0,0,7,48.0,150.0
4611,40.3949,-3.6982,1,0.0,1.0,17.0,0.0,1,0.0,508,50,3917.0,55.025641,1.9,0.0,0,0,0,0,0,1,0,0,1,0,1,0,1,8,7.5,50.0
4612,40.4315,-3.63885,2,1.0,1.0,30.0,96.0,1,1.59,441,50,2893.0,50.090625,6.5,1.0,0,0,0,1,0,1,1,1,1,0,1,0,0,7,18.0,50.0
4613,40.41023,-3.70227,2,1.0,2.0,65.0,97.0,2,2.56,380,200,4503.0,68.043894,0.8,1.0,1,0,0,0,0,1,0,0,0,0,1,0,1,6,18.0,100.0
4614,40.43096,-3.67622,2,1.0,1.0,35.0,95.0,15,0.1,277,50,5328.0,74.694253,2.2,2.5,0,0,0,1,0,1,0,0,1,0,1,0,0,6,22.5,50.0
4615,40.47202,-3.69226,4,1.0,2.0,84.0,96.0,1,0.66,613,200,3476.0,60.621287,5.9,1.0,1,0,0,0,1,1,0,1,1,1,1,0,0,8,33.0,100.0
4616,40.43813,-3.67136,6,2.0,2.0,131.0,20.0,1,0.02,27,200,5328.0,74.694253,2.2,2.0,1,0,0,0,0,0,0,0,0,0,0,0,0,6,51.0,150.0
4617,40.40043,-3.75521,1,1.0,1.0,20.0,97.0,1,0.22,189,50,2287.0,47.008319,4.7,1.0,1,0,0,0,0,1,0,0,1,0,1,0,0,5,10.5,50.0
4618,40.41306,-3.69385,2,1.0,1.0,48.0,93.0,1,1.14,133,200,4503.0,68.043894,0.8,1.0,1,0,0,0,0,0,0,0,0,0,0,0,0,8,18.0,50.0
4619,40.40134,-3.75564,1,1.0,1.0,15.0,0.0,1,0.0,120,50,2287.0,47.008319,4.7,2.0,1,0,0,0,0,1,0,0,1,0,1,0,0,5,13.5,50.0
4620,40.42182,-3.70269,4,1.0,2.0,57.0,84.0,2,1.57,444,200,4503.0,68.043894,0.8,1.0,1,0,0,0,0,1,0,1,1,0,1,0,0,5,33.0,100.0
4621,40.41506,-3.69809,4,2.0,2.0,100.0,99.0,1,0.33,326,200,4503.0,68.043894,0.8,1.0,1,0,0,0,0,1,0,1,1,0,1,0,0,5,33.0,100.0
4622,40.44074,-3.67391,2,0.0,1.0,45.0,0.0,1,0.02,133,200,4508.0,67.220486,5.8,1.0,1,0,0,1,1,1,0,0,0,0,0,0,0,8,18.0,50.0
4623,40.40657,-3.7117,8,3.0,4.0,87.0,94.0,1,2.33,500,200,3917.0,55.025641,1.9,2.0,1,0,0,0,0,1,0,1,0,0,1,0,0,5,66.0,100.0
4624,40.44882,-3.6633,4,2.0,3.0,78.0,99.0,1,1.2,491,200,4508.0,67.220486,5.8,1.0,1,0,0,0,0,1,0,1,1,1,1,0,0,8,33.0,100.0
4625,40.42554,-3.70078,2,1.0,1.0,39.0,80.0,1,0.1,181,50,4503.0,68.043894,0.8,1.0,0,0,0,0,0,1,0,1,0,0,1,0,0,5,18.0,50.0
4626,40.41124,-3.70239,6,3.0,3.0,98.0,91.0,3,3.3,414,200,4503.0,68.043894,0.8,1.0,1,0,0,0,0,1,0,1,0,0,1,0,0,6,48.0,100.0
4628,40.40655,-3.67703,2,1.0,1.0,25.0,0.0,2,0.0,27,50,4220.0,63.672727,3.2,1.0,1,0,0,0,0,0,0,0,0,0,0,0,0,6,18.0,50.0
4629,40.42586,-3.6381,1,1.0,1.0,8.0,100.0,1,0.04,198,50,2893.0,50.090625,6.5,1.0,0,0,0,0,0,1,0,1,0,0,1,0,0,0,10.5,50.0
4630,40.39506,-3.73714,2,1.0,1.0,20.0,84.0,3,0.41,433,50,2195.0,47.402837,6.6,1.0,0,0,0,0,0,1,0,1,0,0,1,0,0,5,18.0,50.0
4631,40.39454,-3.73882,2,1.0,1.0,20.0,96.0,3,0.1,406,50,2287.0,47.008319,4.7,1.0,0,0,0,0,0,1,0,1,0,0,1,0,0,5,18.0,50.0
4632,40.39344,-3.73893,3,1.0,1.0,21.0,90.0,3,0.58,602,50,2195.0,47.402837,6.6,1.0,0,0,0,0,0,1,0,1,0,1,1,0,0,5,25.5,50.0
4633,40.41763,-3.70932,4,3.0,4.0,80.0,88.0,18,0.39,333,200,4503.0,68.043894,0.8,1.5,1,0,0,0,0,1,0,0,1,0,1,0,0,9,34.5,100.0
4634,40.34524,-3.67764,3,1.0,3.0,75.0,85.0,1,0.21,536,200,1696.0,37.641618,9.0,1.0,1,0,0,0,0,1,1,1,1,1,1,0,0,10,25.5,100.0
4635,40.40388,-3.70195,4,2.0,2.0,65.0,97.0,1,3.63,453,200,3917.0,55.025641,1.9,1.0,1,0,0,0,0,1,0,1,1,0,0,0,0,5,33.0,100.0
4636,40.40773,-3.70489,3,2.0,2.0,100.0,87.0,1,0.08,176,200,4503.0,68.043894,0.8,1.0,1,0,0,0,0,1,0,1,0,0,1,0,0,5,25.5,100.0
4637,40.4165,-3.70657,4,1.0,3.0,79.0,96.0,3,2.66,445,200,4503.0,68.043894,0.8,1.5,1,0,0,0,0,1,0,1,1,0,1,0,0,6,34.5,100.0
4638,40.41518,-3.70807,2,1.0,1.0,99.0,100.0,1,0.16,386,200,4503.0,68.043894,0.8,1.0,1,0,0,0,0,1,0,0,1,1,1,0,0,7,18.0,100.0
4639,40.41406,-3.70904,3,1.0,2.0,80.0,95.0,4,2.53,354,200,4503.0,68.043894,0.8,1.0,1,0,0,0,0,1,0,1,1,0,1,0,0,8,25.5,100.0
4640,40.41189,-3.69862,3,1.0,1.0,73.0,90.0,1,0.04,74,200,4503.0,68.043894,0.8,1.0,1,0,0,0,0,0,0,0,1,0,1,0,0,7,25.5,100.0
4641,40.38398,-3.74878,5,2.0,5.0,38.0,93.0,1,1.39,430,200,2195.0,47.402837,6.6,1.0,1,0,0,0,0,1,0,1,0,1,1,0,0,6,40.5,50.0
4642,40.43383,-3.69146,5,2.0,3.0,140.0,0.0,22,0.0,557,200,4855.0,64.056634,2.4,2.0,1,0,0,0,0,1,0,1,1,1,1,0,0,6,43.5,150.0
4643,40.40892,-3.70434,1,1.0,1.0,41.0,92.0,3,0.57,466,50,4503.0,68.043894,0.8,1.0,0,0,0,0,0,1,0,0,0,0,1,0,0,8,10.5,50.0
4644,40.42418,-3.6991,4,2.0,2.0,70.0,40.0,1,0.03,129,200,4503.0,68.043894,0.8,1.0,1,0,0,0,0,1,0,1,1,0,1,0,0,7,33.0,100.0
4645,40.42423,-3.70703,2,1.0,1.0,45.0,93.0,3,2.62,342,50,4503.0,68.043894,0.8,2.0,1,0,0,0,0,1,0,1,0,0,1,0,0,10,21.0,50.0
4646,40.42928,-3.70687,2,1.0,1.0,35.0,100.0,2,0.2,213,50,4503.0,68.043894,0.8,1.0,0,0,0,0,0,1,0,1,0,0,1,0,0,8,18.0,50.0
4647,40.36275,-3.7683,6,2.0,3.0,100.0,96.0,1,1.08,493,200,2287.0,47.008319,4.7,1.5,1,0,0,0,0,1,0,1,1,1,1,0,0,5,49.5,100.0
4648,40.41023,-3.70533,4,1.0,3.0,35.0,94.0,9,5.63,559,200,4503.0,68.043894,0.8,1.0,1,0,0,0,0,1,0,1,0,0,1,0,0,5,33.0,50.0
4649,40.43956,-3.61889,2,1.0,2.0,60.0,97.0,1,2.21,325,200,2477.0,70.967532,7.3,1.5,1,0,0,0,0,1,0,1,0,0,1,0,0,6,19.5,100.0
4650,40.46856,-3.58789,2,1.0,1.0,35.0,97.0,2,4.54,318,50,3047.0,56.183432,11.8,2.0,0,0,0,0,0,1,0,1,1,0,0,0,0,5,21.0,50.0
4651,40.46624,-3.58629,2,1.0,1.0,43.0,97.0,2,2.62,383,50,3047.0,56.183432,11.8,2.0,0,0,0,0,0,1,0,1,1,0,0,0,0,5,21.0,50.0
4652,40.42306,-3.70472,2,1.0,1.0,35.0,94.0,1,1.04,233,50,4503.0,68.043894,0.8,1.0,0,0,0,0,0,1,0,0,0,0,1,0,0,7,18.0,50.0
4653,40.42163,-3.70051,2,0.0,1.0,69.0,92.0,88,4.38,338,200,4503.0,68.043894,0.8,1.0,1,0,0,0,0,1,0,1,1,1,1,0,0,6,18.0,100.0
4654,40.41317,-3.71544,1,1.0,1.0,19.0,98.0,1,1.69,284,50,4503.0,68.043894,0.8,1.0,0,0,0,0,0,1,0,0,1,0,1,0,0,7,10.5,50.0
4655,40.45759,-3.69543,6,2.0,4.0,107.0,96.0,1,1.32,603,200,3476.0,60.621287,5.9,2.0,1,0,0,0,0,1,1,1,1,0,1,0,0,5,51.0,150.0
4656,40.41691,-3.6994,4,1.0,1.0,160.0,100.0,1,0.15,182,200,4503.0,68.043894,0.8,1.0,1,1,1,1,1,1,1,1,1,1,1,1,1,7,33.0,200.0
4657,40.43279,-3.69103,4,1.0,4.0,86.0,98.0,1,0.53,478,200,4855.0,64.056634,2.4,1.0,1,0,0,0,0,1,0,1,1,0,1,0,0,5,33.0,100.0
4659,40.43298,-3.68247,5,2.0,3.0,118.0,100.0,1,0.25,357,200,5328.0,74.694253,2.2,1.0,1,0,0,0,0,1,0,1,1,1,1,0,0,0,40.5,150.0
4660,40.42307,-3.69466,4,2.0,3.0,45.0,94.0,2,0.4,295,200,4503.0,68.043894,0.8,1.0,1,0,0,0,0,1,0,0,1,0,1,0,0,7,33.0,50.0
4661,40.40013,-3.70123,2,1.0,1.0,30.0,94.0,1,0.21,113,50,3917.0,55.025641,1.9,1.0,1,0,0,0,0,1,0,0,0,0,0,0,0,6,18.0,50.0
4662,40.41293,-3.70309,4,0.0,1.0,244.0,0.0,1,0.0,190,200,4503.0,68.043894,0.8,1.0,1,0,0,0,0,1,0,1,0,0,1,0,0,5,33.0,200.0
4663,40.44318,-3.63236,2,1.0,3.0,17.0,94.0,2,2.14,458,50,2477.0,70.967532,7.3,1.0,0,0,0,1,0,1,0,1,0,0,1,0,0,8,18.0,50.0
4665,40.42008,-3.70762,4,1.0,2.0,1139.0,88.0,27,1.29,212,200,4503.0,68.043894,0.8,1.0,1,0,0,0,0,1,0,1,1,0,1,0,0,7,33.0,200.0
4666,40.4204,-3.70777,4,1.0,2.0,1139.0,88.0,27,1.6,202,200,4503.0,68.043894,0.8,1.0,1,0,0,0,0,1,0,1,1,0,1,0,0,7,33.0,200.0
4667,40.40629,-3.69315,4,1.0,2.0,61.0,98.0,1,1.42,357,200,3917.0,55.025641,1.9,1.0,1,0,0,0,1,1,0,1,1,0,1,0,0,6,33.0,100.0
4668,40.45767,-3.71146,3,1.0,3.0,75.0,93.0,2,1.17,647,200,3555.0,63.451906,5.9,1.0,1,0,0,0,0,1,0,1,1,0,1,0,0,7,25.5,100.0
4669,40.41143,-3.69965,7,3.0,4.0,169.0,96.0,1,2.43,235,200,4503.0,68.043894,0.8,2.0,1,0,0,0,0,1,0,1,1,0,1,0,0,5,58.5,200.0
4670,40.42234,-3.69825,4,2.0,3.0,140.0,95.0,15,2.3,730,200,4503.0,68.043894,0.8,2.0,1,0,0,0,0,1,0,1,1,1,1,0,1,6,36.0,150.0
4671,40.42861,-3.65021,1,2.0,2.0,17.0,60.0,2,0.04,2,50,2893.0,50.090625,6.5,1.0,0,0,0,0,0,0,0,0,0,0,0,0,0,6,10.5,50.0
4672,40.42608,-3.65041,1,1.0,1.0,50.0,91.0,2,0.33,2,50,2893.0,50.090625,6.5,1.0,1,0,0,0,0,0,0,0,0,0,0,0,0,6,10.5,50.0
4673,40.34899,-3.6857,2,1.0,2.0,21.0,82.0,13,0.27,618,50,1696.0,37.641618,9.0,1.0,0,0,0,0,0,1,0,1,0,0,1,0,0,5,18.0,50.0
4674,40.34896,-3.68526,5,1.0,3.0,34.0,81.0,13,0.95,480,50,1696.0,37.641618,9.0,1.0,0,0,0,0,0,1,0,0,0,1,1,0,0,5,40.5,50.0
4675,40.4393,-3.67766,4,2.0,3.0,90.0,100.0,1,0.79,404,200,4508.0,67.220486,5.8,1.0,1,0,0,1,0,1,0,1,0,1,1,0,0,5,33.0,100.0
4676,40.42153,-3.70274,3,1.0,1.0,73.0,95.0,1,1.6,469,200,4503.0,68.043894,0.8,1.5,1,0,0,0,0,1,0,1,0,0,1,0,0,5,27.0,100.0
4677,40.43718,-3.67062,1,1.0,1.0,25.0,98.0,1,5.62,336,50,5328.0,74.694253,2.2,2.0,1,0,0,0,0,1,0,1,1,1,1,0,1,5,13.5,50.0
4678,40.37153,-3.69132,2,1.0,2.0,39.0,96.0,1,0.84,473,50,2316.0,43.910072,4.6,1.0,1,0,0,0,0,1,0,0,1,0,1,0,0,6,18.0,50.0
4679,40.43223,-3.65507,3,1.0,2.0,35.0,100.0,1,0.02,135,200,2893.0,50.090625,6.5,1.0,1,0,0,0,0,1,0,1,0,0,0,0,0,5,25.5,50.0
4680,40.42185,-3.61892,1,1.0,1.0,35.0,98.0,1,0.3,393,50,2477.0,70.967532,7.3,1.0,1,0,0,0,0,1,0,0,1,0,1,0,0,5,10.5,50.0
4681,40.44627,-3.67581,2,0.0,1.0,40.0,96.0,2,0.74,396,200,4508.0,67.220486,5.8,1.0,1,0,0,0,0,1,0,1,0,0,1,0,0,6,18.0,50.0
4682,40.4095,-3.70085,2,1.0,1.0,47.0,100.0,1,0.02,146,200,4503.0,68.043894,0.8,1.0,1,0,0,0,0,1,0,1,0,0,1,0,0,6,18.0,50.0
4683,40.42265,-3.6998,1,1.0,1.0,33.0,96.0,1,3.62,321,50,4503.0,68.043894,0.8,1.0,1,1,1,1,1,1,1,1,1,1,1,1,1,7,10.5,50.0
4684,40.41802,-3.70642,5,3.0,3.0,695.0,0.0,1,0.0,171,200,4503.0,68.043894,0.8,1.0,1,0,0,0,0,1,0,0,0,0,1,0,0,6,40.5,200.0
4685,40.42479,-3.69135,4,2.0,3.0,111.0,92.0,1,1.31,461,200,4503.0,68.043894,0.8,2.0,1,0,0,0,0,1,0,1,1,0,1,0,0,5,36.0,150.0
4686,40.42189,-3.70362,1,1.0,1.0,25.0,60.0,1,0.08,71,50,4503.0,68.043894,0.8,1.0,1,0,0,0,0,1,0,1,0,0,0,0,0,5,10.5,50.0
4687,40.3918,-3.66922,2,1.0,1.0,28.0,98.0,1,7.88,513,50,1890.0,41.443535,5.0,1.0,1,0,0,0,0,1,0,1,1,0,1,1,0,0,18.0,50.0
4688,40.41523,-3.70985,7,2.0,4.0,126.0,94.0,4,0.81,429,200,4503.0,68.043894,0.8,2.0,1,0,0,0,0,1,0,1,1,0,1,0,0,8,58.5,150.0
4690,40.42312,-3.70649,6,1.0,4.0,61.0,0.0,1,0.0,264,200,4503.0,68.043894,0.8,1.0,1,0,0,0,0,1,0,1,0,0,1,0,0,9,48.0,100.0
4691,40.40588,-3.70083,4,2.0,3.0,68.0,98.0,1,2.23,462,200,4503.0,68.043894,0.8,1.0,1,0,0,0,0,1,0,1,0,0,1,0,0,11,33.0,100.0
4692,40.43182,-3.66421,2,1.0,2.0,40.0,100.0,1,1.9,320,200,5328.0,74.694253,2.2,1.0,1,0,0,0,0,1,0,0,1,0,1,0,0,5,18.0,50.0
4693,40.382,-3.66403,1,1.0,1.0,20.0,95.0,1,0.63,350,50,1890.0,41.443535,5.0,1.0,0,0,0,0,0,1,0,0,1,0,0,0,0,0,10.5,50.0
4694,40.42567,-3.67784,3,1.0,3.0,31.0,100.0,1,0.1,419,50,5328.0,74.694253,2.2,1.0,1,0,0,0,0,1,0,1,1,0,1,0,0,8,25.5,50.0
4695,40.45125,-3.70292,4,2.0,4.0,138.0,68.0,31,0.13,661,200,3476.0,60.621287,5.9,1.0,1,0,0,0,0,1,0,1,0,1,1,0,0,8,33.0,150.0
4696,40.42574,-3.70894,3,1.0,2.0,53.0,97.0,1,0.63,434,200,4503.0,68.043894,0.8,1.0,1,0,0,0,0,0,0,1,0,0,1,0,0,8,25.5,100.0
4697,40.39672,-3.69603,4,2.0,3.0,104.0,95.0,1,1.11,387,200,3917.0,55.025641,1.9,1.0,1,0,0,1,0,1,0,1,1,0,1,0,0,5,33.0,150.0
4698,40.42379,-3.70528,3,1.0,1.0,55.0,96.0,2,1.55,515,200,4503.0,68.043894,0.8,1.0,1,0,0,0,0,1,0,0,0,0,1,0,0,6,25.5,100.0
4699,40.43278,-3.70566,1,1.0,1.0,18.0,91.0,5,3.21,366,50,4855.0,64.056634,2.4,1.0,0,0,0,0,0,1,0,0,0,0,1,0,0,7,10.5,50.0
4700,40.42469,-3.69809,2,1.0,1.0,81.0,98.0,1,1.04,406,200,4503.0,68.043894,0.8,1.0,1,0,0,0,0,1,0,1,1,1,0,0,0,8,18.0,100.0
4701,40.40875,-3.73975,2,1.0,1.0,33.0,96.0,1,1.16,225,50,2287.0,47.008319,4.7,1.0,1,0,0,0,0,1,0,0,1,0,1,0,0,10,18.0,50.0
4702,40.41309,-3.70852,2,1.0,1.0,29.0,90.0,1,0.04,119,50,4503.0,68.043894,0.8,1.0,0,0,0,0,0,1,0,0,0,0,1,0,0,8,18.0,50.0
4703,40.45927,-3.68818,2,1.0,1.0,181.0,100.0,92,0.04,422,200,4508.0,67.220486,5.8,1.0,1,0,0,0,0,1,0,1,1,0,0,0,0,7,18.0,200.0
4704,40.40674,-3.67642,2,1.0,2.0,29.0,100.0,3,0.06,179,50,4220.0,63.672727,3.2,1.0,0,0,0,0,0,1,0,0,1,0,1,0,0,8,18.0,50.0
4705,40.42153,-3.70477,4,1.0,3.0,99.0,96.0,1,1.16,409,200,4503.0,68.043894,0.8,1.0,1,0,0,0,0,1,0,1,1,1,1,0,0,8,33.0,100.0
4706,40.42267,-3.71677,2,0.0,1.0,40.0,100.0,1,0.02,128,50,3555.0,63.451906,5.9,1.0,0,0,0,0,0,1,0,1,1,0,1,0,0,10,18.0,50.0
4708,40.44655,-3.67603,2,1.0,1.0,70.0,0.0,1,0.0,107,200,4508.0,67.220486,5.8,1.0,1,0,0,0,0,0,0,0,0,0,1,0,0,5,18.0,100.0
4709,40.40236,-3.67275,4,0.0,2.0,95.0,95.0,1,1.67,398,200,4220.0,63.672727,3.2,1.0,1,0,0,0,0,1,0,0,1,0,1,0,0,5,33.0,100.0
4710,40.47544,-3.71293,5,2.0,5.0,81.0,87.0,3,0.85,343,200,3545.0,57.198083,16.4,1.0,1,0,0,0,0,1,0,0,1,1,0,0,0,4,40.5,100.0
4712,40.41213,-3.69988,4,2.0,2.0,150.0,96.0,1,0.69,318,200,4503.0,68.043894,0.8,1.0,1,0,0,0,0,1,0,1,1,0,1,0,0,5,33.0,150.0
4713,40.40543,-3.70238,4,2.0,2.0,77.0,91.0,1,1.91,536,200,4503.0,68.043894,0.8,1.0,1,0,0,0,0,1,0,1,1,0,1,0,0,5,33.0,100.0
4714,40.41995,-3.69762,16,5.0,16.0,550.0,94.0,8,1.06,469,200,4503.0,68.043894,0.8,3.5,1,0,0,0,0,1,0,1,1,0,0,0,0,6,130.5,200.0
4715,40.43239,-3.68635,4,2.0,2.0,310.0,0.0,92,0.0,455,200,5328.0,74.694253,2.2,2.0,1,0,0,0,0,1,0,1,1,0,0,0,0,7,36.0,200.0
4716,40.41562,-3.70544,5,1.0,1.0,36.0,89.0,25,1.82,94,200,4503.0,68.043894,0.8,1.0,1,1,1,1,1,1,1,1,1,1,1,1,1,7,40.5,50.0
4717,40.41757,-3.7061,1,0.0,1.0,50.0,0.0,1,0.1,70,50,4503.0,68.043894,0.8,1.0,1,0,0,0,0,1,0,0,1,0,0,0,0,5,10.5,50.0
4718,40.4159,-3.70375,5,0.0,4.0,114.0,40.0,25,0.07,117,200,4503.0,68.043894,0.8,1.0,1,0,0,0,0,1,0,1,0,0,0,0,0,7,40.5,150.0
4719,40.41716,-3.70508,5,0.0,4.0,69.0,82.0,25,0.28,119,200,4503.0,68.043894,0.8,1.0,1,0,0,0,0,1,0,0,1,0,0,0,0,7,40.5,100.0
4720,40.42173,-3.71162,3,1.0,3.0,81.0,95.0,10,1.04,467,50,4503.0,68.043894,0.8,2.0,0,0,0,0,0,1,0,0,0,0,1,0,0,10,28.5,100.0
4721,40.42256,-3.70114,2,2.0,1.0,150.0,0.0,1,0.0,102,50,4503.0,68.043894,0.8,1.0,0,0,0,0,0,1,0,1,0,0,0,0,0,5,18.0,150.0
4722,40.43225,-3.66681,2,1.0,1.0,69.0,100.0,1,0.06,286,50,5328.0,74.694253,2.2,1.0,1,0,0,0,0,1,0,1,1,0,1,0,0,8,18.0,100.0
4723,40.41348,-3.70748,4,1.0,3.0,93.0,96.0,1,4.94,397,200,4503.0,68.043894,0.8,1.0,1,0,0,0,0,1,0,1,1,1,0,0,0,6,33.0,100.0
4724,40.42732,-3.70502,5,2.0,3.0,300.0,94.0,1,0.19,391,200,4503.0,68.043894,0.8,1.0,1,0,0,0,0,1,0,1,0,0,1,0,0,8,40.5,200.0
4725,40.42057,-3.69948,3,1.0,2.0,159.0,67.0,1,0.07,177,200,4503.0,68.043894,0.8,1.0,1,0,0,0,0,1,0,1,0,0,0,0,0,11,25.5,200.0
4726,40.38363,-3.65727,3,0.0,2.0,45.0,95.0,1,0.25,366,200,1890.0,41.443535,5.0,1.0,1,0,0,0,0,1,0,0,1,1,1,0,0,7,25.5,50.0
4727,40.42255,-3.70467,2,1.0,1.0,49.0,98.0,1,0.27,271,50,4503.0,68.043894,0.8,1.0,0,0,0,0,0,1,0,1,0,0,0,0,0,10,18.0,50.0
4728,40.40666,-3.69856,3,2.0,2.0,51.0,96.0,1,2.8,467,200,4503.0,68.043894,0.8,1.0,1,0,0,0,0,1,0,0,1,0,1,0,0,8,25.5,100.0
4729,40.43638,-3.60933,2,0.0,2.0,300.0,0.0,1,0.04,218,50,2477.0,70.967532,7.3,1.0,1,0,0,0,0,1,1,1,0,0,0,0,0,5,18.0,200.0
4730,40.42461,-3.68493,4,2.0,2.0,258.0,100.0,92,0.02,388,200,5328.0,74.694253,2.2,2.0,1,0,0,0,0,1,0,1,1,0,0,0,0,7,36.0,200.0
4731,40.41758,-3.69692,6,3.0,5.0,360.0,0.0,1,0.0,184,200,4503.0,68.043894,0.8,2.5,1,0,0,0,0,1,0,1,1,0,1,0,0,8,52.5,200.0
4732,40.40581,-3.67854,2,1.0,2.0,43.0,100.0,1,0.08,140,50,4220.0,63.672727,3.2,1.0,0,0,0,0,0,1,0,0,1,0,1,0,0,10,18.0,50.0
4733,40.40491,-3.69031,2,1.0,1.0,75.0,100.0,1,0.06,179,50,3917.0,55.025641,1.9,2.0,1,0,0,0,0,1,0,1,1,1,0,0,0,0,21.0,100.0
4734,40.41201,-3.70831,3,1.0,1.0,48.0,100.0,1,0.11,220,200,4503.0,68.043894,0.8,1.0,1,0,0,0,0,1,0,0,1,0,1,0,0,6,25.5,50.0
4735,40.43416,-3.65891,1,1.0,1.0,18.0,96.0,1,0.32,558,50,2893.0,50.090625,6.5,2.0,0,0,0,0,0,1,0,1,1,1,1,0,0,5,13.5,50.0
4736,40.42269,-3.69774,2,1.0,1.0,53.0,99.0,1,0.89,430,50,4503.0,68.043894,0.8,1.0,0,0,0,0,0,1,0,1,0,1,0,0,0,7,18.0,100.0
4737,40.4173,-3.70501,5,0.0,4.0,50.0,80.0,25,0.08,127,200,4503.0,68.043894,0.8,1.0,1,0,0,0,0,1,0,1,0,0,0,0,0,7,40.5,50.0
4738,40.41741,-3.70524,4,0.0,4.0,80.0,86.0,25,0.32,138,200,4503.0,68.043894,0.8,1.0,1,0,0,0,0,1,0,1,0,0,0,0,0,7,33.0,100.0
4739,40.43444,-3.66308,2,1.0,1.0,33.0,98.0,1,1.14,397,200,5328.0,74.694253,2.2,1.0,1,0,0,0,0,1,0,1,1,0,1,0,0,5,18.0,50.0
4740,40.50444,-3.69984,4,2.0,4.0,65.0,97.0,1,0.55,769,200,3545.0,57.198083,16.4,2.0,1,0,0,0,0,1,1,0,1,0,1,0,0,6,36.0,100.0
4741,40.41095,-3.69439,4,2.0,5.0,141.0,96.0,1,0.23,469,200,4503.0,68.043894,0.8,2.0,1,0,0,0,0,1,0,1,0,1,1,0,1,5,36.0,150.0
4742,40.39477,-3.70814,3,1.0,2.0,60.0,78.0,1,0.23,164,200,2195.0,47.402837,6.6,1.0,1,0,0,0,0,1,0,1,1,0,1,0,0,6,25.5,100.0
4743,40.42409,-3.70876,3,1.0,2.0,64.0,99.0,1,1.72,496,200,4503.0,68.043894,0.8,1.0,1,0,0,0,0,1,0,1,0,0,1,0,0,6,25.5,100.0
4744,40.40258,-3.69649,4,2.0,2.0,200.0,0.0,1,0.0,119,200,3917.0,55.025641,1.9,1.0,1,0,0,0,0,0,0,1,1,0,0,0,0,6,33.0,200.0
4745,40.4649,-3.62974,1,1.0,1.0,28.0,0.0,1,0.0,85,50,3312.0,62.061453,9.2,0.0,0,0,0,0,0,1,0,0,0,0,1,0,0,5,7.5,50.0
4746,40.423,-3.69797,4,1.0,3.0,83.0,92.0,4,1.14,391,200,4503.0,68.043894,0.8,1.0,1,0,0,0,0,1,0,1,0,1,1,0,1,10,33.0,100.0
4747,40.41593,-3.69796,3,1.0,2.0,23.0,90.0,22,1.52,320,50,4503.0,68.043894,0.8,3.0,0,0,0,0,0,1,0,0,0,0,0,0,0,11,31.5,50.0
4748,40.40836,-3.70096,5,2.0,3.0,65.0,94.0,2,2.6,480,200,4503.0,68.043894,0.8,1.5,1,0,0,0,0,1,0,1,0,1,1,0,0,8,42.0,100.0
4749,40.43132,-3.71893,2,1.0,1.0,30.0,100.0,1,0.42,191,50,3555.0,63.451906,5.9,1.0,0,0,0,0,0,1,0,1,1,0,1,0,0,8,18.0,50.0
4750,40.4149,-3.72888,4,2.0,3.0,60.0,80.0,1,0.06,159,200,3555.0,63.451906,5.9,1.0,1,0,0,0,0,1,0,0,1,0,1,0,0,10,33.0,100.0
4751,40.40095,-3.68618,4,1.0,1.0,85.0,99.0,1,3.83,385,200,3917.0,55.025641,1.9,1.0,1,0,0,0,0,1,1,1,1,0,0,0,0,6,33.0,100.0
4752,40.40051,-3.69805,2,1.0,1.0,32.0,86.0,6,0.96,181,50,3917.0,55.025641,1.9,2.0,0,0,0,0,0,1,0,0,1,0,1,0,0,5,21.0,50.0
4753,40.42191,-3.71083,4,1.0,2.0,70.0,94.0,10,2.28,557,200,4503.0,68.043894,0.8,1.0,1,0,0,0,0,1,0,1,1,0,1,0,0,9,33.0,100.0
4754,40.40091,-3.69928,1,0.0,1.0,22.0,100.0,1,0.02,179,50,3917.0,55.025641,1.9,1.0,0,0,0,0,0,1,0,1,1,0,1,0,0,6,10.5,50.0
4755,40.39601,-3.70879,2,1.0,1.0,24.0,91.0,1,2.05,374,50,2195.0,47.402837,6.6,1.0,0,0,0,0,0,1,0,0,0,0,1,0,0,6,18.0,50.0
4756,40.42755,-3.71407,4,1.0,1.0,80.0,99.0,1,0.65,373,200,3555.0,63.451906,5.9,1.0,1,0,0,0,0,1,0,1,1,0,1,0,0,8,33.0,100.0
4757,40.41201,-3.70642,2,1.0,1.0,179.0,0.0,1,0.0,427,50,4503.0,68.043894,0.8,1.0,0,0,0,0,0,1,0,1,1,0,1,0,0,7,18.0,200.0
4758,40.43071,-3.71527,2,1.0,1.0,55.0,0.0,1,0.0,2,50,4855.0,64.056634,2.4,2.0,1,0,0,0,0,0,0,0,0,0,0,0,0,5,21.0,100.0
4759,40.40193,-3.74364,2,1.0,1.0,16.0,95.0,1,0.44,312,50,2287.0,47.008319,4.7,1.0,0,0,0,0,0,1,0,0,0,1,0,0,0,7,18.0,50.0
4760,40.3887,-3.70611,5,2.0,4.0,69.0,0.0,1,0.0,218,200,2316.0,43.910072,4.6,1.0,1,0,0,0,0,1,0,1,0,0,1,0,0,6,40.5,100.0
4761,40.41163,-3.70847,4,1.0,2.0,80.0,90.0,59,3.71,418,200,4503.0,68.043894,0.8,1.0,1,0,0,0,0,1,0,1,1,0,0,0,0,7,33.0,100.0
4762,40.40023,-3.69836,2,1.0,1.0,25.0,92.0,6,0.55,138,50,3917.0,55.025641,1.9,1.0,0,0,0,0,0,1,0,0,1,0,1,0,0,5,18.0,50.0
4763,40.40774,-3.70527,2,1.0,1.0,64.0,99.0,2,5.08,342,200,4503.0,68.043894,0.8,1.0,1,0,0,0,0,1,0,1,0,0,1,0,0,7,18.0,100.0
4764,40.40931,-3.70726,3,1.0,2.0,36.0,95.0,9,5.55,591,200,4503.0,68.043894,0.8,1.0,1,0,0,0,0,1,0,1,0,1,1,0,0,5,25.5,50.0
4765,40.41087,-3.70613,3,1.0,2.0,35.0,94.0,9,5.79,531,200,4503.0,68.043894,0.8,1.0,1,0,0,0,0,1,0,1,0,1,1,0,0,5,25.5,50.0
4766,40.40907,-3.70761,3,1.0,2.0,40.0,95.0,9,6.25,489,200,4503.0,68.043894,0.8,1.0,1,0,0,0,0,1,0,1,0,1,1,0,0,5,25.5,50.0
4767,40.42125,-3.71303,2,1.0,1.0,28.0,89.0,1,0.23,307,50,4503.0,68.043894,0.8,2.5,0,0,0,0,0,1,0,0,1,0,1,0,1,3,22.5,50.0
4768,40.40803,-3.70217,1,1.0,1.0,18.0,89.0,1,0.16,190,50,4503.0,68.043894,0.8,1.0,0,0,0,0,0,1,0,0,1,0,1,0,0,7,10.5,50.0
4769,40.41769,-3.70341,12,3.0,8.0,243.0,94.0,8,1.08,549,200,4503.0,68.043894,0.8,3.0,1,0,0,0,1,1,0,1,0,0,1,0,0,6,99.0,200.0
4770,40.43484,-3.6916,7,4.0,5.0,200.0,0.0,1,0.02,117,200,4855.0,64.056634,2.4,2.0,1,0,0,0,0,1,0,0,1,0,1,0,0,5,58.5,200.0
4771,40.37745,-3.62325,6,2.0,4.0,48.0,94.0,1,2.98,1068,200,2382.0,49.659794,11.0,1.0,1,0,0,0,0,1,0,1,0,0,1,0,0,7,48.0,50.0
4772,40.45283,-3.6932,4,2.0,4.0,74.0,97.0,1,3.45,410,200,3476.0,60.621287,5.9,1.5,1,0,0,0,0,1,0,1,1,0,1,0,0,5,34.5,100.0
4773,40.45055,-3.70519,2,1.0,1.0,40.0,92.0,1,4.36,493,200,3476.0,60.621287,5.9,1.0,1,0,0,0,0,1,0,0,0,0,1,0,1,6,18.0,50.0
4774,40.42504,-3.70368,2,1.0,1.0,71.0,100.0,1,0.04,161,200,4503.0,68.043894,0.8,1.0,1,0,0,0,0,1,0,0,1,0,1,0,0,0,18.0,100.0
4775,40.41431,-3.69858,4,1.0,2.0,71.0,98.0,1,0.38,167,200,4503.0,68.043894,0.8,1.0,1,0,0,0,1,1,0,1,0,0,0,0,0,8,33.0,100.0
4776,40.46855,-3.68574,3,1.0,2.0,75.0,90.0,1,0.48,342,200,4508.0,67.220486,5.8,1.0,1,0,0,0,0,1,0,1,1,0,1,0,0,7,25.5,100.0
4777,40.42606,-3.69706,2,1.0,2.0,140.0,90.0,1,0.27,302,200,4503.0,68.043894,0.8,1.0,1,0,0,0,0,1,0,1,0,0,1,0,0,5,18.0,150.0
4778,40.45304,-3.6926,2,1.0,1.0,55.0,100.0,1,0.09,206,200,3476.0,60.621287,5.9,1.0,1,0,0,1,1,1,0,1,1,0,1,0,0,6,18.0,100.0
4779,40.41138,-3.70374,2,1.0,1.0,44.0,80.0,4,0.06,162,50,4503.0,68.043894,0.8,1.0,1,0,0,0,0,1,0,1,0,0,1,0,0,9,18.0,50.0
4780,40.41262,-3.70097,6,2.0,2.0,160.0,96.0,4,0.11,167,200,4503.0,68.043894,0.8,1.0,1,0,0,0,0,1,0,1,0,0,1,0,0,9,48.0,200.0
4781,40.40891,-3.70982,1,1.0,2.0,46.0,98.0,1,1.08,295,50,4503.0,68.043894,0.8,1.5,0,0,0,0,0,1,0,0,1,1,1,0,0,9,12.0,50.0
4782,40.44532,-3.57966,4,1.0,2.0,57.0,93.0,1,1.27,572,200,2477.0,70.967532,7.3,1.0,1,0,0,1,1,1,0,1,1,1,0,0,1,6,33.0,100.0
4783,40.40523,-3.67735,3,2.0,3.0,25.0,80.0,2,0.19,110,200,4220.0,63.672727,3.2,1.0,1,0,0,0,0,1,0,0,0,0,1,0,0,0,25.5,50.0
4784,40.40774,-3.73633,2,1.0,1.0,35.0,96.0,1,0.62,59,50,2287.0,47.008319,4.7,1.0,0,0,0,0,0,1,0,1,0,0,0,0,0,7,18.0,50.0
4785,40.42552,-3.70307,3,2.0,3.0,66.0,98.0,1,1.78,454,200,4503.0,68.043894,0.8,1.0,1,0,0,0,0,1,0,1,1,0,1,0,0,6,25.5,100.0
4786,40.39612,-3.66528,2,1.0,1.0,25.0,93.0,1,0.25,337,50,1890.0,41.443535,5.0,1.0,0,0,0,0,0,1,0,0,0,1,1,0,0,10,18.0,50.0
4787,40.40953,-3.69507,3,1.0,3.0,73.0,95.0,1,0.06,175,200,4503.0,68.043894,0.8,1.0,1,0,0,0,0,1,0,1,1,0,1,0,0,6,25.5,100.0
4788,40.45646,-3.70106,6,2.0,8.0,140.0,87.0,31,0.21,629,200,3476.0,60.621287,5.9,2.0,1,0,0,0,0,1,0,1,0,0,1,0,0,8,51.0,150.0
4789,40.40262,-3.69896,1,1.0,1.0,26.0,93.0,6,0.34,127,50,3917.0,55.025641,1.9,2.0,0,0,0,0,0,1,0,0,1,0,1,0,0,5,13.5,50.0
4790,40.40724,-3.69845,2,1.0,1.0,43.0,94.0,1,2.35,419,50,4503.0,68.043894,0.8,1.0,0,0,0,0,0,1,0,1,1,0,1,0,0,9,18.0,50.0
4791,40.40823,-3.69596,2,1.0,1.0,71.0,98.0,67,2.93,329,200,4503.0,68.043894,0.8,1.0,1,0,0,0,0,1,0,1,0,1,1,0,0,7,18.0,100.0
4792,40.43383,-3.69146,3,1.0,2.0,99.0,0.0,22,0.0,566,200,4855.0,64.056634,2.4,1.0,1,0,0,0,0,1,0,1,1,0,1,0,0,6,25.5,100.0
4793,40.38228,-3.78154,2,1.0,1.0,30.0,100.0,1,0.12,381,50,2287.0,47.008319,4.7,1.0,0,0,0,0,0,1,0,1,1,1,0,0,0,8,18.0,50.0
4794,40.44465,-3.7016,2,1.0,1.0,58.0,80.0,3,0.09,268,50,4855.0,64.056634,2.4,2.0,0,0,0,1,0,1,0,1,1,0,1,0,0,10,21.0,100.0
4795,40.45733,-3.71576,3,3.0,3.0,150.0,0.0,1,0.0,101,200,3555.0,63.451906,5.9,1.0,1,0,0,0,0,0,0,0,0,0,0,0,0,5,25.5,150.0
4796,40.40277,-3.74163,6,2.0,4.0,82.0,92.0,4,0.51,711,200,2287.0,47.008319,4.7,2.0,1,0,0,0,0,1,0,1,1,0,1,0,1,8,51.0,100.0
4797,40.43125,-3.67615,4,1.0,1.0,91.0,93.0,1,1.44,458,200,5328.0,74.694253,2.2,1.0,1,0,0,0,0,1,1,1,1,0,1,0,0,4,33.0,100.0
4798,40.42052,-3.70523,4,1.0,2.0,37.0,81.0,53,4.5,687,200,4503.0,68.043894,0.8,1.0,1,0,0,0,0,1,0,0,1,0,1,0,0,9,33.0,50.0
4799,40.4232,-3.69837,5,2.0,4.0,131.0,95.0,4,2.37,340,200,4503.0,68.043894,0.8,2.0,1,0,0,0,0,1,0,1,0,1,1,0,0,5,43.5,150.0
4800,40.43683,-3.70413,5,1.0,2.0,330.0,0.0,1,0.0,233,200,4855.0,64.056634,2.4,1.0,1,0,0,1,0,1,0,1,1,0,1,0,0,5,40.5,200.0
4801,40.42517,-3.71361,2,0.0,1.0,195.0,0.0,1,0.0,125,200,3555.0,63.451906,5.9,1.0,1,0,0,0,0,1,0,0,1,0,0,0,0,7,18.0,200.0
4802,40.42423,-3.69724,4,3.0,2.0,125.0,100.0,1,0.02,208,200,4503.0,68.043894,0.8,2.0,1,0,0,0,0,1,0,1,1,0,1,0,0,8,36.0,150.0
4803,40.42315,-3.70165,4,1.0,2.0,85.0,99.0,1,0.78,516,200,4503.0,68.043894,0.8,1.0,1,0,0,0,0,1,0,1,1,0,1,0,0,5,33.0,100.0
4804,40.41132,-3.70161,2,1.0,1.0,47.0,90.0,2,2.43,262,200,4503.0,68.043894,0.8,1.5,1,0,0,0,0,1,0,1,1,0,1,0,0,5,19.5,50.0
4805,40.42129,-3.70339,2,1.0,1.0,80.0,98.0,1,0.58,407,200,4503.0,68.043894,0.8,2.0,1,0,0,0,0,1,0,1,1,1,1,0,0,8,21.0,100.0
4806,40.43294,-3.63283,2,1.0,1.0,21.0,95.0,1,1.37,417,50,2477.0,70.967532,7.3,1.0,0,0,0,0,0,1,0,1,0,0,1,0,1,7,18.0,50.0
4807,40.41656,-3.70445,12,3.0,8.0,329.0,93.0,11,0.61,557,200,4503.0,68.043894,0.8,3.0,1,0,0,0,0,1,0,1,0,0,1,0,0,7,99.0,200.0
4808,40.40983,-3.70768,2,1.0,1.0,35.0,97.0,3,1.05,261,50,4503.0,68.043894,0.8,1.0,0,0,0,0,0,0,0,1,1,0,1,0,0,9,18.0,50.0
4809,40.41194,-3.70167,6,3.0,3.0,186.0,97.0,67,3.45,265,200,4503.0,68.043894,0.8,1.5,1,0,0,0,0,1,0,1,0,0,1,0,0,7,49.5,200.0
4810,40.42289,-3.71677,3,2.0,2.0,80.0,0.0,7,0.0,155,200,3555.0,63.451906,5.9,1.0,1,0,0,1,0,0,0,1,1,0,0,0,0,9,25.5,100.0
4811,40.43088,-3.71231,3,2.0,2.0,70.0,0.0,7,0.0,150,200,4855.0,64.056634,2.4,1.0,1,0,0,0,0,0,0,0,1,0,1,0,0,9,25.5,100.0
4812,40.43227,-3.70117,4,3.0,3.0,120.0,96.0,1,0.85,454,200,4855.0,64.056634,2.4,1.0,1,0,0,0,0,1,0,1,1,0,1,0,0,6,33.0,150.0
4814,40.43431,-3.71268,4,1.0,1.0,70.0,0.0,7,0.0,156,200,4855.0,64.056634,2.4,1.0,1,0,0,0,0,0,0,1,1,0,1,0,0,9,33.0,100.0
4815,40.40236,-3.70995,1,1.0,1.0,30.0,0.0,7,0.0,107,50,3917.0,55.025641,1.9,1.0,1,0,0,0,0,0,0,0,1,0,0,0,0,9,10.5,50.0
4816,40.40139,-3.71014,2,1.0,1.0,50.0,0.0,7,0.0,113,50,3917.0,55.025641,1.9,1.0,1,0,0,1,0,0,0,0,1,0,0,0,0,9,18.0,50.0
4817,40.40242,-3.70961,2,1.0,1.0,50.0,0.0,7,0.0,136,50,3917.0,55.025641,1.9,1.0,1,0,0,1,0,0,0,0,1,0,1,0,0,9,18.0,50.0
4820,40.40599,-3.69807,2,1.0,1.0,38.0,99.0,1,3.67,291,50,3917.0,55.025641,1.9,1.0,0,0,0,0,1,1,0,1,1,0,1,0,0,8,18.0,50.0
4821,40.41112,-3.70912,8,4.0,5.0,205.0,93.0,1,1.53,388,200,4503.0,68.043894,0.8,2.0,1,0,0,0,0,1,0,1,1,1,1,0,0,5,66.0,200.0
4822,40.36426,-3.59302,2,1.0,1.0,19.0,95.0,1,0.45,419,50,2382.0,49.659794,11.0,1.0,1,0,0,0,0,1,0,0,1,0,1,0,0,5,18.0,50.0
4823,40.4244,-3.70216,2,1.0,1.0,36.0,99.0,1,1.27,299,50,4503.0,68.043894,0.8,1.0,0,0,0,0,0,1,0,0,0,0,1,0,0,5,18.0,50.0
4824,40.4243,-3.69677,5,2.0,2.0,108.0,98.0,1,0.26,491,200,4503.0,68.043894,0.8,1.0,1,0,0,0,0,1,0,1,1,0,1,0,0,5,40.5,150.0
4825,40.4415,-3.67249,2,1.0,1.0,38.0,100.0,1,0.06,186,200,4508.0,67.220486,5.8,1.0,1,0,0,1,0,1,0,1,1,0,1,0,0,5,18.0,50.0
4826,40.40483,-3.60903,1,1.0,1.0,100.0,100.0,1,0.04,159,50,2246.0,55.472222,11.2,1.0,1,0,0,0,0,1,0,0,0,0,1,0,0,5,10.5,100.0
4827,40.42471,-3.70097,4,1.0,2.0,76.0,94.0,1,0.69,519,200,4503.0,68.043894,0.8,1.0,1,0,0,0,0,1,0,1,0,0,1,0,0,9,33.0,100.0
4828,40.41715,-3.70964,2,0.0,1.0,40.0,93.0,1,0.08,254,50,4503.0,68.043894,0.8,2.0,1,0,0,0,0,1,0,0,1,0,0,0,0,5,21.0,50.0
4829,40.42423,-3.70042,3,2.0,2.0,49.0,94.0,3,3.44,364,200,4503.0,68.043894,0.8,1.0,1,0,0,0,0,1,0,1,0,0,1,0,0,6,25.5,50.0
4830,40.40739,-3.70859,4,2.0,2.0,75.0,90.0,2,0.24,510,200,4503.0,68.043894,0.8,1.0,1,0,0,0,0,1,0,1,1,1,1,0,0,6,33.0,100.0
4831,40.41299,-3.72012,8,3.0,4.0,206.0,0.0,1,0.0,228,200,3917.0,55.025641,1.9,2.5,1,0,0,0,0,1,0,1,1,0,0,0,0,8,67.5,200.0
4832,40.4485,-3.60755,1,1.0,1.0,31.0,96.0,2,0.57,524,50,2477.0,70.967532,7.3,1.0,1,0,0,1,0,1,0,0,0,1,1,0,0,8,10.5,50.0
4833,40.41817,-3.70642,2,1.0,1.0,60.0,100.0,1,0.2,275,50,4503.0,68.043894,0.8,1.0,1,0,0,0,0,1,0,1,1,0,1,0,0,8,18.0,100.0
4834,40.4384,-3.66304,2,0.0,2.0,20.0,95.0,2,2.66,377,200,5328.0,74.694253,2.2,1.0,1,0,0,0,0,1,0,1,0,0,0,0,0,7,18.0,50.0
4835,40.41398,-3.69278,3,1.0,1.0,82.0,100.0,2,0.1,170,200,4220.0,63.672727,3.2,1.5,1,0,0,0,0,1,0,1,0,0,0,0,0,5,27.0,100.0
4836,40.45426,-3.69804,2,1.0,1.0,70.0,0.0,2,0.0,94,200,3476.0,60.621287,5.9,1.0,1,0,0,0,0,1,0,0,1,0,0,0,0,7,18.0,100.0
4837,40.40962,-3.70282,2,0.0,1.0,46.0,97.0,1,2.98,534,200,4503.0,68.043894,0.8,1.0,1,0,0,0,0,1,0,1,0,1,1,0,1,5,18.0,50.0
4838,40.41203,-3.69605,6,3.0,3.0,124.0,100.0,2,0.11,459,200,4503.0,68.043894,0.8,3.0,1,0,0,0,0,1,0,1,0,0,1,0,0,10,54.0,150.0
4839,40.43788,-3.66721,4,1.0,2.0,44.0,90.0,2,2.18,427,200,5328.0,74.694253,2.2,1.0,1,0,0,0,0,1,0,0,1,0,1,0,0,5,33.0,50.0
4841,40.42194,-3.70897,6,2.0,4.0,102.0,98.0,3,3.8,243,200,4503.0,68.043894,0.8,1.0,1,0,0,0,0,1,0,1,1,0,0,0,0,5,48.0,150.0
4842,40.40939,-3.70525,6,3.0,4.0,160.0,0.0,1,0.0,232,200,4503.0,68.043894,0.8,2.0,1,0,0,0,0,1,0,1,0,0,1,0,0,5,51.0,200.0
4843,40.42846,-3.70455,2,1.0,1.0,110.0,100.0,3,0.17,443,200,4503.0,68.043894,0.8,1.0,1,0,0,0,0,1,0,1,0,0,1,0,0,6,18.0,150.0
4844,40.40651,-3.68203,4,2.0,3.0,45.0,0.0,1,0.0,106,200,4220.0,63.672727,3.2,1.0,1,0,0,0,0,0,0,1,0,0,1,0,0,5,33.0,50.0
4845,40.45913,-3.70417,2,1.0,1.0,24.0,91.0,3,0.66,175,50,3476.0,60.621287,5.9,1.0,0,0,0,0,0,1,0,1,1,0,0,0,0,10,18.0,50.0
4846,40.41039,-3.70583,4,1.0,4.0,40.0,80.0,1,3.02,360,200,4503.0,68.043894,0.8,1.0,1,0,0,0,0,1,0,0,0,1,0,0,0,5,33.0,50.0
4847,40.41965,-3.71266,3,1.0,1.0,140.0,97.0,1,1.93,472,200,4503.0,68.043894,0.8,1.5,1,0,0,0,0,1,0,1,1,0,1,0,0,5,27.0,150.0
4848,40.42651,-3.70558,4,1.0,2.0,70.0,98.0,5,1.99,206,200,4503.0,68.043894,0.8,1.0,1,0,0,0,0,1,0,1,0,0,0,0,0,10,33.0,100.0
4849,40.42439,-3.72617,1,1.0,2.0,14.0,0.0,1,0.0,137,50,3555.0,63.451906,5.9,1.0,1,0,0,0,0,1,0,0,1,0,1,0,0,5,10.5,50.0
4850,40.42814,-3.70131,1,1.0,1.0,31.0,100.0,2,0.15,564,50,4503.0,68.043894,0.8,1.0,1,0,0,0,0,1,0,1,1,0,1,0,0,9,10.5,50.0
4851,40.41015,-3.71252,1,1.0,1.0,39.0,89.0,2,1.42,306,50,4503.0,68.043894,0.8,1.0,0,0,0,0,0,1,0,0,1,0,1,0,0,5,10.5,50.0
4852,40.41412,-3.72563,4,2.0,3.0,120.0,96.0,1,0.38,406,200,2287.0,47.008319,4.7,1.0,1,0,0,0,0,1,0,0,0,0,1,0,0,6,33.0,150.0
4853,40.41967,-3.70556,2,1.0,1.0,33.0,94.0,3,3.16,428,50,4503.0,68.043894,0.8,1.0,0,0,0,0,0,1,0,0,1,0,1,0,0,10,18.0,50.0
4854,40.41006,-3.70227,2,0.0,1.0,100.0,93.0,8,3.66,188,200,4503.0,68.043894,0.8,1.0,1,0,0,0,0,1,0,1,0,0,1,0,0,0,18.0,100.0
4855,40.41959,-3.67736,1,1.0,1.0,33.0,100.0,1,1.4,356,50,4220.0,63.672727,3.2,1.0,0,0,0,0,0,1,0,0,1,0,1,0,0,7,10.5,50.0
4856,40.4229,-3.70199,4,1.0,2.0,43.0,91.0,66,4.72,547,50,4503.0,68.043894,0.8,1.0,1,0,0,0,0,1,0,1,1,0,1,0,0,6,33.0,50.0
4857,40.46075,-3.70553,1,1.0,1.0,15.0,1.0,2,1.0,27,50,3476.0,60.621287,5.9,1.0,1,1,1,1,1,1,1,1,1,1,1,1,1,6,10.5,50.0
4858,40.39433,-3.69578,6,2.0,3.0,68.0,99.0,2,1.15,747,200,3917.0,55.025641,1.9,1.0,1,0,0,0,0,1,0,0,1,1,1,0,0,5,48.0,100.0
4859,40.44256,-3.58315,2,1.0,1.0,39.0,88.0,2,3.03,465,50,2477.0,70.967532,7.3,1.0,0,0,0,0,0,1,1,1,1,0,1,0,0,7,18.0,50.0
4861,40.4086,-3.70448,1,1.0,1.0,36.0,88.0,3,1.44,399,50,4503.0,68.043894,0.8,1.0,0,0,0,0,0,1,0,0,0,0,0,0,0,8,10.5,50.0
4862,40.44349,-3.58355,2,1.0,1.0,39.0,91.0,2,2.02,469,50,2477.0,70.967532,7.3,1.0,1,0,0,0,0,1,1,1,1,0,1,0,0,7,18.0,50.0
4863,40.47352,-3.68777,1,1.0,1.0,46.0,100.0,1,0.06,604,50,3476.0,60.621287,5.9,1.0,1,0,0,0,0,1,1,1,1,1,1,0,0,5,10.5,50.0
4864,40.41423,-3.70184,2,1.0,1.0,35.0,98.0,1,0.39,252,50,4503.0,68.043894,0.8,1.0,0,0,0,0,0,1,0,0,0,0,0,0,0,5,18.0,50.0
4865,40.40998,-3.6499,1,1.0,1.0,14.0,89.0,1,0.71,155,50,2547.0,45.581197,5.0,1.0,0,0,0,0,0,1,0,0,0,0,0,0,0,6,10.5,50.0
4866,40.42845,-3.67723,4,1.0,2.0,63.0,94.0,2,3.32,524,200,5328.0,74.694253,2.2,1.0,1,0,0,0,0,1,0,1,1,0,1,0,0,5,33.0,100.0
4867,40.44464,-3.67431,2,1.0,1.0,57.0,95.0,1,0.49,235,200,4508.0,67.220486,5.8,1.0,1,0,0,0,0,1,0,1,0,0,1,0,0,5,18.0,100.0
4868,40.4369,-3.70564,2,1.0,1.0,74.0,100.0,1,0.22,515,50,4855.0,64.056634,2.4,1.5,0,0,0,0,1,1,0,1,1,0,1,0,0,5,19.5,100.0
4869,40.4029,-3.6648,4,1.0,1.0,54.0,91.0,1,0.45,330,200,1890.0,41.443535,5.0,1.0,1,0,0,0,0,1,0,1,0,0,1,0,0,7,33.0,100.0
4870,40.38481,-3.67062,2,1.0,1.0,18.0,97.0,2,3.41,259,50,1890.0,41.443535,5.0,1.0,0,0,0,1,1,1,0,1,0,0,0,0,0,5,18.0,50.0
4871,40.38478,-3.66802,2,1.0,1.0,20.0,97.0,2,1.7,308,50,1890.0,41.443535,5.0,1.0,0,0,0,0,1,1,0,1,0,1,1,0,0,5,18.0,50.0
4872,40.41229,-3.69873,1,1.0,1.0,14.0,90.0,4,0.13,138,50,4503.0,68.043894,0.8,1.0,1,0,0,0,0,1,0,1,0,0,1,0,0,7,10.5,50.0
4873,40.41156,-3.70464,6,2.0,3.0,119.0,97.0,2,1.09,501,200,4503.0,68.043894,0.8,3.0,1,0,0,0,0,1,0,1,0,1,1,0,0,10,54.0,150.0
4874,40.39724,-3.6993,2,1.0,1.0,41.0,95.0,1,0.37,238,50,3917.0,55.025641,1.9,1.0,1,0,0,0,0,1,0,0,1,0,0,0,0,6,18.0,50.0
4875,40.43826,-3.6681,1,1.0,1.0,35.0,0.0,1,0.03,210,50,5328.0,74.694253,2.2,1.0,1,0,0,0,0,1,0,1,1,0,1,0,0,5,10.5,50.0
4876,40.43866,-3.67182,8,4.0,4.0,225.0,100.0,1,0.04,223,200,5328.0,74.694253,2.2,4.0,1,0,0,0,0,1,0,1,1,0,1,0,0,8,72.0,200.0
4877,40.42749,-3.72025,1,1.0,2.0,15.0,0.0,1,0.0,93,50,3555.0,63.451906,5.9,2.0,0,0,0,0,0,1,0,0,0,0,1,0,0,6,13.5,50.0
4878,40.39667,-3.69861,1,1.0,1.0,30.0,99.0,2,0.85,472,50,3917.0,55.025641,1.9,1.5,0,0,0,0,0,1,0,1,1,1,1,0,0,5,12.0,50.0
4879,40.4042,-3.69217,3,2.0,2.0,78.0,91.0,1,1.33,377,200,3917.0,55.025641,1.9,1.0,1,0,0,0,0,1,0,1,0,0,0,0,0,5,25.5,100.0
4880,40.43112,-3.685,6,3.0,3.0,361.0,0.0,92,0.0,467,200,5328.0,74.694253,2.2,2.5,1,0,0,0,0,1,0,1,1,0,1,0,0,7,52.5,200.0
4881,40.4267,-3.70953,4,2.0,3.0,173.0,100.0,7,0.72,332,200,4503.0,68.043894,0.8,2.0,1,0,0,0,0,1,0,1,0,0,0,0,0,11,36.0,200.0
4882,40.39339,-3.69142,5,2.0,4.0,104.0,99.0,1,0.39,236,200,3917.0,55.025641,1.9,2.0,1,0,0,0,0,1,1,1,1,0,1,0,0,7,43.5,150.0
4883,40.4495,-3.70722,1,1.0,1.0,54.0,0.0,31,0.0,649,50,3476.0,60.621287,5.9,1.0,0,0,0,0,0,1,0,1,0,1,1,0,0,8,10.5,100.0
4884,40.40988,-3.69694,3,2.0,3.0,49.0,87.0,1,2.55,215,200,4503.0,68.043894,0.8,1.0,1,0,0,0,0,1,0,0,0,0,0,0,0,7,25.5,50.0
4885,40.42887,-3.70391,5,2.0,3.0,90.0,0.0,1,0.0,202,200,4503.0,68.043894,0.8,1.0,1,0,0,0,0,0,0,1,1,0,1,0,0,6,40.5,100.0
4886,40.42225,-3.70357,2,0.0,1.0,95.0,90.0,3,2.89,233,200,4503.0,68.043894,0.8,1.0,1,0,0,0,0,1,0,1,1,0,1,0,0,7,18.0,100.0
4887,40.42481,-3.70319,2,1.0,1.0,36.0,100.0,1,0.06,162,50,4503.0,68.043894,0.8,1.0,0,0,0,0,0,1,0,1,0,0,0,0,0,7,18.0,50.0
4888,40.42209,-3.69986,2,1.0,1.0,69.0,100.0,2,0.94,194,200,4503.0,68.043894,0.8,1.0,1,0,0,0,0,1,0,1,1,0,1,0,0,5,18.0,100.0
4889,40.45873,-3.70501,2,0.0,1.0,65.0,100.0,1,0.06,216,200,3476.0,60.621287,5.9,1.0,1,0,0,0,0,1,0,1,1,0,0,0,0,6,18.0,100.0
4890,40.42494,-3.71319,4,1.0,2.0,81.0,99.0,2,3.85,545,200,3555.0,63.451906,5.9,1.0,1,0,0,0,0,1,0,1,1,0,1,0,0,5,33.0,100.0
4891,40.40226,-3.64447,2,1.0,2.0,34.0,0.0,1,0.03,217,50,2547.0,45.581197,5.0,1.0,0,0,0,0,0,1,0,0,0,0,1,0,0,8,18.0,50.0
4892,40.42486,-3.70906,4,2.0,3.0,173.0,98.0,7,1.41,602,200,4503.0,68.043894,0.8,2.0,1,0,0,0,0,1,0,1,0,0,1,0,0,11,36.0,200.0
4893,40.41077,-3.69531,2,1.0,1.0,51.0,95.0,1,2.19,340,200,4503.0,68.043894,0.8,1.0,1,0,0,0,1,1,0,1,0,0,1,0,0,0,18.0,100.0
4894,40.42001,-3.69882,4,1.0,2.0,64.0,100.0,1,0.06,365,200,4503.0,68.043894,0.8,1.0,1,0,0,0,0,1,0,1,0,0,0,0,0,5,33.0,100.0
4895,40.41457,-3.70144,2,1.0,1.0,40.0,60.0,1,0.02,52,50,4503.0,68.043894,0.8,1.0,0,0,0,0,0,1,0,0,1,0,0,0,0,0,18.0,50.0
4896,40.42123,-3.70008,4,1.0,3.0,89.0,94.0,1,1.08,430,200,4503.0,68.043894,0.8,2.0,1,0,0,0,0,1,0,1,1,1,1,0,0,6,36.0,100.0
4897,40.41063,-3.70262,2,1.0,1.0,22.0,92.0,3,1.45,369,50,4503.0,68.043894,0.8,1.0,0,0,0,0,0,1,0,0,1,0,0,0,0,10,18.0,50.0
4898,40.4229,-3.69972,2,1.0,1.0,35.0,92.0,66,4.12,561,50,4503.0,68.043894,0.8,1.0,1,0,0,0,0,1,0,1,1,0,1,0,0,6,18.0,50.0
4899,40.42882,-3.70703,4,2.0,3.0,69.0,98.0,1,0.24,374,200,4503.0,68.043894,0.8,1.0,1,0,0,0,0,1,0,1,1,0,1,0,0,5,33.0,100.0
4900,40.42242,-3.70119,2,1.0,1.0,34.0,91.0,66,4.25,547,50,4503.0,68.043894,0.8,1.0,1,0,0,0,0,1,0,1,1,0,1,0,0,6,18.0,50.0
4901,40.4407,-3.67763,2,1.0,1.0,40.0,0.0,13,0.0,475,200,4508.0,67.220486,5.8,1.0,1,0,0,0,0,1,0,1,0,0,1,0,0,7,18.0,50.0
4903,40.41307,-3.70918,4,1.0,4.0,61.0,95.0,1,4.61,369,200,4503.0,68.043894,0.8,1.0,1,0,0,0,0,1,0,1,1,0,1,0,0,8,33.0,100.0
4904,40.40996,-3.70178,4,2.0,2.0,31.0,97.0,2,1.53,551,200,4503.0,68.043894,0.8,2.0,1,0,0,0,0,1,0,1,0,1,1,0,0,9,36.0,50.0
4905,40.4293,-3.6641,2,1.0,1.0,70.0,100.0,1,0.06,155,200,5328.0,74.694253,2.2,1.0,1,0,0,0,0,1,0,0,1,0,1,0,0,6,18.0,100.0
4906,40.43089,-3.70366,2,1.0,1.0,37.0,98.0,1,0.96,170,50,4855.0,64.056634,2.4,1.0,0,0,0,0,0,1,0,0,1,0,0,0,0,5,18.0,50.0
4907,40.41563,-3.70491,2,2.0,2.0,85.0,100.0,1,0.07,266,200,4503.0,68.043894,0.8,1.0,1,0,0,0,0,1,0,1,1,0,0,0,0,8,18.0,100.0
4908,40.42386,-3.69759,3,1.0,2.0,260.0,93.0,1,0.08,85,200,4503.0,68.043894,0.8,1.0,1,0,0,0,0,1,0,0,1,0,1,0,0,8,25.5,200.0
4909,40.4036,-3.68244,6,2.0,3.0,475.0,0.0,3,0.0,187,200,4220.0,63.672727,3.2,2.0,1,0,0,0,0,1,0,0,1,0,1,0,0,5,51.0,200.0
4910,40.41244,-3.71161,4,1.0,1.0,76.0,96.0,4,2.91,443,200,4503.0,68.043894,0.8,1.0,1,0,0,0,0,1,0,1,1,1,1,0,0,9,33.0,100.0
4911,40.42607,-3.71046,1,1.0,1.0,40.0,90.0,1,0.04,367,50,4503.0,68.043894,0.8,1.0,0,0,0,0,0,1,0,1,0,1,1,0,0,5,10.5,50.0
4913,40.41502,-3.69868,7,2.0,5.0,126.0,98.0,1,0.22,549,200,4503.0,68.043894,0.8,2.0,1,0,0,0,0,1,0,1,0,1,1,0,1,9,58.5,150.0
4914,40.423,-3.70398,6,4.0,4.0,190.0,98.0,2,0.57,436,200,4503.0,68.043894,0.8,1.5,1,0,0,0,0,1,0,1,1,0,1,0,0,7,49.5,200.0
4915,40.41052,-3.70578,1,1.0,1.0,46.0,90.0,3,0.06,160,50,4503.0,68.043894,0.8,1.0,0,0,0,0,0,1,0,0,0,0,1,0,0,8,10.5,50.0
4916,40.42118,-3.67611,2,1.0,1.0,38.0,0.0,1,0.02,208,50,4220.0,63.672727,3.2,2.0,1,0,0,0,0,1,0,1,1,0,1,0,0,5,21.0,50.0
4917,40.4222,-3.69687,2,1.0,1.0,120.0,0.0,1,0.0,136,50,4503.0,68.043894,0.8,1.0,0,0,0,0,0,1,0,0,1,0,1,0,0,5,18.0,150.0
4918,40.45765,-3.6992,2,1.0,2.0,60.0,0.0,1,0.0,315,50,3476.0,60.621287,5.9,1.0,1,0,0,0,0,0,0,0,0,0,0,0,1,5,18.0,100.0
4919,40.42433,-3.69883,2,1.0,1.0,91.0,88.0,1,0.94,555,200,4503.0,68.043894,0.8,1.0,1,0,0,0,0,1,0,0,1,1,1,0,0,6,18.0,100.0
4920,40.4124,-3.70182,7,4.0,6.0,223.0,95.0,24,1.8,246,200,4503.0,68.043894,0.8,2.0,1,0,0,0,0,1,0,1,0,0,0,0,0,5,58.5,200.0
4921,40.42143,-3.69944,4,1.0,1.0,59.0,94.0,2,0.77,226,200,4503.0,68.043894,0.8,1.0,1,0,0,0,0,1,0,1,0,0,1,0,0,5,33.0,100.0
4922,40.42428,-3.69978,2,1.0,1.0,35.0,89.0,66,3.45,547,50,4503.0,68.043894,0.8,1.0,1,0,0,0,0,1,0,1,1,0,1,0,0,6,18.0,50.0
4923,40.42408,-3.7001,2,1.0,1.0,34.0,91.0,66,3.77,537,50,4503.0,68.043894,0.8,1.0,1,0,0,0,0,1,0,1,1,0,1,0,0,6,18.0,50.0
4924,40.40068,-3.64752,2,1.0,1.0,20.0,99.0,1,2.09,341,50,2547.0,45.581197,5.0,1.0,0,0,0,0,0,1,0,0,0,0,1,0,0,5,18.0,50.0
4926,40.43135,-3.71811,4,2.0,2.0,70.0,100.0,1,0.11,486,200,3555.0,63.451906,5.9,2.0,1,0,0,0,0,1,0,0,1,0,1,0,0,7,36.0,100.0
4927,40.43644,-3.68302,2,1.0,1.0,120.0,0.0,92,0.0,332,200,5328.0,74.694253,2.2,1.0,1,0,0,0,0,1,0,1,0,0,0,0,0,7,18.0,150.0
4928,40.41151,-3.70337,1,0.0,1.0,35.0,80.0,1,0.04,98,50,4503.0,68.043894,0.8,1.0,1,0,0,0,0,1,0,0,0,0,0,0,0,5,10.5,50.0
4929,40.46866,-3.72181,1,1.0,1.0,19.0,98.0,2,0.47,410,50,3555.0,63.451906,5.9,1.5,0,0,0,0,0,1,0,0,1,0,1,0,0,7,12.0,50.0
4930,40.39842,-3.69841,2,1.0,1.0,35.0,97.0,1,0.47,259,50,3917.0,55.025641,1.9,1.0,0,0,0,0,0,1,0,1,1,0,0,0,0,7,18.0,50.0
4931,40.40568,-3.69276,2,1.0,1.0,50.0,98.0,1,2.8,255,50,3917.0,55.025641,1.9,1.0,1,0,0,0,0,1,0,1,1,0,1,0,0,6,18.0,50.0
4932,40.41976,-3.70093,2,0.0,1.0,52.0,88.0,1,0.66,196,200,4503.0,68.043894,0.8,1.0,1,0,0,0,0,1,0,1,1,0,1,0,0,0,18.0,100.0
4933,40.42373,-3.70417,3,1.0,1.0,70.0,94.0,2,1.34,457,200,4503.0,68.043894,0.8,1.0,1,0,0,0,0,1,0,0,1,0,1,0,0,6,25.5,100.0
4934,40.42064,-3.70609,4,1.0,2.0,59.0,0.0,1,0.0,113,200,4503.0,68.043894,0.8,1.0,1,0,0,0,0,1,0,0,1,0,0,0,0,7,33.0,100.0
4935,40.41132,-3.70081,3,2.0,2.0,39.0,100.0,2,0.02,121,200,4503.0,68.043894,0.8,1.0,1,0,0,0,0,1,0,0,0,0,1,0,0,6,25.5,50.0
4936,40.41926,-3.6771,4,2.0,3.0,150.0,0.0,1,0.0,162,200,4220.0,63.672727,3.2,1.0,1,0,0,0,0,1,0,0,1,0,0,0,0,5,33.0,150.0
4937,40.41778,-3.70381,2,1.0,2.0,22.0,86.0,18,0.48,260,50,4503.0,68.043894,0.8,3.0,0,0,0,0,0,1,0,1,1,0,1,0,0,7,24.0,50.0
4938,40.41575,-3.70339,2,1.0,2.0,19.0,91.0,18,0.21,354,50,4503.0,68.043894,0.8,3.5,0,0,0,0,0,1,0,1,1,0,1,0,0,7,25.5,50.0
4939,40.42013,-3.70111,2,1.0,2.0,17.0,87.0,18,0.32,344,50,4503.0,68.043894,0.8,2.0,0,0,0,0,0,1,0,1,1,0,1,0,0,7,21.0,50.0
4940,40.41691,-3.70394,2,1.0,2.0,20.0,90.0,18,0.26,422,50,4503.0,68.043894,0.8,3.0,0,0,0,0,0,1,0,1,1,0,1,0,0,7,24.0,50.0
4941,40.4174,-3.7038,3,1.0,3.0,27.0,68.0,18,0.11,276,50,4503.0,68.043894,0.8,4.0,0,0,0,0,0,1,0,0,0,0,1,0,0,7,34.5,50.0
4942,40.41423,-3.7003,3,1.0,1.0,41.0,92.0,8,1.64,544,50,4503.0,68.043894,0.8,2.0,0,0,0,0,0,1,0,1,1,1,0,0,0,8,28.5,50.0
4943,40.42328,-3.69492,2,1.0,1.0,153.0,100.0,1,0.02,139,200,4503.0,68.043894,0.8,1.0,1,0,0,0,0,1,0,1,0,0,0,0,0,5,18.0,200.0
4944,40.40858,-3.71153,3,2.0,3.0,38.0,93.0,2,4.27,324,200,4503.0,68.043894,0.8,1.0,1,0,0,0,0,1,0,0,0,0,0,0,0,5,25.5,50.0
4945,40.42716,-3.70733,4,2.0,3.0,173.0,99.0,7,1.02,582,200,4503.0,68.043894,0.8,2.0,1,0,0,0,0,1,0,1,0,0,1,0,0,11,36.0,200.0
4946,40.42671,-3.70742,4,2.0,3.0,173.0,96.0,7,0.3,572,200,4503.0,68.043894,0.8,2.0,1,0,0,0,0,1,0,1,0,0,1,0,0,11,36.0,200.0
4947,40.52014,-3.77448,2,1.0,1.0,49.0,95.0,1,0.5,257,50,3545.0,57.198083,16.4,1.0,1,0,0,0,0,0,0,1,0,0,0,0,0,6,18.0,50.0
4949,40.42064,-3.70297,1,1.0,1.0,19.0,91.0,18,0.23,207,50,4503.0,68.043894,0.8,2.0,0,0,0,0,0,1,0,0,1,0,1,0,0,7,13.5,50.0
4950,40.43146,-3.67852,2,1.0,1.0,17.0,100.0,15,0.09,438,50,5328.0,74.694253,2.2,2.0,0,0,0,0,0,1,0,0,1,0,1,0,0,6,21.0,50.0
4951,40.42937,-3.67796,1,1.0,1.0,20.0,76.0,15,0.11,240,50,5328.0,74.694253,2.2,2.0,0,0,0,0,0,1,0,0,1,0,1,0,0,6,13.5,50.0
4952,40.41129,-3.70916,5,2.0,3.0,51.0,95.0,7,5.73,474,200,4503.0,68.043894,0.8,2.0,1,0,0,0,0,1,0,1,0,0,1,0,0,6,43.5,100.0
4953,40.34357,-3.71178,5,3.0,3.0,400.0,0.0,1,0.0,265,200,1696.0,37.641618,9.0,1.0,1,0,0,0,0,1,0,1,0,0,1,0,0,6,40.5,200.0
4954,40.4117,-3.70856,3,1.0,2.0,82.0,92.0,59,3.86,418,200,4503.0,68.043894,0.8,1.0,1,0,0,0,0,1,0,1,1,0,0,0,0,7,25.5,100.0
4955,40.4715,-3.68581,4,2.0,3.0,150.0,97.0,1,0.36,378,200,4508.0,67.220486,5.8,1.0,1,0,0,0,0,1,0,1,1,0,1,0,0,7,33.0,150.0
4956,40.47035,-3.67643,1,1.0,1.0,27.0,97.0,2,1.99,512,50,4508.0,67.220486,5.8,1.0,0,0,0,0,0,1,1,1,1,0,1,0,0,5,10.5,50.0
4957,40.41717,-3.70644,4,1.0,2.0,64.0,92.0,59,3.06,433,200,4503.0,68.043894,0.8,1.0,1,0,0,0,0,1,0,1,1,0,1,0,0,7,33.0,100.0
4958,40.43425,-3.63169,1,1.0,1.0,167.0,0.0,2,0.0,27,50,2477.0,70.967532,7.3,1.0,1,0,0,0,0,0,0,0,0,0,0,0,0,7,10.5,200.0
4959,40.41176,-3.69557,3,0.0,2.0,48.0,95.0,15,4.78,576,200,4503.0,68.043894,0.8,1.0,1,0,0,0,0,1,0,1,0,1,1,0,0,9,25.5,50.0
4960,40.4114,-3.70033,2,1.0,1.0,31.0,100.0,3,0.02,281,50,4503.0,68.043894,0.8,2.0,1,0,0,0,0,1,0,0,1,0,1,0,0,0,21.0,50.0
4961,40.4375,-3.6995,1,1.0,1.0,11.0,80.0,1,0.04,155,50,4855.0,64.056634,2.4,1.0,0,0,0,0,0,1,0,0,1,0,1,0,0,5,10.5,50.0
4962,40.41165,-3.70137,2,1.0,1.0,46.0,90.0,3,0.15,300,50,4503.0,68.043894,0.8,1.0,1,0,0,0,0,1,0,0,1,0,1,0,0,0,18.0,50.0
4963,40.44439,-3.70113,2,1.0,1.0,110.0,0.0,1,0.0,96,50,4855.0,64.056634,2.4,1.0,0,0,0,0,0,1,1,0,1,0,1,0,0,6,18.0,150.0
4964,40.4331,-3.67351,2,0.0,1.0,70.0,97.0,8,3.57,477,200,5328.0,74.694253,2.2,1.0,1,0,0,0,0,1,1,1,1,0,0,0,0,0,18.0,100.0
4965,40.41432,-3.70228,2,1.0,1.0,36.0,96.0,8,0.69,572,50,4503.0,68.043894,0.8,2.0,0,0,0,0,0,1,0,0,1,1,0,0,1,8,21.0,50.0
4966,40.41424,-3.70203,3,1.0,1.0,39.0,94.0,8,1.56,385,50,4503.0,68.043894,0.8,2.0,0,0,0,0,0,1,0,1,1,0,0,0,0,8,28.5,50.0
4967,40.40094,-3.66513,3,1.0,2.0,30.0,89.0,1,0.15,118,200,1890.0,41.443535,5.0,1.0,1,0,0,0,0,1,0,0,0,0,1,0,0,5,25.5,50.0
4968,40.41902,-3.70871,1,1.0,1.0,70.0,0.0,1,0.0,121,50,4503.0,68.043894,0.8,1.0,0,0,0,0,1,1,0,0,1,0,0,0,0,5,10.5,100.0
4969,40.42173,-3.71161,13,4.0,6.0,414.0,90.0,10,0.09,419,200,4503.0,68.043894,0.8,2.0,1,0,0,0,0,1,0,1,0,0,1,0,0,10,103.5,200.0
4970,40.4788,-3.70672,1,1.0,2.0,25.0,100.0,1,0.61,282,50,3545.0,57.198083,16.4,1.0,0,0,0,0,0,1,0,0,1,0,0,0,1,5,10.5,50.0
4971,40.40984,-3.70956,4,2.0,3.0,75.0,65.0,1,0.23,193,200,4503.0,68.043894,0.8,1.5,1,0,0,0,1,1,0,1,1,0,0,0,0,6,34.5,100.0
4972,40.4305,-3.68672,4,2.0,2.0,140.0,100.0,1,0.17,231,200,5328.0,74.694253,2.2,1.0,1,0,0,0,0,1,0,1,1,0,0,0,0,6,33.0,150.0
4973,40.42198,-3.6996,4,1.0,2.0,110.0,0.0,1,0.0,116,200,4503.0,68.043894,0.8,1.0,1,0,0,0,0,1,0,1,1,0,0,0,0,5,33.0,150.0
4974,40.42257,-3.70084,4,2.0,2.0,400.0,0.0,3,0.0,125,200,4503.0,68.043894,0.8,1.0,1,0,0,0,0,1,0,1,1,0,0,0,0,5,33.0,200.0
4975,40.42527,-3.69205,4,1.0,3.0,103.0,89.0,72,0.31,362,200,4503.0,68.043894,0.8,1.0,1,0,0,0,0,1,0,1,1,0,1,0,0,6,33.0,150.0
4976,40.41,-3.7019,2,1.0,1.0,65.0,96.0,2,2.04,257,200,4503.0,68.043894,0.8,1.0,1,1,1,1,1,1,1,1,1,1,1,1,1,6,18.0,100.0
4977,40.43075,-3.70392,1,1.0,1.0,25.0,100.0,1,0.04,142,50,4855.0,64.056634,2.4,1.0,0,0,0,0,0,1,0,0,1,0,0,0,0,7,10.5,50.0
4978,40.44516,-3.71096,2,1.0,1.0,49.0,100.0,3,0.04,416,50,4855.0,64.056634,2.4,1.0,0,0,0,0,0,1,0,0,1,0,1,0,0,0,18.0,50.0
4979,40.41115,-3.72059,4,1.0,1.0,70.0,93.0,1,0.06,151,200,3917.0,55.025641,1.9,1.0,1,0,0,0,0,1,0,0,0,0,0,0,0,7,33.0,100.0
4980,40.42768,-3.67927,2,1.0,1.0,44.0,98.0,1,1.07,282,50,5328.0,74.694253,2.2,1.5,1,0,0,0,0,1,0,0,1,0,1,0,0,5,19.5,50.0
4981,40.42575,-3.704,4,1.0,1.0,86.0,100.0,18,0.05,348,200,4503.0,68.043894,0.8,1.0,1,0,0,0,0,1,0,1,0,0,1,0,0,10,33.0,100.0
4982,40.4099,-3.69809,3,2.0,2.0,80.0,91.0,7,3.45,423,200,4503.0,68.043894,0.8,1.0,1,0,0,0,0,1,0,1,0,0,1,0,0,5,25.5,100.0
4983,40.41281,-3.70893,3,2.0,2.0,50.0,93.0,1,0.26,351,200,4503.0,68.043894,0.8,2.0,1,0,0,0,0,1,0,1,1,0,1,0,0,6,28.5,50.0
4984,40.4083,-3.69992,2,1.0,1.0,85.0,87.0,1,0.21,165,200,4503.0,68.043894,0.8,1.0,1,0,0,0,0,1,0,0,1,0,1,0,0,5,18.0,100.0
4985,40.44024,-3.67666,2,1.0,1.0,38.0,99.0,1,0.8,303,50,4508.0,67.220486,5.8,1.0,0,0,0,1,0,1,0,0,0,0,1,0,0,8,18.0,50.0
4986,40.42126,-3.7063,10,3.0,5.0,241.0,89.0,72,0.33,388,200,4503.0,68.043894,0.8,3.0,1,0,0,0,0,1,0,1,1,0,1,0,0,6,84.0,200.0
4987,40.41428,-3.70726,4,1.0,2.0,100.0,0.0,1,0.0,221,200,4503.0,68.043894,0.8,1.0,1,0,0,0,0,1,0,1,0,0,1,0,0,6,33.0,100.0
4988,40.422,-3.69773,1,1.0,1.0,20.0,100.0,1,0.02,167,50,4503.0,68.043894,0.8,1.0,0,0,0,0,0,1,0,0,1,0,1,0,0,7,10.5,50.0
4989,40.42557,-3.68399,2,1.0,1.0,155.0,0.0,92,0.0,401,200,5328.0,74.694253,2.2,1.0,1,0,0,0,0,1,0,1,0,0,1,0,0,7,18.0,200.0
4990,40.42846,-3.67651,2,1.0,1.0,155.0,20.0,92,0.05,382,200,5328.0,74.694253,2.2,2.0,1,0,0,0,0,1,0,1,0,0,0,0,0,7,21.0,200.0
4991,40.4428,-3.70184,2,1.0,1.0,200.0,0.0,92,0.0,394,200,4855.0,64.056634,2.4,1.0,1,0,0,0,0,1,0,1,1,0,0,0,0,7,18.0,200.0
4992,40.41896,-3.70367,4,1.0,2.0,78.0,95.0,1,0.69,613,200,4503.0,68.043894,0.8,1.5,1,0,0,0,0,1,0,0,0,0,1,0,0,7,34.5,100.0
4993,40.44991,-3.66208,2,1.0,1.0,29.0,97.0,1,0.34,312,50,2893.0,50.090625,6.5,1.0,1,0,0,0,0,1,1,1,1,0,1,0,0,7,18.0,50.0
4994,40.4185,-3.71003,1,1.0,1.0,40.0,100.0,4,0.02,139,50,4503.0,68.043894,0.8,2.0,0,0,0,0,0,1,0,0,1,0,1,0,0,6,13.5,50.0
4995,40.42881,-3.7057,2,1.0,1.0,58.0,95.0,1,0.42,502,200,4503.0,68.043894,0.8,1.0,1,0,0,0,0,0,0,1,0,0,1,0,0,6,18.0,100.0
4996,40.41919,-3.69938,1,1.0,2.0,18.0,92.0,18,0.13,246,50,4503.0,68.043894,0.8,2.0,0,0,0,0,0,1,0,1,0,0,0,0,0,7,13.5,50.0
4997,40.40912,-3.71051,2,0.0,1.0,25.0,91.0,2,3.88,403,200,4503.0,68.043894,0.8,1.0,1,0,0,0,0,1,0,1,0,0,1,0,0,6,18.0,50.0
4998,40.44682,-3.67815,2,1.0,1.0,26.0,0.0,1,0.0,175,50,4508.0,67.220486,5.8,1.0,0,0,0,0,0,1,0,0,0,0,1,0,0,5,18.0,50.0
4999,40.41699,-3.70167,2,1.0,2.0,17.0,94.0,18,0.15,174,50,4503.0,68.043894,0.8,3.0,0,0,0,0,0,1,0,0,0,0,1,0,0,7,24.0,50.0
5000,40.41219,-3.70618,6,3.0,5.0,76.0,88.0,7,0.57,204,200,4503.0,68.043894,0.8,1.0,1,0,0,0,0,1,0,1,0,0,0,0,0,8,48.0,100.0
5001,40.44212,-3.64493,4,2.0,4.0,60.0,94.0,4,0.22,446,200,2893.0,50.090625,6.5,1.0,1,0,0,0,0,1,1,1,1,0,1,0,0,10,33.0,100.0
5002,40.42081,-3.69653,2,0.0,2.0,300.0,100.0,1,0.02,141,200,4503.0,68.043894,0.8,1.0,1,0,0,0,0,1,0,1,0,0,1,0,0,9,18.0,200.0
5003,40.39182,-3.64106,1,1.0,1.0,16.0,93.0,3,0.21,147,50,1890.0,41.443535,5.0,1.0,0,0,0,0,1,0,0,0,0,0,1,0,1,7,10.5,50.0
5004,40.43713,-3.68453,4,2.0,4.0,180.0,0.0,92,0.0,397,200,5328.0,74.694253,2.2,2.0,1,0,0,0,0,1,0,1,0,0,1,0,0,7,36.0,200.0
5005,40.39151,-3.64316,2,1.0,2.0,25.0,90.0,3,0.11,216,50,1890.0,41.443535,5.0,1.0,1,0,0,0,1,0,0,0,0,0,0,0,0,7,18.0,50.0
5006,40.41068,-3.69867,5,2.0,3.0,121.0,96.0,1,2.71,393,200,4503.0,68.043894,0.8,2.0,1,0,0,0,0,1,0,1,1,0,1,0,0,5,43.5,150.0
5007,40.40981,-3.70788,2,0.0,1.0,41.0,92.0,4,4.41,387,200,4503.0,68.043894,0.8,1.0,1,0,0,0,0,1,0,1,0,0,1,0,0,6,18.0,50.0
5008,40.44651,-3.7054,1,1.0,1.0,30.0,100.0,1,0.04,165,50,4855.0,64.056634,2.4,1.0,0,0,0,0,0,1,0,0,1,0,1,0,0,5,10.5,50.0
5009,40.41294,-3.69993,4,1.0,2.0,173.0,94.0,62,2.3,438,200,4503.0,68.043894,0.8,1.0,1,0,0,1,0,1,0,1,1,1,1,0,0,5,33.0,200.0
5010,40.41294,-3.69993,6,2.0,3.0,208.0,96.0,62,0.25,438,200,4503.0,68.043894,0.8,1.0,1,0,0,1,0,1,0,1,1,1,1,0,0,5,48.0,200.0
5011,40.41083,-3.69494,4,1.0,1.0,82.0,98.0,1,1.76,433,200,4503.0,68.043894,0.8,1.0,1,0,0,0,0,1,0,1,0,0,1,0,0,8,33.0,100.0
5012,40.37055,-3.71618,2,1.0,1.0,28.0,97.0,2,2.48,179,50,2316.0,43.910072,4.6,1.0,0,0,0,0,0,1,0,1,0,0,0,0,0,5,18.0,50.0
5013,40.44883,-3.70131,2,1.0,1.0,32.0,99.0,1,0.52,369,50,3476.0,60.621287,5.9,1.0,0,0,0,0,0,1,0,0,1,0,0,0,0,5,18.0,50.0
5014,40.41481,-3.70411,2,0.0,2.0,54.0,100.0,1,0.22,248,200,4503.0,68.043894,0.8,1.0,1,0,0,0,0,0,0,1,0,0,0,0,0,5,18.0,100.0
5015,40.44891,-3.67494,8,3.0,4.0,85.0,98.0,1,0.49,308,200,4508.0,67.220486,5.8,2.0,1,0,0,0,0,1,0,0,1,0,0,0,0,6,66.0,100.0
5016,40.4133,-3.69629,4,2.0,3.0,100.0,95.0,1,1.09,377,200,4503.0,68.043894,0.8,1.0,1,0,0,0,0,1,0,0,0,1,1,0,0,6,33.0,100.0
5017,40.40876,-3.70178,2,1.0,1.0,100.0,0.0,1,0.0,76,50,4503.0,68.043894,0.8,1.0,0,0,0,1,0,1,0,0,0,0,0,0,0,8,18.0,100.0
5018,40.41158,-3.71161,2,1.0,1.0,120.0,96.0,2,0.11,387,50,4503.0,68.043894,0.8,1.0,0,0,0,0,0,1,0,0,0,0,0,0,0,7,18.0,150.0
5019,40.40858,-3.73082,4,3.0,3.0,76.0,93.0,1,0.37,662,200,2287.0,47.008319,4.7,2.0,1,0,0,0,0,1,0,0,0,1,1,0,0,7,36.0,100.0
5020,40.444,-3.70258,4,2.0,2.0,109.0,0.0,1,0.04,417,50,4855.0,64.056634,2.4,2.0,1,0,0,0,0,1,0,1,1,1,1,0,0,6,36.0,150.0
5021,40.4252,-3.70536,2,1.0,1.0,50.0,93.0,67,1.43,252,200,4503.0,68.043894,0.8,1.0,1,0,0,0,0,1,0,1,0,0,1,0,0,7,18.0,50.0
5022,40.41603,-3.69716,2,1.0,1.0,85.0,0.0,1,0.0,378,200,4503.0,68.043894,0.8,1.0,1,0,0,0,0,1,0,1,0,0,0,0,0,5,18.0,100.0
5023,40.45276,-3.70324,2,1.0,1.0,59.0,100.0,1,0.02,163,200,3476.0,60.621287,5.9,1.0,1,0,0,0,0,1,0,0,0,0,1,0,0,8,18.0,100.0
5024,40.42263,-3.70071,4,1.0,2.0,177.0,98.0,62,1.05,452,200,4503.0,68.043894,0.8,1.0,1,0,0,1,0,1,0,1,1,1,1,0,0,5,33.0,200.0
5025,40.43146,-3.71872,4,2.0,3.0,73.0,0.0,1,0.0,259,200,3555.0,63.451906,5.9,1.0,1,0,0,0,0,0,0,0,1,0,0,0,0,6,33.0,100.0
5026,40.39462,-3.67225,2,1.0,1.0,20.0,82.0,2,0.3,311,50,1890.0,41.443535,5.0,1.0,1,0,0,0,0,1,0,0,1,0,1,0,0,9,18.0,50.0
5027,40.40769,-3.69884,6,2.0,4.0,60.0,92.0,2,1.33,521,200,4503.0,68.043894,0.8,1.0,1,0,0,0,0,1,0,0,0,0,1,0,0,5,48.0,100.0
5028,40.42035,-3.69825,6,2.0,3.0,575.0,89.0,32,0.17,414,200,4503.0,68.043894,0.8,2.0,1,0,0,0,0,1,0,1,0,0,1,0,0,9,51.0,200.0
5029,40.41263,-3.71821,2,1.0,1.0,30.0,0.0,1,0.02,179,50,3917.0,55.025641,1.9,1.0,0,0,0,0,0,1,0,0,1,0,1,0,0,6,18.0,50.0
5030,40.41599,-3.70833,2,0.0,1.0,50.0,0.0,1,0.0,53,50,4503.0,68.043894,0.8,1.0,0,0,0,0,0,1,0,0,0,0,1,0,0,5,18.0,50.0
5031,40.43759,-3.71496,16,1.0,2.0,45.0,0.0,19,0.0,388,50,4855.0,64.056634,2.4,4.0,0,0,0,0,0,1,0,1,1,0,1,0,0,6,132.0,50.0
5032,40.42057,-3.70013,3,2.0,2.0,115.0,0.0,1,0.0,309,200,4503.0,68.043894,0.8,1.0,1,0,0,0,0,1,0,1,1,0,1,0,1,7,25.5,150.0
5033,40.4357,-3.71685,1,1.0,1.0,35.0,100.0,19,0.06,354,50,4855.0,64.056634,2.4,6.0,1,1,1,1,1,1,1,1,1,1,1,1,1,6,25.5,50.0
5034,40.41098,-3.70204,2,0.0,1.0,100.0,0.0,1,0.0,147,200,4503.0,68.043894,0.8,1.0,1,0,0,0,0,1,0,1,0,0,0,0,0,7,18.0,100.0
5035,40.41294,-3.69993,4,1.0,2.0,177.0,98.0,62,0.25,438,200,4503.0,68.043894,0.8,1.0,1,0,0,1,0,1,0,1,1,1,1,0,0,5,33.0,200.0
5036,40.41294,-3.69993,6,2.0,3.0,193.0,100.0,62,0.28,438,200,4503.0,68.043894,0.8,1.0,1,0,0,1,0,1,0,1,1,1,1,0,0,5,48.0,200.0
5037,40.43559,-3.71495,2,1.0,2.0,49.0,100.0,19,0.04,330,50,4855.0,64.056634,2.4,5.0,0,0,0,0,0,1,0,1,1,1,1,0,0,6,30.0,50.0
5038,40.40693,-3.69868,6,2.0,4.0,60.0,91.0,2,1.61,537,200,4503.0,68.043894,0.8,1.0,1,0,0,0,0,1,0,0,0,0,1,0,0,5,48.0,100.0
5039,40.43364,-3.71321,4,2.0,2.0,179.0,90.0,2,0.04,172,200,4855.0,64.056634,2.4,1.0,1,0,0,0,0,1,0,1,1,0,1,0,0,8,33.0,200.0
5040,40.42282,-3.67618,4,2.0,1.0,200.0,100.0,1,0.11,560,200,5328.0,74.694253,2.2,2.0,1,0,0,0,0,1,0,1,1,0,1,0,0,8,36.0,200.0
5041,40.43688,-3.66706,2,1.0,1.0,95.0,0.0,1,0.0,92,50,5328.0,74.694253,2.2,1.0,0,0,0,0,0,1,0,0,0,0,0,0,0,10,18.0,100.0
5042,40.42418,-3.66514,6,3.0,5.0,108.0,93.0,1,0.9,214,200,5328.0,74.694253,2.2,2.0,1,0,0,0,0,1,0,1,1,0,1,0,0,5,51.0,150.0
5043,40.42175,-3.70481,2,1.0,1.0,75.0,91.0,7,0.6,424,200,4503.0,68.043894,0.8,1.0,1,0,0,0,0,1,0,1,1,0,1,0,0,10,18.0,100.0
5044,40.43892,-3.70603,2,1.0,1.0,53.0,100.0,1,1.14,497,200,4855.0,64.056634,2.4,1.0,1,0,0,0,0,1,0,1,0,0,1,0,0,5,18.0,100.0
5045,40.42789,-3.70392,3,1.0,3.0,1000.0,97.0,1,0.15,326,200,4503.0,68.043894,0.8,1.0,1,0,0,0,0,1,0,1,1,1,1,0,1,5,25.5,200.0
5046,40.43179,-3.71603,2,1.0,1.0,200.0,0.0,1,0.0,95,50,4855.0,64.056634,2.4,1.0,0,0,0,0,0,1,0,1,1,0,0,0,0,5,18.0,200.0
5047,40.40441,-3.69423,2,1.0,1.0,38.0,85.0,1,0.15,408,50,3917.0,55.025641,1.9,1.0,0,0,0,0,0,1,0,1,0,0,1,0,0,5,18.0,50.0
5048,40.38625,-3.72655,1,1.0,1.0,35.0,92.0,2,0.56,272,50,2195.0,47.402837,6.6,1.5,1,1,1,1,1,1,1,1,1,1,1,1,1,5,12.0,50.0
5049,40.41123,-3.71147,3,0.0,2.0,110.0,0.0,1,0.02,191,200,4503.0,68.043894,0.8,1.0,1,0,0,0,0,1,0,1,1,0,1,0,0,6,25.5,150.0
5050,40.40933,-3.71418,1,1.0,1.0,117.0,95.0,1,0.3,352,50,4503.0,68.043894,0.8,1.0,0,0,0,0,0,1,0,1,1,1,0,0,0,7,10.5,150.0
5051,40.42426,-3.69802,5,2.0,2.0,115.0,100.0,2,0.02,121,200,4503.0,68.043894,0.8,1.0,1,0,0,0,0,1,0,0,0,0,1,0,0,7,40.5,150.0
5052,40.42235,-3.70467,2,1.0,1.0,15.0,80.0,1,0.02,126,50,4503.0,68.043894,0.8,1.0,1,0,0,0,0,1,0,0,0,0,1,0,0,5,18.0,50.0
5053,40.44624,-3.64768,3,0.0,1.0,46.0,87.0,1,0.09,103,200,2893.0,50.090625,6.5,1.0,1,0,0,0,0,1,1,0,0,0,0,0,0,10,25.5,50.0
5054,40.40616,-3.75006,2,1.0,1.0,31.0,100.0,1,0.02,195,50,2287.0,47.008319,4.7,1.0,0,0,0,0,0,1,0,0,1,0,0,0,0,6,18.0,50.0
5055,40.42394,-3.70651,4,2.0,2.0,61.0,96.0,1,2.75,626,200,4503.0,68.043894,0.8,1.0,1,0,0,0,0,1,0,1,1,1,1,0,1,7,33.0,100.0
5056,40.42386,-3.70532,1,1.0,1.0,30.0,100.0,9,0.11,594,200,4503.0,68.043894,0.8,1.0,1,0,0,0,0,1,0,1,0,0,1,0,0,10,10.5,50.0
5057,40.42374,-3.67407,6,3.0,4.0,258.0,0.0,92,0.0,437,200,5328.0,74.694253,2.2,2.0,1,0,0,0,0,1,0,1,1,1,1,0,0,7,51.0,200.0
5058,40.42388,-3.7066,3,2.0,2.0,53.0,83.0,9,0.2,653,200,4503.0,68.043894,0.8,1.0,1,0,0,0,0,1,0,1,0,0,1,0,0,10,25.5,100.0
5059,40.42618,-3.70275,4,2.0,1.0,120.0,97.0,5,1.05,244,200,4503.0,68.043894,0.8,2.0,1,0,0,0,0,1,0,1,0,0,1,0,0,10,36.0,150.0
5060,40.38957,-3.72692,3,1.0,3.0,34.0,99.0,1,2.28,373,50,2195.0,47.402837,6.6,1.0,0,0,0,0,0,1,0,1,0,0,1,0,0,5,25.5,50.0
5061,40.43128,-3.71395,4,2.0,4.0,59.0,60.0,3,0.04,123,50,4855.0,64.056634,2.4,1.5,0,0,0,0,0,1,0,0,0,0,1,0,0,6,34.5,100.0
5062,40.40905,-3.69839,4,0.0,3.0,45.0,94.0,1,2.38,296,200,4503.0,68.043894,0.8,1.0,1,0,0,0,0,1,0,1,0,0,1,0,0,5,33.0,50.0
5063,40.41496,-3.70134,2,1.0,1.0,59.0,97.0,3,1.3,385,50,4503.0,68.043894,0.8,1.0,0,0,0,0,0,1,0,1,0,0,1,0,0,5,18.0,100.0
5064,40.41509,-3.69701,4,1.0,2.0,300.0,0.0,1,0.0,136,200,4503.0,68.043894,0.8,1.0,1,0,0,0,0,1,0,1,1,0,0,0,0,5,33.0,200.0
5065,40.4163,-3.70256,2,1.0,2.0,18.0,88.0,18,0.17,268,50,4503.0,68.043894,0.8,3.0,0,0,0,0,0,1,0,1,1,0,1,0,0,7,24.0,50.0
5066,40.41698,-3.70223,2,1.0,2.0,18.0,96.0,18,0.45,341,50,4503.0,68.043894,0.8,4.0,0,0,0,0,0,1,0,0,1,0,1,0,0,7,27.0,50.0
5067,40.42662,-3.70405,3,0.0,2.0,29.0,85.0,5,2.66,437,200,4503.0,68.043894,0.8,1.0,1,0,0,0,0,1,0,1,0,0,1,0,1,5,25.5,50.0
5068,40.40073,-3.70342,1,2.0,2.0,28.0,93.0,1,1.06,426,50,3917.0,55.025641,1.9,1.0,0,0,0,0,0,1,0,1,0,0,1,0,0,6,10.5,50.0
5069,40.41514,-3.70331,2,1.0,2.0,59.0,99.0,3,1.08,382,50,4503.0,68.043894,0.8,1.0,0,0,0,0,0,1,0,1,0,0,1,0,0,5,18.0,100.0
5070,40.41577,-3.70352,2,1.0,2.0,59.0,98.0,3,1.19,331,50,4503.0,68.043894,0.8,1.0,0,0,0,0,0,1,0,1,0,0,1,0,0,5,18.0,100.0
5071,40.40439,-3.70639,2,1.0,2.0,31.0,93.0,1,1.7,300,50,3917.0,55.025641,1.9,1.5,0,0,0,0,0,1,0,1,1,1,1,0,0,5,19.5,50.0
5072,40.43277,-3.66675,2,0.0,1.0,99.0,0.0,1,0.0,154,200,5328.0,74.694253,2.2,1.0,1,0,0,0,0,1,0,0,0,0,0,0,0,6,18.0,100.0
5073,40.41414,-3.69795,1,1.0,1.0,26.0,100.0,1,0.35,299,50,4503.0,68.043894,0.8,1.0,0,1,1,1,1,1,0,0,0,0,1,0,0,5,10.5,50.0
5074,40.42517,-3.69855,3,1.0,2.0,23.0,97.0,1,0.43,389,50,4503.0,68.043894,0.8,1.0,0,0,0,0,0,1,0,0,0,0,1,0,0,6,25.5,50.0
5075,40.4269,-3.70831,2,1.0,1.0,115.0,0.0,1,0.0,91,200,4503.0,68.043894,0.8,1.0,1,0,0,0,0,1,0,0,0,0,0,0,0,9,18.0,150.0
5076,40.44629,-3.6741,2,1.0,2.0,40.0,100.0,1,0.02,170,50,4508.0,67.220486,5.8,1.0,0,0,0,0,0,1,0,0,0,0,1,0,0,6,18.0,50.0
5077,40.40615,-3.67272,1,1.0,1.0,110.0,0.0,1,0.0,161,50,4220.0,63.672727,3.2,1.0,1,0,0,0,0,1,1,1,1,0,1,0,0,5,10.5,150.0
5078,40.42549,-3.70488,2,1.0,1.0,55.0,98.0,9,0.22,428,200,4503.0,68.043894,0.8,1.0,1,0,0,0,0,1,0,1,0,0,1,0,0,10,18.0,100.0
5079,40.41769,-3.70341,3,1.0,3.0,51.0,95.0,8,1.05,507,50,4503.0,68.043894,0.8,1.0,1,0,0,0,0,1,0,1,0,0,1,0,0,6,25.5,100.0
5080,40.4179,-3.70402,4,2.0,2.0,75.0,87.0,4,3.05,308,200,4503.0,68.043894,0.8,2.0,1,0,0,0,0,1,0,1,0,0,1,0,0,7,36.0,100.0
5081,40.41853,-3.71193,10,4.0,6.0,290.0,93.0,3,2.01,359,200,4503.0,68.043894,0.8,3.5,1,1,1,1,1,1,0,0,0,0,1,0,0,7,85.5,200.0
5082,40.41769,-3.70341,2,1.0,1.0,51.0,90.0,8,1.36,536,50,4503.0,68.043894,0.8,1.0,1,0,0,0,0,1,0,1,0,0,1,0,0,6,18.0,100.0
5083,40.41769,-3.70341,5,1.0,4.0,51.0,91.0,8,0.8,536,50,4503.0,68.043894,0.8,1.0,1,0,0,0,0,1,0,1,0,0,1,0,0,6,40.5,100.0
5084,40.42341,-3.67441,4,2.0,2.0,73.0,80.0,1,0.35,140,200,5328.0,74.694253,2.2,1.0,1,0,0,0,0,1,0,0,1,0,0,0,0,7,33.0,100.0
5085,40.44671,-3.67283,2,1.0,2.0,50.0,0.0,92,0.0,407,200,4508.0,67.220486,5.8,1.0,1,0,0,0,0,1,0,1,0,0,1,0,1,7,18.0,50.0
5086,40.38586,-3.67422,1,1.0,1.0,13.0,0.0,1,0.0,200,50,1890.0,41.443535,5.0,1.0,0,0,0,0,0,1,0,0,1,0,1,0,0,7,10.5,50.0
5087,40.41187,-3.71098,10,4.0,4.0,173.0,98.0,3,1.08,495,200,4503.0,68.043894,0.8,2.0,1,0,0,0,0,1,0,1,0,1,1,0,1,6,81.0,200.0
5088,40.41909,-3.70838,8,4.0,6.0,404.0,98.0,2,1.82,720,200,4503.0,68.043894,0.8,3.0,1,0,0,0,0,1,0,1,1,1,1,0,1,5,69.0,200.0
5089,40.39756,-3.62657,4,2.0,2.0,50.0,100.0,1,0.02,198,50,2246.0,55.472222,11.2,2.0,0,0,0,0,0,1,0,1,0,0,0,0,0,5,36.0,50.0
5090,40.40922,-3.69625,2,1.0,1.0,150.0,0.0,1,0.0,142,200,4503.0,68.043894,0.8,1.0,1,0,0,0,0,0,0,1,0,0,1,0,0,5,18.0,150.0
5091,40.41117,-3.70164,4,2.0,2.0,250.0,0.0,1,0.0,73,200,4503.0,68.043894,0.8,1.0,1,0,0,0,0,0,0,0,0,0,0,0,0,7,33.0,200.0
5092,40.40772,-3.70454,4,1.0,3.0,72.0,0.0,1,0.0,253,200,4503.0,68.043894,0.8,1.0,1,0,0,0,0,1,0,1,0,0,1,0,0,5,33.0,100.0
5093,40.41702,-3.7104,2,1.0,1.0,100.0,100.0,1,0.02,117,50,4503.0,68.043894,0.8,1.0,0,0,0,0,0,1,0,0,0,0,0,0,0,7,18.0,100.0
5094,40.40929,-3.70107,2,1.0,1.0,80.0,0.0,1,0.0,95,200,4503.0,68.043894,0.8,1.0,1,0,0,0,0,1,0,0,0,0,1,0,0,5,18.0,100.0
5095,40.39406,-3.66583,3,1.0,3.0,46.0,94.0,2,1.61,611,200,1890.0,41.443535,5.0,1.5,1,0,0,0,0,1,0,1,1,1,1,0,1,5,27.0,50.0
5096,40.42004,-3.68754,1,1.0,1.0,30.0,100.0,1,0.04,207,50,4220.0,63.672727,3.2,2.5,1,0,0,0,0,1,0,0,1,0,1,0,0,10,15.0,50.0
5097,40.4269,-3.70774,3,1.0,2.0,56.0,95.0,1,1.89,406,200,4503.0,68.043894,0.8,1.0,1,0,0,0,0,1,0,0,0,0,1,0,0,7,25.5,100.0
5098,40.45644,-3.69184,6,4.0,4.0,348.0,97.0,1,2.05,404,200,3476.0,60.621287,5.9,2.5,1,0,0,0,0,1,0,1,0,0,1,0,0,5,52.5,200.0
5099,40.43337,-3.71687,1,1.0,1.0,27.0,90.0,19,0.13,344,50,4855.0,64.056634,2.4,8.0,0,0,0,0,0,1,0,1,1,1,1,0,0,6,31.5,50.0
5100,40.43144,-3.65138,3,2.0,2.0,150.0,0.0,1,0.02,496,50,2893.0,50.090625,6.5,1.0,0,0,0,0,0,1,0,1,0,1,1,0,0,5,25.5,150.0
5101,40.42217,-3.70059,2,1.0,1.0,38.0,90.0,2,3.36,308,200,4503.0,68.043894,0.8,1.0,1,0,0,0,0,1,0,0,0,0,0,0,0,5,18.0,50.0
5102,40.40775,-3.69858,6,2.0,3.0,86.0,97.0,1,0.26,150,200,4503.0,68.043894,0.8,1.0,1,0,0,0,0,1,0,1,1,0,1,0,0,6,48.0,100.0
5103,40.45977,-3.64875,2,1.0,1.0,32.0,100.0,1,0.06,156,200,3312.0,62.061453,9.2,1.0,1,1,1,1,1,0,0,1,1,0,1,0,0,7,18.0,50.0
5104,40.42308,-3.67911,5,3.0,3.0,310.0,0.0,1,0.0,103,200,5328.0,74.694253,2.2,2.0,1,0,0,0,0,1,0,1,1,0,0,0,0,5,43.5,200.0
5105,40.39502,-3.62435,1,1.0,1.0,10.0,0.0,1,0.0,157,50,2246.0,55.472222,11.2,1.0,1,0,0,0,0,1,0,0,1,0,1,0,0,5,10.5,50.0
5106,40.42224,-3.70695,3,1.0,1.0,159.0,0.0,1,0.0,195,200,4503.0,68.043894,0.8,1.0,1,0,0,0,0,1,0,1,1,0,1,0,0,5,25.5,200.0
5107,40.41315,-3.70639,1,1.0,1.0,18.0,100.0,31,0.06,217,50,4503.0,68.043894,0.8,1.0,0,0,0,0,0,1,0,0,1,0,1,0,0,5,10.5,50.0
5108,40.43419,-3.70382,1,1.0,1.0,30.0,100.0,3,0.14,235,50,4855.0,64.056634,2.4,1.0,0,0,0,0,0,1,0,0,1,0,1,0,0,8,10.5,50.0
5109,40.45031,-3.70437,5,3.0,3.0,62.0,93.0,1,2.41,457,200,3476.0,60.621287,5.9,2.0,1,0,0,0,0,1,0,1,0,1,1,0,0,5,43.5,100.0
5110,40.40889,-3.70114,2,1.0,1.0,50.0,100.0,2,0.18,232,200,4503.0,68.043894,0.8,1.0,1,0,0,0,0,1,0,0,1,1,0,0,0,8,18.0,50.0
5112,40.42297,-3.71712,3,2.0,3.0,63.0,100.0,1,0.02,304,200,3555.0,63.451906,5.9,1.0,1,0,0,0,0,0,0,0,1,0,1,0,0,7,25.5,100.0
5113,40.43215,-3.68384,1,1.0,1.0,60.0,99.0,1,0.65,296,50,5328.0,74.694253,2.2,1.0,1,0,0,0,0,1,0,1,1,0,0,0,0,7,10.5,100.0
5114,40.41067,-3.69754,2,1.0,1.0,40.0,84.0,5,0.28,131,200,4503.0,68.043894,0.8,1.0,1,0,0,0,0,1,0,0,0,0,0,0,0,0,18.0,50.0
5115,40.41479,-3.7018,6,2.0,3.0,128.0,93.0,1,2.37,350,200,4503.0,68.043894,0.8,2.0,1,0,0,0,0,1,0,1,1,0,1,0,0,5,51.0,150.0
5116,40.43711,-3.67699,6,2.0,5.0,60.0,96.0,5,0.58,195,200,5328.0,74.694253,2.2,2.0,1,0,0,1,0,1,0,1,1,0,0,0,0,0,51.0,100.0
5117,40.43686,-3.67841,2,1.0,2.0,40.0,70.0,5,0.14,163,200,5328.0,74.694253,2.2,1.0,1,0,0,0,0,1,0,1,1,0,0,0,0,0,18.0,50.0
5118,40.40842,-3.69611,4,2.0,3.0,40.0,60.0,5,0.25,151,200,4503.0,68.043894,0.8,1.0,1,0,0,0,0,1,0,1,0,0,0,0,0,0,33.0,50.0
5119,40.41665,-3.62453,3,1.0,2.0,30.0,100.0,1,0.06,162,50,2893.0,50.090625,6.5,1.0,1,0,0,0,0,1,0,0,1,0,0,0,0,9,25.5,50.0
5120,40.41578,-3.70062,2,1.0,1.0,30.0,97.0,8,1.09,504,50,4503.0,68.043894,0.8,2.0,0,0,0,0,0,1,0,0,1,1,0,0,0,8,21.0,50.0
5121,40.41219,-3.70914,2,0.0,1.0,60.0,93.0,1,0.06,167,200,4503.0,68.043894,0.8,1.0,1,0,0,0,0,1,0,1,1,0,0,0,0,6,18.0,100.0
5122,40.4353,-3.67899,3,2.0,2.0,100.0,0.0,1,0.02,192,200,5328.0,74.694253,2.2,1.0,1,0,0,0,0,1,0,1,1,0,1,0,0,7,25.5,100.0
5123,40.38063,-3.65257,2,0.0,2.0,10.0,0.0,1,0.02,27,50,1890.0,41.443535,5.0,1.0,0,0,0,0,0,0,0,0,0,0,0,0,0,8,18.0,50.0
5124,40.42932,-3.67738,1,1.0,1.0,40.0,0.0,3,0.0,112,50,5328.0,74.694253,2.2,1.0,0,0,0,0,0,1,0,0,0,0,1,0,0,6,10.5,50.0
5125,40.38979,-3.76404,1,1.0,1.0,18.0,98.0,1,0.24,134,50,2287.0,47.008319,4.7,1.0,0,0,0,0,0,1,0,0,0,0,1,0,0,5,10.5,50.0
5126,40.42308,-3.69819,2,0.0,1.0,80.0,0.0,1,0.02,153,200,4503.0,68.043894,0.8,1.0,1,0,0,0,0,1,0,0,0,0,1,0,0,10,18.0,100.0
5127,40.48377,-3.68778,4,2.0,3.0,63.0,98.0,2,3.31,621,200,3545.0,57.198083,16.4,1.0,1,0,0,1,0,1,0,1,0,1,1,0,0,7,33.0,100.0
5128,40.42886,-3.71093,2,1.0,1.0,55.0,93.0,1,0.13,55,50,4503.0,68.043894,0.8,1.0,1,0,0,0,0,0,0,0,1,0,0,0,0,9,18.0,100.0
5129,40.44169,-3.67745,2,1.0,2.0,26.0,95.0,1,0.11,155,50,4508.0,67.220486,5.8,1.0,0,0,0,1,0,1,0,1,1,0,1,0,0,6,18.0,50.0
5130,40.42432,-3.70432,2,0.0,1.0,55.0,100.0,1,0.22,249,200,4503.0,68.043894,0.8,1.0,1,0,0,0,0,1,0,1,0,0,1,0,0,9,18.0,100.0
5131,40.41462,-3.6996,2,0.0,1.0,50.0,0.0,1,0.0,124,200,4503.0,68.043894,0.8,1.0,1,0,0,0,0,0,0,0,0,0,1,0,0,5,18.0,50.0
5132,40.42181,-3.71091,4,1.0,2.0,100.0,95.0,14,0.78,595,200,4503.0,68.043894,0.8,1.0,1,0,0,0,0,1,0,1,1,0,1,0,0,10,33.0,100.0
5133,40.43509,-3.6487,4,1.0,1.0,70.0,84.0,1,1.2,569,200,2893.0,50.090625,6.5,1.5,1,0,0,0,0,1,0,0,1,0,1,0,0,7,34.5,100.0
5134,40.43585,-3.70104,6,2.0,4.0,106.0,95.0,1,0.11,262,200,4855.0,64.056634,2.4,1.0,1,0,0,0,0,1,0,1,0,0,1,0,0,7,48.0,150.0
5135,40.39847,-3.66756,1,1.0,1.0,25.0,96.0,2,0.29,324,50,1890.0,41.443535,5.0,1.5,0,0,0,0,0,1,0,0,1,0,1,0,0,8,12.0,50.0
5136,40.40398,-3.69314,2,1.0,2.0,200.0,0.0,1,0.0,114,50,3917.0,55.025641,1.9,1.0,0,0,0,0,0,1,0,0,1,0,1,0,0,5,18.0,200.0
5137,40.3965,-3.69524,2,1.0,1.0,90.0,96.0,1,0.19,44,50,3917.0,55.025641,1.9,1.0,0,0,0,1,0,1,0,0,0,0,0,0,0,9,18.0,100.0
5138,40.41237,-3.70328,2,1.0,2.0,54.0,99.0,1,2.75,465,200,4503.0,68.043894,0.8,1.0,1,0,0,0,0,1,0,1,1,1,1,0,0,5,18.0,100.0
5139,40.41057,-3.69955,4,0.0,2.0,43.0,89.0,18,1.04,287,200,4503.0,68.043894,0.8,1.0,1,0,0,1,0,1,0,1,0,1,1,0,0,9,33.0,50.0
5140,40.41203,-3.70251,4,1.0,1.0,92.0,100.0,2,0.03,601,200,4503.0,68.043894,0.8,1.5,1,0,0,0,0,1,0,1,0,0,1,0,0,5,34.5,100.0
5141,40.40749,-3.70361,4,1.0,2.0,59.0,92.0,66,4.61,398,200,4503.0,68.043894,0.8,1.0,1,0,0,0,0,1,0,0,1,0,1,0,0,6,33.0,100.0
5142,40.42127,-3.70082,2,0.0,1.0,36.0,93.0,4,3.89,466,200,4503.0,68.043894,0.8,1.5,1,0,0,0,0,1,0,0,1,0,1,0,0,5,19.5,50.0
5143,40.41728,-3.7068,4,1.0,2.0,53.0,89.0,66,4.31,436,200,4503.0,68.043894,0.8,1.0,1,0,0,0,0,1,0,1,1,0,1,0,0,6,33.0,100.0
5144,40.42427,-3.7045,6,2.0,3.0,127.0,99.0,3,2.19,334,200,4503.0,68.043894,0.8,2.0,1,0,0,0,0,1,0,1,1,0,0,0,0,10,51.0,150.0
5145,40.41023,-3.70021,4,0.0,2.0,43.0,90.0,1,0.04,417,200,4503.0,68.043894,0.8,1.0,1,0,0,0,0,1,0,1,1,0,1,0,0,5,33.0,50.0
5146,40.40676,-3.70325,4,1.0,2.0,103.0,100.0,1,0.06,172,200,4503.0,68.043894,0.8,1.0,1,0,0,0,0,1,0,0,1,0,1,0,0,10,33.0,150.0
5147,40.40586,-3.69444,2,1.0,2.0,28.0,0.0,2,0.0,126,50,3917.0,55.025641,1.9,1.0,0,0,0,0,0,1,0,0,0,0,1,0,0,7,18.0,50.0
5148,40.3941,-3.76986,2,1.0,1.0,28.0,87.0,2,0.06,160,50,2287.0,47.008319,4.7,1.0,1,0,0,0,0,1,0,0,1,0,1,0,0,6,18.0,50.0
5149,40.40872,-3.71397,3,1.0,2.0,84.0,99.0,1,4.19,622,200,4503.0,68.043894,0.8,1.0,1,0,0,0,0,1,0,1,0,0,1,0,0,10,25.5,100.0
5150,40.45763,-3.71002,6,2.0,4.0,250.0,0.0,1,0.0,102,200,3476.0,60.621287,5.9,1.0,1,0,0,0,0,1,0,0,0,0,1,0,0,5,48.0,200.0
5151,40.38976,-3.71389,2,1.0,1.0,28.0,99.0,1,2.54,396,50,2195.0,47.402837,6.6,1.0,0,0,0,0,0,1,0,0,0,0,1,0,0,5,18.0,50.0
5152,40.43335,-3.66498,2,1.0,1.0,55.0,95.0,1,2.2,420,50,5328.0,74.694253,2.2,1.0,1,0,0,0,0,1,0,1,1,0,1,0,0,5,18.0,100.0
5154,40.39466,-3.71986,1,1.0,1.0,33.0,96.0,2,0.47,230,50,2195.0,47.402837,6.6,1.0,0,0,0,0,0,1,0,0,0,0,1,0,0,8,10.5,50.0
5156,40.40189,-3.67909,2,1.0,1.0,40.0,91.0,3,0.41,406,50,4220.0,63.672727,3.2,1.0,0,0,0,0,0,1,0,1,1,0,1,0,0,8,18.0,50.0
5157,40.4151,-3.71071,2,2.0,1.0,130.0,0.0,1,0.0,224,200,4503.0,68.043894,0.8,1.0,1,0,0,0,0,0,0,1,1,0,0,0,0,5,18.0,150.0
5158,40.47938,-3.71562,2,1.0,1.0,52.0,98.0,1,0.95,280,200,3545.0,57.198083,16.4,1.0,1,0,0,0,0,1,0,0,0,0,1,0,0,5,18.0,100.0
5159,40.40612,-3.69915,2,1.0,1.0,120.0,0.0,1,0.0,178,200,4503.0,68.043894,0.8,1.0,1,0,0,0,0,1,0,0,0,0,1,0,0,10,18.0,150.0
5160,40.41287,-3.71935,2,1.0,1.0,100.0,0.0,1,0.0,140,50,3917.0,55.025641,1.9,1.0,1,0,0,0,0,0,0,0,1,0,1,0,0,7,18.0,100.0
5161,40.3969,-3.69253,2,2.0,2.0,50.0,0.0,1,0.0,148,50,3917.0,55.025641,1.9,1.0,0,0,0,0,0,1,0,1,1,0,1,0,0,7,18.0,50.0
5162,40.43231,-3.70415,5,2.0,3.0,99.0,99.0,4,3.31,681,200,4855.0,64.056634,2.4,2.0,1,0,0,0,0,1,0,1,0,0,1,0,0,10,43.5,100.0
5163,40.41838,-3.70494,2,1.0,1.0,46.0,90.0,3,1.96,214,200,4503.0,68.043894,0.8,1.0,1,0,0,0,0,1,0,1,1,0,0,0,0,7,18.0,50.0
5164,40.4251,-3.69542,3,1.0,2.0,390.0,0.0,1,0.0,209,200,4503.0,68.043894,0.8,1.0,1,0,0,0,1,1,0,1,1,0,1,0,0,7,25.5,200.0
5165,40.41059,-3.70599,2,2.0,2.0,50.0,0.0,1,0.0,109,50,4503.0,68.043894,0.8,1.0,0,0,0,0,0,1,0,0,0,0,0,0,0,8,18.0,50.0
5166,40.39199,-3.69531,4,0.0,3.0,69.0,99.0,1,1.76,355,200,3917.0,55.025641,1.9,1.0,1,0,0,0,0,0,0,1,1,0,0,0,0,5,33.0,100.0
5167,40.42676,-3.70939,2,1.0,1.0,59.0,100.0,1,0.02,117,50,4503.0,68.043894,0.8,1.5,0,0,0,0,0,1,0,0,1,0,1,0,0,6,19.5,100.0
5168,40.41149,-3.70925,3,1.0,1.0,350.0,0.0,1,0.0,185,200,4503.0,68.043894,0.8,1.0,1,0,0,0,0,1,0,1,1,0,1,0,0,5,25.5,200.0
5169,40.40853,-3.70043,5,2.0,3.0,100.0,97.0,1,2.26,434,200,4503.0,68.043894,0.8,1.0,1,0,0,0,0,1,0,0,0,1,1,0,0,5,40.5,100.0
5170,40.42487,-3.6809,4,2.0,4.0,207.0,0.0,92,0.0,407,200,5328.0,74.694253,2.2,2.0,1,0,0,0,0,1,0,1,1,0,0,0,0,7,36.0,200.0
5171,40.42215,-3.70768,2,1.0,1.0,52.0,91.0,20,7.07,218,200,4503.0,68.043894,0.8,1.0,1,0,0,0,0,1,0,1,0,0,0,0,0,8,18.0,100.0
5172,40.41565,-3.70419,6,2.0,3.0,70.0,89.0,66,5.58,436,200,4503.0,68.043894,0.8,2.0,1,0,0,0,0,1,0,1,1,0,1,0,0,6,51.0,100.0
5173,40.41769,-3.70631,6,2.0,3.0,71.0,89.0,66,5.12,450,200,4503.0,68.043894,0.8,2.0,1,0,0,0,0,1,0,1,1,0,1,0,0,6,51.0,100.0
5174,40.40261,-3.72399,4,1.0,2.0,50.0,100.0,1,0.09,207,200,2195.0,47.402837,6.6,1.0,1,0,0,0,0,1,0,0,1,0,1,0,0,8,33.0,50.0
5175,40.42871,-3.7005,5,3.0,3.0,1200.0,0.0,1,0.0,137,50,4855.0,64.056634,2.4,1.0,1,0,0,0,0,1,0,1,1,0,1,0,0,9,40.5,200.0
5176,40.40748,-3.70179,4,2.0,2.0,735.0,0.0,1,0.0,225,200,4503.0,68.043894,0.8,1.0,1,0,0,0,0,1,0,1,0,0,0,0,0,7,33.0,200.0
5177,40.42218,-3.70563,4,1.0,1.0,83.0,98.0,3,3.39,515,200,4503.0,68.043894,0.8,1.5,1,0,0,0,0,1,0,1,0,1,1,0,0,5,34.5,100.0
5178,40.42294,-3.69619,4,2.0,3.0,35.0,100.0,1,0.02,545,200,4503.0,68.043894,0.8,2.0,1,0,0,0,0,1,0,1,1,0,1,0,0,8,36.0,50.0
5179,40.35754,-3.69877,4,2.0,3.0,250.0,0.0,1,0.0,127,200,1696.0,37.641618,9.0,1.0,1,0,0,0,0,1,0,1,0,0,1,0,0,5,33.0,200.0
5180,40.41047,-3.6988,2,1.0,1.0,35.0,100.0,1,0.02,114,50,4503.0,68.043894,0.8,1.0,0,0,0,0,0,1,0,0,0,0,0,0,0,6,18.0,50.0
5181,40.41493,-3.70616,6,2.0,3.0,69.0,90.0,66,5.85,450,200,4503.0,68.043894,0.8,2.0,1,0,0,0,0,1,0,1,1,0,1,0,0,6,51.0,100.0
5182,40.41845,-3.70594,4,1.0,2.0,53.0,91.0,66,4.73,447,200,4503.0,68.043894,0.8,1.0,1,0,0,0,0,1,0,1,1,0,1,0,0,6,33.0,100.0
5183,40.40673,-3.70115,2,1.0,1.0,85.0,60.0,1,0.02,198,50,4503.0,68.043894,0.8,1.5,0,0,0,0,0,1,0,0,1,0,1,0,0,9,19.5,100.0
5184,40.43987,-3.69864,2,1.0,1.0,100.0,0.0,1,0.0,122,50,4855.0,64.056634,2.4,2.0,1,0,0,0,0,1,0,1,1,0,0,0,0,0,21.0,100.0
5185,40.41488,-3.70643,6,2.0,3.0,124.0,93.0,66,5.61,528,200,4503.0,68.043894,0.8,2.5,1,0,0,0,0,1,0,1,1,1,1,0,0,6,52.5,150.0
5186,40.42895,-3.70098,6,3.0,3.0,200.0,94.0,4,0.56,449,200,4855.0,64.056634,2.4,3.0,1,0,0,0,0,1,0,1,1,0,1,0,0,7,54.0,200.0
5187,40.41108,-3.69423,4,1.0,2.0,65.0,94.0,3,2.7,420,200,4503.0,68.043894,0.8,1.0,1,0,0,0,0,1,0,1,0,1,1,0,0,7,33.0,100.0
5188,40.42356,-3.70246,3,0.0,4.0,51.0,93.0,3,7.1,442,200,4503.0,68.043894,0.8,1.0,1,0,0,0,0,1,0,1,0,0,0,0,0,7,25.5,100.0
5189,40.41941,-3.70102,6,3.0,4.0,54.0,82.0,38,4.35,320,200,4503.0,68.043894,0.8,2.0,1,0,0,0,0,1,0,1,1,0,0,0,0,9,51.0,100.0
5190,40.41375,-3.70835,2,1.0,1.0,51.0,96.0,2,2.43,308,50,4503.0,68.043894,0.8,1.5,1,0,0,0,0,1,0,0,0,1,1,0,0,6,19.5,100.0
5191,40.41122,-3.7195,4,2.0,3.0,95.0,85.0,1,2.14,561,200,3917.0,55.025641,1.9,1.0,1,0,0,0,1,1,0,1,1,0,1,0,0,5,33.0,100.0
5192,40.42127,-3.70118,2,0.0,1.0,40.0,100.0,1,0.07,124,200,4503.0,68.043894,0.8,1.0,1,0,0,0,0,1,0,0,1,0,0,0,0,6,18.0,50.0
5193,40.42127,-3.70376,1,1.0,1.0,35.0,0.0,1,0.0,338,50,4503.0,68.043894,0.8,1.0,0,0,0,0,0,1,0,1,1,1,1,0,0,6,10.5,50.0
5194,40.41674,-3.70843,4,1.0,2.0,80.0,100.0,1,0.03,161,200,4503.0,68.043894,0.8,1.0,1,0,0,0,0,1,0,1,1,0,1,0,0,5,33.0,100.0
5195,40.40921,-3.73078,2,1.0,1.0,22.0,0.0,1,0.0,179,50,2287.0,47.008319,4.7,1.0,0,0,0,0,0,1,0,1,0,0,0,0,0,8,18.0,50.0
5196,40.4277,-3.70901,1,1.0,1.0,50.0,100.0,1,0.02,111,50,4503.0,68.043894,0.8,1.0,0,0,0,0,0,1,0,0,0,0,1,0,0,5,10.5,50.0
5197,40.43036,-3.62729,2,1.0,1.0,30.0,0.0,1,0.0,182,50,2477.0,70.967532,7.3,1.0,0,0,0,0,0,0,0,0,0,0,0,0,0,9,18.0,50.0
5198,40.42216,-3.6966,1,1.0,1.0,50.0,0.0,1,0.0,94,50,4503.0,68.043894,0.8,1.0,0,0,0,0,0,1,0,0,0,0,1,0,0,5,10.5,50.0
5199,40.41796,-3.70696,8,2.0,5.0,130.0,94.0,14,2.58,527,200,4503.0,68.043894,0.8,1.0,1,0,0,0,0,1,0,1,1,1,1,0,1,8,63.0,150.0
5200,40.42368,-3.70278,3,1.0,1.0,80.0,80.0,1,0.02,48,200,4503.0,68.043894,0.8,1.0,1,0,0,0,0,0,0,0,0,0,0,0,0,6,25.5,100.0
5201,40.44242,-3.71329,4,2.0,2.0,50.0,0.0,1,0.02,216,50,4855.0,64.056634,2.4,2.0,1,0,0,0,0,1,0,1,1,0,1,0,0,6,36.0,50.0
5202,40.41119,-3.71143,2,1.0,1.0,87.0,0.0,1,0.0,403,200,4503.0,68.043894,0.8,1.0,1,0,0,0,0,1,0,1,0,0,1,0,0,5,18.0,100.0
5203,40.42226,-3.69958,3,0.0,2.0,75.0,91.0,4,2.17,381,200,4503.0,68.043894,0.8,1.0,1,0,0,0,0,1,0,1,1,1,1,0,0,5,25.5,100.0
5204,40.42806,-3.70816,2,1.0,1.0,100.0,0.0,1,0.0,107,200,4503.0,68.043894,0.8,1.0,1,0,0,0,0,0,0,0,0,0,0,0,0,5,18.0,100.0
5205,40.4155,-3.70656,6,2.0,3.0,70.0,88.0,66,5.13,450,200,4503.0,68.043894,0.8,2.0,1,0,0,0,0,1,0,1,1,0,1,0,0,6,51.0,100.0
5206,40.42458,-3.70077,2,2.0,1.0,300.0,0.0,1,0.0,102,50,4503.0,68.043894,0.8,1.0,0,0,0,0,0,1,0,1,0,0,0,0,0,5,18.0,200.0
5207,40.40092,-3.6996,2,1.0,2.0,66.0,100.0,1,0.06,290,50,3917.0,55.025641,1.9,1.0,0,0,0,0,0,1,0,1,1,0,1,0,0,5,18.0,100.0
5208,40.42224,-3.69601,4,2.0,3.0,150.0,100.0,1,0.27,325,200,4503.0,68.043894,0.8,2.0,1,0,0,0,0,1,0,0,1,0,1,0,0,5,36.0,150.0
5209,40.36569,-3.7158,2,1.0,1.0,125.0,93.0,1,0.08,529,50,2316.0,43.910072,4.6,1.0,1,0,0,0,0,1,1,1,1,0,1,0,1,6,18.0,150.0
5210,40.41243,-3.70225,1,1.0,1.0,45.0,80.0,7,0.15,471,200,4503.0,68.043894,0.8,1.0,1,0,0,0,0,1,0,1,0,0,0,0,0,9,10.5,50.0
5211,40.42961,-3.70626,2,1.0,1.0,104.0,99.0,1,1.93,366,200,4503.0,68.043894,0.8,1.0,1,0,0,0,0,1,0,0,0,1,0,0,0,7,18.0,150.0
5212,40.40961,-3.61003,1,1.0,1.0,20.0,98.0,2,0.63,284,50,2246.0,55.472222,11.2,1.0,0,0,0,0,0,1,0,0,0,0,0,0,0,8,10.5,50.0
5213,40.41075,-3.69804,2,1.0,1.0,46.0,90.0,1,2.89,355,200,4503.0,68.043894,0.8,1.0,1,0,0,0,0,1,0,1,0,0,0,0,0,5,18.0,50.0
5214,40.40747,-3.70547,1,1.0,1.0,250.0,0.0,1,0.0,72,50,4503.0,68.043894,0.8,1.0,0,0,0,0,0,1,0,0,0,0,0,0,0,5,10.5,200.0
5215,40.42426,-3.66422,2,1.0,2.0,25.0,0.0,1,0.0,55,50,5328.0,74.694253,2.2,1.0,0,0,0,0,0,1,0,0,1,0,0,0,0,5,18.0,50.0
5216,40.41668,-3.67659,2,1.0,2.0,23.0,98.0,1,1.11,401,50,4220.0,63.672727,3.2,1.0,0,0,0,0,0,1,0,0,1,0,1,0,0,0,18.0,50.0
5217,40.4446,-3.70156,2,1.0,1.0,53.0,100.0,3,0.09,271,50,4855.0,64.056634,2.4,2.0,0,0,0,1,0,1,0,1,1,0,1,0,0,10,21.0,100.0
5218,40.40188,-3.70176,2,1.0,1.0,30.0,90.0,1,0.04,170,200,3917.0,55.025641,1.9,1.0,1,0,0,0,0,1,0,1,1,0,1,0,0,9,18.0,50.0
5219,40.41489,-3.70234,2,1.0,1.0,60.0,100.0,1,0.02,199,50,4503.0,68.043894,0.8,1.0,0,0,0,0,0,1,0,0,0,0,0,0,0,0,18.0,100.0
5220,40.40328,-3.7417,1,1.0,1.0,17.0,97.0,2,0.28,372,50,2287.0,47.008319,4.7,1.5,0,0,0,0,0,1,0,0,0,1,1,0,0,6,12.0,50.0
5221,40.4243,-3.66302,6,1.0,3.0,69.0,0.0,2,0.0,184,200,5328.0,74.694253,2.2,1.0,1,0,0,0,0,1,0,1,1,0,1,0,0,7,48.0,100.0
5222,40.43534,-3.67272,2,1.0,1.0,79.0,80.0,1,0.04,133,200,5328.0,74.694253,2.2,1.0,1,0,0,0,0,0,0,1,1,0,0,0,0,5,18.0,100.0
5223,40.42432,-3.70986,2,1.0,1.0,63.0,0.0,1,0.02,101,200,4503.0,68.043894,0.8,1.0,1,1,1,1,1,0,0,1,1,0,0,0,0,5,18.0,100.0
5224,40.41585,-3.70961,4,1.0,2.0,89.0,98.0,6,1.14,694,200,4503.0,68.043894,0.8,1.0,1,0,0,0,0,1,0,1,1,1,1,1,0,10,33.0,100.0
5225,40.38828,-3.69961,2,0.0,1.0,53.0,98.0,1,1.53,471,200,2316.0,43.910072,4.6,1.0,1,0,0,0,0,1,0,1,1,0,1,0,0,7,18.0,100.0
5226,40.40802,-3.70218,5,2.0,3.0,61.0,88.0,66,6.31,406,200,4503.0,68.043894,0.8,1.0,1,0,0,0,0,1,0,0,1,0,1,0,0,6,40.5,100.0
5227,40.41675,-3.71033,2,1.0,1.0,23.0,0.0,1,0.0,108,50,4503.0,68.043894,0.8,1.0,0,0,0,0,0,1,0,0,0,0,1,0,0,8,18.0,50.0
5228,40.39113,-3.65648,2,1.0,1.0,14.0,89.0,2,3.71,244,50,1890.0,41.443535,5.0,1.0,0,0,0,0,0,1,0,0,0,0,0,0,0,5,18.0,50.0
5229,40.4074,-3.69967,6,2.0,2.0,200.0,100.0,1,0.02,103,200,4503.0,68.043894,0.8,1.0,1,0,0,0,0,1,0,0,0,0,0,0,0,5,48.0,200.0
5230,40.45153,-3.70055,2,1.0,1.0,150.0,0.0,1,0.0,113,50,3476.0,60.621287,5.9,1.0,1,0,0,0,0,1,0,0,1,0,0,0,0,6,18.0,150.0
5231,40.41352,-3.73117,2,1.0,1.0,32.0,100.0,1,0.19,184,50,2287.0,47.008319,4.7,1.0,0,0,0,0,0,1,0,0,0,0,1,0,0,7,18.0,50.0
5232,40.42089,-3.70277,4,1.0,3.0,90.0,60.0,1,0.02,216,200,4503.0,68.043894,0.8,1.0,1,0,0,0,0,1,0,0,0,0,1,0,0,5,33.0,100.0
5233,40.40748,-3.70363,6,3.0,3.0,60.0,87.0,66,5.85,412,200,4503.0,68.043894,0.8,1.0,1,0,0,0,0,1,0,0,1,0,1,0,0,6,48.0,100.0
5234,40.42193,-3.69712,5,4.0,5.0,180.0,100.0,2,0.07,295,200,4503.0,68.043894,0.8,1.5,1,0,0,0,0,0,0,0,0,0,1,0,0,9,42.0,200.0
5235,40.40879,-3.70492,3,0.0,1.0,40.0,94.0,20,4.94,467,200,4503.0,68.043894,0.8,1.0,1,0,0,0,0,1,0,1,0,0,1,0,0,9,25.5,50.0
5237,40.43615,-3.68749,4,1.0,2.0,80.0,90.0,1,0.41,131,200,5328.0,74.694253,2.2,1.5,1,0,0,0,0,1,0,0,1,0,1,0,0,5,34.5,100.0
5238,40.42116,-3.69603,2,1.0,1.0,44.0,99.0,1,0.96,356,50,4503.0,68.043894,0.8,1.0,1,0,0,0,0,1,0,1,1,0,0,0,0,5,18.0,50.0
5239,40.45212,-3.69983,2,1.0,1.0,18.0,0.0,1,0.0,186,50,3476.0,60.621287,5.9,1.0,0,0,0,0,0,1,0,1,1,0,1,0,0,6,18.0,50.0
5240,40.42431,-3.69884,1,1.0,1.0,25.0,99.0,1,1.07,126,50,4503.0,68.043894,0.8,1.0,0,0,0,0,0,1,0,1,1,0,1,0,0,7,10.5,50.0
5241,40.40066,-3.69975,2,1.0,2.0,75.0,100.0,1,0.06,498,50,3917.0,55.025641,1.9,1.0,1,0,0,0,1,1,0,0,1,1,1,0,0,9,18.0,100.0
5242,40.42187,-3.71262,2,1.0,2.0,38.0,100.0,1,0.1,278,50,4503.0,68.043894,0.8,2.0,0,0,0,0,0,1,0,0,1,0,0,0,0,5,21.0,50.0
5243,40.41239,-3.69441,2,2.0,2.0,39.0,95.0,1,1.91,169,200,4503.0,68.043894,0.8,1.0,1,0,0,0,0,1,0,1,1,0,1,0,0,10,18.0,50.0
5244,40.43787,-3.66896,3,1.0,2.0,55.0,89.0,1,0.47,144,200,5328.0,74.694253,2.2,1.0,1,0,0,0,0,1,0,1,1,0,0,0,0,5,25.5,100.0
5245,40.42407,-3.70481,3,1.0,1.0,195.0,0.0,1,0.0,167,200,4503.0,68.043894,0.8,1.0,1,0,0,0,0,1,0,1,1,0,1,0,0,5,25.5,200.0
5246,40.42556,-3.71284,4,1.0,2.0,48.0,92.0,1,1.44,470,200,3555.0,63.451906,5.9,1.0,1,0,0,0,0,1,0,1,1,0,1,0,0,5,33.0,50.0
5247,40.42412,-3.70783,2,1.0,1.0,129.0,0.0,1,0.0,142,200,4503.0,68.043894,0.8,1.0,1,0,0,0,0,1,0,1,1,0,1,0,0,5,18.0,150.0
5248,40.40816,-3.68799,2,1.0,2.0,56.0,94.0,1,1.78,321,50,4220.0,63.672727,3.2,1.0,1,0,0,0,0,1,0,0,1,0,1,0,0,5,18.0,100.0
5249,40.42131,-3.70479,2,1.0,1.0,100.0,0.0,1,0.0,195,50,4503.0,68.043894,0.8,1.0,0,0,0,0,0,1,0,1,1,0,1,0,0,7,18.0,100.0
5250,40.40076,-3.71161,2,1.0,1.0,250.0,0.0,1,0.0,55,50,3917.0,55.025641,1.9,1.0,0,0,0,0,0,1,0,0,1,0,0,0,0,0,18.0,200.0
5251,40.43058,-3.70511,4,2.0,3.0,500.0,0.0,2,0.0,123,200,4855.0,64.056634,2.4,2.0,1,0,0,0,0,1,0,1,0,0,0,0,0,0,36.0,200.0
5252,40.41629,-3.70712,6,2.0,3.0,91.0,99.0,4,5.24,722,200,4503.0,68.043894,0.8,2.0,1,0,0,0,0,1,0,1,1,0,1,0,1,5,51.0,100.0
5253,40.41493,-3.71143,2,1.0,1.0,80.0,97.0,1,0.14,121,200,4503.0,68.043894,0.8,1.0,1,0,0,0,0,1,0,0,0,0,1,0,0,7,18.0,100.0
5254,40.42429,-3.70553,2,1.0,1.0,250.0,0.0,1,0.0,180,200,4503.0,68.043894,0.8,1.0,1,0,0,0,0,1,0,0,1,0,0,0,0,6,18.0,200.0
5255,40.40926,-3.67833,2,1.0,2.0,51.0,96.0,1,0.75,407,50,4220.0,63.672727,3.2,2.0,1,0,0,0,0,1,0,1,1,0,0,0,0,5,21.0,100.0
5256,40.42522,-3.62014,1,1.0,1.0,16.0,92.0,4,0.8,401,50,2477.0,70.967532,7.3,1.0,0,0,0,0,0,1,0,0,0,1,1,0,0,7,10.5,50.0
5257,40.42362,-3.70572,2,1.0,1.0,25.0,100.0,1,0.02,175,50,4503.0,68.043894,0.8,1.0,1,0,0,0,0,1,0,1,0,0,0,0,0,0,18.0,50.0
5258,40.38467,-3.74116,1,2.0,2.0,50.0,0.0,1,0.0,105,200,2195.0,47.402837,6.6,1.0,1,0,0,0,0,1,0,0,0,0,0,0,0,5,10.5,50.0
5259,40.40233,-3.66595,4,2.0,2.0,47.0,80.0,4,2.53,256,200,1890.0,41.443535,5.0,1.5,1,0,0,0,0,1,0,0,0,0,0,0,0,6,34.5,50.0
5260,40.40385,-3.70296,2,1.0,1.0,125.0,0.0,1,0.0,126,200,3917.0,55.025641,1.9,1.0,1,0,0,0,0,1,0,1,1,0,1,0,0,9,18.0,150.0
5261,40.42783,-3.73306,2,1.0,1.0,489.0,100.0,1,0.14,90,50,3555.0,63.451906,5.9,1.0,1,0,0,0,0,0,0,0,0,0,0,0,0,5,18.0,200.0
5262,40.40863,-3.70366,4,2.0,2.0,48.0,0.0,1,0.0,122,200,4503.0,68.043894,0.8,1.0,1,0,0,0,0,1,0,0,0,0,1,0,0,5,33.0,50.0
5263,40.36851,-3.69182,2,1.0,1.0,33.0,95.0,1,1.37,275,50,2316.0,43.910072,4.6,1.0,0,0,0,0,0,1,0,0,0,0,0,0,0,5,18.0,50.0
5264,40.37984,-3.70376,2,1.0,1.0,15.0,0.0,1,0.0,142,50,2316.0,43.910072,4.6,1.0,0,0,0,0,0,0,0,0,0,0,1,0,0,7,18.0,50.0
5265,40.40713,-3.70611,2,1.0,1.0,100.0,0.0,1,0.0,147,50,4503.0,68.043894,0.8,1.0,1,0,0,0,0,1,0,1,1,0,0,0,0,5,18.0,100.0
5266,40.43442,-3.71475,1,1.0,1.0,31.0,90.0,6,0.04,296,50,4855.0,64.056634,2.4,4.0,0,0,0,0,0,1,0,1,1,0,1,0,0,5,19.5,50.0
5267,40.46739,-3.69353,4,1.0,2.0,55.0,96.0,1,0.26,194,200,3476.0,60.621287,5.9,1.5,1,0,0,0,0,0,0,0,0,0,1,0,0,5,34.5,100.0
5268,40.42397,-3.69819,2,1.0,1.0,250.0,0.0,1,0.0,49,200,4503.0,68.043894,0.8,1.0,1,0,0,0,0,1,0,0,0,0,0,0,0,5,18.0,200.0
5269,40.40889,-3.70525,2,1.0,1.0,23.0,93.0,1,6.93,256,50,4503.0,68.043894,0.8,1.0,0,0,0,0,0,1,0,1,0,0,1,0,0,5,18.0,50.0
5270,40.44705,-3.70687,3,1.0,1.0,47.0,88.0,1,0.22,319,200,3476.0,60.621287,5.9,1.0,1,0,0,0,0,1,0,0,1,1,0,0,0,6,25.5,50.0
5271,40.40531,-3.67401,4,1.0,3.0,120.0,0.0,1,0.02,325,200,4220.0,63.672727,3.2,2.0,1,0,0,0,0,1,0,1,1,0,1,0,0,5,36.0,150.0
5272,40.42211,-3.71123,2,1.0,1.0,75.0,93.0,1,0.16,301,200,4503.0,68.043894,0.8,1.0,1,0,0,0,0,1,0,0,0,0,0,0,0,5,18.0,100.0
5273,40.40567,-3.70329,4,0.0,2.0,100.0,0.0,1,0.0,84,200,4503.0,68.043894,0.8,1.0,1,0,0,0,0,1,0,0,0,0,0,0,0,5,33.0,100.0
5274,40.48561,-3.69459,3,1.0,2.0,48.0,95.0,1,0.59,374,50,3545.0,57.198083,16.4,1.0,0,0,0,0,0,1,1,1,1,0,1,0,1,5,25.5,50.0
5275,40.41975,-3.66843,2,1.0,1.0,30.0,80.0,2,0.03,212,50,4220.0,63.672727,3.2,1.0,0,0,0,0,0,1,0,1,0,0,1,0,0,8,18.0,50.0
5276,40.38972,-3.67024,4,2.0,2.0,70.0,0.0,1,0.0,244,200,1890.0,41.443535,5.0,2.0,1,0,0,0,0,1,0,1,1,0,1,0,0,5,36.0,100.0
5277,40.42574,-3.65096,3,2.0,2.0,99.0,0.0,1,0.0,73,200,2893.0,50.090625,6.5,1.0,1,0,0,0,0,0,0,0,0,0,0,0,0,5,25.5,100.0
5278,40.41323,-3.70956,4,2.0,2.0,125.0,96.0,2,0.37,363,200,4503.0,68.043894,0.8,1.0,1,0,0,0,0,1,0,1,0,0,0,0,0,7,33.0,150.0
5279,40.43957,-3.70071,3,1.0,1.0,60.0,93.0,1,0.09,169,200,4855.0,64.056634,2.4,1.0,1,0,0,0,0,1,0,0,1,0,0,0,0,6,25.5,100.0
5280,40.42603,-3.70493,1,1.0,1.0,50.0,90.0,9,0.06,430,200,4503.0,68.043894,0.8,1.0,1,0,0,0,0,1,0,1,0,0,1,0,0,10,10.5,50.0
5281,40.41407,-3.70191,2,1.0,1.0,33.0,96.0,8,1.5,524,50,4503.0,68.043894,0.8,2.0,0,0,0,0,0,1,0,1,1,0,0,0,0,8,21.0,50.0
5282,40.36315,-3.70633,1,1.0,1.0,72.0,0.0,1,0.0,122,50,1696.0,37.641618,9.0,2.0,1,0,0,0,0,1,0,0,1,0,0,0,0,5,13.5,100.0
5283,40.42024,-3.66511,1,0.0,1.0,35.0,0.0,1,0.0,211,50,4220.0,63.672727,3.2,1.0,0,0,0,0,0,1,1,0,1,0,1,0,0,6,10.5,50.0
5284,40.40908,-3.70262,2,0.0,1.0,35.0,0.0,1,0.0,110,200,4503.0,68.043894,0.8,1.0,1,0,0,0,0,1,0,0,1,0,0,0,0,5,18.0,50.0
5285,40.42639,-3.66832,1,1.0,1.0,25.0,90.0,1,0.07,178,50,5328.0,74.694253,2.2,1.0,0,0,0,0,0,1,0,0,0,0,1,0,0,5,10.5,50.0
5286,40.44068,-3.6798,8,3.0,5.0,156.0,98.0,4,0.82,429,200,4508.0,67.220486,5.8,2.0,1,0,0,0,0,1,0,1,1,0,0,0,0,10,66.0,200.0
5287,40.43615,-3.67625,2,1.0,1.0,70.0,0.0,1,0.0,161,200,5328.0,74.694253,2.2,1.0,1,0,0,1,0,1,0,1,1,0,1,0,0,6,18.0,100.0
5288,40.3942,-3.74188,2,1.0,1.0,100.0,0.0,1,0.04,25,50,2287.0,47.008319,4.7,1.0,0,0,0,0,0,1,0,0,0,0,0,0,0,5,18.0,100.0
5289,40.42583,-3.70253,2,1.0,1.0,250.0,0.0,1,0.0,367,200,4503.0,68.043894,0.8,1.0,1,0,0,0,0,1,0,1,1,0,1,0,0,5,18.0,200.0
5290,40.40356,-3.70184,2,1.0,1.0,100.0,100.0,1,0.02,172,50,3917.0,55.025641,1.9,2.0,0,0,0,0,0,1,0,0,1,0,1,0,0,5,21.0,100.0
5291,40.42336,-3.70107,2,0.0,2.0,46.0,89.0,2,0.63,294,200,4503.0,68.043894,0.8,1.0,1,0,0,0,0,1,0,1,1,0,0,0,0,5,18.0,50.0
5292,40.41162,-3.70606,4,1.0,2.0,45.0,94.0,1,0.7,158,200,4503.0,68.043894,0.8,1.0,1,0,0,0,0,1,0,0,0,0,0,0,0,5,33.0,50.0
5293,40.43928,-3.64588,2,1.0,1.0,27.0,94.0,1,0.26,375,50,2893.0,50.090625,6.5,1.0,0,0,0,0,0,1,0,1,0,1,0,0,0,5,18.0,50.0
5294,40.40353,-3.69133,4,2.0,2.0,175.0,0.0,1,0.0,96,50,3917.0,55.025641,1.9,1.0,0,0,0,0,0,1,1,0,1,0,0,0,0,6,33.0,200.0
5295,40.4133,-3.70794,2,1.0,1.0,27.0,89.0,6,0.15,144,50,4503.0,68.043894,0.8,1.0,0,0,0,0,0,1,0,0,0,0,0,0,0,7,18.0,50.0
5296,40.40782,-3.7225,2,1.0,1.0,45.0,100.0,1,0.09,254,50,2287.0,47.008319,4.7,2.0,1,0,0,0,0,1,0,1,1,0,0,0,0,6,21.0,50.0
5297,40.45289,-3.71003,2,1.0,1.0,60.0,92.0,1,3.14,464,200,3476.0,60.621287,5.9,1.0,1,1,1,1,1,1,1,1,1,1,1,1,1,10,18.0,100.0
5298,40.41155,-3.69491,4,2.0,3.0,150.0,97.0,1,1.03,181,200,4503.0,68.043894,0.8,2.0,1,0,0,0,0,1,0,1,1,0,0,0,0,5,36.0,150.0
5299,40.39709,-3.69889,4,2.0,2.0,70.0,97.0,1,2.11,390,200,3917.0,55.025641,1.9,2.0,1,0,0,0,0,1,0,1,1,0,1,0,0,6,36.0,100.0
5300,40.42085,-3.71452,2,1.0,1.0,35.0,90.0,1,0.1,206,50,4503.0,68.043894,0.8,1.0,0,0,0,0,0,1,0,0,0,0,0,0,0,8,18.0,50.0
5301,40.40152,-3.69111,2,1.0,1.0,30.0,0.0,1,0.0,123,50,3917.0,55.025641,1.9,1.0,0,0,0,0,0,1,0,1,0,0,0,0,0,9,18.0,50.0
5302,40.42497,-3.70393,2,1.0,1.0,80.0,0.0,1,0.0,108,200,4503.0,68.043894,0.8,1.0,1,0,0,0,1,1,0,1,0,0,0,0,0,9,18.0,100.0
5303,40.39257,-3.75989,1,1.0,1.0,30.0,0.0,1,0.0,203,50,2287.0,47.008319,4.7,1.0,0,0,0,0,0,1,0,0,1,0,1,0,0,6,10.5,50.0
5304,40.39993,-3.70654,2,1.0,1.0,35.0,87.0,3,0.06,396,50,3917.0,55.025641,1.9,1.0,0,0,0,0,0,1,0,1,0,0,1,0,0,7,18.0,50.0
5305,40.42386,-3.6771,6,3.0,4.0,150.0,100.0,62,0.21,459,200,5328.0,74.694253,2.2,3.0,1,0,0,1,0,1,0,1,1,1,1,0,0,5,54.0,150.0
5306,40.40155,-3.68904,4,2.0,3.0,71.0,100.0,1,0.07,286,200,3917.0,55.025641,1.9,1.0,1,0,0,0,0,1,0,0,0,0,1,0,0,5,33.0,100.0
5307,40.42412,-3.70976,4,1.0,1.0,120.0,100.0,72,0.02,293,200,4503.0,68.043894,0.8,1.0,1,0,0,0,0,1,0,1,1,0,1,0,0,6,33.0,150.0
5308,40.47054,-3.67725,2,1.0,2.0,49.0,95.0,1,0.97,504,50,4508.0,67.220486,5.8,1.5,1,0,0,0,0,1,1,0,1,1,1,0,0,0,19.5,50.0
5309,40.42409,-3.70971,4,1.0,1.0,125.0,100.0,72,0.2,329,200,4503.0,68.043894,0.8,1.0,1,0,0,0,0,1,0,1,1,1,1,0,0,6,33.0,150.0
5310,40.42935,-3.67923,3,1.0,1.0,24.0,90.0,15,0.17,383,50,5328.0,74.694253,2.2,2.0,0,0,0,0,0,1,0,1,1,0,1,0,0,6,28.5,50.0
5311,40.40443,-3.68186,5,2.0,3.0,59.0,100.0,1,0.2,654,200,4220.0,63.672727,3.2,1.0,1,0,0,0,0,1,0,0,1,1,1,0,0,6,40.5,100.0
5312,40.40998,-3.70057,3,2.0,2.0,200.0,0.0,1,0.0,154,200,4503.0,68.043894,0.8,1.0,1,0,0,0,0,1,0,1,0,0,1,0,0,9,25.5,200.0
5313,40.40307,-3.67605,2,1.0,1.0,80.0,0.0,1,0.0,148,200,4220.0,63.672727,3.2,1.0,1,0,0,1,0,1,0,1,1,0,0,0,0,7,18.0,100.0
5314,40.47793,-3.73535,3,1.0,2.0,39.0,99.0,1,1.65,490,50,3545.0,57.198083,16.4,1.5,1,0,0,0,0,1,0,1,0,0,1,0,0,5,27.0,50.0
5315,40.41895,-3.69889,2,0.0,1.0,115.0,100.0,1,0.02,213,200,4503.0,68.043894,0.8,1.0,1,0,0,0,0,1,0,1,1,0,1,0,0,8,18.0,150.0
5316,40.46952,-3.69447,1,1.0,1.0,23.0,97.0,2,0.63,260,50,3476.0,60.621287,5.9,2.0,0,0,0,0,0,1,0,0,0,0,1,0,0,6,13.5,50.0
5317,40.39099,-3.64491,1,1.0,1.0,12.0,80.0,1,1.28,180,50,1890.0,41.443535,5.0,1.0,0,0,0,0,0,1,0,0,0,0,0,0,0,5,10.5,50.0
5318,40.41002,-3.7298,5,2.0,2.0,150.0,0.0,1,0.0,180,200,2287.0,47.008319,4.7,2.0,1,0,0,0,0,1,0,1,0,0,1,0,0,9,43.5,150.0
5319,40.46677,-3.64018,4,0.0,2.0,110.0,100.0,1,0.04,148,200,3312.0,62.061453,9.2,0.0,1,0,0,0,0,0,0,1,0,0,0,0,0,5,30.0,150.0
5320,40.45169,-3.70251,5,3.0,4.0,120.0,100.0,1,0.05,463,200,3476.0,60.621287,5.9,2.0,1,0,0,0,0,1,0,1,1,0,1,0,0,8,43.5,150.0
5322,40.40827,-3.7295,4,2.0,3.0,80.0,100.0,1,0.02,282,200,2287.0,47.008319,4.7,1.0,1,0,0,0,0,1,0,1,1,1,0,0,0,5,33.0,100.0
5323,40.42545,-3.71037,2,1.0,1.0,54.0,99.0,1,0.74,416,50,4503.0,68.043894,0.8,1.5,0,0,0,0,0,1,0,0,1,1,0,0,0,7,19.5,100.0
5324,40.37779,-3.74213,1,1.0,2.0,19.0,93.0,1,1.48,446,50,2195.0,47.402837,6.6,1.5,0,0,0,0,0,1,0,0,0,0,1,0,0,5,12.0,50.0
5325,40.41559,-3.7077,2,1.0,2.0,80.0,0.0,1,0.0,149,50,4503.0,68.043894,0.8,2.0,0,0,0,0,0,1,0,0,1,0,1,0,0,5,21.0,100.0
5326,40.42968,-3.70303,4,1.0,2.0,800.0,0.0,1,0.0,173,200,4855.0,64.056634,2.4,1.0,1,0,0,0,0,0,0,1,1,0,1,0,0,5,33.0,200.0
5327,40.40845,-3.70071,2,1.0,1.0,350.0,0.0,1,0.0,169,200,4503.0,68.043894,0.8,1.0,1,0,0,0,0,1,0,1,0,0,1,0,0,6,18.0,200.0
5328,40.41878,-3.70843,2,0.0,1.0,39.0,0.0,2,0.0,127,200,4503.0,68.043894,0.8,1.0,1,0,0,0,0,1,0,0,1,0,1,0,0,5,18.0,50.0
5329,40.45594,-3.69787,3,3.0,3.0,30.0,0.0,1,0.0,61,200,3476.0,60.621287,5.9,1.0,1,0,0,0,0,0,0,0,1,0,0,0,0,5,25.5,50.0
5330,40.40888,-3.70735,4,1.0,2.0,30.0,94.0,1,0.35,246,200,4503.0,68.043894,0.8,1.0,1,0,0,0,0,1,0,1,0,0,1,0,0,5,33.0,50.0
5331,40.40558,-3.68246,6,3.0,5.0,96.0,99.0,2,2.74,405,200,4220.0,63.672727,3.2,2.0,1,0,0,0,0,1,0,1,1,0,1,0,0,6,51.0,100.0
5332,40.41158,-3.7067,8,4.0,5.0,164.0,93.0,59,2.52,483,200,4503.0,68.043894,0.8,3.0,1,0,0,0,0,1,0,1,0,0,1,0,0,7,69.0,200.0
5333,40.37281,-3.69641,2,1.0,2.0,37.0,91.0,1,0.34,320,50,2316.0,43.910072,4.6,1.0,0,0,0,0,0,1,1,0,1,0,1,0,0,5,18.0,50.0
5334,40.47627,-3.70376,2,1.0,1.0,22.0,96.0,1,0.59,71,50,3545.0,57.198083,16.4,1.0,0,0,0,0,0,1,0,0,0,0,0,0,0,5,18.0,50.0
5335,40.41366,-3.70542,8,3.0,4.0,135.0,90.0,59,3.66,432,200,4503.0,68.043894,0.8,2.5,1,0,0,0,0,1,0,1,0,1,0,0,0,7,67.5,150.0
5336,40.39531,-3.69651,2,1.0,1.0,100.0,0.0,1,0.0,91,50,3917.0,55.025641,1.9,1.0,0,0,0,0,0,0,0,0,1,0,0,0,0,5,18.0,100.0
5337,40.41425,-3.70635,2,0.0,1.0,39.0,0.0,2,0.0,104,200,4503.0,68.043894,0.8,1.0,1,0,0,0,0,1,0,0,1,0,0,0,0,5,18.0,50.0
5338,40.47481,-3.71279,2,1.0,2.0,45.0,89.0,1,1.17,225,50,3545.0,57.198083,16.4,1.5,0,0,0,0,0,1,0,0,0,0,0,0,0,5,19.5,50.0
5339,40.42172,-3.69914,3,1.0,2.0,150.0,0.0,1,0.02,59,200,4503.0,68.043894,0.8,1.0,1,0,0,0,0,1,0,1,0,0,0,0,0,6,25.5,150.0
5340,40.4275,-3.67523,2,1.0,1.0,81.0,0.0,1,0.0,99,50,5328.0,74.694253,2.2,1.0,1,0,0,0,0,1,0,0,0,0,1,0,0,7,18.0,100.0
5341,40.42917,-3.67644,2,1.0,1.0,30.0,90.0,1,0.04,98,50,5328.0,74.694253,2.2,1.0,0,0,0,0,0,1,0,0,1,0,1,0,0,5,18.0,50.0
5342,40.41334,-3.70601,12,5.0,8.0,162.0,94.0,59,3.05,469,200,4503.0,68.043894,0.8,3.0,1,0,0,0,0,1,0,1,0,0,1,0,0,7,99.0,200.0
5343,40.41175,-3.69867,4,2.0,2.0,63.0,98.0,1,0.2,172,200,4503.0,68.043894,0.8,1.0,1,0,0,0,0,1,0,1,1,0,1,0,0,9,33.0,100.0
5344,40.42677,-3.71321,1,1.0,1.0,25.0,0.0,1,0.0,176,50,4503.0,68.043894,0.8,1.0,1,0,0,0,0,1,0,0,1,0,1,0,0,8,10.5,50.0
5345,40.38791,-3.69245,1,1.0,1.0,60.0,0.0,1,0.0,84,50,3917.0,55.025641,1.9,1.0,0,0,0,0,0,1,0,0,0,0,0,0,0,5,10.5,100.0
5346,40.39839,-3.70499,2,1.0,1.0,25.0,91.0,3,0.39,280,50,3917.0,55.025641,1.9,1.0,0,0,0,0,0,1,0,1,1,0,1,0,0,7,18.0,50.0
5347,40.4197,-3.69894,2,1.0,1.0,160.0,0.0,1,0.0,129,50,4503.0,68.043894,0.8,1.0,0,0,0,0,0,1,0,0,1,0,1,0,0,9,18.0,200.0
5348,40.42888,-3.70942,4,2.0,2.0,200.0,0.0,1,0.0,66,200,4503.0,68.043894,0.8,1.0,1,0,0,0,0,1,0,0,0,0,0,0,0,7,33.0,200.0
5349,40.42625,-3.70763,2,1.0,1.0,100.0,0.0,1,0.0,114,200,4503.0,68.043894,0.8,2.0,1,0,0,0,0,0,0,1,1,0,0,0,0,5,21.0,100.0
5350,40.41564,-3.7123,1,1.0,1.0,24.0,97.0,4,2.28,359,50,4503.0,68.043894,0.8,1.0,0,0,0,0,0,1,0,0,1,0,1,0,0,9,10.5,50.0
5351,40.43278,-3.70472,4,2.0,2.0,80.0,0.0,1,0.0,236,50,4855.0,64.056634,2.4,1.5,1,0,0,0,0,1,0,0,1,1,0,0,0,5,34.5,100.0
5352,40.42442,-3.69689,1,1.0,1.0,150.0,0.0,1,0.0,39,50,4503.0,68.043894,0.8,1.0,0,0,0,0,0,0,0,0,0,0,0,0,0,5,10.5,150.0
5353,40.42138,-3.70022,4,1.0,2.0,66.0,93.0,3,5.69,528,200,4503.0,68.043894,0.8,1.0,1,0,0,0,0,1,0,1,1,1,1,0,0,5,33.0,100.0
5354,40.42629,-3.63757,1,1.0,1.0,19.0,99.0,1,0.5,291,50,2893.0,50.090625,6.5,1.0,0,0,0,0,0,1,0,0,0,0,1,0,0,5,10.5,50.0
5356,40.41334,-3.70403,2,1.0,1.0,60.0,100.0,1,0.02,178,200,4503.0,68.043894,0.8,1.0,1,0,0,0,0,1,0,1,1,0,1,0,0,5,18.0,100.0
5357,40.41924,-3.67678,10,4.0,8.0,180.0,98.0,1,2.7,585,200,4220.0,63.672727,3.2,3.0,1,0,0,0,0,1,0,1,1,0,1,0,0,5,84.0,200.0
5358,40.42688,-3.68284,6,3.0,6.0,179.0,0.0,1,0.0,179,200,5328.0,74.694253,2.2,3.0,1,0,0,0,0,1,0,0,1,0,1,0,0,5,54.0,200.0
5359,40.40333,-3.68987,3,1.0,1.0,65.0,94.0,1,1.31,471,200,3917.0,55.025641,1.9,1.0,1,0,0,0,0,1,0,1,1,1,1,0,0,8,25.5,100.0
5360,40.45609,-3.70708,2,1.0,1.0,30.0,100.0,1,0.07,102,200,3476.0,60.621287,5.9,1.0,1,0,0,0,0,0,0,0,1,0,0,0,0,6,18.0,50.0
5361,40.40501,-3.7033,6,3.0,5.0,62.0,88.0,66,5.01,398,200,3917.0,55.025641,1.9,1.5,1,0,0,0,0,1,0,0,1,0,1,0,0,6,49.5,100.0
5362,40.41135,-3.69621,1,1.0,1.0,26.0,0.0,1,0.0,173,50,4503.0,68.043894,0.8,1.0,0,0,0,0,0,1,0,0,1,0,1,0,0,7,10.5,50.0
5363,40.42035,-3.69587,2,1.0,1.0,100.0,0.0,1,0.0,99,50,4503.0,68.043894,0.8,1.0,0,0,0,0,0,1,0,1,0,0,0,0,0,8,18.0,100.0
5364,40.422,-3.70086,6,2.0,3.0,171.0,89.0,3,0.83,408,200,4503.0,68.043894,0.8,2.0,1,0,0,0,0,1,0,1,1,1,1,0,0,10,51.0,200.0
5365,40.42503,-3.61835,1,1.0,1.0,15.0,92.0,4,0.48,365,50,2477.0,70.967532,7.3,1.0,0,0,0,0,0,1,0,0,0,0,1,0,0,7,10.5,50.0
5366,40.42241,-3.61846,2,1.0,1.0,16.0,89.0,4,0.71,334,50,2477.0,70.967532,7.3,1.0,0,0,0,0,0,1,0,0,0,0,1,0,0,7,18.0,50.0
5367,40.42448,-3.70169,4,1.0,2.0,175.0,100.0,62,0.18,400,200,4503.0,68.043894,0.8,1.0,1,0,0,1,0,1,0,1,1,1,1,0,0,5,33.0,200.0
5368,40.42461,-3.70236,2,1.0,1.0,100.0,0.0,1,0.0,104,50,4503.0,68.043894,0.8,1.0,0,0,0,0,0,1,0,0,0,0,0,0,0,5,18.0,100.0
5369,40.41873,-3.71262,8,3.0,7.0,101.0,93.0,59,3.87,449,200,4503.0,68.043894,0.8,2.0,1,0,0,0,0,1,0,1,1,0,0,0,0,7,66.0,150.0
5370,40.44369,-3.70202,1,1.0,1.0,20.0,100.0,31,0.06,257,50,4855.0,64.056634,2.4,2.0,0,0,0,0,0,1,0,0,1,0,1,0,0,5,13.5,50.0
5371,40.43886,-3.70804,2,1.0,1.0,79.0,0.0,1,0.0,51,200,4855.0,64.056634,2.4,1.0,1,0,0,0,0,1,0,0,0,0,0,0,0,0,18.0,100.0
5372,40.41847,-3.71228,2,1.0,1.0,66.0,90.0,4,2.02,227,200,4503.0,68.043894,0.8,1.0,1,0,0,0,0,1,0,1,0,0,1,0,0,10,18.0,100.0
5373,40.45613,-3.69604,6,1.0,3.0,100.0,0.0,2,0.0,27,200,3476.0,60.621287,5.9,1.0,1,0,0,0,0,0,0,0,0,0,0,0,0,6,48.0,100.0
5374,40.41182,-3.70048,4,1.0,2.0,110.0,0.0,2,0.0,534,200,4503.0,68.043894,0.8,1.0,1,0,0,0,0,1,0,1,0,0,1,0,0,5,33.0,150.0
5375,40.45656,-3.6965,2,1.0,1.0,60.0,0.0,2,0.0,27,50,3476.0,60.621287,5.9,1.0,1,0,0,0,0,0,0,0,0,0,0,0,0,6,18.0,100.0
5376,40.43469,-3.70617,1,1.0,1.0,24.0,90.0,5,2.17,409,50,4855.0,64.056634,2.4,1.0,0,0,0,0,0,1,0,1,0,0,1,0,0,7,10.5,50.0
5377,40.39414,-3.67196,2,1.0,1.0,20.0,80.0,2,0.13,228,50,1890.0,41.443535,5.0,1.0,0,0,0,0,0,1,0,0,1,0,1,0,0,9,18.0,50.0
5378,40.40836,-3.70377,1,3.0,1.0,33.0,85.0,3,0.22,310,50,4503.0,68.043894,0.8,1.0,0,0,0,0,0,1,0,0,1,1,1,0,0,6,10.5,50.0
5379,40.40395,-3.70229,2,1.0,2.0,20.0,96.0,4,0.51,380,50,3917.0,55.025641,1.9,1.5,0,0,0,0,0,1,0,0,1,0,1,0,0,10,19.5,50.0
5380,40.39693,-3.69466,1,2.0,2.0,70.0,0.0,1,0.0,139,50,3917.0,55.025641,1.9,2.0,1,0,0,0,0,1,0,0,1,0,1,0,0,5,13.5,100.0
5381,40.41263,-3.70407,4,1.0,2.0,55.0,97.0,1,3.01,478,200,4503.0,68.043894,0.8,1.0,1,0,0,0,0,1,0,1,1,0,1,0,0,5,33.0,100.0
5382,40.4554,-3.67745,4,2.0,2.0,109.0,100.0,2,0.16,351,200,4508.0,67.220486,5.8,2.0,1,0,0,0,0,1,0,1,0,0,1,0,0,8,36.0,150.0
5383,40.41686,-3.67738,2,0.0,2.0,70.0,93.0,1,0.7,460,200,4220.0,63.672727,3.2,1.0,1,0,0,0,0,0,0,1,1,0,1,0,0,8,18.0,100.0
5384,40.41735,-3.70805,4,1.0,2.0,155.0,96.0,62,0.37,452,200,4503.0,68.043894,0.8,1.0,1,0,0,1,0,1,0,1,1,1,1,0,0,5,33.0,200.0
5385,40.42527,-3.71154,3,1.0,2.0,60.0,98.0,3,0.52,457,200,4503.0,68.043894,0.8,1.0,1,0,0,0,0,1,0,1,1,0,0,0,0,5,25.5,100.0
5386,40.40637,-3.69057,2,1.0,1.0,43.0,60.0,3,0.03,107,50,3917.0,55.025641,1.9,1.5,0,0,0,0,0,1,0,0,0,0,1,0,0,7,19.5,50.0
5387,40.41577,-3.71153,8,3.0,5.0,105.0,93.0,7,3.64,456,200,4503.0,68.043894,0.8,1.5,1,0,0,1,0,1,0,1,0,0,1,0,0,5,64.5,150.0
5388,40.41123,-3.7022,6,2.0,3.0,100.0,92.0,1,1.17,463,200,4503.0,68.043894,0.8,1.0,1,0,0,0,0,1,0,0,0,0,1,0,0,8,48.0,100.0
5389,40.47878,-3.70258,2,2.0,2.0,40.0,0.0,1,0.05,108,50,3545.0,57.198083,16.4,2.0,1,0,0,0,0,1,0,0,1,0,1,0,0,5,21.0,50.0
5390,40.4105,-3.67229,2,1.0,1.0,60.0,94.0,1,3.21,460,200,4220.0,63.672727,3.2,1.0,1,0,0,0,0,1,0,1,0,0,1,0,0,8,18.0,100.0
5391,40.501,-3.70511,4,2.0,3.0,50.0,90.0,1,0.16,245,200,3545.0,57.198083,16.4,2.0,1,0,0,0,0,1,0,1,1,0,1,0,0,5,36.0,50.0
5392,40.43427,-3.71235,1,1.0,1.0,40.0,0.0,6,0.0,198,50,4855.0,64.056634,2.4,1.0,0,0,0,0,0,1,0,1,1,0,1,0,0,5,10.5,50.0
5393,40.48669,-3.69252,4,2.0,2.0,85.0,0.0,1,0.0,94,200,3545.0,57.198083,16.4,1.0,1,0,0,0,0,0,0,1,1,0,0,0,0,6,33.0,100.0
5394,40.43531,-3.64259,3,2.0,2.0,40.0,85.0,3,1.51,305,200,2893.0,50.090625,6.5,1.0,1,0,0,0,0,1,0,1,0,1,1,0,0,5,25.5,50.0
5395,40.43112,-3.7361,2,1.0,1.0,27.0,100.0,1,0.07,153,200,3555.0,63.451906,5.9,1.0,1,0,0,0,0,1,0,0,0,0,1,0,0,9,18.0,50.0
5396,40.42351,-3.71305,2,1.0,1.0,40.0,80.0,1,0.18,223,50,3555.0,63.451906,5.9,1.0,0,0,0,0,0,1,0,0,1,0,1,0,0,5,18.0,50.0
5397,40.4076,-3.65583,4,2.0,3.0,51.0,0.0,1,0.0,149,200,2547.0,45.581197,5.0,1.0,1,0,0,0,0,1,0,1,0,0,1,0,0,7,33.0,100.0
5398,40.4698,-3.70311,2,1.0,1.0,20.0,100.0,1,0.15,341,50,3476.0,60.621287,5.9,2.0,0,0,0,0,0,1,0,0,0,0,1,0,0,5,21.0,50.0
5399,40.44123,-3.67717,2,1.0,1.0,70.0,90.0,1,0.2,296,200,4508.0,67.220486,5.8,1.0,1,0,0,0,0,1,0,0,1,0,1,0,0,6,18.0,100.0
5400,40.42837,-3.68414,2,1.0,1.0,80.0,0.0,1,0.0,119,50,5328.0,74.694253,2.2,1.0,1,0,0,0,0,1,0,1,1,0,0,0,0,5,18.0,100.0
5401,40.42624,-3.67168,5,3.0,3.0,120.0,100.0,1,0.05,129,200,5328.0,74.694253,2.2,2.0,1,0,0,0,0,1,0,0,1,0,0,0,0,7,43.5,150.0
5402,40.42129,-3.70012,4,1.0,2.0,91.0,83.0,3,1.06,475,200,4503.0,68.043894,0.8,1.0,1,0,0,0,0,1,0,1,0,1,0,0,0,10,33.0,100.0
5403,40.43623,-3.71745,1,1.0,1.0,22.0,0.0,1,0.0,162,50,4855.0,64.056634,2.4,1.0,0,0,0,0,0,1,0,0,1,0,1,0,0,5,10.5,50.0
5404,40.42659,-3.69577,1,1.0,1.0,30.0,90.0,8,0.13,179,50,4503.0,68.043894,0.8,1.5,0,0,0,0,0,1,0,0,0,0,0,0,0,8,12.0,50.0
5405,40.42412,-3.66582,2,1.0,1.0,44.0,73.0,2,0.25,278,50,5328.0,74.694253,2.2,1.0,0,1,1,1,1,1,0,1,1,0,1,0,0,5,18.0,50.0
5406,40.43211,-3.66618,3,1.0,1.0,63.0,98.0,1,1.12,160,200,5328.0,74.694253,2.2,1.0,1,0,0,0,0,1,0,0,1,0,1,0,0,9,25.5,100.0
5407,40.43057,-3.72096,4,1.0,2.0,34.0,100.0,1,0.02,173,200,3555.0,63.451906,5.9,1.0,1,0,0,0,0,1,0,1,0,0,1,0,0,5,33.0,50.0
5408,40.42172,-3.70328,4,1.0,1.0,50.0,97.0,2,3.72,565,200,4503.0,68.043894,0.8,1.0,1,0,0,0,0,1,0,1,1,0,1,0,0,5,33.0,50.0
5409,40.41269,-3.7025,2,1.0,2.0,164.0,100.0,1,0.13,369,50,4503.0,68.043894,0.8,1.0,1,0,0,0,0,1,0,0,1,0,1,0,0,7,18.0,200.0
5410,40.40501,-3.67813,1,1.0,1.0,44.0,50.0,1,0.05,239,200,4220.0,63.672727,3.2,1.0,1,0,0,0,0,0,0,0,1,0,1,0,0,10,10.5,50.0
5411,40.42629,-3.69575,2,0.0,1.0,60.0,79.0,16,0.38,158,50,4503.0,68.043894,0.8,1.0,1,0,0,0,0,1,0,1,0,0,1,0,0,6,18.0,100.0
5412,40.42639,-3.69748,2,0.0,2.0,200.0,85.0,16,0.11,186,50,4503.0,68.043894,0.8,1.0,1,0,0,0,0,1,0,1,0,0,1,0,0,6,18.0,200.0
5413,40.42631,-3.69653,3,1.0,2.0,50.0,90.0,16,0.09,164,50,4503.0,68.043894,0.8,1.0,1,0,0,0,0,1,0,1,0,0,1,0,0,6,25.5,50.0
5414,40.4273,-3.69733,4,1.0,3.0,200.0,80.0,16,0.06,184,50,4503.0,68.043894,0.8,1.0,1,0,0,0,0,1,0,1,0,0,1,0,0,6,33.0,200.0
5415,40.42814,-3.69606,1,1.0,1.0,100.0,80.0,16,0.02,164,50,4855.0,64.056634,2.4,1.0,1,0,0,0,0,1,0,1,0,0,1,0,0,6,10.5,100.0
5416,40.41307,-3.69897,1,1.0,1.0,10.0,93.0,4,0.07,143,50,4503.0,68.043894,0.8,1.0,0,0,0,0,0,1,0,1,0,0,1,0,0,7,10.5,50.0
5417,40.45666,-3.6755,3,1.0,2.0,100.0,0.0,1,0.02,159,50,4508.0,67.220486,5.8,1.5,0,0,0,0,0,1,0,0,1,0,1,0,0,5,27.0,100.0
5418,40.44265,-3.64408,2,1.0,1.0,17.0,0.0,1,0.0,105,50,2893.0,50.090625,6.5,1.0,0,0,0,0,0,1,0,0,1,0,0,0,0,5,18.0,50.0
5419,40.45304,-3.62075,1,1.0,1.0,59.0,97.0,1,1.0,733,50,3312.0,62.061453,9.2,1.0,1,0,0,0,0,1,1,1,1,1,1,0,0,6,10.5,100.0
5420,40.45038,-3.66929,4,1.0,2.0,55.0,96.0,1,1.79,387,200,4508.0,67.220486,5.8,1.0,1,0,0,0,0,1,0,0,0,0,1,0,0,7,33.0,100.0
5421,40.41333,-3.69903,2,1.0,1.0,58.0,99.0,1,3.4,268,200,4503.0,68.043894,0.8,1.0,1,0,0,0,0,1,0,1,1,0,0,0,0,8,18.0,100.0
5422,40.41582,-3.70941,4,1.0,2.0,85.0,98.0,1,1.65,436,200,4503.0,68.043894,0.8,1.0,1,0,0,0,0,1,0,1,1,0,1,0,1,8,33.0,100.0
5423,40.41317,-3.6899,3,1.0,1.0,72.0,96.0,2,0.25,223,200,4220.0,63.672727,3.2,1.5,1,0,0,0,0,1,0,1,0,0,1,0,0,5,27.0,100.0
5424,40.47096,-3.58838,1,1.0,1.0,25.0,0.0,2,0.0,148,50,3047.0,56.183432,11.8,1.0,0,0,0,0,0,1,0,1,0,0,1,0,0,10,10.5,50.0
5425,40.39126,-3.72556,1,1.0,1.0,11.0,92.0,2,0.9,375,50,2195.0,47.402837,6.6,1.0,0,0,0,0,0,1,0,0,0,0,1,0,0,7,10.5,50.0
5426,40.42549,-3.69697,2,1.0,1.0,88.0,100.0,1,0.02,162,200,4503.0,68.043894,0.8,1.0,1,0,0,0,0,1,0,1,1,0,1,0,0,5,18.0,100.0
5427,40.42159,-3.69677,1,1.0,1.0,28.0,100.0,1,0.02,46,50,4503.0,68.043894,0.8,1.0,0,0,0,0,0,1,0,0,0,0,0,0,0,7,10.5,50.0
5428,40.42937,-3.66897,2,1.0,1.0,16.0,100.0,1,0.02,88,50,5328.0,74.694253,2.2,1.0,1,0,0,0,0,1,0,0,0,0,1,0,0,6,18.0,50.0
5429,40.38907,-3.66786,4,1.0,1.0,25.0,0.0,1,0.0,98,200,1890.0,41.443535,5.0,1.0,1,0,0,0,0,0,0,0,0,0,0,0,0,5,33.0,50.0
5430,40.40328,-3.7417,1,1.0,1.0,16.0,95.0,2,0.48,386,50,2287.0,47.008319,4.7,1.5,0,0,0,0,0,1,0,0,0,0,1,0,0,6,12.0,50.0
5431,40.38482,-3.70107,1,1.0,1.0,75.0,0.0,1,0.0,177,50,2316.0,43.910072,4.6,1.0,0,0,0,0,0,1,0,1,0,0,0,0,0,5,10.5,100.0
5432,40.41355,-3.69815,7,3.0,4.0,199.0,94.0,3,0.68,465,200,4503.0,68.043894,0.8,3.0,1,0,0,0,0,1,0,1,0,1,0,0,0,8,61.5,200.0
5433,40.43553,-3.68382,4,2.0,3.0,258.0,0.0,92,0.0,417,200,5328.0,74.694253,2.2,2.0,1,0,0,0,0,1,0,1,1,0,1,0,0,7,36.0,200.0
5434,40.42381,-3.70624,2,1.0,1.0,40.0,93.0,3,2.36,301,50,4503.0,68.043894,0.8,1.0,0,0,0,0,0,1,0,1,0,0,1,0,0,10,18.0,50.0
5436,40.42278,-3.69482,6,2.0,3.0,102.0,96.0,7,5.28,577,200,4503.0,68.043894,0.8,1.0,1,0,0,0,0,0,0,1,1,1,1,0,0,8,48.0,150.0
5437,40.41328,-3.70031,4,1.0,3.0,40.0,80.0,1,0.05,344,200,4503.0,68.043894,0.8,1.0,1,0,0,0,0,1,0,1,0,0,1,0,0,5,33.0,50.0
5438,40.40942,-3.69966,2,1.0,1.0,80.0,93.0,1,0.09,304,50,4503.0,68.043894,0.8,1.0,1,0,0,0,0,1,0,0,0,0,1,0,0,7,18.0,100.0
5439,40.38383,-3.71395,2,1.0,1.0,31.0,100.0,20,0.03,163,50,2316.0,43.910072,4.6,1.0,0,0,0,0,0,1,0,0,1,0,1,0,0,6,18.0,50.0
5440,40.42085,-3.70347,1,1.0,1.0,33.0,98.0,2,0.79,267,50,4503.0,68.043894,0.8,1.0,0,0,0,0,0,1,0,0,0,0,0,0,0,10,10.5,50.0
5441,40.3824,-3.71439,2,1.0,1.0,42.0,0.0,20,0.0,177,50,2316.0,43.910072,4.6,1.0,0,0,0,0,0,1,0,0,1,0,1,0,0,6,18.0,50.0
5442,40.3825,-3.71303,2,1.0,1.0,40.0,90.0,20,0.05,163,50,2316.0,43.910072,4.6,1.0,0,0,0,0,0,1,0,0,1,0,1,0,0,6,18.0,50.0
5443,40.42756,-3.70818,2,0.0,1.0,68.0,98.0,1,0.89,515,200,4503.0,68.043894,0.8,1.0,1,0,0,0,0,1,0,1,1,1,1,0,0,8,18.0,100.0
5444,40.40695,-3.74221,1,1.0,1.0,19.0,85.0,2,0.55,210,50,2287.0,47.008319,4.7,1.0,0,0,0,0,0,1,0,0,0,0,1,0,0,6,10.5,50.0
5445,40.41428,-3.69682,2,0.0,1.0,43.0,0.0,1,0.0,162,50,4503.0,68.043894,0.8,1.0,1,0,0,0,0,1,0,1,1,0,0,0,0,10,18.0,50.0
5446,40.41145,-3.70063,2,1.0,1.0,86.0,88.0,1,0.4,305,200,4503.0,68.043894,0.8,1.0,1,0,0,0,0,1,0,1,1,0,1,0,0,7,18.0,100.0
5447,40.44503,-3.67717,6,4.0,4.0,245.0,0.0,1,0.0,145,50,4508.0,67.220486,5.8,1.0,1,0,1,0,0,1,1,0,1,0,0,0,0,5,48.0,200.0
5448,40.43272,-3.7048,1,1.0,1.0,16.0,84.0,5,0.2,331,50,4855.0,64.056634,2.4,1.0,0,0,0,0,0,1,0,0,0,0,1,0,0,7,10.5,50.0
5449,40.46672,-3.71335,1,1.0,1.0,25.0,0.0,1,0.0,158,50,3555.0,63.451906,5.9,1.0,0,0,0,0,0,1,1,0,1,0,1,0,0,5,10.5,50.0
5450,40.41254,-3.70363,5,2.0,3.0,93.0,91.0,59,3.35,441,200,4503.0,68.043894,0.8,2.0,1,0,0,0,0,1,0,1,0,1,1,0,0,7,43.5,100.0
5451,40.41312,-3.70327,2,1.0,1.0,50.0,0.0,1,0.0,176,200,4503.0,68.043894,0.8,1.0,1,0,0,0,0,1,0,1,1,0,1,0,0,10,18.0,50.0
5452,40.42693,-3.70441,4,1.0,2.0,48.0,98.0,1,2.53,392,200,4503.0,68.043894,0.8,1.0,1,0,0,0,0,1,0,1,0,1,1,0,0,9,33.0,50.0
5453,40.39527,-3.67123,4,0.0,2.0,49.0,83.0,1,2.62,462,200,1890.0,41.443535,5.0,1.0,1,0,0,0,0,1,0,1,0,0,1,0,1,6,33.0,50.0
5454,40.41383,-3.69891,4,2.0,2.0,171.0,98.0,1,1.85,387,200,4503.0,68.043894,0.8,2.5,1,0,0,0,0,1,0,1,1,0,1,0,0,5,37.5,200.0
5455,40.45126,-3.70581,1,1.0,1.0,24.0,99.0,1,0.43,376,50,3476.0,60.621287,5.9,1.0,0,0,0,0,0,1,0,0,0,1,1,0,0,5,10.5,50.0
5456,40.40982,-3.69975,4,1.0,3.0,71.0,86.0,1,1.04,354,200,4503.0,68.043894,0.8,1.0,1,0,0,0,0,1,0,0,0,0,1,0,0,7,33.0,100.0
5457,40.42579,-3.70909,3,1.0,1.0,59.0,91.0,2,2.11,398,200,4503.0,68.043894,0.8,1.0,1,0,0,0,0,1,0,1,1,0,1,0,0,0,25.5,100.0
5458,40.42061,-3.71666,1,1.0,1.0,15.0,0.0,1,0.0,318,50,3555.0,63.451906,5.9,1.0,0,0,0,1,0,1,0,1,1,0,1,0,0,8,10.5,50.0
5459,40.48878,-3.66695,1,1.0,1.0,22.0,100.0,1,0.32,241,50,3312.0,62.061453,9.2,1.5,0,0,0,0,0,1,0,0,0,0,1,0,0,6,12.0,50.0
5460,40.4103,-3.70202,3,2.0,1.0,35.0,85.0,38,4.85,290,50,4503.0,68.043894,0.8,1.0,1,0,0,0,0,1,0,1,0,0,0,0,0,9,25.5,50.0
5461,40.4091,-3.70091,2,1.0,1.0,25.0,90.0,3,4.2,511,50,4503.0,68.043894,0.8,1.5,0,0,0,0,0,1,0,1,0,0,1,0,0,5,19.5,50.0
5462,40.48051,-3.71187,1,1.0,1.0,34.0,0.0,1,0.0,94,50,3545.0,57.198083,16.4,1.0,0,0,0,0,0,1,0,0,1,0,0,0,0,5,10.5,50.0
5463,40.4325,-3.64835,2,1.0,1.0,20.0,98.0,1,4.82,429,50,2893.0,50.090625,6.5,1.0,0,0,0,0,0,1,0,0,0,1,1,0,0,5,18.0,50.0
5464,40.40561,-3.65375,1,1.0,1.0,12.0,0.0,1,0.0,104,50,2547.0,45.581197,5.0,1.0,0,0,0,0,0,1,0,0,0,0,1,0,0,6,10.5,50.0
5465,40.50745,-3.68622,2,1.0,2.0,80.0,0.0,1,0.0,245,50,3545.0,57.198083,16.4,1.0,1,0,0,0,0,1,1,1,0,0,1,0,0,8,18.0,100.0
5466,40.42233,-3.69852,4,2.0,3.0,275.0,100.0,7,0.33,360,200,4503.0,68.043894,0.8,2.0,1,0,0,0,0,1,0,1,1,0,0,0,0,6,36.0,200.0
5467,40.41503,-3.70911,3,1.0,1.0,48.0,93.0,1,3.68,448,200,4503.0,68.043894,0.8,1.5,1,0,0,0,0,1,0,1,1,0,1,0,0,5,27.0,50.0
5468,40.42854,-3.70581,1,1.0,1.0,51.0,91.0,10,1.55,375,200,4503.0,68.043894,0.8,1.0,1,0,0,0,0,1,0,0,1,0,1,0,0,9,10.5,100.0
5469,40.4095,-3.70124,2,1.0,1.0,25.0,87.0,3,3.25,447,50,4503.0,68.043894,0.8,1.5,0,0,0,0,0,1,0,1,0,0,1,0,0,5,19.5,50.0
5470,40.38104,-3.65973,2,1.0,1.0,32.0,91.0,1,1.04,238,50,1890.0,41.443535,5.0,1.0,1,0,0,0,0,1,0,0,0,0,1,0,0,5,18.0,50.0
5471,40.42641,-3.66138,3,1.0,2.0,23.0,100.0,1,0.02,213,50,5328.0,74.694253,2.2,1.5,1,0,0,0,0,1,0,1,1,0,1,0,0,7,27.0,50.0
5472,40.45441,-3.65506,4,1.0,2.0,55.0,100.0,1,0.2,137,200,2893.0,50.090625,6.5,1.0,1,0,0,0,0,0,0,1,1,0,1,0,0,6,33.0,100.0
5473,40.42573,-3.70698,2,1.0,1.0,52.0,0.0,1,0.0,96,200,4503.0,68.043894,0.8,1.0,1,0,0,0,0,1,0,1,0,0,0,0,0,7,18.0,100.0
5474,40.43098,-3.71583,2,0.0,1.0,25.0,0.0,1,0.0,263,50,4855.0,64.056634,2.4,1.0,0,0,0,0,0,1,0,0,1,0,1,0,0,0,18.0,50.0
5475,40.40601,-3.69966,4,1.0,2.0,53.0,86.0,1,0.3,192,200,4503.0,68.043894,0.8,1.5,1,0,0,0,0,1,0,1,0,0,0,0,0,8,34.5,100.0
5476,40.41826,-3.70851,1,1.0,1.0,13.0,80.0,1,0.02,75,50,4503.0,68.043894,0.8,1.0,0,0,0,0,0,1,0,0,0,0,0,0,0,7,10.5,50.0
5477,40.41335,-3.70771,1,1.0,1.0,22.0,100.0,31,0.12,371,50,4503.0,68.043894,0.8,1.0,0,0,0,0,0,1,0,0,1,0,1,0,0,5,10.5,50.0
5478,40.40879,-3.67885,1,1.0,1.0,18.0,0.0,1,0.0,115,50,4220.0,63.672727,3.2,2.0,0,0,0,0,0,1,0,0,0,0,1,0,0,9,13.5,50.0
5479,40.40876,-3.69998,2,1.0,2.0,25.0,89.0,3,3.16,395,50,4503.0,68.043894,0.8,1.5,0,0,0,0,0,1,0,1,0,0,1,0,0,5,19.5,50.0
5480,40.41075,-3.71227,4,2.0,2.0,93.0,90.0,59,3.21,516,200,4503.0,68.043894,0.8,2.0,1,0,0,0,0,1,0,1,1,1,0,0,1,7,36.0,100.0
5481,40.42816,-3.70393,3,1.0,1.0,32.0,100.0,1,0.02,152,200,4503.0,68.043894,0.8,1.0,1,0,0,0,0,1,0,0,1,0,1,0,0,5,25.5,50.0
5482,40.43836,-3.70841,4,1.0,2.0,69.0,91.0,2,0.79,205,200,4855.0,64.056634,2.4,1.0,1,0,0,0,0,1,0,1,0,0,1,0,0,6,33.0,100.0
5483,40.46457,-3.6945,2,1.0,1.0,119.0,96.0,1,1.55,431,200,3476.0,60.621287,5.9,1.0,1,0,0,0,0,1,0,1,1,1,1,0,0,7,18.0,150.0
5484,40.44502,-3.65339,4,2.0,3.0,83.0,98.0,1,1.43,465,200,2893.0,50.090625,6.5,2.0,1,0,0,0,0,1,1,1,1,0,1,0,0,6,36.0,100.0
5485,40.42337,-3.70196,4,1.0,2.0,72.0,94.0,1,1.35,422,200,4503.0,68.043894,0.8,1.0,1,0,0,0,0,1,0,1,1,0,1,0,0,8,33.0,100.0
5486,40.4112,-3.70562,6,3.0,5.0,95.0,100.0,3,0.04,255,200,4503.0,68.043894,0.8,1.0,1,0,0,0,0,1,0,0,0,0,1,0,0,6,48.0,100.0
5487,40.43072,-3.71878,1,1.0,1.0,24.0,100.0,31,0.12,467,50,3555.0,63.451906,5.9,1.0,1,0,0,0,0,1,0,1,1,0,1,0,0,5,10.5,50.0
5488,40.40683,-3.69659,2,1.0,2.0,30.0,90.0,8,5.21,360,50,4503.0,68.043894,0.8,1.0,0,0,0,0,0,1,0,0,1,0,1,0,0,8,18.0,50.0
5489,40.42854,-3.6719,3,1.0,2.0,66.0,99.0,2,0.52,953,200,5328.0,74.694253,2.2,1.0,1,0,0,0,0,1,0,1,1,1,1,0,0,8,25.5,100.0
5490,40.43701,-3.62442,2,1.0,1.0,93.0,0.0,1,0.03,42,50,2477.0,70.967532,7.3,1.0,0,0,0,0,0,1,0,0,0,0,1,0,0,5,18.0,100.0
5491,40.41305,-3.66925,1,1.0,1.0,20.0,0.0,1,0.0,179,50,4220.0,63.672727,3.2,1.0,0,0,0,0,0,1,0,1,1,0,1,0,0,5,10.5,50.0
5493,40.40636,-3.69448,1,1.0,1.0,36.0,0.0,2,0.0,267,50,3917.0,55.025641,1.9,1.0,0,0,0,0,0,1,0,1,1,0,1,0,0,9,10.5,50.0
5494,40.41228,-3.71262,6,2.0,4.0,52.0,96.0,1,0.27,515,200,4503.0,68.043894,0.8,1.0,1,0,0,0,0,1,0,1,0,1,1,0,0,5,48.0,100.0
5495,40.39902,-3.73985,2,1.0,1.0,50.0,0.0,1,0.0,226,50,2287.0,47.008319,4.7,1.0,1,0,0,0,0,1,0,0,0,0,1,0,0,9,18.0,50.0
5496,40.44494,-3.58664,5,2.0,3.0,65.0,98.0,1,1.11,476,200,2477.0,70.967532,7.3,2.0,1,0,0,0,0,1,1,1,1,0,1,0,0,5,43.5,100.0
5497,40.42244,-3.68491,8,4.0,7.0,431.0,95.0,19,1.68,495,200,5328.0,74.694253,2.2,3.0,1,0,0,0,0,1,0,1,1,1,0,0,0,8,69.0,200.0
5498,40.43666,-3.68511,5,3.0,3.0,258.0,100.0,92,0.05,398,200,5328.0,74.694253,2.2,2.0,1,0,0,0,0,1,0,1,1,0,1,0,0,7,43.5,200.0
5499,40.40717,-3.70129,2,1.0,1.0,20.0,0.0,1,0.0,118,50,4503.0,68.043894,0.8,1.0,0,0,0,0,0,1,0,0,0,0,1,0,0,7,18.0,50.0
5500,40.41142,-3.71206,4,1.0,2.0,60.0,98.0,1,2.01,216,200,4503.0,68.043894,0.8,1.0,1,0,0,0,0,1,0,1,1,0,1,0,0,5,33.0,100.0
5501,40.40853,-3.69616,2,1.0,1.0,31.0,89.0,8,4.43,321,50,4503.0,68.043894,0.8,1.0,0,0,0,0,0,1,0,0,1,0,0,0,0,8,18.0,50.0
5502,40.41095,-3.69695,2,0.0,1.0,160.0,90.0,20,0.07,432,200,4503.0,68.043894,0.8,1.0,1,0,0,0,0,1,0,1,1,0,1,0,0,7,18.0,200.0
5503,40.4066,-3.70109,4,0.0,2.0,68.0,97.0,1,2.73,483,200,4503.0,68.043894,0.8,1.0,1,0,0,0,0,1,0,1,0,0,1,0,0,5,33.0,100.0
5504,40.42288,-3.70539,4,1.0,2.0,81.0,93.0,1,0.99,478,200,4503.0,68.043894,0.8,1.0,1,0,0,0,0,1,0,1,0,0,1,0,0,5,33.0,100.0
5505,40.41497,-3.70195,4,1.0,2.0,59.0,94.0,13,5.09,636,200,4503.0,68.043894,0.8,1.0,1,0,0,0,0,1,0,1,1,0,1,0,1,9,33.0,100.0
5506,40.40747,-3.69282,2,1.0,1.0,40.0,97.0,1,1.02,109,50,3917.0,55.025641,1.9,2.0,1,0,0,0,0,1,0,0,0,0,1,0,0,0,21.0,50.0
5507,40.41361,-3.70676,4,2.0,2.0,190.0,99.0,1,1.85,368,200,4503.0,68.043894,0.8,2.0,1,0,0,0,0,1,0,1,1,0,1,0,0,5,36.0,200.0
5508,40.41037,-3.69724,4,2.0,3.0,190.0,100.0,20,0.03,522,200,4503.0,68.043894,0.8,1.0,1,0,0,0,0,1,0,1,1,0,1,0,0,7,33.0,200.0
5509,40.43435,-3.6855,6,2.0,2.0,171.0,70.0,72,0.18,300,200,5328.0,74.694253,2.2,2.0,1,0,0,0,0,1,0,1,1,0,1,0,0,6,51.0,200.0
5510,40.4109,-3.69601,6,3.0,5.0,290.0,96.0,20,1.47,432,200,4503.0,68.043894,0.8,2.0,1,0,0,0,0,1,0,1,1,1,1,0,0,7,51.0,200.0
5511,40.41071,-3.71394,6,2.0,3.0,99.0,100.0,4,0.33,433,200,4503.0,68.043894,0.8,1.0,1,0,0,0,0,1,0,1,1,0,1,0,0,5,48.0,100.0
5512,40.41278,-3.71525,4,1.0,2.0,89.0,97.0,4,0.31,408,200,4503.0,68.043894,0.8,1.0,1,0,0,0,0,1,0,1,1,0,1,0,0,5,33.0,100.0
5513,40.41134,-3.71554,4,0.0,2.0,79.0,96.0,4,0.2,416,200,4503.0,68.043894,0.8,1.0,1,0,0,0,0,1,0,1,1,0,1,0,0,5,33.0,100.0
5514,40.44107,-3.69511,2,1.0,1.0,48.0,98.0,1,1.08,440,200,4855.0,64.056634,2.4,1.5,1,0,0,1,0,1,0,1,1,0,1,0,0,10,19.5,50.0
5515,40.41267,-3.72645,1,0.0,1.0,17.0,100.0,2,0.02,144,50,2287.0,47.008319,4.7,1.0,0,0,0,0,0,1,0,0,1,0,1,0,0,6,10.5,50.0
5516,40.40859,-3.70074,5,2.0,2.0,85.0,87.0,1,1.99,420,200,4503.0,68.043894,0.8,1.0,1,0,0,1,0,1,0,1,0,0,1,0,0,10,40.5,100.0
5517,40.38829,-3.71937,2,1.0,1.0,15.0,84.0,1,1.88,334,50,2195.0,47.402837,6.6,1.5,1,0,0,0,0,1,0,0,0,1,1,0,0,5,19.5,50.0
5518,40.41093,-3.70307,4,2.0,3.0,50.0,0.0,1,0.0,140,200,4503.0,68.043894,0.8,1.0,1,0,0,0,0,1,0,0,0,0,1,0,0,5,33.0,50.0
5519,40.42939,-3.67891,2,1.0,1.0,38.0,100.0,7,0.04,204,50,5328.0,74.694253,2.2,2.0,0,0,0,0,0,1,0,0,1,0,1,0,0,6,21.0,50.0
5520,40.41187,-3.69389,3,1.0,2.0,98.0,89.0,1,0.96,388,200,4503.0,68.043894,0.8,1.0,1,0,0,0,0,1,0,1,1,0,1,0,0,5,25.5,100.0
5521,40.41326,-3.69758,4,1.0,1.0,100.0,98.0,7,1.12,439,200,4503.0,68.043894,0.8,1.0,1,0,0,0,0,1,0,1,1,0,1,0,0,0,33.0,100.0
5522,40.4161,-3.70952,4,1.0,1.0,63.0,95.0,8,2.49,541,200,4503.0,68.043894,0.8,1.0,1,1,1,1,1,1,1,1,1,1,1,1,1,8,33.0,100.0
5523,40.41293,-3.70375,6,2.0,4.0,161.0,98.0,24,0.41,243,200,4503.0,68.043894,0.8,2.0,1,0,0,0,0,1,0,1,0,0,0,0,0,5,51.0,200.0
5524,40.39015,-3.64332,1,1.0,1.0,17.0,94.0,1,1.49,402,50,1890.0,41.443535,5.0,1.0,0,0,0,0,0,1,0,0,1,0,0,0,0,7,10.5,50.0
5525,40.40994,-3.70914,2,1.0,1.0,35.0,80.0,1,0.02,138,50,4503.0,68.043894,0.8,1.0,1,0,0,0,0,1,0,0,0,0,1,0,0,8,18.0,50.0
5526,40.42277,-3.6545,1,1.0,1.0,20.0,99.0,1,3.2,96,50,2893.0,50.090625,6.5,1.0,0,0,0,0,0,1,0,0,0,0,0,0,0,5,10.5,50.0
5527,40.42424,-3.7021,4,1.0,4.0,54.0,93.0,1,2.88,458,200,4503.0,68.043894,0.8,1.0,1,0,0,1,0,1,0,1,1,0,1,0,0,5,33.0,100.0
5528,40.42658,-3.69947,1,1.0,1.0,25.0,0.0,1,0.0,127,50,4503.0,68.043894,0.8,1.0,0,0,0,0,0,1,0,0,1,0,1,0,0,7,10.5,50.0
5529,40.44685,-3.71235,8,3.0,5.0,186.0,93.0,72,0.25,396,200,3555.0,63.451906,5.9,2.0,1,0,0,0,0,1,0,1,0,0,1,0,0,6,66.0,200.0
5530,40.40997,-3.69671,2,1.0,1.0,51.0,93.0,6,5.14,488,200,4503.0,68.043894,0.8,1.0,1,0,0,1,0,1,0,1,1,0,1,0,0,6,18.0,100.0
5531,40.42566,-3.70394,2,1.0,1.0,75.0,0.0,1,0.02,141,200,4503.0,68.043894,0.8,1.0,1,0,0,0,0,1,0,0,0,0,1,0,0,5,18.0,100.0
5532,40.41011,-3.69908,3,1.0,1.0,64.0,99.0,1,0.35,264,200,4503.0,68.043894,0.8,1.0,1,0,0,0,0,1,0,1,0,0,1,0,0,5,25.5,100.0
5533,40.42288,-3.69907,2,1.0,1.0,90.0,99.0,1,1.03,351,50,4503.0,68.043894,0.8,1.5,0,0,0,0,0,1,0,1,1,0,1,0,0,5,19.5,100.0
5534,40.39928,-3.6676,3,2.0,3.0,71.0,92.0,1,0.5,348,200,1890.0,41.443535,5.0,1.0,1,0,0,0,0,1,0,1,0,1,1,0,0,9,25.5,100.0
5535,40.42172,-3.69807,3,2.0,2.0,145.0,99.0,1,0.34,454,200,4503.0,68.043894,0.8,2.0,1,0,0,0,0,1,0,1,1,1,1,0,0,0,28.5,150.0
5536,40.40791,-3.70978,1,1.0,1.0,13.0,100.0,1,0.04,161,50,4503.0,68.043894,0.8,1.0,0,0,0,0,0,1,0,0,1,0,1,0,0,5,10.5,50.0
5537,40.39816,-3.67268,2,1.0,1.0,50.0,100.0,2,0.03,209,200,4220.0,63.672727,3.2,1.0,1,0,0,0,0,1,1,1,1,0,1,0,0,9,18.0,50.0
5538,40.47356,-3.58275,5,2.0,2.0,43.0,93.0,3,8.64,546,200,3047.0,56.183432,11.8,1.0,1,0,0,0,0,1,0,1,0,0,1,0,0,6,40.5,50.0
5539,40.4168,-3.70403,4,1.0,2.0,80.0,95.0,13,5.25,656,200,4503.0,68.043894,0.8,1.0,1,0,0,0,0,1,0,1,1,1,1,0,1,9,33.0,100.0
5540,40.42393,-3.69961,2,1.0,1.0,36.0,90.0,3,0.73,235,50,4503.0,68.043894,0.8,2.5,1,1,1,1,1,1,1,1,1,1,1,1,1,8,22.5,50.0
5541,40.42681,-3.67974,5,2.0,4.0,80.0,92.0,2,1.98,425,200,5328.0,74.694253,2.2,1.0,1,0,0,0,0,1,0,1,0,0,1,0,0,8,40.5,100.0
5542,40.43055,-3.67396,1,1.0,1.0,60.0,0.0,1,0.0,206,50,5328.0,74.694253,2.2,1.0,1,0,0,0,0,1,0,1,1,0,1,0,0,6,10.5,100.0
5543,40.41796,-3.70928,2,2.0,1.0,20.0,0.0,1,0.0,199,50,4503.0,68.043894,0.8,1.0,0,0,0,0,0,1,0,1,1,0,0,0,0,8,18.0,50.0
5544,40.42901,-3.6781,2,1.0,2.0,39.0,95.0,2,1.68,581,200,5328.0,74.694253,2.2,1.5,1,0,0,0,0,1,0,1,1,0,1,1,0,9,19.5,50.0
5545,40.42345,-3.7083,2,0.0,1.0,55.0,93.0,1,1.46,407,200,4503.0,68.043894,0.8,1.0,1,0,0,0,0,1,0,0,0,0,1,0,0,5,18.0,100.0
5546,40.41853,-3.70459,7,3.0,3.0,123.0,90.0,1,1.55,756,200,4503.0,68.043894,0.8,1.5,1,0,0,0,0,1,0,1,1,0,1,0,0,0,57.0,150.0
5547,40.42207,-3.71823,1,1.0,1.0,20.0,97.0,1,0.79,294,50,3555.0,63.451906,5.9,1.5,0,0,0,0,0,1,0,0,1,0,1,0,0,7,12.0,50.0
5548,40.4108,-3.70162,2,0.0,1.0,32.0,97.0,2,3.07,501,200,4503.0,68.043894,0.8,1.0,1,0,0,1,0,1,0,1,0,1,1,0,0,6,18.0,50.0
5549,40.42683,-3.71187,3,1.0,2.0,60.0,99.0,1,0.44,535,200,4503.0,68.043894,0.8,1.0,1,0,0,0,0,1,0,1,1,0,1,0,0,5,25.5,100.0
5550,40.43362,-3.65714,1,1.0,1.0,15.0,97.0,1,3.31,278,50,2893.0,50.090625,6.5,1.0,0,0,0,0,0,1,0,0,1,0,0,0,0,8,10.5,50.0
5551,40.40426,-3.6939,6,2.0,4.0,84.0,87.0,1,0.33,489,200,3917.0,55.025641,1.9,1.0,1,0,0,0,0,1,0,1,1,1,1,0,0,0,48.0,100.0
5552,40.42153,-3.70633,4,1.0,2.0,123.0,95.0,3,0.85,537,200,4503.0,68.043894,0.8,2.0,1,0,0,0,0,1,0,1,1,1,1,0,0,12,36.0,150.0
5553,40.41505,-3.70046,4,1.0,2.0,159.0,97.0,62,0.61,452,200,4503.0,68.043894,0.8,1.0,1,0,0,1,0,1,0,1,1,1,1,0,0,5,33.0,200.0
5554,40.43799,-3.67735,3,1.0,1.0,48.0,100.0,1,0.02,172,50,4508.0,67.220486,5.8,1.0,1,1,1,1,1,1,1,1,1,1,1,1,1,7,25.5,50.0
5555,40.41977,-3.7084,4,2.0,2.0,130.0,89.0,5,0.36,326,200,4503.0,68.043894,0.8,2.0,1,0,0,0,0,1,0,1,1,1,1,0,0,9,36.0,150.0
5556,40.47247,-3.58208,1,2.0,2.0,26.0,99.0,1,2.33,544,50,3047.0,56.183432,11.8,2.0,1,0,0,0,0,1,0,1,1,1,1,0,1,6,13.5,50.0
5557,40.39838,-3.76595,1,1.0,1.0,15.0,100.0,1,0.07,75,50,2287.0,47.008319,4.7,1.0,0,0,0,0,0,0,0,0,0,0,0,0,0,5,10.5,50.0
5558,40.40702,-3.70563,2,1.0,1.0,30.0,97.0,1,0.54,312,50,4503.0,68.043894,0.8,1.5,1,0,0,0,0,1,0,1,0,0,1,0,0,5,19.5,50.0
5559,40.41172,-3.70648,2,1.0,1.0,20.0,84.0,2,0.83,364,200,4503.0,68.043894,0.8,1.0,1,1,1,1,1,1,1,1,1,1,1,1,1,6,18.0,50.0
5560,40.42394,-3.70407,1,0.0,1.0,49.0,100.0,1,0.09,133,200,4503.0,68.043894,0.8,1.0,1,0,0,0,0,1,0,1,1,0,1,0,0,8,10.5,50.0
5562,40.41277,-3.69628,3,1.0,2.0,39.0,60.0,1,0.65,489,200,4503.0,68.043894,0.8,1.0,1,0,0,0,0,0,0,0,0,0,1,0,0,0,25.5,50.0
5563,40.39485,-3.69933,1,1.0,1.0,8.0,100.0,3,0.06,208,50,3917.0,55.025641,1.9,1.0,1,0,0,0,0,1,0,1,1,0,1,0,0,6,10.5,50.0
5564,40.46379,-3.70169,4,2.0,2.0,76.0,93.0,1,1.13,472,200,3476.0,60.621287,5.9,2.5,1,0,0,0,0,0,0,1,1,1,0,0,0,6,37.5,100.0
5565,40.39841,-3.70486,5,3.0,3.0,60.0,93.0,3,0.13,220,200,3917.0,55.025641,1.9,1.0,1,0,0,0,0,1,0,1,1,0,1,0,0,7,40.5,100.0
5566,40.44106,-3.64261,2,1.0,1.0,16.0,0.0,2,0.0,172,50,2893.0,50.090625,6.5,1.0,0,0,0,0,0,1,0,1,1,0,1,0,0,6,18.0,50.0
5567,40.43052,-3.71404,2,1.0,1.0,21.0,84.0,2,0.23,131,50,4855.0,64.056634,2.4,1.0,0,0,0,0,0,1,0,0,1,0,1,0,0,5,18.0,50.0
5568,40.40571,-3.68187,2,1.0,1.0,23.0,99.0,3,2.42,463,50,4220.0,63.672727,3.2,1.5,0,0,0,0,0,1,0,0,1,0,1,0,0,7,19.5,50.0
5569,40.43008,-3.70185,4,1.0,2.0,215.0,95.0,62,0.25,434,200,4855.0,64.056634,2.4,1.0,1,0,0,1,0,1,0,1,1,0,1,0,0,5,33.0,200.0
5570,40.40442,-3.74073,2,2.0,3.0,13.0,100.0,1,1.0,541,50,2287.0,47.008319,4.7,1.5,0,0,0,0,0,1,0,1,0,0,1,0,0,5,19.5,50.0
5571,40.46153,-3.68577,8,3.0,5.0,119.0,99.0,3,3.18,308,200,4508.0,67.220486,5.8,3.0,1,0,0,0,0,1,0,1,1,0,1,0,0,5,69.0,150.0
5572,40.40432,-3.70447,4,0.0,2.0,236.0,0.0,43,0.0,249,200,3917.0,55.025641,1.9,1.0,1,0,0,0,0,1,0,1,1,0,0,0,0,6,33.0,200.0
5573,40.45889,-3.69624,4,2.0,2.0,91.0,97.0,3,1.28,209,200,3476.0,60.621287,5.9,1.0,1,0,0,0,0,1,0,1,1,0,0,0,0,5,33.0,100.0
5574,40.43879,-3.67775,4,3.0,4.0,80.0,96.0,1,0.52,479,200,4508.0,67.220486,5.8,1.5,1,0,0,0,0,1,0,1,0,0,1,0,1,7,34.5,100.0
5575,40.47147,-3.70293,2,1.0,1.0,140.0,80.0,1,0.14,268,200,3476.0,60.621287,5.9,2.0,1,1,1,1,1,1,1,1,1,1,1,1,1,5,21.0,150.0
5576,40.42888,-3.67094,2,1.0,2.0,190.0,100.0,3,0.05,191,50,5328.0,74.694253,2.2,1.0,1,0,0,0,0,1,0,1,1,0,1,0,0,5,18.0,200.0
5577,40.41423,-3.70206,6,2.0,2.0,80.0,97.0,8,1.88,617,200,4503.0,68.043894,0.8,1.0,1,0,0,0,1,1,0,1,0,1,1,0,0,8,48.0,100.0
5578,40.41221,-3.69556,4,2.0,2.0,71.0,93.0,88,4.99,355,200,4503.0,68.043894,0.8,1.0,1,0,0,0,0,1,0,1,0,1,1,0,0,6,33.0,100.0
5579,40.41573,-3.71108,6,2.0,3.0,47.0,94.0,1,3.3,273,200,4503.0,68.043894,0.8,2.0,1,0,0,0,0,1,0,1,1,0,0,0,0,5,51.0,50.0
5580,40.4162,-3.67676,1,1.0,1.0,18.0,96.0,4,1.2,563,50,4220.0,63.672727,3.2,1.0,0,0,0,0,0,1,0,0,1,0,1,0,0,5,10.5,50.0
5581,40.42108,-3.70076,6,1.0,3.0,66.0,92.0,12,2.92,483,200,4503.0,68.043894,0.8,1.0,1,0,0,0,0,1,0,1,1,1,1,0,0,7,48.0,100.0
5582,40.46906,-3.58089,1,1.0,1.0,34.0,94.0,4,0.75,433,50,3047.0,56.183432,11.8,2.0,0,0,0,0,0,1,0,1,0,1,1,0,0,0,13.5,50.0
5583,40.41193,-3.7074,3,1.0,2.0,157.0,100.0,62,0.21,421,200,4503.0,68.043894,0.8,1.0,1,0,0,1,0,1,0,1,1,0,1,0,0,5,25.5,200.0
5584,40.4326,-3.655,1,1.0,1.0,21.0,97.0,2,2.81,402,50,2893.0,50.090625,6.5,1.0,0,0,0,0,0,1,0,1,0,0,1,0,0,5,10.5,50.0
5585,40.40114,-3.70725,1,1.0,1.0,25.0,0.0,1,0.0,182,50,3917.0,55.025641,1.9,1.0,1,0,0,0,0,1,0,0,1,0,1,0,0,8,10.5,50.0
5586,40.43077,-3.654,1,1.0,1.0,20.0,96.0,2,4.14,352,50,2893.0,50.090625,6.5,1.0,0,0,0,0,0,1,0,1,1,0,1,0,0,5,10.5,50.0
5587,40.41335,-3.71308,6,3.0,7.0,90.0,98.0,1,0.22,213,200,4503.0,68.043894,0.8,2.0,1,0,0,0,0,1,0,0,1,0,1,0,0,5,51.0,100.0
5588,40.46906,-3.58089,2,1.0,2.0,37.0,95.0,4,1.26,413,50,3047.0,56.183432,11.8,2.0,0,0,0,0,0,1,0,1,0,0,1,0,0,0,21.0,50.0
5589,40.41325,-3.70879,8,4.0,8.0,290.0,97.0,1,1.26,442,200,4503.0,68.043894,0.8,2.0,1,0,0,0,0,1,0,1,1,0,1,0,0,8,66.0,200.0
5590,40.38855,-3.66665,5,3.0,4.0,38.0,80.0,1,0.02,181,200,1890.0,41.443535,5.0,1.0,1,0,0,0,0,1,0,1,0,0,0,0,0,6,40.5,50.0
5591,40.40777,-3.70636,2,1.0,1.0,24.0,92.0,1,0.57,192,50,4503.0,68.043894,0.8,1.0,0,0,0,0,0,1,0,0,1,0,1,0,0,6,18.0,50.0
5592,40.42543,-3.71095,2,1.0,1.0,85.0,0.0,1,0.02,201,50,4503.0,68.043894,0.8,1.0,1,0,0,0,0,1,0,1,1,0,1,0,0,5,18.0,100.0
5593,40.4352,-3.70041,2,1.0,1.0,25.0,0.0,1,0.0,178,50,4855.0,64.056634,2.4,1.0,1,0,0,0,0,1,0,0,1,0,1,0,0,9,18.0,50.0
5594,40.4244,-3.66667,5,4.0,3.0,231.0,97.0,11,0.35,412,200,5328.0,74.694253,2.2,2.0,1,0,0,0,0,1,0,0,0,1,1,0,0,9,43.5,200.0
5595,40.40592,-3.68198,1,0.0,1.0,15.0,88.0,1,0.11,89,50,4220.0,63.672727,3.2,1.0,0,0,0,0,0,1,0,0,1,0,1,0,0,6,10.5,50.0
5596,40.374,-3.77085,1,1.0,1.0,18.0,0.0,1,0.0,27,50,2287.0,47.008319,4.7,1.0,0,0,0,0,0,0,0,0,0,0,0,0,0,8,10.5,50.0
5597,40.4375,-3.68558,2,1.0,1.0,280.0,100.0,1,0.05,380,200,5328.0,74.694253,2.2,2.0,1,0,0,0,0,1,0,1,1,0,1,0,1,5,21.0,200.0
5598,40.46906,-3.58089,5,3.0,4.0,120.0,93.0,4,1.04,466,200,3047.0,56.183432,11.8,2.0,1,0,0,0,0,1,0,1,0,1,1,0,0,0,43.5,150.0
5599,40.47814,-3.73516,2,1.0,2.0,26.0,99.0,1,2.59,230,50,3545.0,57.198083,16.4,1.5,1,0,0,0,0,1,0,0,0,0,1,0,0,5,19.5,50.0
5600,40.42377,-3.6133,1,1.0,1.0,25.0,100.0,1,0.05,85,50,2477.0,70.967532,7.3,1.0,0,0,0,0,0,1,0,0,0,0,0,0,0,5,10.5,50.0
5601,40.45114,-3.65488,4,2.0,3.0,35.0,100.0,1,0.02,424,50,2893.0,50.090625,6.5,3.0,1,0,0,1,0,1,1,0,1,1,1,0,0,7,39.0,50.0
5602,40.42736,-3.6774,3,1.0,2.0,60.0,100.0,1,0.25,694,200,5328.0,74.694253,2.2,1.0,1,0,0,0,0,1,0,1,1,1,1,0,1,5,25.5,100.0
5603,40.46906,-3.58089,2,1.0,1.0,38.0,97.0,4,0.58,433,50,3047.0,56.183432,11.8,2.0,0,0,0,0,0,1,0,1,0,1,1,0,0,0,21.0,50.0
5604,40.42901,-3.71654,1,1.0,1.0,22.0,100.0,2,0.05,179,50,3555.0,63.451906,5.9,1.0,0,0,0,0,0,1,0,1,0,0,0,0,0,6,10.5,50.0
5605,40.45678,-3.65217,2,1.0,1.0,24.0,87.0,26,1.48,227,50,3312.0,62.061453,9.2,1.0,1,0,0,1,0,1,0,0,0,0,1,0,0,8,18.0,50.0
5606,40.45651,-3.65344,1,1.0,1.0,13.0,88.0,26,5.79,189,50,3312.0,62.061453,9.2,1.0,0,0,0,1,0,1,0,0,0,0,0,0,0,8,10.5,50.0
5607,40.41482,-3.69813,3,1.0,2.0,120.0,0.0,1,0.0,190,200,4503.0,68.043894,0.8,1.0,1,0,0,0,0,1,0,1,1,0,0,0,0,5,25.5,150.0
5608,40.46063,-3.68092,2,1.0,1.0,40.0,0.0,1,0.0,239,200,4508.0,67.220486,5.8,1.0,1,0,0,0,0,1,1,1,1,0,1,0,0,11,18.0,50.0
5609,40.40835,-3.69614,3,1.0,2.0,34.0,96.0,11,6.0,526,200,4503.0,68.043894,0.8,1.0,1,0,0,0,0,1,0,1,1,0,1,0,0,5,25.5,50.0
5610,40.42884,-3.71805,2,1.0,1.0,29.0,100.0,2,0.02,135,50,3555.0,63.451906,5.9,1.0,0,0,0,0,0,1,0,1,0,0,0,0,0,6,18.0,50.0
5611,40.40842,-3.6957,3,1.0,2.0,36.0,97.0,11,6.35,526,200,4503.0,68.043894,0.8,1.0,1,0,0,0,0,1,0,1,1,0,1,0,0,5,25.5,50.0
5612,40.40622,-3.69576,4,1.0,2.0,45.0,97.0,11,7.04,562,200,3917.0,55.025641,1.9,1.0,1,0,0,0,0,1,0,1,0,0,1,0,0,5,33.0,50.0
5613,40.40624,-3.6961,3,1.0,2.0,36.0,95.0,11,5.66,564,200,3917.0,55.025641,1.9,1.0,1,0,0,0,0,1,0,1,0,1,1,0,0,5,25.5,50.0
5614,40.42437,-3.71257,4,2.0,3.0,70.0,96.0,2,0.85,257,200,3555.0,63.451906,5.9,1.0,1,0,0,0,0,1,0,1,1,0,0,0,0,10,33.0,100.0
5615,40.40699,-3.7029,3,1.0,2.0,42.0,93.0,20,3.28,420,200,4503.0,68.043894,0.8,1.0,1,0,0,0,0,1,0,1,0,0,1,0,0,9,25.5,50.0
5616,40.42058,-3.70116,4,1.0,1.0,60.0,95.0,1,1.58,376,200,4503.0,68.043894,0.8,1.0,1,0,0,0,0,1,0,1,1,0,1,0,0,6,33.0,100.0
5617,40.41925,-3.67267,2,1.0,1.0,60.0,95.0,1,0.11,199,50,4220.0,63.672727,3.2,1.0,0,0,0,0,0,1,0,1,1,0,1,0,0,7,18.0,100.0
5618,40.43845,-3.6948,2,1.0,1.0,61.0,92.0,4,0.53,396,200,4855.0,64.056634,2.4,1.0,1,0,0,0,0,1,0,1,1,0,1,0,0,7,18.0,100.0
5619,40.44477,-3.67562,4,2.0,4.0,100.0,0.0,92,0.0,424,200,4508.0,67.220486,5.8,2.0,1,0,0,0,0,1,1,1,0,0,0,0,1,7,36.0,100.0
5620,40.42401,-3.70293,5,1.0,3.0,100.0,92.0,4,1.65,331,200,4503.0,68.043894,0.8,1.0,1,0,0,0,0,1,0,1,0,0,0,0,0,7,40.5,100.0
5621,40.40821,-3.73526,1,1.0,1.0,12.0,0.0,1,0.0,195,50,2287.0,47.008319,4.7,1.0,0,0,0,0,0,1,0,1,0,0,1,0,0,7,10.5,50.0
5622,40.41115,-3.70773,6,2.0,4.0,62.0,90.0,1,0.07,356,200,4503.0,68.043894,0.8,1.0,1,0,0,0,0,1,0,1,0,0,0,0,0,5,48.0,100.0
5623,40.40638,-3.70854,2,2.0,2.0,45.0,0.0,3,0.02,205,50,4503.0,68.043894,0.8,1.0,0,0,0,0,0,1,0,0,0,0,1,0,0,6,18.0,50.0
5624,40.39477,-3.73042,1,1.0,1.0,13.0,0.0,1,0.0,85,50,2195.0,47.402837,6.6,1.0,0,0,0,0,0,1,0,0,1,0,0,0,0,5,10.5,50.0
5625,40.40561,-3.71308,2,1.0,1.0,30.0,96.0,1,0.92,243,50,3917.0,55.025641,1.9,1.0,0,0,0,0,0,0,0,0,0,0,1,0,0,6,18.0,50.0
5626,40.42959,-3.67952,1,1.0,1.0,30.0,1.0,7,1.0,333,50,5328.0,74.694253,2.2,2.5,1,1,1,1,1,1,1,1,1,1,1,1,1,6,15.0,50.0
5627,40.42185,-3.702,2,1.0,1.0,56.0,93.0,1,1.38,343,200,4503.0,68.043894,0.8,1.0,1,0,0,0,0,1,0,1,1,0,1,0,0,10,18.0,100.0
5628,40.40902,-3.70313,2,1.0,1.0,48.0,0.0,2,0.0,122,50,4503.0,68.043894,0.8,1.0,0,0,0,0,0,1,0,0,0,0,0,0,0,6,18.0,50.0
5629,40.42693,-3.67436,6,1.0,2.0,130.0,0.0,3,0.05,164,200,5328.0,74.694253,2.2,1.5,1,0,0,0,0,0,0,1,1,0,1,0,0,5,49.5,150.0
5630,40.40909,-3.70315,2,1.0,1.0,43.0,100.0,2,0.02,167,50,4503.0,68.043894,0.8,1.0,0,0,0,0,0,1,0,0,0,0,0,0,0,6,18.0,50.0
5631,40.40766,-3.70596,4,0.0,2.0,65.0,0.0,1,0.0,155,200,4503.0,68.043894,0.8,1.0,1,0,0,0,0,1,0,0,0,0,1,0,0,9,33.0,100.0
5632,40.41768,-3.67514,3,2.0,3.0,104.0,97.0,1,0.16,414,200,4220.0,63.672727,3.2,2.0,1,0,0,0,0,1,0,1,1,1,1,0,0,6,28.5,150.0
5633,40.4016,-3.66726,4,2.0,2.0,57.0,95.0,2,2.43,447,200,4220.0,63.672727,3.2,1.0,1,0,0,1,0,1,0,0,0,1,1,0,0,5,33.0,100.0
5634,40.43545,-3.69966,2,1.0,1.0,50.0,0.0,1,0.02,155,200,4855.0,64.056634,2.4,1.0,1,0,0,0,0,0,0,0,0,0,0,0,0,5,18.0,50.0
5635,40.40582,-3.68083,2,1.0,1.0,20.0,98.0,3,2.13,463,50,4220.0,63.672727,3.2,1.5,0,0,0,0,0,1,0,0,1,0,1,0,0,7,19.5,50.0
5636,40.42969,-3.71148,6,3.0,5.0,220.0,82.0,11,0.28,501,200,4503.0,68.043894,0.8,2.0,1,0,0,0,0,1,0,0,0,1,1,0,0,9,51.0,200.0
5637,40.43242,-3.71402,2,1.0,2.0,32.0,0.0,3,0.0,89,50,4855.0,64.056634,2.4,1.5,0,0,0,0,0,1,0,0,0,0,0,0,0,6,19.5,50.0
5638,40.45377,-3.69445,2,1.0,1.0,50.0,0.0,2,0.0,135,200,3476.0,60.621287,5.9,1.0,1,0,0,0,0,1,0,1,1,0,0,0,0,7,18.0,50.0
5639,40.42041,-3.67514,5,1.0,3.0,78.0,99.0,1,0.62,758,200,4220.0,63.672727,3.2,1.0,1,0,0,0,0,1,0,1,1,0,1,0,0,8,40.5,100.0
5640,40.4098,-3.70912,2,1.0,1.0,51.0,96.0,1,0.76,276,200,4503.0,68.043894,0.8,1.0,1,0,0,0,0,1,0,0,0,0,1,0,0,6,18.0,100.0
5641,40.39415,-3.69283,2,1.0,1.0,20.0,100.0,1,0.06,190,50,3917.0,55.025641,1.9,2.0,1,0,0,0,0,1,0,0,1,0,1,0,0,6,21.0,50.0
5642,40.44776,-3.67307,2,1.0,1.0,20.0,100.0,1,0.47,271,50,4508.0,67.220486,5.8,1.0,0,0,0,0,0,1,0,0,0,0,1,0,0,5,18.0,50.0
5643,40.43032,-3.71599,4,2.0,2.0,65.0,0.0,1,0.0,200,200,3555.0,63.451906,5.9,1.0,1,0,0,0,0,1,0,0,1,0,1,0,0,9,33.0,100.0
5644,40.45763,-3.69688,1,1.0,1.0,25.0,98.0,3,0.71,491,50,3476.0,60.621287,5.9,1.0,0,0,0,0,0,1,0,1,1,0,1,0,0,7,10.5,50.0
5645,40.41028,-3.71073,1,0.0,1.0,26.0,91.0,2,1.21,318,50,4503.0,68.043894,0.8,1.0,0,0,0,0,0,1,0,1,1,0,1,0,0,5,10.5,50.0
5646,40.41156,-3.7064,4,0.0,4.0,56.0,93.0,1,1.46,304,200,4503.0,68.043894,0.8,1.0,1,0,0,0,0,1,0,0,0,0,0,0,0,5,33.0,100.0
5647,40.42494,-3.70458,2,0.0,1.0,40.0,77.0,3,0.5,112,200,4503.0,68.043894,0.8,1.0,1,0,0,0,0,0,0,0,0,0,0,0,0,6,18.0,50.0
5648,40.40654,-3.68258,2,1.0,1.0,25.0,99.0,3,3.28,426,50,4220.0,63.672727,3.2,1.5,0,0,0,0,0,1,0,0,1,1,1,0,0,7,19.5,50.0
5649,40.41991,-3.70654,2,1.0,2.0,75.0,96.0,3,0.12,277,200,4503.0,68.043894,0.8,1.0,1,0,0,0,0,1,0,1,1,0,0,0,0,6,18.0,100.0
5650,40.48167,-3.71873,2,1.0,1.0,25.0,0.0,2,0.0,187,200,3545.0,57.198083,16.4,1.0,1,0,0,0,0,1,0,1,0,0,1,0,0,6,18.0,50.0
5651,40.41296,-3.71229,4,1.0,2.0,59.0,97.0,4,0.31,214,200,4503.0,68.043894,0.8,1.0,1,0,0,0,0,1,0,1,1,0,1,0,0,5,33.0,100.0
5652,40.47288,-3.71647,3,1.0,2.0,55.0,94.0,3,1.53,501,200,3545.0,57.198083,16.4,1.0,1,0,0,0,0,1,0,1,0,0,1,0,1,5,25.5,100.0
5653,40.4058,-3.6843,8,4.0,5.0,164.0,97.0,12,3.02,275,200,4220.0,63.672727,3.2,3.0,1,0,0,0,0,1,0,1,1,0,0,0,0,6,69.0,200.0
5654,40.43526,-3.70013,4,2.0,3.0,76.0,95.0,12,2.49,345,200,4855.0,64.056634,2.4,1.0,1,0,0,0,0,1,0,1,1,0,1,0,0,6,33.0,100.0
5655,40.427,-3.71131,2,1.0,1.0,43.0,0.0,2,0.0,114,200,4503.0,68.043894,0.8,1.0,1,0,0,0,0,0,0,0,1,0,1,0,0,6,18.0,50.0
5656,40.45648,-3.65324,2,1.0,1.0,17.0,90.0,26,5.94,207,50,3312.0,62.061453,9.2,1.0,0,0,0,1,0,1,0,0,0,0,0,0,0,8,18.0,50.0
5657,40.4114,-3.70496,2,1.0,1.0,100.0,98.0,1,0.23,519,200,4503.0,68.043894,0.8,1.0,1,0,0,0,0,1,0,0,1,0,1,0,0,9,18.0,100.0
5658,40.46556,-3.71883,1,1.0,1.0,25.0,96.0,1,0.89,450,50,3555.0,63.451906,5.9,1.5,0,0,0,0,0,1,0,1,1,0,1,0,0,8,12.0,50.0
5659,40.41892,-3.70779,4,1.0,1.0,82.0,94.0,8,2.12,639,200,4503.0,68.043894,0.8,1.0,1,1,1,1,1,1,1,1,1,1,1,1,1,8,33.0,100.0
5660,40.42488,-3.67738,6,0.0,2.0,70.0,87.0,1,0.07,191,200,5328.0,74.694253,2.2,1.0,1,0,0,0,0,1,0,0,1,0,1,0,0,7,48.0,100.0
5662,40.37037,-3.77037,2,1.0,1.0,75.0,96.0,1,0.26,396,200,2287.0,47.008319,4.7,2.0,1,0,0,0,0,1,0,1,1,1,1,0,0,5,21.0,100.0
5663,40.41132,-3.71206,8,2.0,4.0,33.0,90.0,10,2.49,522,200,4503.0,68.043894,0.8,1.0,1,0,0,0,0,1,0,1,0,1,1,0,0,7,63.0,50.0
5664,40.40025,-3.63587,2,1.0,1.0,24.0,96.0,1,0.13,210,50,2547.0,45.581197,5.0,1.0,0,0,0,0,0,1,0,0,1,0,0,0,0,5,18.0,50.0
5665,40.43727,-3.6655,2,0.0,1.0,40.0,93.0,1,1.95,313,200,5328.0,74.694253,2.2,1.0,1,0,0,0,0,1,0,1,1,0,1,0,0,7,18.0,50.0
5666,40.42871,-3.68348,1,1.0,1.0,21.0,100.0,1,0.02,246,50,5328.0,74.694253,2.2,1.0,1,0,0,0,0,1,0,1,1,0,1,0,0,5,10.5,50.0
5667,40.45533,-3.70261,6,2.0,2.0,53.0,92.0,9,4.93,637,200,3476.0,60.621287,5.9,1.5,1,0,0,0,0,1,0,1,1,1,1,0,0,7,49.5,100.0
5668,40.41223,-3.70246,4,1.0,2.0,35.0,98.0,1,6.67,391,200,4503.0,68.043894,0.8,1.0,1,0,0,0,0,1,0,1,1,0,1,0,0,5,33.0,50.0
5669,40.41316,-3.72127,4,2.0,1.0,71.0,94.0,5,0.51,471,200,3917.0,55.025641,1.9,1.0,1,0,0,0,0,0,0,1,1,0,1,0,0,5,33.0,100.0
5670,40.40999,-3.71473,4,1.0,1.0,54.0,90.0,5,0.74,269,200,4503.0,68.043894,0.8,1.0,1,0,0,0,0,1,0,1,0,0,1,0,0,5,33.0,100.0
5671,40.40866,-3.71424,1,1.0,1.0,20.0,0.0,1,0.0,116,50,4503.0,68.043894,0.8,1.5,0,0,0,0,0,1,0,0,0,0,0,0,0,6,12.0,50.0
5672,40.41908,-3.70762,6,2.0,2.0,83.0,93.0,1,3.98,389,200,4503.0,68.043894,0.8,1.0,1,0,0,0,0,1,0,1,1,0,1,0,0,5,48.0,100.0
5673,40.43712,-3.67644,3,1.0,1.0,30.0,0.0,1,0.02,145,50,5328.0,74.694253,2.2,1.5,1,0,0,0,0,1,0,1,1,0,1,0,0,5,27.0,50.0
5674,40.42173,-3.70452,4,1.0,2.0,49.0,97.0,1,3.91,604,200,4503.0,68.043894,0.8,1.0,1,0,0,0,0,1,0,1,1,1,1,0,0,9,33.0,50.0
5675,40.41592,-3.70685,6,2.0,4.0,105.0,88.0,11,2.78,691,200,4503.0,68.043894,0.8,1.0,1,0,0,0,0,1,0,1,0,0,1,0,0,6,48.0,150.0
5676,40.43774,-3.64155,1,1.0,1.0,18.0,98.0,2,0.95,302,50,2893.0,50.090625,6.5,1.5,0,0,0,0,0,1,0,0,0,0,0,0,0,5,12.0,50.0
5677,40.44286,-3.66888,4,1.0,2.0,78.0,93.0,1,1.45,356,200,4508.0,67.220486,5.8,2.0,1,0,0,0,0,1,0,1,0,0,1,0,0,5,36.0,100.0
5678,40.39874,-3.64241,1,1.0,1.0,15.0,98.0,2,0.91,168,50,2547.0,45.581197,5.0,1.0,0,0,0,0,0,1,0,0,0,0,0,0,0,5,10.5,50.0
5679,40.41118,-3.70308,8,2.0,4.0,33.0,83.0,10,1.28,516,200,4503.0,68.043894,0.8,1.0,1,0,0,0,0,1,0,1,1,1,1,0,0,7,63.0,50.0
5680,40.40264,-3.70764,2,1.0,1.0,41.0,97.0,1,0.41,385,50,3917.0,55.025641,1.9,1.0,1,0,0,0,0,1,1,1,1,0,0,0,0,5,18.0,50.0
5681,40.41175,-3.69986,3,1.0,2.0,49.0,98.0,1,1.45,393,200,4503.0,68.043894,0.8,1.0,1,0,0,0,0,0,0,1,1,0,1,0,0,8,25.5,50.0
5682,40.42535,-3.7016,2,0.0,1.0,75.0,95.0,2,0.58,420,200,4503.0,68.043894,0.8,1.0,1,0,0,0,0,1,0,1,1,1,0,0,0,6,18.0,100.0
5683,40.38133,-3.67545,2,1.0,2.0,24.0,91.0,4,0.93,412,50,1890.0,41.443535,5.0,2.0,0,0,0,0,0,1,0,1,0,0,1,0,0,5,21.0,50.0
5684,40.40755,-3.67332,1,1.0,1.0,15.0,93.0,1,0.54,280,50,4220.0,63.672727,3.2,1.0,0,0,0,0,0,1,0,0,1,0,1,0,0,10,10.5,50.0
5685,40.41717,-3.70241,6,3.0,5.0,121.0,99.0,1,0.69,557,200,4503.0,68.043894,0.8,1.0,1,0,0,0,0,1,0,1,1,0,1,0,1,5,48.0,150.0
5686,40.45488,-3.68023,3,1.0,2.0,69.0,97.0,1,1.22,416,200,4508.0,67.220486,5.8,1.0,1,0,0,1,0,1,0,1,1,0,1,0,0,5,25.5,100.0
5687,40.40605,-3.67987,2,1.0,2.0,39.0,100.0,1,0.06,145,50,4220.0,63.672727,3.2,1.0,0,0,0,0,0,1,0,0,1,0,1,0,0,7,18.0,50.0
5688,40.40934,-3.71084,10,4.0,6.0,229.0,98.0,6,3.24,497,200,4503.0,68.043894,0.8,3.0,1,0,0,0,0,1,0,1,0,1,1,0,0,5,84.0,200.0
5689,40.41896,-3.70078,2,2.0,3.0,50.0,0.0,1,0.0,2,50,4503.0,68.043894,0.8,1.0,0,0,0,0,0,0,0,0,0,0,0,0,0,6,18.0,50.0
5690,40.42541,-3.7068,6,3.0,4.0,300.0,98.0,2,2.12,486,200,4503.0,68.043894,0.8,2.0,1,0,0,0,0,1,0,1,1,0,0,0,0,8,51.0,200.0
5691,40.42182,-3.69771,6,2.0,2.0,80.0,96.0,11,1.02,607,200,4503.0,68.043894,0.8,2.0,1,0,0,0,0,1,0,1,0,1,1,0,0,7,51.0,100.0
5692,40.47134,-3.68963,4,1.0,3.0,93.0,93.0,3,1.94,486,200,3476.0,60.621287,5.9,1.5,1,0,0,0,0,1,0,1,0,0,1,0,1,5,34.5,100.0
5693,40.43112,-3.68172,1,0.0,1.0,29.0,100.0,1,0.02,146,50,5328.0,74.694253,2.2,1.0,1,0,0,0,0,1,0,1,1,0,0,0,0,7,10.5,50.0
5694,40.49865,-3.65305,6,3.0,4.0,80.0,96.0,1,3.1,398,200,3312.0,62.061453,9.2,2.0,1,0,0,0,0,1,1,1,1,0,0,0,0,5,51.0,100.0
5695,40.42776,-3.63842,2,2.0,2.0,50.0,95.0,4,0.09,48,50,2893.0,50.090625,6.5,1.0,0,0,0,0,0,0,0,0,0,0,0,0,0,7,18.0,50.0
5696,40.40218,-3.66963,3,1.0,1.0,61.0,100.0,1,2.87,510,200,4220.0,63.672727,3.2,1.0,1,0,0,1,0,1,0,1,0,0,1,0,0,6,25.5,100.0
5697,40.42865,-3.67613,1,1.0,6.0,46.0,96.0,4,0.38,383,200,5328.0,74.694253,2.2,1.5,1,0,0,0,0,1,0,1,1,0,1,0,0,8,12.0,50.0
5698,40.4378,-3.70019,2,1.0,1.0,34.0,99.0,1,0.8,347,50,4855.0,64.056634,2.4,1.0,0,0,0,0,0,1,0,0,0,1,1,0,0,6,18.0,50.0
5700,40.41171,-3.7,2,1.0,1.0,45.0,98.0,1,1.77,270,50,4503.0,68.043894,0.8,1.0,1,0,0,0,0,1,0,0,0,0,0,0,0,9,18.0,50.0
5701,40.43146,-3.64209,2,1.0,1.0,18.0,95.0,1,7.08,588,50,2893.0,50.090625,6.5,1.0,1,0,0,0,0,1,0,0,1,0,1,0,0,6,18.0,50.0
5702,40.43078,-3.62508,1,1.0,1.0,22.0,80.0,1,0.05,84,50,2477.0,70.967532,7.3,1.0,0,0,0,0,0,1,0,0,0,0,1,0,0,7,10.5,50.0
5704,40.40936,-3.71077,8,4.0,6.0,53.0,100.0,6,0.16,263,50,4503.0,68.043894,0.8,3.0,1,0,0,0,0,1,0,1,0,0,1,0,0,5,69.0,100.0
5705,40.42395,-3.70705,3,2.0,2.0,71.0,93.0,1,0.41,109,200,4503.0,68.043894,0.8,1.0,1,0,0,0,0,1,0,0,0,0,0,0,0,5,25.5,100.0
5706,40.4508,-3.7073,2,1.0,1.0,28.0,100.0,2,0.05,323,50,3476.0,60.621287,5.9,1.0,0,0,0,1,0,1,0,1,0,0,1,0,0,7,18.0,50.0
5707,40.42863,-3.69001,4,2.0,3.0,50.0,0.0,1,0.02,310,200,4855.0,64.056634,2.4,2.0,1,0,0,0,0,1,0,0,0,1,1,0,0,6,36.0,50.0
5708,40.41467,-3.69931,10,5.0,8.0,290.0,97.0,19,2.31,554,200,4503.0,68.043894,0.8,4.0,1,0,0,0,0,1,0,1,1,1,0,0,0,8,87.0,200.0
5709,40.40929,-3.7369,2,1.0,1.0,30.0,0.0,1,0.0,162,50,2287.0,47.008319,4.7,1.0,0,0,0,0,0,1,0,0,0,0,1,0,0,5,18.0,50.0
5710,40.41104,-3.70828,4,1.0,1.0,72.0,99.0,2,2.74,407,200,4503.0,68.043894,0.8,1.0,1,0,0,0,0,1,0,1,1,0,1,0,0,7,33.0,100.0
5711,40.43539,-3.67703,1,1.0,1.0,36.0,97.0,2,2.22,432,50,5328.0,74.694253,2.2,1.0,1,0,0,0,0,1,0,1,1,0,1,0,0,9,10.5,50.0
5712,40.41782,-3.70965,5,2.0,3.0,106.0,98.0,2,2.17,681,200,4503.0,68.043894,0.8,2.0,1,0,0,0,0,1,0,1,1,1,1,0,0,8,43.5,150.0
5713,40.42761,-3.70163,2,1.0,2.0,35.0,95.0,2,4.59,551,200,4503.0,68.043894,0.8,1.0,1,0,0,0,0,1,0,1,0,0,1,0,0,8,18.0,50.0
5714,40.41707,-3.70689,4,1.0,2.0,50.0,93.0,1,0.14,274,50,4503.0,68.043894,0.8,1.0,1,0,0,0,0,1,0,0,1,1,1,0,0,9,33.0,50.0
5715,40.41456,-3.70795,2,1.0,1.0,25.0,97.0,6,0.14,154,50,4503.0,68.043894,0.8,1.0,0,0,0,0,0,1,0,0,0,0,0,0,0,7,18.0,50.0
5716,40.45856,-3.65377,2,1.0,1.0,22.0,89.0,26,4.1,225,50,3312.0,62.061453,9.2,1.0,1,0,0,1,0,1,0,0,0,0,1,0,0,8,18.0,50.0
5717,40.41432,-3.70154,7,3.0,5.0,225.0,100.0,3,1.25,379,200,4503.0,68.043894,0.8,1.5,1,0,0,0,0,1,0,1,1,0,1,0,0,7,57.0,200.0
5718,40.41214,-3.70151,2,1.0,2.0,56.0,100.0,1,0.02,322,200,4503.0,68.043894,0.8,1.0,1,0,0,0,0,1,0,1,0,0,1,0,0,5,18.0,100.0
5719,40.41342,-3.73185,4,2.0,3.0,72.0,90.0,1,0.3,218,200,2287.0,47.008319,4.7,2.0,1,0,0,0,0,1,0,1,1,0,1,0,0,5,36.0,100.0
5720,40.42547,-3.69517,4,1.0,2.0,150.0,0.0,1,0.0,228,200,4503.0,68.043894,0.8,1.0,1,0,0,0,0,1,0,1,1,0,1,0,0,9,33.0,150.0
5721,40.39741,-3.71915,4,1.0,2.0,53.0,95.0,1,1.23,379,200,2195.0,47.402837,6.6,1.0,1,0,0,0,0,1,0,1,1,0,1,0,1,9,33.0,100.0
5722,40.42293,-3.69975,2,1.0,1.0,65.0,100.0,1,1.13,364,200,4503.0,68.043894,0.8,1.0,1,0,0,0,0,1,0,1,0,0,1,0,0,7,18.0,100.0
5723,40.40933,-3.71086,2,1.0,1.0,60.0,100.0,6,0.09,245,50,4503.0,68.043894,0.8,1.0,1,0,0,0,0,1,0,1,0,0,0,0,0,5,18.0,100.0
5724,40.40921,-3.66928,1,1.0,1.0,16.0,100.0,1,0.11,331,50,4220.0,63.672727,3.2,1.0,0,0,0,0,0,1,0,0,0,0,1,0,0,8,10.5,50.0
5725,40.40932,-3.7108,2,1.0,1.0,50.0,100.0,6,0.14,267,50,4503.0,68.043894,0.8,1.0,0,0,0,0,0,1,0,1,0,0,1,0,0,5,18.0,50.0
5726,40.40933,-3.71082,2,1.0,2.0,50.0,100.0,6,0.07,254,50,4503.0,68.043894,0.8,1.0,0,0,0,0,0,1,0,1,0,0,0,0,0,5,18.0,50.0
5727,40.40935,-3.71084,2,1.0,1.0,50.0,95.0,6,0.09,231,50,4503.0,68.043894,0.8,1.0,0,0,0,0,0,1,0,1,0,0,0,0,0,5,18.0,50.0
5728,40.38467,-3.64724,2,1.0,2.0,15.0,0.0,1,0.0,169,50,1890.0,41.443535,5.0,1.0,0,0,0,0,0,1,0,0,1,0,1,0,0,5,18.0,50.0
5729,40.45679,-3.6518,2,1.0,1.0,19.0,89.0,26,7.48,218,50,3312.0,62.061453,9.2,1.0,0,0,0,1,0,1,0,0,0,0,0,0,0,8,18.0,50.0
5730,40.40884,-3.69675,5,3.0,4.0,270.0,99.0,20,0.43,432,200,4503.0,68.043894,0.8,2.0,1,0,0,0,0,1,0,1,1,0,1,0,0,7,43.5,200.0
5731,40.45648,-3.65243,2,1.0,1.0,15.0,88.0,26,9.32,202,50,3312.0,62.061453,9.2,1.0,0,0,0,1,0,1,0,0,0,0,0,0,0,8,18.0,50.0
5732,40.42974,-3.68391,2,1.0,1.0,69.0,95.0,1,0.32,399,200,5328.0,74.694253,2.2,1.0,1,1,1,1,1,1,1,1,1,1,1,1,1,6,18.0,100.0
5733,40.41216,-3.70238,10,4.0,5.0,182.0,89.0,20,2.76,542,200,4503.0,68.043894,0.8,2.0,1,0,0,0,0,1,0,1,1,1,1,0,0,8,81.0,200.0
5734,40.41576,-3.69717,6,2.0,5.0,160.0,97.0,1,0.68,602,200,4503.0,68.043894,0.8,1.0,1,0,0,0,0,1,0,0,0,0,1,0,0,6,48.0,200.0
5735,40.41868,-3.70892,4,1.0,1.0,85.0,97.0,1,1.44,638,200,4503.0,68.043894,0.8,1.0,1,0,0,0,0,1,0,1,1,0,1,0,1,0,33.0,100.0
5736,40.40978,-3.6962,4,2.0,3.0,56.0,97.0,1,4.19,402,200,4503.0,68.043894,0.8,1.0,1,0,0,1,0,1,0,1,1,0,1,0,1,6,33.0,100.0
5737,40.39352,-3.72674,2,1.0,1.0,28.0,91.0,1,1.67,431,50,2195.0,47.402837,6.6,1.0,0,0,0,0,0,1,0,0,0,1,1,0,0,6,18.0,50.0
5738,40.42341,-3.69956,4,1.0,2.0,167.0,96.0,62,0.13,452,200,4503.0,68.043894,0.8,2.0,1,0,0,1,0,1,0,1,1,1,1,0,0,5,36.0,200.0
5739,40.40976,-3.69982,4,1.0,1.0,71.0,99.0,1,3.94,573,200,4503.0,68.043894,0.8,1.0,1,0,0,0,0,1,0,1,1,1,1,0,0,8,33.0,100.0
5740,40.40893,-3.69655,6,3.0,7.0,169.0,91.0,1,2.54,498,200,4503.0,68.043894,0.8,2.0,1,0,0,0,0,1,0,1,0,1,1,1,0,9,51.0,200.0
5741,40.50707,-3.69743,2,1.0,1.0,44.0,90.0,1,0.14,167,50,3545.0,57.198083,16.4,1.0,0,0,0,0,0,1,0,0,1,0,0,0,0,6,18.0,50.0
5742,40.4289,-3.70378,4,1.0,1.0,70.0,98.0,5,2.12,268,200,4503.0,68.043894,0.8,2.0,1,0,0,0,0,1,0,1,0,0,0,0,0,10,36.0,100.0
5748,40.40867,-3.70374,4,2.0,3.0,40.0,98.0,2,6.29,501,200,4503.0,68.043894,0.8,1.0,1,0,0,0,0,1,0,1,1,1,1,0,0,9,33.0,50.0
5749,40.40691,-3.70291,2,1.0,1.0,28.0,72.0,2,0.11,27,50,4503.0,68.043894,0.8,1.0,1,0,0,0,0,0,0,0,0,0,0,0,0,5,18.0,50.0
5750,40.40544,-3.67541,2,1.0,1.0,56.0,98.0,3,3.23,239,200,4220.0,63.672727,3.2,1.0,1,0,0,0,0,1,0,1,1,0,0,0,0,7,18.0,100.0
5751,40.39722,-3.64227,1,1.0,1.0,15.0,91.0,2,0.82,122,50,2547.0,45.581197,5.0,1.0,0,0,0,0,0,1,0,0,0,0,0,0,0,5,10.5,50.0
5752,40.41072,-3.71311,4,1.0,1.0,55.0,90.0,5,1.76,441,200,4503.0,68.043894,0.8,1.0,1,0,0,0,0,1,0,1,0,0,1,0,0,8,33.0,100.0
5753,40.42093,-3.70206,4,0.0,2.0,60.0,95.0,1,2.31,524,200,4503.0,68.043894,0.8,1.0,1,0,0,0,0,1,0,1,1,1,1,0,0,5,33.0,100.0
5755,40.40701,-3.70078,4,2.0,3.0,85.0,100.0,3,0.21,357,200,4503.0,68.043894,0.8,1.0,1,0,0,0,0,1,0,1,0,0,1,0,0,8,33.0,100.0
5756,40.40325,-3.69039,4,2.0,2.0,70.0,88.0,1,0.64,120,50,3917.0,55.025641,1.9,1.0,0,0,0,0,0,1,0,0,1,0,1,0,0,7,33.0,100.0
5757,40.41373,-3.7016,3,1.0,1.0,45.0,80.0,3,0.57,143,50,4503.0,68.043894,0.8,1.0,1,1,1,1,1,1,1,1,1,1,1,1,1,6,25.5,50.0
5758,40.40669,-3.71415,1,1.0,1.0,30.0,100.0,1,0.02,160,50,3917.0,55.025641,1.9,1.0,0,0,0,0,0,1,0,0,1,0,1,0,0,6,10.5,50.0
5759,40.45372,-3.69098,1,1.0,1.0,150.0,0.0,1,0.0,79,200,3476.0,60.621287,5.9,1.0,1,0,0,0,0,1,0,0,0,0,0,0,0,7,10.5,150.0
5761,40.41469,-3.70013,6,2.0,2.0,68.0,92.0,23,4.14,501,200,4503.0,68.043894,0.8,1.0,1,0,0,1,0,1,0,1,1,1,0,0,0,10,48.0,100.0
5762,40.43876,-3.67339,2,1.0,2.0,35.0,94.0,1,1.2,415,50,5328.0,74.694253,2.2,1.0,0,0,0,1,0,1,0,0,1,1,1,0,0,10,18.0,50.0
5763,40.41593,-3.67581,6,3.0,3.0,132.0,97.0,19,1.85,401,200,4220.0,63.672727,3.2,2.0,1,0,0,0,0,1,0,1,1,1,1,0,0,8,51.0,150.0
5764,40.38351,-3.66976,1,1.0,1.0,16.0,89.0,2,4.96,222,50,1890.0,41.443535,5.0,1.0,0,0,0,1,0,1,0,0,0,0,1,0,0,5,10.5,50.0
5765,40.43703,-3.69225,1,1.0,1.0,35.0,80.0,8,0.14,452,50,4855.0,64.056634,2.4,1.5,0,0,0,0,0,1,0,0,0,0,1,0,0,7,12.0,50.0
5766,40.4245,-3.69771,4,1.0,2.0,58.0,88.0,1,3.97,406,200,4503.0,68.043894,0.8,1.0,1,0,0,0,0,1,0,0,0,0,1,0,0,5,33.0,100.0
5767,40.40914,-3.71073,2,1.0,1.0,60.0,93.0,2,2.74,342,200,4503.0,68.043894,0.8,1.0,1,0,0,0,0,1,0,0,0,0,0,0,0,6,18.0,100.0
5768,40.39877,-3.67092,2,1.0,1.0,30.0,100.0,1,0.71,143,50,4220.0,63.672727,3.2,1.0,0,0,0,0,0,1,0,0,1,0,0,0,0,9,18.0,50.0
5769,40.42503,-3.69413,4,1.0,2.0,69.0,96.0,1,0.56,371,200,4503.0,68.043894,0.8,1.0,1,0,0,0,0,1,0,1,0,1,0,0,0,7,33.0,100.0
5770,40.39447,-3.73898,3,3.0,1.0,13.0,0.0,1,0.0,88,50,2287.0,47.008319,4.7,1.0,0,0,0,0,0,0,0,0,1,0,0,0,0,5,25.5,50.0
5771,40.43503,-3.70356,4,1.0,2.0,69.0,86.0,1,0.85,409,200,4855.0,64.056634,2.4,1.0,1,0,0,0,0,1,1,0,1,0,1,0,0,5,33.0,100.0
5772,40.40177,-3.69133,4,1.0,2.0,65.0,100.0,1,0.07,165,200,3917.0,55.025641,1.9,1.0,1,0,0,0,0,1,0,1,1,0,0,0,0,7,33.0,100.0
5773,40.39242,-3.71158,2,1.0,1.0,39.0,84.0,1,0.21,71,200,2195.0,47.402837,6.6,1.0,1,0,0,0,0,1,0,0,0,0,0,0,0,7,18.0,50.0
5774,40.42495,-3.70097,5,3.0,3.0,300.0,70.0,3,0.05,405,200,4503.0,68.043894,0.8,1.0,1,0,0,0,0,1,0,1,1,0,1,0,0,8,40.5,200.0
5775,40.38583,-3.716,1,2.0,1.0,118.0,0.0,1,0.0,70,200,2316.0,43.910072,4.6,1.0,1,0,0,0,0,0,0,1,1,0,0,0,0,5,10.5,150.0
5776,40.40996,-3.71075,4,1.0,2.0,70.0,93.0,25,3.47,435,200,4503.0,68.043894,0.8,1.0,1,0,0,0,0,1,0,0,0,1,1,0,0,9,33.0,100.0
5777,40.40989,-3.71086,2,1.0,1.0,30.0,100.0,1,0.07,71,50,4503.0,68.043894,0.8,1.0,0,0,0,0,0,1,0,0,0,0,0,0,0,6,18.0,50.0
5778,40.42508,-3.70028,5,2.0,2.0,140.0,94.0,1,2.35,327,200,4503.0,68.043894,0.8,2.0,1,0,0,0,0,1,0,1,0,1,1,0,0,5,43.5,150.0
5779,40.47544,-3.58292,2,1.0,1.0,26.0,80.0,1,0.02,147,50,3047.0,56.183432,11.8,1.0,0,0,0,0,0,1,0,0,0,0,0,0,0,6,18.0,50.0
5780,40.413,-3.6984,5,2.0,3.0,69.0,97.0,1,3.85,502,200,4503.0,68.043894,0.8,2.0,1,0,0,0,0,1,0,1,1,0,1,0,0,5,43.5,100.0
5781,40.39757,-3.67185,6,2.0,4.0,60.0,0.0,1,0.0,160,200,4220.0,63.672727,3.2,1.0,1,0,0,0,0,1,0,0,1,0,1,0,0,5,48.0,100.0
5782,40.41095,-3.69935,2,1.0,1.0,51.0,93.0,4,0.71,383,200,4503.0,68.043894,0.8,1.0,1,0,0,0,0,1,0,0,0,0,1,0,1,0,18.0,100.0
5783,40.41588,-3.70423,4,1.0,2.0,75.0,92.0,3,3.2,349,200,4503.0,68.043894,0.8,1.0,1,0,0,0,0,1,0,1,0,1,1,0,0,5,33.0,100.0
5784,40.41225,-3.70738,6,2.0,4.0,131.0,93.0,9,2.36,395,200,4503.0,68.043894,0.8,1.0,1,0,0,0,0,1,0,1,1,1,1,0,0,3,48.0,150.0
5785,40.41469,-3.70141,6,2.0,3.0,86.0,96.0,3,2.86,366,200,4503.0,68.043894,0.8,2.0,1,0,0,0,0,1,0,1,0,0,1,0,0,9,51.0,100.0
5786,40.40947,-3.71434,4,1.0,2.0,52.0,90.0,88,2.85,310,200,4503.0,68.043894,0.8,1.0,1,0,0,0,0,1,0,1,1,0,1,0,0,6,33.0,100.0
5787,40.47518,-3.58224,2,1.0,2.0,40.0,97.0,5,8.24,847,50,3047.0,56.183432,11.8,1.5,0,0,0,0,0,0,0,0,1,1,1,0,1,10,19.5,50.0
5788,40.42231,-3.70377,6,2.0,4.0,109.0,95.0,1,2.99,474,200,4503.0,68.043894,0.8,1.0,1,0,0,0,0,1,0,0,0,1,1,0,0,8,48.0,150.0
5789,40.38646,-3.75646,1,1.0,1.0,22.0,100.0,2,0.11,198,50,2287.0,47.008319,4.7,1.0,0,0,0,0,0,1,0,1,0,0,0,0,0,5,10.5,50.0
5790,40.42964,-3.66443,1,1.0,1.0,18.0,100.0,1,0.11,148,50,5328.0,74.694253,2.2,2.0,1,0,0,0,0,1,0,0,1,0,0,0,0,5,13.5,50.0
5791,40.42739,-3.70677,1,1.0,1.0,36.0,97.0,2,2.53,377,50,4503.0,68.043894,0.8,1.0,1,1,1,1,1,1,1,1,1,1,1,1,1,7,10.5,50.0
5792,40.44561,-3.70249,1,1.0,1.0,19.0,80.0,1,0.05,93,50,4855.0,64.056634,2.4,1.0,0,0,0,0,0,1,0,0,1,0,0,0,0,5,10.5,50.0
5793,40.42262,-3.70485,1,1.0,1.0,38.0,100.0,2,0.07,115,50,4503.0,68.043894,0.8,1.0,1,0,0,0,0,1,0,0,1,0,1,0,0,7,10.5,50.0
5794,40.40614,-3.68056,1,1.0,1.0,12.0,100.0,1,0.02,173,50,4220.0,63.672727,3.2,1.0,0,0,0,0,0,1,0,1,1,0,0,0,0,5,10.5,50.0
5795,40.41204,-3.70178,1,1.0,1.0,24.0,97.0,1,1.29,277,50,4503.0,68.043894,0.8,1.0,0,0,0,0,0,1,0,0,0,1,0,0,0,7,10.5,50.0
5796,40.41782,-3.70443,6,2.0,3.0,177.0,20.0,43,0.02,372,200,4503.0,68.043894,0.8,2.0,1,0,0,0,0,1,0,1,1,1,0,0,0,6,51.0,200.0
5797,40.41642,-3.67477,1,1.0,1.0,18.0,94.0,4,1.04,173,50,4220.0,63.672727,3.2,1.0,0,0,0,0,0,1,0,0,1,0,1,0,0,5,10.5,50.0
5798,40.41286,-3.6999,4,0.0,2.0,1139.0,88.0,27,1.03,461,200,4503.0,68.043894,0.8,1.0,1,0,0,0,0,1,0,1,1,1,1,0,0,7,33.0,200.0
5799,40.41378,-3.70758,3,1.0,2.0,38.0,98.0,1,3.08,386,200,4503.0,68.043894,0.8,1.0,1,0,0,0,0,1,0,1,0,0,1,0,1,6,25.5,50.0
5800,40.43967,-3.67536,1,1.0,1.0,25.0,93.0,2,0.09,482,50,4508.0,67.220486,5.8,1.5,0,0,0,0,0,1,0,0,0,0,0,0,0,5,12.0,50.0
5801,40.41901,-3.70545,4,2.0,4.0,95.0,94.0,2,1.76,521,200,4503.0,68.043894,0.8,1.0,1,0,0,0,0,1,0,1,1,0,1,0,0,9,33.0,100.0
5802,40.43485,-3.61581,1,1.0,1.0,15.0,96.0,3,1.36,373,50,2477.0,70.967532,7.3,1.0,0,0,0,1,0,1,0,1,1,0,1,0,0,10,10.5,50.0
5803,40.41366,-3.70666,4,2.0,2.0,34.0,88.0,2,1.45,328,200,4503.0,68.043894,0.8,1.0,1,0,0,0,0,1,0,1,1,0,1,0,0,5,33.0,50.0
5804,40.39582,-3.71399,1,1.0,1.0,20.0,0.0,1,0.0,86,50,2195.0,47.402837,6.6,1.0,0,0,0,0,0,1,0,0,0,0,1,0,0,5,10.5,50.0
5805,40.4328,-3.70003,2,1.0,1.0,37.0,98.0,1,0.21,404,50,4855.0,64.056634,2.4,2.0,0,0,0,0,0,1,0,0,0,0,1,0,0,6,21.0,50.0
5806,40.38932,-3.65656,3,2.0,2.0,25.0,100.0,2,0.07,152,200,1890.0,41.443535,5.0,1.0,1,0,0,0,0,0,0,0,0,0,1,0,1,5,25.5,50.0
5807,40.42991,-3.66837,2,1.0,1.0,19.0,92.0,1,1.6,188,50,5328.0,74.694253,2.2,1.0,0,0,0,0,0,1,0,0,0,0,0,0,0,6,18.0,50.0
5808,40.41818,-3.6974,4,1.0,3.0,27.0,100.0,22,0.03,473,50,4503.0,68.043894,0.8,1.0,0,0,0,0,0,1,0,0,0,0,1,0,0,11,33.0,50.0
5809,40.40996,-3.7072,1,1.0,1.0,19.0,100.0,2,0.38,356,50,4503.0,68.043894,0.8,1.0,0,0,0,0,0,1,0,0,1,0,1,0,0,6,10.5,50.0
5810,40.438,-3.67471,1,1.0,2.0,31.0,95.0,1,0.28,237,50,5328.0,74.694253,2.2,1.0,0,0,0,0,0,1,0,1,0,0,0,0,0,6,10.5,50.0
5811,40.38577,-3.75649,1,1.0,1.0,22.0,100.0,2,0.07,137,50,2287.0,47.008319,4.7,1.0,0,0,0,0,0,1,0,1,0,0,0,0,0,5,10.5,50.0
5812,40.44336,-3.70092,1,1.0,1.0,36.0,100.0,1,0.07,243,50,4855.0,64.056634,2.4,1.0,0,0,0,0,0,1,0,0,0,0,0,0,0,6,10.5,50.0
5813,40.46659,-3.72641,2,1.0,1.0,60.0,95.0,1,0.37,488,50,3555.0,63.451906,5.9,1.0,0,0,0,0,0,1,0,0,0,1,1,0,1,5,18.0,100.0
5814,40.41667,-3.7039,8,2.0,2.0,105.0,94.0,7,1.85,225,200,4503.0,68.043894,0.8,2.0,1,0,0,0,0,1,0,1,1,0,0,0,0,6,66.0,150.0
5815,40.42659,-3.71714,8,4.0,5.0,140.0,84.0,1,0.23,254,200,3555.0,63.451906,5.9,2.0,1,0,0,0,0,1,0,1,1,1,0,0,0,5,66.0,150.0
5816,40.39676,-3.76099,1,1.0,1.0,14.0,95.0,1,1.0,220,50,2287.0,47.008319,4.7,1.0,0,0,0,0,0,1,0,0,0,0,1,0,0,8,10.5,50.0
5817,40.40963,-3.70993,3,1.0,2.0,87.0,93.0,17,1.49,658,200,4503.0,68.043894,0.8,1.0,1,0,0,0,0,1,0,1,1,0,1,0,1,8,25.5,100.0
5818,40.38142,-3.60587,2,1.0,1.0,34.0,98.0,1,0.94,386,50,2382.0,49.659794,11.0,1.5,1,0,0,0,0,1,0,0,0,0,1,0,0,8,19.5,50.0
5819,40.42935,-3.70592,8,4.0,5.0,229.0,98.0,1,0.31,771,200,4503.0,68.043894,0.8,2.0,1,0,0,0,0,1,0,1,0,1,1,0,0,9,66.0,200.0
5820,40.40619,-3.71294,2,1.0,1.0,27.0,96.0,2,2.64,403,50,3917.0,55.025641,1.9,1.0,0,0,0,0,0,1,0,1,0,1,1,0,0,6,18.0,50.0
5821,40.40588,-3.69451,3,1.0,3.0,51.0,97.0,8,6.48,365,200,3917.0,55.025641,1.9,1.0,1,0,0,0,0,1,0,1,1,1,0,0,0,5,25.5,100.0
5822,40.42957,-3.66747,1,1.0,1.0,70.0,0.0,1,0.0,175,50,5328.0,74.694253,2.2,1.0,1,0,0,0,0,1,0,1,1,0,1,0,0,5,10.5,100.0
5823,40.39789,-3.70153,2,1.0,1.0,32.0,0.0,1,0.02,67,50,3917.0,55.025641,1.9,1.0,0,0,0,0,0,1,0,0,0,0,1,0,0,5,18.0,50.0
5824,40.44401,-3.67171,4,1.0,3.0,75.0,60.0,12,0.02,701,200,4508.0,67.220486,5.8,1.0,1,0,0,0,0,1,0,1,1,0,1,0,0,5,33.0,100.0
5826,40.42348,-3.69798,1,1.0,1.0,40.0,0.0,1,0.0,196,50,4503.0,68.043894,0.8,1.0,1,0,0,0,0,1,0,1,1,0,0,0,0,11,10.5,50.0
5827,40.40933,-3.70554,3,1.0,1.0,82.0,96.0,25,3.34,221,200,4503.0,68.043894,0.8,1.0,1,0,0,0,1,1,0,1,0,0,0,0,0,9,25.5,100.0
5828,40.40715,-3.69434,2,1.0,2.0,42.0,98.0,8,8.26,365,200,3917.0,55.025641,1.9,1.0,1,0,0,0,0,1,0,1,1,1,0,0,0,5,18.0,50.0
5829,40.40567,-3.69621,3,1.0,2.0,34.0,97.0,8,7.52,349,200,3917.0,55.025641,1.9,1.0,1,0,0,0,0,1,0,1,1,1,0,0,0,5,25.5,50.0
5830,40.40569,-3.69505,3,1.0,3.0,35.0,97.0,8,6.69,336,200,3917.0,55.025641,1.9,1.0,1,0,0,0,0,1,0,1,1,0,0,0,0,5,25.5,50.0
5831,40.43206,-3.6662,1,1.0,2.0,90.0,100.0,1,0.02,254,200,5328.0,74.694253,2.2,1.0,1,0,0,0,0,1,0,1,1,0,1,0,0,9,10.5,100.0
5832,40.42298,-3.69854,2,1.0,1.0,40.0,0.0,1,0.0,160,50,4503.0,68.043894,0.8,1.0,0,0,0,0,0,1,0,1,0,0,1,0,0,7,18.0,50.0
5833,40.40175,-3.66505,4,3.0,3.0,55.0,100.0,1,0.17,350,200,1890.0,41.443535,5.0,1.0,1,0,0,0,0,1,0,0,0,0,1,0,0,5,33.0,100.0
5834,40.42329,-3.70086,2,1.0,1.0,38.0,99.0,2,3.04,356,50,4503.0,68.043894,0.8,1.0,0,0,0,0,0,1,0,1,0,0,0,0,0,8,18.0,50.0
5835,40.41424,-3.70419,2,1.0,1.0,32.0,97.0,8,3.3,510,50,4503.0,68.043894,0.8,1.0,1,0,0,0,0,1,0,1,1,0,1,0,0,6,18.0,50.0
5836,40.43157,-3.68497,2,0.0,2.0,100.0,95.0,1,2.75,423,200,5328.0,74.694253,2.2,1.0,1,0,0,0,0,1,0,1,1,0,1,0,0,5,18.0,100.0
5837,40.44742,-3.70052,4,1.0,2.0,56.0,88.0,7,2.1,263,200,3476.0,60.621287,5.9,1.0,1,0,0,0,0,1,0,1,0,0,1,0,0,8,33.0,100.0
5838,40.44704,-3.70389,2,1.0,1.0,20.0,100.0,1,0.05,111,50,3476.0,60.621287,5.9,1.5,0,0,0,0,0,1,0,0,0,0,1,0,0,7,19.5,50.0
5839,40.40813,-3.71027,2,1.0,1.0,55.0,97.0,7,6.32,516,200,4503.0,68.043894,0.8,1.0,1,0,0,0,0,1,0,1,1,1,1,0,0,6,18.0,100.0
5840,40.42198,-3.69883,4,1.0,1.0,59.0,91.0,5,0.92,378,200,4503.0,68.043894,0.8,1.5,1,0,0,0,0,1,0,0,0,1,0,0,0,5,34.5,100.0
5841,40.43003,-3.59975,3,2.0,3.0,700.0,0.0,1,0.0,241,50,2477.0,70.967532,7.3,1.0,1,0,0,0,0,0,1,0,0,1,0,0,0,8,25.5,200.0
5842,40.41253,-3.70056,8,4.0,6.0,125.0,99.0,12,3.73,482,200,4503.0,68.043894,0.8,3.0,1,0,0,0,0,1,0,1,1,0,1,0,1,5,69.0,150.0
5843,40.41488,-3.70552,4,1.0,4.0,61.0,90.0,4,2.58,384,200,4503.0,68.043894,0.8,1.0,1,0,0,0,0,1,0,1,0,0,1,0,0,5,33.0,100.0
5844,40.42563,-3.70561,2,1.0,1.0,33.0,88.0,3,1.51,319,50,4503.0,68.043894,0.8,1.0,0,0,0,0,0,1,0,0,0,0,1,0,0,10,18.0,50.0
5845,40.40782,-3.71454,3,1.0,2.0,90.0,93.0,11,0.43,546,200,3917.0,55.025641,1.9,1.0,1,0,0,0,0,1,0,1,1,1,1,0,0,7,25.5,100.0
5846,40.41043,-3.69931,2,1.0,1.0,70.0,97.0,1,0.51,363,50,4503.0,68.043894,0.8,1.0,0,0,0,0,0,1,0,0,0,1,0,0,1,10,18.0,100.0
5847,40.4063,-3.71814,4,1.0,1.0,95.0,99.0,2,0.81,441,200,3917.0,55.025641,1.9,1.0,1,0,0,0,0,1,1,1,1,1,0,0,0,10,33.0,100.0
5848,40.40801,-3.71308,2,1.0,1.0,36.0,95.0,2,2.09,470,50,4503.0,68.043894,0.8,1.0,0,0,0,0,0,1,0,1,1,1,1,0,0,7,18.0,50.0
5849,40.39447,-3.7696,1,1.0,1.0,22.0,99.0,1,0.42,213,50,2287.0,47.008319,4.7,1.0,0,0,0,0,0,1,0,0,0,0,0,0,0,5,10.5,50.0
5850,40.41589,-3.70578,5,1.0,1.0,110.0,91.0,72,0.41,301,200,4503.0,68.043894,0.8,1.0,1,0,0,0,0,1,0,1,1,0,1,0,0,6,40.5,150.0
5851,40.39418,-3.71597,4,3.0,3.0,65.0,0.0,2,0.0,163,200,2195.0,47.402837,6.6,1.0,1,0,0,0,0,0,0,0,1,0,1,0,0,7,33.0,100.0
5852,40.42387,-3.70301,2,1.0,1.0,58.0,95.0,5,0.09,197,50,4503.0,68.043894,0.8,1.0,0,0,0,0,0,1,0,0,0,0,0,0,0,6,18.0,100.0
5853,40.42751,-3.70506,2,1.0,1.0,20.0,70.0,1,0.07,94,50,4503.0,68.043894,0.8,2.0,0,0,0,0,0,1,0,0,0,0,1,0,0,7,21.0,50.0
5854,40.47279,-3.57917,2,1.0,2.0,20.0,94.0,1,4.55,394,50,3047.0,56.183432,11.8,1.0,0,0,0,0,0,1,0,0,0,1,1,0,0,5,18.0,50.0
5855,40.35892,-3.69022,1,1.0,1.0,31.0,95.0,1,0.09,161,50,1696.0,37.641618,9.0,1.0,0,0,0,0,0,0,0,0,1,0,0,0,0,6,10.5,50.0
5856,40.42761,-3.66518,1,1.0,1.0,31.0,98.0,1,0.74,324,50,5328.0,74.694253,2.2,1.5,1,0,0,0,0,1,0,0,1,0,1,0,0,7,12.0,50.0
5857,40.42391,-3.68097,1,1.0,1.0,90.0,0.0,2,0.0,152,50,5328.0,74.694253,2.2,1.0,0,0,0,0,0,1,0,0,1,0,1,0,0,7,10.5,100.0
5858,40.42298,-3.68072,1,1.0,1.0,65.0,0.0,5,0.0,152,50,5328.0,74.694253,2.2,1.0,1,0,0,0,0,1,0,0,1,0,1,0,0,9,10.5,100.0
5859,40.42373,-3.70741,1,1.0,1.0,40.0,98.0,1,1.39,296,50,4503.0,68.043894,0.8,1.0,0,0,0,0,0,1,0,0,1,0,0,0,0,7,10.5,50.0
5860,40.42199,-3.68228,2,1.0,1.0,120.0,0.0,5,0.0,152,50,5328.0,74.694253,2.2,1.0,0,0,0,0,0,1,0,0,1,0,1,0,0,9,18.0,150.0
5861,40.42337,-3.68089,1,1.0,1.0,90.0,93.0,5,0.07,138,50,5328.0,74.694253,2.2,1.0,0,0,0,0,0,1,0,0,1,0,1,0,0,9,10.5,100.0
5862,40.4295,-3.68653,4,2.0,3.0,98.0,83.0,16,0.9,332,200,5328.0,74.694253,2.2,1.0,1,0,0,0,0,1,0,1,1,0,0,0,0,10,33.0,100.0
5863,40.4223,-3.68253,2,1.0,2.0,90.0,100.0,5,0.02,152,50,5328.0,74.694253,2.2,1.0,0,0,0,0,0,1,0,0,1,0,1,0,0,9,18.0,100.0
5864,40.42861,-3.6842,4,1.0,2.0,86.0,84.0,16,0.9,314,200,5328.0,74.694253,2.2,1.0,1,0,0,0,0,1,0,0,1,0,1,0,0,10,33.0,100.0
5865,40.44993,-3.70573,2,1.0,2.0,90.0,100.0,1,0.17,172,200,3476.0,60.621287,5.9,1.0,1,0,0,0,0,1,0,0,0,0,1,0,0,8,18.0,100.0
5866,40.35834,-3.69702,4,2.0,2.0,28.0,0.0,1,0.0,192,200,1696.0,37.641618,9.0,1.0,1,0,0,0,0,1,0,0,0,0,1,0,0,5,33.0,50.0
5867,40.43237,-3.66487,4,1.0,1.0,80.0,85.0,1,0.09,381,200,5328.0,74.694253,2.2,1.0,1,0,0,0,0,1,0,1,1,1,1,0,0,5,33.0,100.0
5868,40.38491,-3.68882,4,1.0,2.0,31.0,92.0,9,5.55,543,200,3917.0,55.025641,1.9,1.0,1,0,0,0,0,1,0,1,1,0,1,0,0,7,33.0,50.0
5869,40.38531,-3.68736,4,1.0,4.0,31.0,94.0,9,5.0,521,200,3917.0,55.025641,1.9,1.0,1,0,0,0,0,1,0,1,1,0,1,0,0,7,33.0,50.0
5870,40.42842,-3.68428,4,1.0,2.0,98.0,83.0,16,1.45,312,200,5328.0,74.694253,2.2,1.0,1,0,0,0,0,1,0,0,1,0,0,0,0,10,33.0,100.0
5871,40.40702,-3.69738,5,2.0,3.0,91.0,92.0,1,0.51,679,200,4503.0,68.043894,0.8,1.5,1,0,0,0,0,1,0,1,1,1,1,0,1,0,42.0,100.0
5872,40.4242,-3.69389,4,1.0,2.0,104.0,85.0,16,1.52,237,200,4503.0,68.043894,0.8,1.0,1,0,0,0,0,1,0,1,1,0,0,0,0,10,33.0,150.0
5873,40.42918,-3.71325,2,1.0,2.0,55.0,88.0,1,1.44,235,200,4503.0,68.043894,0.8,1.0,1,0,0,0,0,1,0,0,0,1,0,0,0,6,18.0,100.0
5874,40.39533,-3.69776,1,1.0,1.0,21.0,95.0,1,4.32,195,50,3917.0,55.025641,1.9,1.0,0,0,0,0,0,1,0,0,1,0,1,0,0,5,10.5,50.0
5875,40.41422,-3.70435,3,1.0,2.0,94.0,90.0,24,0.52,218,200,4503.0,68.043894,0.8,1.0,1,0,0,0,0,1,0,1,0,0,0,0,0,5,25.5,100.0
5876,40.41065,-3.70252,1,1.0,1.0,29.0,98.0,2,2.89,476,50,4503.0,68.043894,0.8,1.0,1,0,0,0,0,1,0,0,1,0,1,0,0,6,10.5,50.0
5877,40.40936,-3.70082,2,1.0,1.0,33.0,97.0,1,1.98,178,50,4503.0,68.043894,0.8,1.0,0,0,0,0,0,1,0,0,0,0,0,0,0,8,18.0,50.0
5878,40.42501,-3.69889,2,0.0,1.0,53.0,99.0,1,0.91,478,200,4503.0,68.043894,0.8,1.0,1,0,0,0,0,1,0,1,0,0,1,0,0,10,18.0,100.0
5879,40.41293,-3.70469,1,1.0,1.0,20.0,97.0,1,2.75,148,50,4503.0,68.043894,0.8,1.0,0,0,0,0,0,1,0,0,1,0,0,0,0,5,10.5,50.0
5880,40.43481,-3.65865,2,1.0,1.0,35.0,0.0,1,0.0,87,50,2893.0,50.090625,6.5,1.5,0,0,0,0,0,1,0,1,1,0,0,0,0,6,19.5,50.0
5881,40.45934,-3.70744,4,2.0,3.0,51.0,91.0,1,0.26,174,200,3476.0,60.621287,5.9,1.0,1,0,0,0,0,1,0,1,0,0,1,0,0,8,33.0,100.0
5882,40.41635,-3.70772,6,1.0,3.0,33.0,93.0,10,2.03,403,200,4503.0,68.043894,0.8,1.0,1,0,0,0,0,1,0,1,0,0,0,0,0,7,48.0,50.0
5883,40.40841,-3.69931,3,1.0,1.0,450.0,1.0,1,1.0,112,200,4503.0,68.043894,0.8,1.0,1,1,1,1,1,1,1,1,1,1,1,1,1,7,25.5,200.0
5884,40.40437,-3.69199,6,2.0,3.0,86.0,95.0,11,1.71,644,200,3917.0,55.025641,1.9,2.0,1,0,0,0,0,1,0,1,1,0,1,0,1,9,51.0,100.0
5885,40.3933,-3.66177,2,1.0,1.0,40.0,97.0,2,0.83,396,200,1890.0,41.443535,5.0,1.5,1,0,0,0,0,1,0,1,0,0,1,0,0,6,19.5,50.0
5886,40.42137,-3.69722,4,1.0,1.0,100.0,94.0,1,1.64,334,200,4503.0,68.043894,0.8,1.0,1,0,0,0,0,1,0,1,0,0,1,0,0,5,33.0,100.0
5887,40.45778,-3.58909,2,1.0,2.0,61.0,100.0,2,0.84,505,50,3047.0,56.183432,11.8,1.0,1,0,0,0,0,1,0,0,0,0,1,0,1,5,18.0,100.0
5888,40.42539,-3.70289,2,1.0,2.0,58.0,97.0,1,0.74,343,200,4503.0,68.043894,0.8,1.0,1,0,0,0,0,1,0,1,0,0,1,0,0,5,18.0,100.0
5889,40.44158,-3.69599,4,2.0,4.0,45.0,94.0,2,0.21,167,200,4855.0,64.056634,2.4,1.5,1,0,0,0,0,1,0,1,1,0,1,0,0,7,34.5,50.0
5890,40.41408,-3.71639,1,1.0,1.0,36.0,99.0,2,0.44,229,50,4503.0,68.043894,0.8,1.0,0,0,0,0,0,1,0,1,1,0,1,0,0,8,10.5,50.0
5891,40.41112,-3.70803,2,1.0,1.0,58.0,89.0,1,0.89,136,50,4503.0,68.043894,0.8,1.0,1,0,0,0,0,1,0,1,1,0,0,0,0,9,18.0,100.0
5892,40.40935,-3.70152,1,1.0,1.0,43.0,96.0,1,2.2,250,50,4503.0,68.043894,0.8,1.0,1,1,1,1,1,1,1,1,1,1,1,1,1,6,10.5,50.0
5893,40.44569,-3.70249,5,2.0,3.0,99.0,94.0,6,0.49,309,200,4855.0,64.056634,2.4,2.0,1,0,0,0,0,1,0,1,1,0,0,0,0,5,43.5,100.0
5894,40.42361,-3.70045,4,1.0,4.0,106.0,94.0,5,0.61,269,200,4503.0,68.043894,0.8,2.0,1,0,0,0,0,1,0,1,1,0,0,0,0,6,36.0,150.0
5895,40.41307,-3.7214,1,1.0,1.0,20.0,89.0,1,0.6,200,50,3917.0,55.025641,1.9,1.0,0,0,0,0,0,1,0,0,1,0,1,0,0,0,10.5,50.0
5896,40.4034,-3.66782,2,1.0,1.0,42.0,98.0,1,0.23,223,200,4220.0,63.672727,3.2,1.0,1,0,0,0,0,1,0,1,1,0,1,0,0,6,18.0,50.0
5897,40.42452,-3.69947,4,1.0,1.0,97.0,73.0,72,0.07,206,200,4503.0,68.043894,0.8,1.0,1,0,0,0,0,1,0,1,0,0,1,0,0,6,33.0,100.0
5898,40.46489,-3.69448,4,1.0,4.0,97.0,96.0,5,0.35,323,200,3476.0,60.621287,5.9,1.0,1,0,0,0,0,1,0,1,1,1,0,0,0,6,33.0,100.0
5899,40.4129,-3.69991,4,1.0,2.0,94.0,93.0,59,3.45,482,200,4503.0,68.043894,0.8,1.0,1,0,0,0,0,1,0,1,1,1,1,0,0,7,33.0,100.0
5900,40.4119,-3.73154,3,1.0,2.0,60.0,87.0,2,1.83,454,200,2287.0,47.008319,4.7,1.0,1,0,0,0,0,1,0,1,0,1,1,0,0,5,25.5,100.0
5901,40.42506,-3.71316,4,1.0,4.0,112.0,96.0,5,0.73,198,200,3555.0,63.451906,5.9,1.0,1,0,0,0,0,0,0,1,1,0,0,0,0,6,33.0,150.0
5902,40.42546,-3.66517,4,1.0,2.0,100.0,100.0,3,0.05,417,200,5328.0,74.694253,2.2,1.0,1,0,0,0,0,1,0,1,0,0,1,0,0,0,33.0,100.0
5903,40.47091,-3.68491,4,1.0,2.0,73.0,96.0,1,1.59,570,200,4508.0,67.220486,5.8,1.0,1,0,0,0,0,1,1,1,1,1,1,0,0,0,33.0,100.0
5904,40.4253,-3.65844,2,1.0,2.0,49.0,95.0,1,1.04,678,200,2893.0,50.090625,6.5,1.0,1,0,0,0,0,1,0,1,1,0,1,0,1,6,18.0,50.0
5905,40.38644,-3.74419,5,4.0,3.0,266.0,93.0,1,0.26,229,200,2195.0,47.402837,6.6,1.0,1,0,0,0,0,1,0,0,0,0,1,0,0,5,40.5,200.0
5906,40.43221,-3.71331,12,4.0,9.0,241.0,97.0,11,3.28,327,200,4855.0,64.056634,2.4,2.0,1,0,0,0,0,1,0,1,1,0,0,0,0,6,96.0,200.0
5907,40.4214,-3.70834,2,0.0,1.0,49.0,95.0,1,5.16,379,200,4503.0,68.043894,0.8,1.0,1,0,0,0,0,1,0,1,1,0,1,0,0,6,18.0,50.0
5908,40.45673,-3.711,1,1.0,1.0,22.0,100.0,1,0.23,429,50,3476.0,60.621287,5.9,1.5,0,0,0,0,0,1,0,0,1,0,1,0,0,5,12.0,50.0
5909,40.45047,-3.70845,2,0.0,1.0,27.0,0.0,1,0.0,108,200,3476.0,60.621287,5.9,1.0,1,0,0,0,0,0,0,1,0,0,0,0,0,5,18.0,50.0
5910,40.41842,-3.71248,2,1.0,1.0,44.0,91.0,4,1.94,213,200,4503.0,68.043894,0.8,1.0,1,0,0,0,0,1,0,0,0,0,1,0,0,10,18.0,50.0
5911,40.38875,-3.66852,5,2.0,2.0,57.0,92.0,1,2.67,446,200,1890.0,41.443535,5.0,1.0,1,0,0,0,0,1,0,1,0,1,1,0,0,6,40.5,100.0
5912,40.40749,-3.73052,1,1.0,1.0,17.0,100.0,1,0.07,195,50,2287.0,47.008319,4.7,1.0,1,0,0,0,0,1,0,0,0,0,1,0,0,5,10.5,50.0
5913,40.42567,-3.70364,3,1.0,1.0,35.0,67.0,1,0.07,166,200,4503.0,68.043894,0.8,1.0,1,0,0,0,0,1,0,0,1,0,0,0,0,5,25.5,50.0
5914,40.4137,-3.70657,4,1.0,2.0,575.0,100.0,32,0.05,378,200,4503.0,68.043894,0.8,1.0,1,0,0,0,0,1,0,1,0,0,0,0,0,9,33.0,200.0
5915,40.39838,-3.69423,2,1.0,2.0,25.0,87.0,1,0.14,76,50,3917.0,55.025641,1.9,1.0,0,0,0,0,0,1,0,0,0,0,1,0,0,6,18.0,50.0
5916,40.41415,-3.70028,6,1.0,2.0,140.0,91.0,6,0.18,196,200,4503.0,68.043894,0.8,1.0,1,0,0,0,0,1,0,1,1,0,1,0,0,5,48.0,150.0
5917,40.39382,-3.66297,2,1.0,1.0,40.0,93.0,2,0.83,354,200,1890.0,41.443535,5.0,1.0,1,0,0,0,0,1,0,1,0,0,1,0,0,6,18.0,50.0
5918,40.41678,-3.70795,6,3.0,3.0,200.0,99.0,7,1.61,301,200,4503.0,68.043894,0.8,2.0,1,0,0,0,0,1,0,1,1,0,1,0,0,7,51.0,200.0
5919,40.41564,-3.70038,4,0.0,1.0,130.0,93.0,6,0.14,196,200,4503.0,68.043894,0.8,1.0,1,0,0,0,0,1,0,1,1,0,1,0,0,5,33.0,150.0
5920,40.42451,-3.70459,2,1.0,1.0,20.0,60.0,1,0.03,264,50,4503.0,68.043894,0.8,1.0,0,0,0,0,0,1,0,0,0,1,1,0,0,6,18.0,50.0
5921,40.41492,-3.70858,4,2.0,2.0,128.0,97.0,1,4.6,488,200,4503.0,68.043894,0.8,1.0,1,0,0,0,0,1,0,1,0,1,1,0,0,8,33.0,150.0
5922,40.42181,-3.7025,6,2.0,6.0,93.0,100.0,2,0.19,357,200,4503.0,68.043894,0.8,2.0,1,0,0,0,0,1,0,1,1,0,1,0,0,5,51.0,100.0
5923,40.40888,-3.71579,2,1.0,1.0,22.0,100.0,1,0.05,292,50,4503.0,68.043894,0.8,1.0,0,0,0,0,0,1,0,0,1,0,1,0,0,8,18.0,50.0
5924,40.4101,-3.70436,5,1.0,1.0,69.0,96.0,67,2.12,267,200,4503.0,68.043894,0.8,1.0,1,0,0,0,0,1,0,1,0,0,1,0,0,7,40.5,100.0
5925,40.42196,-3.67911,1,1.0,1.0,34.0,60.0,1,0.02,193,50,5328.0,74.694253,2.2,1.0,0,0,0,0,0,1,0,0,1,0,1,0,0,0,10.5,50.0
5926,40.391,-3.71043,2,1.0,1.0,25.0,100.0,1,0.14,154,50,2195.0,47.402837,6.6,1.0,0,0,0,0,0,1,0,0,1,0,1,0,0,5,18.0,50.0
5927,40.42686,-3.70459,7,3.0,5.0,75.0,98.0,2,4.7,518,200,4503.0,68.043894,0.8,1.0,1,0,0,0,0,1,0,1,0,1,1,0,0,0,55.5,100.0
5928,40.40997,-3.69743,5,2.0,3.0,88.0,94.0,6,5.55,458,200,4503.0,68.043894,0.8,1.0,1,0,0,1,0,1,0,1,1,0,1,0,0,6,40.5,100.0
5929,40.42847,-3.70487,4,1.0,2.0,46.0,96.0,2,3.94,535,200,4503.0,68.043894,0.8,1.0,1,0,0,0,0,1,0,1,1,1,1,0,1,0,33.0,50.0
5930,40.49142,-3.72181,1,1.0,2.0,33.0,95.0,4,0.18,248,50,3545.0,57.198083,16.4,1.0,0,0,0,0,0,1,0,0,0,0,0,0,0,5,10.5,50.0
5931,40.4295,-3.6816,4,2.0,3.0,250.0,97.0,1,0.84,588,200,5328.0,74.694253,2.2,2.5,1,0,0,0,0,1,0,1,1,0,1,0,1,5,37.5,200.0
5932,40.42253,-3.70174,4,1.0,2.0,149.0,100.0,62,0.63,457,200,4503.0,68.043894,0.8,1.0,1,0,0,1,0,1,0,1,1,1,1,0,0,5,33.0,150.0
5933,40.40796,-3.69982,4,1.0,1.0,71.0,96.0,67,1.8,307,200,4503.0,68.043894,0.8,1.0,1,0,0,0,0,1,0,1,0,1,1,0,0,7,33.0,100.0
5934,40.3883,-3.74144,2,1.0,1.0,50.0,100.0,3,0.02,132,50,2195.0,47.402837,6.6,1.5,0,0,0,0,0,1,0,0,0,0,1,0,0,7,19.5,50.0
5935,40.43389,-3.65481,1,1.0,1.0,28.0,97.0,1,0.45,225,50,2893.0,50.090625,6.5,1.0,0,0,0,0,0,1,0,1,1,0,0,0,0,7,10.5,50.0
5936,40.41381,-3.70691,2,1.0,1.0,41.0,100.0,2,0.05,112,50,4503.0,68.043894,0.8,1.0,0,0,0,0,0,1,0,0,0,0,1,0,0,7,18.0,50.0
5937,40.38835,-3.74161,1,1.0,1.0,18.0,93.0,3,0.1,146,50,2195.0,47.402837,6.6,1.5,0,0,0,0,0,1,0,0,0,0,1,0,0,7,12.0,50.0
5938,40.41966,-3.70918,2,0.0,1.0,120.0,70.0,3,0.05,167,200,4503.0,68.043894,0.8,1.0,1,0,0,0,0,0,0,1,1,0,1,0,0,10,18.0,150.0
5939,40.43508,-3.674,3,1.0,2.0,61.0,87.0,1,1.14,375,200,5328.0,74.694253,2.2,1.0,1,0,0,0,0,1,0,1,1,0,1,0,0,0,25.5,100.0
5940,40.40515,-3.69792,5,0.0,1.0,86.0,99.0,1,1.93,351,200,3917.0,55.025641,1.9,1.0,1,0,0,0,0,1,1,1,1,0,0,0,0,5,40.5,100.0
5941,40.41629,-3.7061,5,2.0,3.0,204.0,91.0,1,0.91,699,200,4503.0,68.043894,0.8,1.0,1,0,0,0,0,1,0,1,1,0,1,0,0,5,40.5,200.0
5942,40.43365,-3.65225,1,1.0,1.0,21.0,0.0,1,0.0,65,50,2893.0,50.090625,6.5,1.0,0,0,0,0,0,1,0,1,1,0,0,0,0,10,10.5,50.0
5943,40.41522,-3.70893,4,1.0,1.0,91.0,95.0,2,1.67,558,200,4503.0,68.043894,0.8,1.0,1,0,0,0,0,1,0,0,1,0,1,0,0,5,33.0,100.0
5944,40.39937,-3.66837,3,1.0,2.0,60.0,70.0,1,0.05,184,200,1890.0,41.443535,5.0,1.0,1,0,0,0,0,0,0,0,0,0,1,0,0,5,25.5,100.0
5945,40.41065,-3.69944,2,1.0,1.0,43.0,95.0,4,1.89,522,200,4503.0,68.043894,0.8,1.0,1,0,0,0,0,1,0,0,0,0,0,1,0,0,18.0,50.0
5946,40.41971,-3.70014,2,0.0,1.0,75.0,94.0,1,4.97,271,200,4503.0,68.043894,0.8,1.0,1,0,0,0,0,1,0,1,0,0,1,0,0,9,18.0,100.0
5947,40.43741,-3.64334,4,1.0,3.0,51.0,98.0,2,0.58,493,200,2893.0,50.090625,6.5,1.0,1,0,0,0,0,1,0,1,0,1,1,0,0,6,33.0,100.0
5948,40.42325,-3.70303,4,2.0,2.0,113.0,88.0,5,0.12,167,200,4503.0,68.043894,0.8,1.0,1,0,0,0,0,1,0,0,0,0,0,0,0,6,33.0,150.0
5949,40.43382,-3.70338,1,0.0,1.0,31.0,96.0,1,0.7,227,200,4855.0,64.056634,2.4,1.0,1,0,0,0,0,0,0,0,0,0,0,0,0,6,10.5,50.0
5950,40.49123,-3.72358,1,1.0,1.0,28.0,91.0,4,0.16,161,50,3545.0,57.198083,16.4,1.0,0,0,0,0,0,1,0,0,0,0,1,0,0,5,10.5,50.0
5951,40.41407,-3.69893,2,1.0,2.0,44.0,94.0,17,1.31,448,200,4503.0,68.043894,0.8,1.0,1,0,0,0,0,1,0,1,1,0,1,0,0,9,18.0,50.0
5952,40.40508,-3.67648,1,1.0,1.0,19.0,98.0,2,0.87,309,50,4220.0,63.672727,3.2,1.0,1,1,1,1,1,1,1,1,1,1,1,1,1,6,10.5,50.0
5953,40.42956,-3.70641,2,1.0,1.0,78.0,95.0,1,1.28,452,200,4503.0,68.043894,0.8,1.0,1,0,0,0,0,1,0,0,1,0,1,0,1,9,18.0,100.0
5954,40.40859,-3.70795,2,1.0,1.0,40.0,90.0,1,0.12,149,50,4503.0,68.043894,0.8,1.0,0,0,0,0,0,1,0,1,0,0,0,0,0,7,18.0,50.0
5955,40.4308,-3.69496,2,1.0,1.0,58.0,97.0,3,0.53,334,50,4855.0,64.056634,2.4,1.0,0,0,0,0,0,1,0,1,1,0,1,0,0,6,18.0,100.0
5956,40.42967,-3.7171,1,1.0,1.0,20.0,100.0,31,0.15,230,50,3555.0,63.451906,5.9,2.0,0,0,0,0,0,1,0,1,1,0,1,0,0,5,13.5,50.0
5957,40.44604,-3.61323,4,1.0,2.0,250.0,0.0,1,0.0,207,200,2477.0,70.967532,7.3,1.0,1,0,0,1,0,0,0,1,0,0,1,0,0,6,33.0,200.0
5958,40.4814,-3.71702,6,2.0,4.0,99.0,96.0,1,1.04,513,200,3545.0,57.198083,16.4,1.5,1,0,0,0,0,1,0,1,1,0,0,0,0,7,49.5,100.0
5959,40.47237,-3.63555,6,3.0,4.0,142.0,97.0,11,1.01,703,200,3312.0,62.061453,9.2,1.0,1,0,0,0,0,1,0,1,0,1,1,0,0,9,48.0,150.0
5960,40.41251,-3.70819,4,1.0,2.0,84.0,94.0,1,2.33,309,200,4503.0,68.043894,0.8,1.0,1,0,0,0,0,1,0,1,1,0,1,0,0,5,33.0,100.0
5961,40.43366,-3.7192,3,1.0,1.0,99.0,91.0,1,1.81,390,200,3555.0,63.451906,5.9,1.0,1,0,0,0,0,1,0,1,1,0,1,0,0,5,25.5,100.0
5962,40.41949,-3.71001,5,2.0,3.0,54.0,99.0,1,0.54,660,200,4503.0,68.043894,0.8,1.0,1,0,0,0,0,1,0,1,1,0,1,0,0,5,40.5,100.0
5963,40.41334,-3.69329,2,1.0,1.0,82.0,98.0,2,0.62,583,200,4503.0,68.043894,0.8,1.0,1,0,0,0,0,1,0,1,1,1,1,0,0,7,18.0,100.0
5964,40.39783,-3.69303,2,1.0,1.0,68.0,93.0,1,1.4,232,200,3917.0,55.025641,1.9,1.0,1,0,0,0,0,0,0,1,1,0,0,0,0,6,18.0,100.0
5965,40.42359,-3.70383,4,1.0,2.0,88.0,100.0,2,0.37,461,200,4503.0,68.043894,0.8,1.0,1,0,0,0,0,1,0,1,1,0,1,0,0,5,33.0,100.0
5966,40.42132,-3.70904,6,2.0,3.0,187.0,96.0,1,2.29,333,200,4503.0,68.043894,0.8,2.5,1,0,0,0,0,1,0,1,0,0,1,0,0,5,52.5,200.0
5967,40.41381,-3.71577,5,1.0,3.0,65.0,96.0,1,4.25,539,200,4503.0,68.043894,0.8,1.0,1,0,0,0,0,1,0,1,1,0,1,0,0,8,40.5,100.0
5968,40.399,-3.73238,5,2.0,4.0,60.0,93.0,3,2.88,733,200,2195.0,47.402837,6.6,1.0,1,0,0,0,0,1,0,1,0,1,1,0,1,6,40.5,100.0
5969,40.40748,-3.69981,2,1.0,1.0,23.0,87.0,3,3.96,326,200,4503.0,68.043894,0.8,1.0,1,0,0,0,0,1,0,0,0,0,1,0,0,0,18.0,50.0
5970,40.42192,-3.70144,4,1.0,1.0,89.0,98.0,1,4.23,268,200,4503.0,68.043894,0.8,1.0,1,0,0,1,0,1,0,1,0,0,1,0,0,5,33.0,100.0
5971,40.42034,-3.70879,2,1.0,1.0,120.0,88.0,3,0.12,244,200,4503.0,68.043894,0.8,1.0,1,1,1,1,1,1,1,1,1,1,1,1,1,10,18.0,150.0
5973,40.43283,-3.70897,2,0.0,1.0,35.0,90.0,2,0.89,294,200,4855.0,64.056634,2.4,1.0,1,0,0,0,0,1,0,1,1,1,1,0,0,0,18.0,50.0
5974,40.41066,-3.70308,8,3.0,4.0,350.0,94.0,1,1.11,770,200,4503.0,68.043894,0.8,2.0,1,0,0,0,0,1,0,1,1,0,1,0,0,5,66.0,200.0
5975,40.41683,-3.70013,4,1.0,2.0,145.0,93.0,1,1.11,502,200,4503.0,68.043894,0.8,1.0,1,0,0,0,1,1,0,1,1,1,1,0,0,9,33.0,150.0
5977,40.38783,-3.65502,1,1.0,1.0,9.0,0.0,2,0.0,87,50,1890.0,41.443535,5.0,1.0,0,0,0,0,0,0,0,0,0,0,1,0,0,5,10.5,50.0
5978,40.47017,-3.65168,1,1.0,1.0,27.0,100.0,1,1.6,437,50,3312.0,62.061453,9.2,1.0,0,0,0,0,0,1,0,1,1,0,1,0,0,8,10.5,50.0
5979,40.42422,-3.67274,2,1.0,1.0,36.0,93.0,2,0.52,72,50,5328.0,74.694253,2.2,1.5,0,0,0,0,0,1,0,0,1,0,0,0,0,6,19.5,50.0
5980,40.40883,-3.70178,10,4.0,7.0,300.0,90.0,6,1.17,174,200,4503.0,68.043894,0.8,2.0,1,0,0,0,0,1,0,1,0,0,1,0,0,5,81.0,200.0
5981,40.41274,-3.69819,4,2.0,3.0,71.0,96.0,1,2.21,457,200,4503.0,68.043894,0.8,1.0,1,0,0,0,0,1,0,1,1,0,1,0,0,6,33.0,100.0
5982,40.45961,-3.64781,2,0.0,1.0,70.0,0.0,1,0.0,172,200,3312.0,62.061453,9.2,1.0,1,0,0,0,0,0,1,1,1,0,1,0,0,5,18.0,100.0
5983,40.42652,-3.7041,2,0.0,1.0,90.0,100.0,1,0.02,318,200,4503.0,68.043894,0.8,1.0,1,0,0,0,0,1,0,0,0,0,0,0,0,5,18.0,100.0
5984,40.43149,-3.68261,5,2.0,3.0,62.0,96.0,1,2.99,413,200,5328.0,74.694253,2.2,1.5,1,0,0,0,0,1,0,1,1,0,1,0,0,5,42.0,100.0
5985,40.41933,-3.70929,4,2.0,3.0,114.0,92.0,4,2.53,142,200,4503.0,68.043894,0.8,1.0,1,0,0,0,0,1,0,1,1,0,0,0,0,0,33.0,150.0
5986,40.40492,-3.71101,2,1.0,1.0,44.0,91.0,1,2.27,447,200,3917.0,55.025641,1.9,1.0,1,0,0,0,0,1,0,1,0,0,1,0,0,5,18.0,50.0
5987,40.40704,-3.67519,1,1.0,1.0,29.0,93.0,3,0.07,146,50,4220.0,63.672727,3.2,1.0,0,0,0,0,0,1,0,0,1,0,1,0,0,8,10.5,50.0
5988,40.50451,-3.7037,7,4.0,5.0,158.0,100.0,1,0.07,305,200,3545.0,57.198083,16.4,2.0,1,0,0,0,0,1,1,1,1,0,1,0,0,0,58.5,200.0
5989,40.42203,-3.70581,2,1.0,1.0,71.0,84.0,1,0.35,328,200,4503.0,68.043894,0.8,1.0,1,0,0,0,0,1,0,0,0,0,1,0,0,5,18.0,100.0
5990,40.41228,-3.71897,2,1.0,1.0,48.0,87.0,1,1.08,358,200,3917.0,55.025641,1.9,1.0,1,0,0,0,0,1,0,1,0,0,0,0,0,8,18.0,50.0
5991,40.40806,-3.70514,6,2.0,2.0,75.0,89.0,25,3.08,384,200,4503.0,68.043894,0.8,1.0,1,0,0,0,0,1,0,1,0,0,0,0,0,6,48.0,100.0
5992,40.40579,-3.6956,6,2.0,4.0,160.0,99.0,2,3.1,542,200,3917.0,55.025641,1.9,2.0,1,0,0,0,0,1,0,1,1,0,1,0,0,6,51.0,200.0
5993,40.39138,-3.66283,2,1.0,1.0,25.0,87.0,1,0.4,419,50,1890.0,41.443535,5.0,1.0,0,0,0,0,0,1,0,0,0,1,1,0,0,7,18.0,50.0
5994,40.40803,-3.70036,8,3.0,6.0,195.0,95.0,1,2.6,320,200,4503.0,68.043894,0.8,2.0,1,0,0,0,0,1,0,1,0,0,1,0,0,5,66.0,200.0
5995,40.43169,-3.65443,2,1.0,1.0,50.0,98.0,1,0.31,174,50,2893.0,50.090625,6.5,1.0,0,0,0,0,0,1,0,0,0,0,0,0,0,5,18.0,50.0
5996,40.47379,-3.65941,2,1.0,2.0,24.0,85.0,2,0.86,341,50,3312.0,62.061453,9.2,1.0,0,0,0,1,0,1,0,1,1,0,1,0,0,5,18.0,50.0
5997,40.43297,-3.65803,1,1.0,1.0,22.0,97.0,2,0.36,367,50,2893.0,50.090625,6.5,2.0,0,0,0,1,0,1,0,1,1,0,1,0,0,6,13.5,50.0
5998,40.41754,-3.70503,3,0.0,2.0,120.0,91.0,25,0.23,106,200,4503.0,68.043894,0.8,1.0,1,0,0,0,0,0,0,1,1,0,0,0,0,7,25.5,150.0
5999,40.4215,-3.71294,4,2.0,3.0,137.0,100.0,113,0.19,414,200,4503.0,68.043894,0.8,2.0,1,0,0,0,0,1,0,1,1,1,0,0,1,7,36.0,150.0
6000,40.42301,-3.69837,4,1.0,1.0,58.0,96.0,1,1.83,303,200,4503.0,68.043894,0.8,1.0,1,0,0,0,0,1,0,1,1,1,0,0,0,7,33.0,100.0
6001,40.42602,-3.66162,2,1.0,1.0,19.0,95.0,5,1.0,438,50,5328.0,74.694253,2.2,1.0,0,0,0,0,0,1,0,1,1,1,1,0,0,8,18.0,50.0
6002,40.47123,-3.64906,6,1.0,3.0,52.0,95.0,1,6.5,559,200,3312.0,62.061453,9.2,1.0,1,0,0,0,0,1,0,0,0,0,1,0,1,5,48.0,100.0
6003,40.42656,-3.69926,4,2.0,1.0,194.0,98.0,113,0.52,204,200,4503.0,68.043894,0.8,2.0,1,0,0,0,0,1,0,1,1,0,0,0,0,7,36.0,200.0
6004,40.42973,-3.71751,2,1.0,1.0,150.0,97.0,1,0.37,482,200,3555.0,63.451906,5.9,1.0,1,0,0,0,0,1,0,1,1,1,1,0,0,7,18.0,150.0
6005,40.42168,-3.67509,1,1.0,1.0,45.0,0.0,1,0.0,156,50,5328.0,74.694253,2.2,1.0,0,0,0,0,0,1,0,1,1,0,1,0,0,5,10.5,50.0
6006,40.42934,-3.65956,2,1.0,1.0,43.0,93.0,2,2.58,443,50,2893.0,50.090625,6.5,1.0,1,0,0,0,0,1,0,0,0,0,1,0,0,6,18.0,50.0
6007,40.43889,-3.63051,3,1.0,2.0,85.0,89.0,4,0.21,307,200,2477.0,70.967532,7.3,1.0,1,0,0,0,0,1,0,1,1,0,1,0,0,7,25.5,100.0
6008,40.4485,-3.70961,1,1.0,1.0,23.0,0.0,1,0.0,133,50,3555.0,63.451906,5.9,1.0,0,0,0,0,0,1,0,0,1,0,1,0,0,6,10.5,50.0
6009,40.42806,-3.70001,1,1.0,1.0,22.0,89.0,4,1.23,102,50,4503.0,68.043894,0.8,1.0,0,0,0,0,0,1,0,0,1,0,0,0,0,5,10.5,50.0
6010,40.42138,-3.70908,3,0.0,3.0,55.0,88.0,3,0.3,236,200,4503.0,68.043894,0.8,1.0,1,0,0,0,0,1,0,1,1,0,1,0,0,9,25.5,100.0
6011,40.48949,-3.72159,2,1.0,2.0,26.0,94.0,4,0.31,316,50,3545.0,57.198083,16.4,1.0,0,0,0,0,0,1,0,0,0,0,1,0,0,5,18.0,50.0
6012,40.40319,-3.676,4,1.0,1.0,61.0,93.0,1,2.32,517,200,4220.0,63.672727,3.2,1.0,1,0,0,0,0,1,0,1,0,1,1,0,0,7,33.0,100.0
6013,40.48669,-3.6701,7,3.0,5.0,259.0,85.0,2,0.99,694,200,3312.0,62.061453,9.2,3.0,1,0,0,1,0,1,1,1,1,1,1,0,0,5,61.5,200.0
6014,40.47669,-3.71852,1,1.0,1.0,25.0,99.0,2,0.9,491,50,3545.0,57.198083,16.4,2.0,0,0,0,0,0,1,1,1,1,1,1,0,0,5,13.5,50.0
6015,40.40394,-3.66158,2,1.0,1.0,46.0,92.0,2,2.59,466,200,1890.0,41.443535,5.0,1.0,1,0,0,0,0,1,0,0,0,1,1,0,1,5,18.0,50.0
6016,40.43057,-3.67968,6,2.0,5.0,184.0,94.0,1,0.65,496,200,5328.0,74.694253,2.2,2.0,1,0,0,0,0,1,0,1,1,0,1,0,0,5,51.0,200.0
6017,40.4178,-3.67667,1,1.0,1.0,19.0,94.0,4,1.83,507,50,4220.0,63.672727,3.2,1.0,0,0,0,0,0,1,0,0,1,0,1,0,0,5,10.5,50.0
6019,40.40821,-3.65351,2,1.0,1.0,33.0,96.0,1,0.4,215,50,2547.0,45.581197,5.0,1.0,0,0,0,0,0,1,0,0,1,0,1,0,0,5,18.0,50.0
6020,40.44473,-3.67585,2,1.0,1.0,55.0,0.0,1,0.02,537,50,4508.0,67.220486,5.8,1.0,0,0,0,0,0,1,0,0,0,1,1,0,0,8,18.0,100.0
6021,40.42494,-3.71319,4,1.0,2.0,575.0,90.0,32,0.19,441,200,3555.0,63.451906,5.9,1.0,1,0,0,0,0,1,0,1,1,0,1,0,0,9,33.0,200.0
6022,40.41437,-3.70157,4,2.0,2.0,130.0,92.0,1,1.81,320,200,4503.0,68.043894,0.8,2.0,1,0,0,0,0,1,0,1,0,0,1,0,0,5,36.0,150.0
6023,40.42394,-3.70302,2,1.0,1.0,60.0,97.0,5,0.28,186,50,4503.0,68.043894,0.8,1.0,0,0,0,0,0,1,0,0,0,0,0,0,0,6,18.0,100.0
6024,40.4413,-3.6728,2,0.0,1.0,34.0,96.0,1,4.15,536,200,4508.0,67.220486,5.8,1.0,1,0,0,1,0,1,0,1,0,0,1,0,1,6,18.0,50.0
6025,40.40953,-3.70857,4,1.0,2.0,63.0,93.0,1,0.12,192,200,4503.0,68.043894,0.8,1.0,1,0,0,0,0,1,0,0,0,0,0,0,0,8,33.0,100.0
6026,40.37997,-3.74464,2,1.0,1.0,41.0,88.0,1,1.82,467,200,2195.0,47.402837,6.6,1.0,1,1,1,1,1,1,1,1,1,1,1,1,1,5,18.0,50.0
6027,40.39199,-3.73288,3,1.0,1.0,17.0,1.0,9,1.0,327,50,2195.0,47.402837,6.6,1.5,1,1,1,1,1,1,1,1,1,1,1,1,1,8,27.0,50.0
6028,40.41279,-3.69762,4,2.0,2.0,84.0,100.0,2,0.07,580,200,4503.0,68.043894,0.8,1.0,1,0,0,0,0,1,0,0,0,0,1,0,0,7,33.0,100.0
6029,40.40839,-3.70193,2,0.0,1.0,38.0,92.0,20,3.33,335,200,4503.0,68.043894,0.8,1.0,1,0,0,0,0,1,0,1,0,0,0,0,0,9,18.0,50.0
6030,40.4221,-3.70227,2,1.0,1.0,47.0,99.0,2,0.98,267,50,4503.0,68.043894,0.8,1.5,0,0,0,0,0,1,0,1,1,0,1,0,0,7,19.5,50.0
6031,40.47398,-3.64645,2,1.0,2.0,33.0,97.0,1,2.39,529,50,3312.0,62.061453,9.2,1.0,0,0,0,0,0,1,0,1,0,0,1,0,0,6,18.0,50.0
6032,40.37322,-3.73999,1,0.0,1.0,25.0,96.0,1,1.15,141,50,2195.0,47.402837,6.6,1.0,0,0,0,0,0,1,0,1,0,0,0,0,0,5,10.5,50.0
6033,40.41151,-3.71484,4,1.0,2.0,155.0,100.0,62,0.12,446,200,4503.0,68.043894,0.8,2.0,1,0,0,0,0,1,0,1,1,0,1,0,0,5,36.0,200.0
6034,40.41176,-3.69557,5,1.0,2.0,54.0,95.0,15,5.33,605,200,4503.0,68.043894,0.8,1.0,1,0,0,0,0,1,0,1,0,0,1,0,1,9,40.5,100.0
6035,40.40616,-3.69941,4,1.0,2.0,40.0,90.0,6,2.37,368,200,4503.0,68.043894,0.8,1.0,1,0,0,0,0,1,0,1,1,0,1,0,0,10,33.0,50.0
6037,40.34314,-3.69073,1,1.0,1.0,12.0,0.0,1,0.03,85,50,1696.0,37.641618,9.0,1.0,0,0,0,0,0,1,0,0,1,0,0,0,0,5,10.5,50.0
6038,40.44708,-3.69973,3,0.0,2.0,73.0,100.0,1,0.33,560,200,3476.0,60.621287,5.9,1.0,1,0,0,0,0,1,0,1,0,1,1,0,0,12,25.5,100.0
6039,40.41828,-3.70135,6,2.0,4.0,62.0,90.0,7,2.31,384,200,4503.0,68.043894,0.8,1.0,1,0,0,0,0,1,0,1,1,0,1,0,0,13,48.0,100.0
6040,40.41409,-3.70425,2,1.0,1.0,32.0,96.0,8,3.06,511,50,4503.0,68.043894,0.8,1.0,1,0,0,0,0,1,0,1,0,0,1,0,0,6,18.0,50.0
6041,40.43882,-3.62378,1,1.0,1.0,24.0,93.0,1,1.0,498,50,2477.0,70.967532,7.3,1.0,0,0,0,1,0,1,0,1,1,1,1,0,0,5,10.5,50.0
6042,40.41623,-3.70218,3,1.0,1.0,82.0,91.0,4,0.17,264,200,4503.0,68.043894,0.8,1.0,1,0,0,0,0,1,0,1,1,0,0,0,0,5,25.5,100.0
6043,40.42669,-3.73027,1,1.0,2.0,21.0,94.0,1,0.81,434,50,3555.0,63.451906,5.9,1.5,0,0,0,0,0,1,0,1,0,0,1,0,0,5,12.0,50.0
6044,40.43808,-3.64361,1,1.0,1.0,16.0,89.0,3,0.93,111,50,2893.0,50.090625,6.5,1.0,0,0,0,0,0,1,0,0,0,0,0,0,0,6,10.5,50.0
6045,40.41554,-3.69815,4,2.0,3.0,81.0,80.0,1,0.15,206,200,4503.0,68.043894,0.8,2.5,1,0,0,0,0,1,0,1,1,0,1,0,0,8,37.5,100.0
6046,40.43911,-3.64462,1,1.0,1.0,16.0,93.0,3,2.37,253,50,2893.0,50.090625,6.5,1.0,1,1,1,1,1,1,1,1,1,1,1,1,1,6,10.5,50.0
6047,40.40704,-3.69213,5,2.0,3.0,52.0,90.0,5,4.65,557,200,3917.0,55.025641,1.9,1.0,1,0,0,0,0,1,0,1,1,1,1,0,0,6,40.5,100.0
6048,40.44985,-3.6684,1,0.0,1.0,30.0,100.0,1,0.07,121,50,4508.0,67.220486,5.8,1.0,0,0,0,0,0,1,0,0,1,0,0,0,0,6,10.5,50.0
6049,40.42294,-3.70374,3,1.0,1.0,52.0,95.0,1,0.1,149,200,4503.0,68.043894,0.8,1.0,1,0,0,0,0,1,0,1,0,0,1,0,0,7,25.5,100.0
6050,40.46977,-3.69502,1,1.0,1.0,22.0,95.0,1,4.25,351,50,3476.0,60.621287,5.9,1.0,0,0,0,0,0,1,0,0,1,1,1,0,0,5,10.5,50.0
6051,40.41601,-3.7079,6,2.0,2.0,72.0,87.0,1,2.18,337,200,4503.0,68.043894,0.8,1.0,1,0,0,0,0,1,0,1,0,1,0,0,0,5,48.0,100.0
6052,40.42599,-3.70374,1,1.0,1.0,300.0,91.0,2,0.43,82,50,4503.0,68.043894,0.8,1.0,1,0,0,0,0,1,0,0,0,0,0,0,0,5,10.5,200.0
6053,40.42886,-3.70776,2,1.0,1.0,27.0,83.0,2,0.73,304,50,4503.0,68.043894,0.8,1.0,0,0,0,0,0,1,0,0,0,0,0,0,0,5,18.0,50.0
6054,40.43641,-3.67981,6,3.0,5.0,82.0,96.0,1,2.06,422,200,5328.0,74.694253,2.2,2.0,1,0,0,1,0,1,0,1,1,0,1,0,0,5,51.0,100.0
6055,40.33918,-3.68751,5,3.0,4.0,48.0,95.0,3,1.9,512,200,1696.0,37.641618,9.0,1.0,1,0,0,0,0,1,0,0,0,0,1,0,0,6,40.5,50.0
6056,40.42281,-3.67682,6,2.0,4.0,104.0,100.0,1,2.16,488,200,5328.0,74.694253,2.2,2.0,1,0,0,0,0,1,0,1,1,0,0,0,0,5,51.0,150.0
6057,40.40789,-3.68814,3,1.0,3.0,49.0,99.0,3,6.95,453,200,4220.0,63.672727,3.2,1.0,1,0,0,0,0,1,0,1,1,1,0,0,0,8,25.5,50.0
6058,40.41069,-3.70842,2,0.0,1.0,68.0,97.0,1,1.47,516,200,4503.0,68.043894,0.8,1.0,1,0,0,0,0,1,0,1,1,0,1,0,0,8,18.0,100.0
6059,40.43911,-3.71688,4,2.0,3.0,106.0,0.0,2,0.03,201,200,4855.0,64.056634,2.4,1.0,1,0,0,0,0,1,0,0,1,0,1,0,0,6,33.0,150.0
6061,40.4114,-3.70097,8,2.0,3.0,106.0,76.0,1,0.18,329,200,4503.0,68.043894,0.8,1.0,1,0,0,0,0,1,0,1,0,1,0,0,0,5,63.0,150.0
6062,40.41557,-3.70139,6,2.0,2.0,150.0,70.0,6,0.08,206,200,4503.0,68.043894,0.8,1.0,1,0,0,0,0,1,0,1,1,0,1,0,0,5,48.0,150.0
6063,40.40806,-3.70514,6,2.0,3.0,79.0,91.0,25,3.2,437,200,4503.0,68.043894,0.8,1.0,1,0,0,0,0,1,0,1,0,0,0,0,0,6,48.0,100.0
6064,40.41415,-3.69035,6,2.0,4.0,154.0,97.0,28,0.55,174,200,4220.0,63.672727,3.2,2.0,1,0,0,0,0,1,0,1,1,0,0,0,0,10,51.0,200.0
6065,40.45065,-3.70715,4,2.0,2.0,48.0,97.0,2,1.91,412,200,3476.0,60.621287,5.9,1.0,1,0,0,1,0,1,0,1,0,0,1,0,0,7,33.0,50.0
6066,40.42834,-3.68141,4,2.0,2.0,207.0,0.0,92,0.0,426,200,5328.0,74.694253,2.2,2.0,1,0,0,0,0,1,0,1,1,0,0,0,0,7,36.0,200.0
6067,40.41237,-3.70113,6,3.0,3.0,117.0,93.0,1,2.5,465,200,4503.0,68.043894,0.8,3.0,1,0,0,0,0,1,0,1,1,0,1,0,0,5,54.0,150.0
6068,40.42896,-3.70829,6,3.0,4.0,217.0,95.0,1,1.91,436,200,4503.0,68.043894,0.8,3.0,1,0,0,0,0,1,0,1,1,1,1,0,0,5,54.0,200.0
6069,40.44581,-3.70278,1,1.0,1.0,45.0,100.0,1,0.1,131,50,4855.0,64.056634,2.4,1.0,0,0,0,0,0,1,0,0,1,0,1,0,0,7,10.5,50.0
6070,40.37767,-3.62702,2,1.0,1.0,164.0,88.0,1,0.43,336,50,2382.0,49.659794,11.0,1.0,0,0,0,0,0,1,0,1,0,0,0,0,0,5,18.0,200.0
6071,40.42973,-3.71994,6,3.0,4.0,60.0,92.0,1,0.12,225,50,3555.0,63.451906,5.9,1.0,1,0,0,0,0,1,0,1,1,0,1,0,0,8,48.0,100.0
6072,40.43059,-3.70262,2,1.0,1.0,93.0,84.0,10,0.12,27,200,4855.0,64.056634,2.4,1.0,1,0,0,0,0,0,0,0,0,0,0,0,0,7,18.0,100.0
6073,40.42796,-3.67354,4,2.0,3.0,160.0,0.0,1,0.02,331,200,5328.0,74.694253,2.2,2.0,1,0,0,0,0,0,0,1,1,1,1,0,1,8,36.0,200.0
6074,40.37419,-3.74079,1,1.0,1.0,25.0,91.0,2,0.62,225,50,2195.0,47.402837,6.6,1.5,0,0,0,0,0,1,0,0,1,0,0,0,0,6,12.0,50.0
6075,40.42735,-3.70337,2,1.0,1.0,61.0,99.0,1,0.36,104,50,4503.0,68.043894,0.8,1.0,0,0,0,0,0,0,0,1,1,0,0,0,0,5,18.0,100.0
6076,40.40877,-3.69291,5,2.0,3.0,210.0,95.0,62,0.62,438,200,4503.0,68.043894,0.8,1.0,1,0,0,1,0,1,0,1,1,1,1,0,0,5,40.5,200.0
6077,40.42342,-3.69751,2,1.0,1.0,31.0,92.0,1,0.28,84,50,4503.0,68.043894,0.8,1.0,0,0,0,0,0,1,0,0,0,0,0,0,0,5,18.0,50.0
6078,40.40932,-3.70323,2,1.0,1.0,40.0,80.0,1,0.05,138,50,4503.0,68.043894,0.8,0.0,0,0,0,0,0,1,0,0,1,0,0,0,0,5,15.0,50.0
6079,40.3966,-3.69431,2,1.0,1.0,26.0,83.0,1,0.14,152,50,3917.0,55.025641,1.9,1.0,0,0,0,0,0,1,0,1,1,0,1,0,0,6,18.0,50.0
6080,40.41016,-3.65103,1,1.0,1.0,50.0,0.0,1,0.0,115,50,2547.0,45.581197,5.0,1.0,0,0,0,0,0,1,0,0,0,0,0,0,0,5,10.5,50.0
6081,40.414,-3.70421,1,1.0,1.0,30.0,97.0,8,2.81,523,50,4503.0,68.043894,0.8,1.0,1,0,0,0,0,1,0,1,1,0,1,0,0,6,10.5,50.0
6082,40.40581,-3.68345,6,2.0,2.0,77.0,0.0,1,0.0,118,200,4220.0,63.672727,3.2,2.0,1,0,0,0,0,1,0,1,0,0,0,0,0,9,51.0,100.0
6083,40.47322,-3.68433,2,1.0,1.0,46.0,98.0,1,2.9,314,50,4508.0,67.220486,5.8,1.0,1,0,0,0,0,1,0,0,1,1,1,0,0,6,18.0,50.0
6084,40.41226,-3.70299,4,1.0,2.0,35.0,100.0,3,4.11,490,200,4503.0,68.043894,0.8,1.0,1,0,0,0,0,1,0,1,1,1,1,0,1,5,33.0,50.0
6085,40.44838,-3.66882,6,3.0,6.0,100.0,100.0,2,1.93,508,200,4508.0,67.220486,5.8,2.0,1,0,0,0,0,1,0,1,1,0,1,0,0,7,51.0,100.0
6086,40.43691,-3.69706,6,2.0,3.0,100.0,98.0,1,2.0,653,200,4855.0,64.056634,2.4,1.0,1,0,0,0,0,1,0,1,1,0,1,0,1,10,48.0,100.0
6087,40.39809,-3.71916,2,1.0,1.0,40.0,97.0,1,0.15,343,50,2195.0,47.402837,6.6,1.0,1,1,1,1,1,1,1,1,1,1,1,1,1,8,18.0,50.0
6088,40.36777,-3.69621,8,3.0,6.0,90.0,96.0,1,3.01,615,200,2316.0,43.910072,4.6,2.0,1,0,0,0,0,1,0,1,1,1,1,0,0,6,66.0,100.0
6089,40.47518,-3.58224,2,1.0,1.0,39.0,95.0,5,10.48,999,50,3047.0,56.183432,11.8,1.5,0,0,0,0,0,0,0,0,1,1,0,0,1,10,19.5,50.0
6090,40.33221,-3.70825,4,1.0,1.0,58.0,83.0,1,0.45,182,200,1696.0,37.641618,9.0,1.5,1,0,0,1,0,0,0,1,1,0,0,0,0,5,34.5,100.0
6091,40.43378,-3.63842,4,1.0,2.0,31.0,93.0,1,0.51,428,200,2893.0,50.090625,6.5,1.0,1,0,0,0,0,1,0,1,1,0,1,0,0,5,33.0,50.0
6092,40.42074,-3.67366,5,3.0,4.0,210.0,97.0,11,0.54,499,200,4220.0,63.672727,3.2,2.0,1,0,0,0,1,1,0,1,0,0,1,0,0,9,43.5,200.0
6093,40.42618,-3.69815,2,1.0,1.0,55.0,98.0,1,2.72,399,200,4503.0,68.043894,0.8,1.0,1,0,0,0,0,1,0,1,0,1,1,0,0,6,18.0,100.0
6094,40.44384,-3.69603,4,2.0,2.0,260.0,0.0,92,0.0,162,200,4855.0,64.056634,2.4,2.0,1,0,0,0,0,1,0,1,1,0,1,0,0,7,36.0,200.0
6095,40.40668,-3.69698,2,1.0,1.0,30.0,91.0,2,0.37,310,200,4503.0,68.043894,0.8,1.0,1,0,0,0,0,1,0,1,1,0,0,0,0,7,18.0,50.0
6096,40.41366,-3.70918,3,0.0,2.0,60.0,96.0,3,8.46,480,200,4503.0,68.043894,0.8,1.0,1,0,0,0,0,1,0,1,1,1,1,0,0,7,25.5,100.0
6097,40.3886,-3.67038,2,4.0,1.0,11.0,94.0,6,0.66,246,50,1890.0,41.443535,5.0,1.0,0,0,0,0,0,1,0,0,0,0,1,0,0,5,18.0,50.0
6098,40.44112,-3.65336,3,2.0,2.0,31.0,93.0,1,0.24,399,50,2893.0,50.090625,6.5,1.0,0,0,0,0,0,1,0,0,1,0,0,0,0,8,25.5,50.0
6099,40.43552,-3.71767,1,1.0,1.0,14.0,0.0,18,0.03,426,50,4855.0,64.056634,2.4,1.5,0,0,0,0,0,1,0,0,0,0,1,0,0,7,12.0,50.0
6100,40.42967,-3.65054,4,2.0,2.0,78.0,100.0,1,0.05,67,200,2893.0,50.090625,6.5,1.0,1,0,0,0,0,1,0,0,1,0,0,0,0,6,33.0,100.0
6101,40.42745,-3.67879,4,2.0,3.0,50.0,95.0,3,1.14,393,200,5328.0,74.694253,2.2,1.0,1,0,0,0,0,1,0,1,0,1,1,0,0,7,33.0,50.0
6102,40.42534,-3.65413,4,0.0,2.0,55.0,98.0,1,2.82,708,200,2893.0,50.090625,6.5,1.0,1,0,0,0,0,1,0,1,0,0,1,0,0,7,33.0,100.0
6103,40.40719,-3.69953,2,1.0,1.0,20.0,97.0,1,5.14,445,50,4503.0,68.043894,0.8,1.0,0,0,0,0,0,1,0,0,1,1,1,0,0,5,18.0,50.0
6104,40.44177,-3.64415,1,1.0,1.0,28.0,100.0,3,0.05,383,50,2893.0,50.090625,6.5,1.0,0,0,0,0,0,1,0,0,0,0,1,0,0,6,10.5,50.0
6105,40.4206,-3.70186,4,1.0,2.0,69.0,97.0,1,2.69,752,200,4503.0,68.043894,0.8,1.0,1,0,0,0,0,1,0,1,1,1,1,1,1,7,33.0,100.0
6106,40.41488,-3.7004,4,0.0,3.0,66.0,95.0,1,0.5,404,200,4503.0,68.043894,0.8,1.0,1,0,0,0,0,1,0,1,1,0,1,0,0,5,33.0,100.0
6107,40.40826,-3.69291,3,1.0,3.0,50.0,99.0,3,5.82,453,200,4503.0,68.043894,0.8,1.0,1,0,0,0,0,1,0,1,1,1,0,0,0,8,25.5,50.0
6108,40.41425,-3.70421,1,1.0,1.0,29.0,96.0,8,2.49,461,50,4503.0,68.043894,0.8,1.0,1,0,0,0,0,1,0,1,1,0,1,0,0,6,10.5,50.0
6109,40.40918,-3.69324,2,1.0,2.0,45.0,97.0,3,6.14,441,200,4503.0,68.043894,0.8,1.0,1,0,0,0,0,1,0,1,0,1,0,0,0,8,18.0,50.0
6110,40.42784,-3.68406,2,1.0,1.0,96.0,96.0,1,0.27,326,50,5328.0,74.694253,2.2,1.0,1,1,1,1,1,1,1,1,1,1,1,1,1,5,18.0,100.0
6111,40.41083,-3.70416,2,1.0,1.0,44.0,94.0,3,1.44,385,50,4503.0,68.043894,0.8,1.0,0,0,0,0,0,1,0,0,1,0,0,0,0,10,18.0,50.0
6113,40.42162,-3.70178,6,3.0,4.0,290.0,96.0,15,1.42,343,200,4503.0,68.043894,0.8,2.0,1,0,0,0,0,1,0,1,1,0,0,0,0,6,51.0,200.0
6114,40.4116,-3.72062,5,2.0,5.0,90.0,92.0,59,3.22,427,200,3917.0,55.025641,1.9,1.0,1,0,0,0,0,1,0,0,1,0,1,0,0,7,40.5,100.0
6115,40.41121,-3.71118,6,2.0,3.0,103.0,96.0,59,3.53,424,200,4503.0,68.043894,0.8,1.0,1,0,0,0,0,1,0,1,1,0,0,0,0,7,48.0,150.0
6118,40.34961,-3.7091,1,1.0,1.0,24.0,80.0,3,0.15,255,50,1696.0,37.641618,9.0,1.0,0,0,0,0,0,1,0,0,1,0,1,0,0,6,10.5,50.0
6119,40.41981,-3.70772,4,1.0,1.0,98.0,94.0,1,1.16,307,200,4503.0,68.043894,0.8,1.5,1,0,0,0,0,1,0,1,1,0,1,0,0,5,34.5,100.0
6120,40.42398,-3.69928,2,1.0,1.0,300.0,100.0,1,0.07,156,50,4503.0,68.043894,0.8,0.0,0,0,0,0,0,1,0,1,1,0,0,0,0,8,15.0,200.0
6121,40.42659,-3.70264,4,1.0,2.0,71.0,99.0,1,2.16,459,200,4503.0,68.043894,0.8,1.0,1,0,0,0,0,1,0,1,0,0,1,0,0,7,33.0,100.0
6122,40.40224,-3.69211,3,1.0,1.0,100.0,94.0,1,2.34,475,200,3917.0,55.025641,1.9,1.0,1,0,0,0,0,1,0,1,1,0,0,1,0,5,25.5,100.0
6123,40.43795,-3.64645,2,1.0,1.0,40.0,96.0,1,1.66,436,50,2893.0,50.090625,6.5,1.0,0,0,0,0,0,1,0,0,0,1,1,0,0,5,18.0,50.0
6124,40.41235,-3.69149,6,3.0,5.0,350.0,98.0,1,0.2,447,200,4220.0,63.672727,3.2,4.5,1,0,0,0,0,1,0,1,1,0,1,0,0,5,58.5,200.0
6125,40.35234,-3.68588,2,1.0,2.0,18.0,87.0,13,0.33,294,50,1696.0,37.641618,9.0,1.0,0,0,0,0,0,1,0,0,0,0,1,0,0,5,18.0,50.0
6126,40.4266,-3.71211,7,3.0,5.0,80.0,95.0,1,1.77,407,200,4503.0,68.043894,0.8,1.0,1,0,0,0,0,1,0,0,1,0,1,0,0,5,55.5,100.0
6127,40.448,-3.66889,3,1.0,1.0,15.0,88.0,2,0.39,372,50,4508.0,67.220486,5.8,1.0,0,0,0,0,0,0,0,0,1,0,1,0,0,6,25.5,50.0
6128,40.4973,-3.61723,2,1.0,2.0,40.0,100.0,1,0.07,577,50,3312.0,62.061453,9.2,1.0,0,0,0,0,0,1,0,0,1,0,0,0,0,5,18.0,50.0
6129,40.39384,-3.71355,2,1.0,1.0,35.0,100.0,1,0.25,282,50,2195.0,47.402837,6.6,1.0,0,0,0,0,0,1,0,0,1,1,0,0,0,0,18.0,50.0
6130,40.4189,-3.70135,4,1.0,3.0,96.0,100.0,2,0.03,189,200,4503.0,68.043894,0.8,1.5,1,0,0,0,0,1,0,1,0,0,0,0,0,7,34.5,100.0
6131,40.41024,-3.70619,2,0.0,1.0,51.0,91.0,1,4.73,493,200,4503.0,68.043894,0.8,1.0,1,0,0,0,0,1,0,1,0,0,1,0,0,5,18.0,100.0
6132,40.41362,-3.70836,2,1.0,1.0,44.0,90.0,2,2.85,215,200,4503.0,68.043894,0.8,1.0,1,0,0,0,0,1,0,0,0,0,1,0,0,5,18.0,50.0
6133,40.47183,-3.66036,2,1.0,2.0,25.0,20.0,2,0.05,156,50,3312.0,62.061453,9.2,1.0,0,0,0,0,0,1,0,0,1,0,1,0,0,5,18.0,50.0
6134,40.41637,-3.70287,6,2.0,4.0,108.0,98.0,4,1.43,508,200,4503.0,68.043894,0.8,2.0,1,0,0,0,0,1,0,1,0,0,1,0,0,5,51.0,150.0
6135,40.41638,-3.70202,4,1.0,2.0,72.0,96.0,4,2.03,485,200,4503.0,68.043894,0.8,1.0,1,0,0,0,0,1,0,1,0,0,1,0,0,5,33.0,100.0
6138,40.39962,-3.70456,2,1.0,2.0,33.0,20.0,1,0.02,126,200,3917.0,55.025641,1.9,1.0,1,0,0,0,0,1,0,0,1,0,0,0,0,8,18.0,50.0
6139,40.41833,-3.70154,8,4.0,4.0,189.0,96.0,2,2.12,376,200,4503.0,68.043894,0.8,2.5,1,0,0,0,0,1,0,1,1,1,1,0,0,7,67.5,200.0
6140,40.39666,-3.66286,2,1.0,1.0,19.0,95.0,2,0.12,170,50,1890.0,41.443535,5.0,1.0,0,0,0,0,0,1,0,0,0,0,1,0,0,7,18.0,50.0
6142,40.4196,-3.7178,3,1.0,1.0,46.0,81.0,2,0.58,240,200,4503.0,68.043894,0.8,1.5,1,0,0,0,0,1,0,1,0,0,0,0,0,5,27.0,50.0
6143,40.45797,-3.68554,4,1.0,3.0,99.0,97.0,2,0.6,473,200,4508.0,67.220486,5.8,1.0,1,0,0,0,0,1,0,1,1,0,1,0,0,5,33.0,100.0
6145,40.4281,-3.67308,1,0.0,1.0,56.0,100.0,1,0.05,82,50,5328.0,74.694253,2.2,1.0,0,0,0,0,0,1,0,0,0,0,0,0,0,0,10.5,100.0
6146,40.38338,-3.71537,6,3.0,4.0,99.0,0.0,20,0.07,146,200,2316.0,43.910072,4.6,1.0,1,0,0,0,0,1,0,0,1,0,0,0,0,6,48.0,100.0
6147,40.393,-3.71539,3,1.0,2.0,121.0,97.0,31,0.17,749,200,2195.0,47.402837,6.6,1.0,1,0,0,0,0,1,1,1,1,1,1,0,1,8,25.5,150.0
6148,40.40796,-3.70892,6,2.0,2.0,175.0,97.0,6,2.3,284,200,4503.0,68.043894,0.8,1.0,1,0,0,0,1,1,0,1,0,0,0,0,0,8,48.0,200.0
6149,40.40367,-3.68916,2,1.0,1.0,31.0,94.0,1,0.38,354,50,3917.0,55.025641,1.9,2.0,0,0,0,1,0,1,0,1,0,0,1,0,0,7,21.0,50.0
6150,40.40774,-3.7018,2,1.0,1.0,60.0,94.0,1,0.59,545,200,4503.0,68.043894,0.8,1.0,1,0,0,0,0,1,0,1,1,0,1,0,0,5,18.0,100.0
6151,40.41284,-3.69901,6,2.0,3.0,85.0,99.0,1,0.85,379,200,4503.0,68.043894,0.8,1.0,1,0,0,0,0,1,0,1,1,1,1,0,0,0,48.0,100.0
6152,40.42946,-3.7012,2,1.0,1.0,66.0,0.0,1,0.0,114,50,4855.0,64.056634,2.4,1.0,1,0,0,0,0,1,0,1,1,0,0,0,0,5,18.0,100.0
6153,40.3843,-3.67346,4,2.0,3.0,57.0,96.0,1,1.09,382,200,1890.0,41.443535,5.0,1.0,1,0,0,0,0,1,0,1,1,1,1,0,0,5,33.0,100.0
6154,40.38443,-3.69926,5,2.0,4.0,41.0,97.0,3,3.0,559,200,2316.0,43.910072,4.6,1.0,1,0,0,0,0,1,0,1,1,0,1,0,0,5,40.5,50.0
6155,40.41207,-3.7027,1,1.0,1.0,21.0,98.0,2,2.23,388,50,4503.0,68.043894,0.8,1.0,0,0,0,0,0,1,0,0,1,0,1,0,0,6,10.5,50.0
6156,40.38914,-3.74353,1,1.0,1.0,17.0,0.0,1,0.0,244,50,2195.0,47.402837,6.6,1.0,0,0,0,0,0,1,0,1,0,0,1,0,0,5,10.5,50.0
6157,40.40818,-3.7001,2,1.0,1.0,21.0,98.0,2,2.69,310,50,4503.0,68.043894,0.8,1.5,0,0,0,0,0,1,0,0,0,0,1,0,0,9,19.5,50.0
6158,40.46808,-3.58365,11,4.0,6.0,190.0,97.0,2,0.86,442,200,3047.0,56.183432,11.8,2.5,1,0,0,0,0,1,0,0,1,0,1,0,0,6,90.0,200.0
6159,40.40367,-3.70387,2,2.0,2.0,30.0,93.0,1,0.31,102,50,3917.0,55.025641,1.9,1.0,0,0,0,0,0,1,0,0,0,0,0,0,0,5,18.0,50.0
6160,40.41158,-3.7067,2,2.0,4.0,77.0,94.0,1,3.24,694,200,4503.0,68.043894,0.8,2.0,1,0,0,0,1,1,0,1,0,0,1,0,0,5,21.0,100.0
6161,40.38484,-3.69693,6,2.0,5.0,20.0,90.0,1,0.05,179,50,2316.0,43.910072,4.6,2.0,0,0,0,0,0,1,1,1,1,0,1,0,0,7,51.0,50.0
6162,40.42372,-3.70616,6,2.0,2.0,116.0,91.0,1,2.29,313,200,4503.0,68.043894,0.8,2.0,1,0,0,0,0,1,0,1,0,1,1,0,0,5,51.0,150.0
6163,40.41716,-3.7088,2,1.0,1.0,42.0,100.0,1,0.02,115,50,4503.0,68.043894,0.8,2.0,0,0,0,0,0,1,0,0,1,0,0,0,0,5,21.0,50.0
6164,40.43104,-3.71425,4,1.0,2.0,119.0,100.0,1,0.14,400,200,4855.0,64.056634,2.4,1.0,1,0,0,0,0,1,0,1,1,0,1,0,0,6,33.0,150.0
6165,40.35054,-3.70945,1,1.0,1.0,15.0,95.0,3,0.44,397,50,1696.0,37.641618,9.0,1.0,0,0,0,0,0,1,0,0,1,0,1,0,1,6,10.5,50.0
6166,40.44161,-3.64375,2,1.0,1.0,45.0,99.0,3,0.55,478,200,2893.0,50.090625,6.5,1.5,1,0,0,0,0,1,0,1,0,1,1,0,0,6,19.5,50.0
6169,40.42691,-3.7038,4,2.0,3.0,103.0,92.0,1,1.86,163,200,4503.0,68.043894,0.8,1.0,1,0,0,0,0,1,0,1,1,0,0,0,0,5,33.0,150.0
6171,40.40835,-3.69501,3,2.0,2.0,75.0,98.0,1,2.33,408,200,4503.0,68.043894,0.8,1.0,1,0,0,0,0,1,0,1,0,0,1,0,0,10,25.5,100.0
6172,40.41091,-3.69883,2,1.0,1.0,32.0,98.0,1,5.81,650,50,4503.0,68.043894,0.8,1.0,1,0,0,0,0,1,0,1,0,0,1,0,1,7,18.0,50.0
6173,40.41398,-3.72924,2,1.0,2.0,35.0,97.0,1,0.15,223,50,2287.0,47.008319,4.7,1.0,0,0,0,0,0,1,0,0,0,1,0,0,0,5,18.0,50.0
6174,40.41014,-3.7019,2,0.0,1.0,60.0,84.0,1,0.13,138,200,4503.0,68.043894,0.8,1.0,1,0,0,0,0,1,0,0,0,0,1,0,0,5,18.0,100.0
6175,40.43655,-3.70258,1,2.0,3.0,25.0,100.0,1,0.05,139,50,4855.0,64.056634,2.4,1.0,0,0,0,0,0,1,0,0,1,0,0,0,0,5,10.5,50.0
6176,40.40788,-3.70635,2,1.0,1.0,73.0,95.0,1,1.34,273,50,4503.0,68.043894,0.8,1.0,0,0,0,0,1,1,0,0,1,0,0,0,0,5,18.0,100.0
6177,40.42829,-3.68235,3,2.0,3.0,55.0,89.0,2,3.35,380,50,5328.0,74.694253,2.2,1.5,0,0,0,0,0,1,0,0,1,0,1,0,0,5,27.0,100.0
6178,40.40939,-3.71137,2,1.0,1.0,30.0,20.0,1,0.07,199,50,4503.0,68.043894,0.8,1.5,0,0,0,0,0,1,0,0,0,0,0,0,0,6,19.5,50.0
6179,40.42963,-3.72018,7,3.0,4.0,90.0,95.0,1,1.47,518,200,3555.0,63.451906,5.9,2.0,1,0,0,0,0,1,0,1,0,0,1,0,0,5,58.5,100.0
6180,40.41184,-3.70974,3,1.0,1.0,69.0,93.0,1,1.2,342,200,4503.0,68.043894,0.8,2.0,1,0,0,0,0,1,0,1,0,0,1,0,0,6,28.5,100.0
6181,40.42531,-3.65433,2,1.0,1.0,35.0,96.0,1,0.55,219,50,2893.0,50.090625,6.5,1.0,0,0,0,0,0,1,0,1,0,0,1,0,0,5,18.0,50.0
6182,40.43313,-3.70379,4,2.0,2.0,86.0,99.0,1,3.19,383,200,4855.0,64.056634,2.4,2.0,1,0,0,0,0,1,0,1,1,0,1,0,0,5,36.0,100.0
6183,40.49064,-3.69285,1,1.0,1.0,10.0,0.0,1,0.02,351,50,3545.0,57.198083,16.4,1.0,0,0,0,0,0,1,0,1,0,0,1,0,0,5,10.5,50.0
6184,40.40898,-3.70803,2,1.0,1.0,90.0,92.0,1,0.12,138,200,4503.0,68.043894,0.8,1.0,1,0,0,0,0,1,0,0,1,0,1,0,0,8,18.0,100.0
6185,40.47751,-3.70735,2,1.0,1.0,31.0,90.0,1,0.07,124,200,3545.0,57.198083,16.4,1.0,1,0,0,0,0,0,0,0,0,0,1,0,0,7,18.0,50.0
6186,40.4148,-3.69868,4,2.0,3.0,53.0,95.0,10,1.87,642,200,4503.0,68.043894,0.8,2.0,1,0,0,0,0,1,0,1,0,0,1,1,0,6,36.0,100.0
6187,40.39587,-3.66634,3,1.0,2.0,67.0,100.0,1,0.12,372,200,1890.0,41.443535,5.0,1.0,1,0,0,0,0,1,0,1,1,1,1,0,0,5,25.5,100.0
6188,40.43107,-3.69489,2,1.0,2.0,58.0,100.0,3,0.53,228,50,4855.0,64.056634,2.4,1.0,0,0,0,0,0,1,0,1,1,0,1,0,0,6,18.0,100.0
6189,40.42983,-3.69532,4,2.0,3.0,158.0,99.0,3,0.77,415,200,4855.0,64.056634,2.4,1.0,1,0,0,0,0,1,0,1,1,1,1,0,0,6,33.0,200.0
6190,40.41174,-3.70431,4,1.0,2.0,54.0,95.0,1,1.38,434,200,4503.0,68.043894,0.8,1.0,1,0,0,0,0,1,0,1,0,1,1,0,0,7,33.0,100.0
6191,40.42315,-3.69727,12,4.0,8.0,257.0,94.0,8,0.77,632,200,4503.0,68.043894,0.8,2.0,1,0,0,0,0,1,0,1,1,1,1,0,0,6,96.0,200.0
6192,40.41188,-3.70268,6,3.0,4.0,129.0,96.0,7,1.12,591,200,4503.0,68.043894,0.8,2.0,1,0,0,0,0,1,0,1,0,1,1,0,1,6,51.0,150.0
6193,40.43296,-3.71554,3,1.0,2.0,53.0,97.0,3,0.44,449,200,4855.0,64.056634,2.4,1.0,1,0,0,0,0,1,0,1,1,0,1,0,0,7,25.5,100.0
6194,40.43603,-3.70656,2,1.0,1.0,500.0,0.0,1,0.03,207,200,4855.0,64.056634,2.4,1.0,1,0,0,0,0,0,0,1,1,0,1,0,0,8,18.0,200.0
6195,40.42749,-3.65185,2,1.0,1.0,50.0,98.0,1,0.33,510,200,2893.0,50.090625,6.5,1.5,1,0,0,0,0,1,0,1,1,0,1,0,1,5,19.5,50.0
6196,40.45495,-3.68689,2,1.0,1.0,80.0,100.0,1,2.88,347,200,4508.0,67.220486,5.8,1.0,1,0,0,0,0,1,0,1,0,0,1,0,0,5,18.0,100.0
6197,40.43824,-3.64562,2,1.0,1.0,33.0,91.0,1,0.37,144,200,2893.0,50.090625,6.5,1.0,1,0,0,0,0,0,0,0,0,0,0,0,0,9,18.0,50.0
6198,40.45006,-3.69443,2,1.0,1.0,40.0,0.0,1,0.0,210,50,3476.0,60.621287,5.9,1.0,0,0,0,0,0,1,0,1,1,0,1,0,0,7,18.0,50.0
6199,40.46514,-3.69901,4,2.0,3.0,106.0,94.0,1,1.25,483,200,3476.0,60.621287,5.9,2.0,1,0,0,0,0,1,0,0,0,0,1,0,0,5,36.0,150.0
6200,40.39326,-3.69767,1,1.0,1.0,15.0,0.0,1,0.0,92,50,3917.0,55.025641,1.9,1.0,0,0,0,0,0,1,0,0,0,0,0,0,0,5,10.5,50.0
6201,40.42181,-3.71091,4,1.0,2.0,78.0,97.0,14,0.6,547,200,4503.0,68.043894,0.8,1.0,1,0,0,0,0,1,0,1,1,0,1,0,0,10,33.0,100.0
6202,40.437,-3.70354,2,0.0,1.0,47.0,94.0,2,1.78,423,200,4855.0,64.056634,2.4,1.0,1,0,0,0,0,1,0,1,1,1,1,0,1,8,18.0,50.0
6203,40.42037,-3.71539,5,2.0,3.0,120.0,93.0,1,1.8,475,200,4503.0,68.043894,0.8,1.0,1,0,0,0,0,1,0,1,1,0,1,0,1,5,40.5,150.0
6204,40.41973,-3.70988,1,1.0,1.0,29.0,91.0,2,1.88,179,50,4503.0,68.043894,0.8,1.0,0,0,0,0,0,1,0,0,0,0,0,0,0,5,10.5,50.0
6205,40.40069,-3.69878,1,1.0,1.0,50.0,100.0,1,0.02,199,50,3917.0,55.025641,1.9,1.0,0,0,0,0,0,1,0,1,1,0,1,0,0,10,10.5,50.0
6206,40.42848,-3.70562,4,2.0,2.0,55.0,91.0,1,0.9,483,200,4503.0,68.043894,0.8,2.0,1,0,0,0,1,1,0,1,1,1,1,0,1,5,36.0,100.0
6207,40.39059,-3.71294,2,1.0,1.0,20.0,82.0,2,0.24,138,50,2195.0,47.402837,6.6,1.5,0,0,0,0,0,1,0,0,1,0,1,0,0,7,19.5,50.0
6208,40.45547,-3.7062,1,1.0,1.0,66.0,0.0,1,0.0,211,50,3476.0,60.621287,5.9,1.0,0,0,0,0,0,0,0,0,0,0,1,0,0,5,10.5,100.0
6209,40.40272,-3.69967,2,1.0,1.0,35.0,71.0,1,0.22,138,50,3917.0,55.025641,1.9,1.0,0,0,0,0,0,1,0,0,1,0,1,0,0,9,18.0,50.0
6210,40.41521,-3.71076,4,1.0,2.0,53.0,89.0,5,3.95,196,200,4503.0,68.043894,0.8,1.0,1,0,0,0,0,1,0,1,1,0,0,0,0,5,33.0,100.0
6211,40.41261,-3.70915,4,2.0,2.0,53.0,97.0,4,4.19,549,200,4503.0,68.043894,0.8,1.5,1,0,0,0,0,1,0,1,1,0,1,0,0,5,34.5,100.0
6212,40.41277,-3.70732,4,2.0,2.0,59.0,99.0,4,4.29,572,200,4503.0,68.043894,0.8,1.5,1,0,0,0,0,1,0,1,1,1,1,0,1,5,34.5,100.0
6213,40.46117,-3.69612,2,1.0,2.0,200.0,97.0,1,1.53,378,200,3476.0,60.621287,5.9,1.0,1,0,0,0,0,1,0,1,1,0,1,0,0,5,18.0,200.0
6214,40.41095,-3.69689,8,3.0,3.0,150.0,99.0,1,0.61,329,200,4503.0,68.043894,0.8,1.5,1,0,0,0,0,1,0,1,1,1,1,0,0,9,64.5,150.0
6215,40.45593,-3.5927,5,3.0,5.0,60.0,0.0,2,0.0,214,200,3047.0,56.183432,11.8,1.0,1,0,0,0,0,1,0,0,0,0,1,0,0,9,40.5,100.0
6216,40.41625,-3.71017,6,2.0,2.0,98.0,92.0,7,2.88,276,200,4503.0,68.043894,0.8,2.0,1,0,0,0,0,1,0,1,0,0,0,0,0,5,51.0,100.0
6217,40.4295,-3.70315,1,1.0,1.0,40.0,0.0,1,0.0,187,50,4855.0,64.056634,2.4,1.0,0,0,0,0,0,1,0,0,1,0,1,0,0,6,10.5,50.0
6218,40.42824,-3.69977,4,2.0,2.0,60.0,0.0,1,0.0,177,200,4503.0,68.043894,0.8,1.0,1,0,0,0,0,1,0,1,1,0,1,0,0,6,33.0,100.0
6219,40.40332,-3.67342,1,1.0,1.0,18.0,100.0,2,0.05,257,50,4220.0,63.672727,3.2,1.0,0,0,0,0,0,1,0,0,1,0,0,0,0,7,10.5,50.0
6220,40.4083,-3.69953,4,3.0,3.0,200.0,98.0,1,0.93,283,200,4503.0,68.043894,0.8,1.0,1,0,0,0,0,1,0,1,1,0,1,0,0,6,33.0,200.0
6221,40.41544,-3.71103,4,1.0,3.0,45.0,91.0,5,3.23,196,200,4503.0,68.043894,0.8,1.0,1,0,0,0,0,1,0,1,1,0,0,0,0,5,33.0,50.0
6222,40.42309,-3.70323,6,2.0,4.0,85.0,98.0,3,2.58,461,200,4503.0,68.043894,0.8,2.0,1,0,0,0,0,1,0,1,0,0,1,0,0,5,51.0,100.0
6223,40.42307,-3.69822,2,1.0,1.0,110.0,100.0,8,0.16,487,200,4503.0,68.043894,0.8,1.0,1,0,0,0,0,1,0,1,1,0,1,0,0,8,18.0,150.0
6224,40.42065,-3.70175,1,1.0,1.0,40.0,86.0,2,0.2,189,50,4503.0,68.043894,0.8,1.0,0,0,0,0,0,1,0,1,1,0,1,0,0,7,10.5,50.0
6225,40.40815,-3.74857,2,1.0,2.0,27.0,98.0,1,2.34,481,50,2287.0,47.008319,4.7,1.0,0,0,0,0,0,1,0,1,0,0,1,0,0,5,18.0,50.0
6226,40.41645,-3.7027,4,1.0,2.0,83.0,92.0,3,0.81,361,200,4503.0,68.043894,0.8,1.0,1,0,0,0,0,1,0,1,0,1,1,0,0,5,33.0,100.0
6227,40.41102,-3.71088,3,1.0,2.0,89.0,91.0,3,1.91,304,200,4503.0,68.043894,0.8,1.0,1,0,0,0,0,1,0,1,0,0,0,0,0,7,25.5,100.0
6228,40.46727,-3.69327,2,1.0,2.0,19.0,92.0,1,0.12,177,50,3476.0,60.621287,5.9,2.0,0,0,0,0,0,1,1,0,1,0,0,0,0,6,21.0,50.0
6229,40.41312,-3.70862,4,1.0,3.0,86.0,97.0,5,2.55,389,200,4503.0,68.043894,0.8,1.0,1,0,0,0,0,1,0,1,1,1,1,0,0,8,33.0,100.0
6231,40.40785,-3.70918,4,1.0,1.0,73.0,100.0,1,0.2,491,200,4503.0,68.043894,0.8,1.0,1,0,0,0,0,0,0,1,1,0,1,0,1,7,33.0,100.0
6234,40.41048,-3.70587,2,1.0,1.0,38.0,90.0,1,0.05,106,50,4503.0,68.043894,0.8,1.0,0,0,0,0,0,1,0,0,0,0,1,0,0,7,18.0,50.0
6235,40.41543,-3.71297,4,1.0,2.0,46.0,95.0,5,2.89,196,200,4503.0,68.043894,0.8,1.0,1,0,0,0,0,1,0,1,1,0,0,0,0,5,33.0,50.0
6238,40.42213,-3.72273,3,1.0,2.0,80.0,100.0,1,1.99,487,200,3555.0,63.451906,5.9,1.5,1,0,0,0,0,1,0,0,1,0,1,0,0,8,27.0,100.0
6239,40.43333,-3.71557,4,1.0,2.0,69.0,98.0,3,0.27,274,200,4855.0,64.056634,2.4,1.0,1,0,0,0,1,1,0,0,1,0,1,0,0,7,33.0,100.0
6240,40.427,-3.7085,8,3.0,6.0,120.0,95.0,6,1.87,308,200,4503.0,68.043894,0.8,2.0,1,0,0,0,0,1,0,0,1,0,0,0,0,7,66.0,150.0
6241,40.43556,-3.71378,1,1.0,1.0,35.0,100.0,1,0.02,136,50,4855.0,64.056634,2.4,1.0,1,1,1,1,1,1,1,1,1,1,1,1,1,5,10.5,50.0
6242,40.40976,-3.70775,2,1.0,1.0,35.0,99.0,1,0.49,336,50,4503.0,68.043894,0.8,1.0,0,0,0,0,0,1,0,0,1,0,0,0,0,5,18.0,50.0
6243,40.39217,-3.66706,2,4.0,1.0,10.0,87.0,6,0.73,177,50,1890.0,41.443535,5.0,1.0,0,0,0,0,0,0,0,0,0,0,0,0,0,5,18.0,50.0
6249,40.4088,-3.69695,4,1.0,1.0,160.0,100.0,20,0.11,412,200,4503.0,68.043894,0.8,1.0,1,0,0,0,0,1,0,1,1,0,1,0,0,7,33.0,200.0
6250,40.4099,-3.70323,2,1.0,1.0,80.0,95.0,1,0.39,304,200,4503.0,68.043894,0.8,1.0,1,0,0,0,0,1,0,0,1,0,1,0,0,6,18.0,100.0
6252,40.42295,-3.70003,2,1.0,1.0,35.0,91.0,66,3.44,457,50,4503.0,68.043894,0.8,1.0,1,0,0,0,0,1,0,1,1,0,1,0,0,6,18.0,50.0
6253,40.41568,-3.70241,4,2.0,2.0,66.0,96.0,1,0.56,457,200,4503.0,68.043894,0.8,1.0,1,0,0,0,0,1,0,1,0,0,1,0,1,5,33.0,100.0
6254,40.41139,-3.71448,2,1.0,1.0,50.0,95.0,11,0.3,375,200,4503.0,68.043894,0.8,1.0,1,0,0,0,0,1,0,1,0,0,1,0,0,7,18.0,50.0
6255,40.42409,-3.70944,5,1.0,3.0,122.0,93.0,72,0.24,286,200,4503.0,68.043894,0.8,1.0,1,0,0,0,0,1,0,1,1,0,1,0,0,6,40.5,150.0
6256,40.41292,-3.70741,2,1.0,1.0,25.0,0.0,1,0.02,150,50,4503.0,68.043894,0.8,1.5,0,0,0,0,0,1,0,0,0,0,1,0,0,8,19.5,50.0
6257,40.41204,-3.70806,4,2.0,2.0,90.0,99.0,3,4.98,449,200,4503.0,68.043894,0.8,1.0,1,0,0,0,0,1,0,1,0,1,1,0,0,6,33.0,100.0
6258,40.45803,-3.6634,1,1.0,1.0,40.0,100.0,1,0.07,193,50,2893.0,50.090625,6.5,1.0,1,0,0,0,0,1,1,0,1,0,1,0,0,9,10.5,50.0
6259,40.44923,-3.58724,2,1.0,1.0,75.0,0.0,1,0.0,318,200,2477.0,70.967532,7.3,1.0,1,0,0,0,0,0,1,1,1,0,0,0,0,6,18.0,100.0
6260,40.39536,-3.71906,2,1.0,1.0,20.0,98.0,1,2.89,447,50,2195.0,47.402837,6.6,1.0,0,0,0,0,0,1,0,0,0,0,1,0,0,5,18.0,50.0
6261,40.39839,-3.6626,1,1.0,1.0,16.0,93.0,2,0.1,213,50,1890.0,41.443535,5.0,1.0,0,0,0,0,0,1,0,0,0,0,1,0,0,7,10.5,50.0
6262,40.36989,-3.75619,2,1.0,1.0,25.0,0.0,1,0.0,146,50,2195.0,47.402837,6.6,1.0,0,0,0,0,0,0,0,0,0,0,0,0,0,5,18.0,50.0
6263,40.46294,-3.70053,4,1.0,1.0,55.0,100.0,4,0.23,605,200,3476.0,60.621287,5.9,1.0,1,0,0,0,0,1,0,1,1,1,1,0,0,8,33.0,100.0
6264,40.41358,-3.70604,2,1.0,1.0,75.0,98.0,1,0.3,305,200,4503.0,68.043894,0.8,1.0,1,0,0,0,0,1,0,1,0,1,0,0,0,6,18.0,100.0
6265,40.42247,-3.7154,4,1.0,2.0,112.0,100.0,36,0.08,719,200,3555.0,63.451906,5.9,1.0,1,0,0,0,0,1,0,1,1,0,1,0,0,5,33.0,150.0
6266,40.4214,-3.71449,4,1.0,2.0,112.0,80.0,36,0.05,222,200,3555.0,63.451906,5.9,1.0,1,0,0,0,0,1,0,1,1,0,1,0,0,5,33.0,150.0
6268,40.42279,-3.71628,4,1.0,2.0,112.0,97.0,36,0.18,739,200,3555.0,63.451906,5.9,1.0,1,0,0,0,0,1,0,1,1,0,1,0,0,5,33.0,150.0
6269,40.42153,-3.71491,4,1.0,2.0,112.0,100.0,36,0.04,730,200,3555.0,63.451906,5.9,1.0,1,0,0,0,0,1,0,1,1,0,1,0,0,5,33.0,150.0
6270,40.4216,-3.7163,4,1.0,2.0,112.0,100.0,36,0.08,700,200,3555.0,63.451906,5.9,1.0,1,0,0,0,0,1,0,1,1,0,1,0,0,5,33.0,150.0
6272,40.42358,-3.71577,4,1.0,2.0,112.0,100.0,36,0.03,315,200,3555.0,63.451906,5.9,1.0,1,0,0,0,0,1,0,1,1,0,1,0,0,5,33.0,150.0
6273,40.42336,-3.71655,4,1.0,2.0,112.0,100.0,36,0.07,275,200,3555.0,63.451906,5.9,1.0,1,0,0,0,0,1,0,1,1,0,1,0,0,5,33.0,150.0
6274,40.42158,-3.71481,4,2.0,2.0,147.0,100.0,36,0.03,275,200,3555.0,63.451906,5.9,2.0,1,0,0,0,0,1,0,1,1,0,1,0,0,5,36.0,150.0
6275,40.42247,-3.7154,4,2.0,2.0,142.0,100.0,36,0.18,730,200,3555.0,63.451906,5.9,2.0,1,0,0,0,0,1,0,1,1,0,1,0,0,5,36.0,150.0
6280,40.42161,-3.71464,4,2.0,2.0,147.0,99.0,36,0.56,730,200,3555.0,63.451906,5.9,2.0,1,0,0,0,0,1,0,1,1,0,1,0,0,5,36.0,150.0
6281,40.42156,-3.7157,4,2.0,2.0,142.0,97.0,36,0.18,742,200,3555.0,63.451906,5.9,2.0,1,0,0,0,0,1,0,1,1,0,1,0,0,5,36.0,150.0
6283,40.42198,-3.71617,4,1.0,2.0,112.0,99.0,36,0.42,710,200,3555.0,63.451906,5.9,1.0,1,0,0,0,0,1,0,1,1,0,1,0,0,5,33.0,150.0
6284,40.42137,-3.71453,4,1.0,2.0,112.0,95.0,36,0.19,495,200,3555.0,63.451906,5.9,1.0,1,0,0,0,0,1,0,1,1,0,1,0,0,5,33.0,150.0
6294,40.45271,-3.70232,4,1.0,2.0,53.0,100.0,2,2.04,474,200,3476.0,60.621287,5.9,1.0,1,0,0,0,0,1,0,1,1,1,1,0,0,5,33.0,100.0
6296,40.42326,-3.71428,3,1.0,1.0,202.0,93.0,36,0.54,700,200,3555.0,63.451906,5.9,1.0,1,0,0,0,0,1,0,1,1,0,1,0,0,5,25.5,200.0
6297,40.42353,-3.71466,4,2.0,3.0,257.0,98.0,36,0.63,750,200,3555.0,63.451906,5.9,2.0,1,0,0,0,0,1,0,1,1,1,1,0,0,5,36.0,200.0
6298,40.42354,-3.71614,3,1.0,2.0,202.0,97.0,36,1.01,730,200,3555.0,63.451906,5.9,1.0,1,0,0,0,0,1,0,1,1,0,1,0,0,5,25.5,200.0
6299,40.42344,-3.71574,4,2.0,3.0,292.0,99.0,36,1.6,768,200,3555.0,63.451906,5.9,2.0,1,0,0,0,0,1,0,1,1,0,1,0,0,5,36.0,200.0
6300,40.42357,-3.71565,3,1.0,2.0,194.0,99.0,36,0.71,730,200,3555.0,63.451906,5.9,1.0,1,0,0,0,0,1,0,1,1,0,1,0,0,5,25.5,200.0
6301,40.38553,-3.6713,1,1.0,1.0,25.0,1.0,1,1.0,154,50,1890.0,41.443535,5.0,1.5,1,1,1,1,1,1,1,1,1,1,1,1,1,5,12.0,50.0
6302,40.41081,-3.69714,3,2.0,2.0,170.0,0.0,20,0.0,502,200,4503.0,68.043894,0.8,1.0,1,0,0,0,0,1,0,1,1,0,1,0,0,7,25.5,200.0
6303,40.42177,-3.68715,7,3.0,6.0,625.0,100.0,1,0.05,197,200,5328.0,74.694253,2.2,3.5,1,0,0,0,0,1,0,1,1,0,1,0,0,9,63.0,200.0
6304,40.41439,-3.70192,10,3.0,5.0,300.0,85.0,6,0.23,174,200,4503.0,68.043894,0.8,2.0,1,0,0,0,0,1,0,1,0,0,1,0,0,5,81.0,200.0
6305,40.37148,-3.69582,2,1.0,1.0,52.0,96.0,1,0.77,336,50,2316.0,43.910072,4.6,1.0,1,0,0,0,0,1,0,0,1,0,0,0,0,8,18.0,100.0
6306,40.41981,-3.70611,4,1.0,1.0,1000.0,95.0,1,2.67,595,200,4503.0,68.043894,0.8,1.0,1,0,0,0,0,1,0,1,1,0,1,0,0,5,33.0,200.0
6307,40.41773,-3.70144,2,1.0,3.0,40.0,96.0,3,2.49,620,200,4503.0,68.043894,0.8,1.0,1,0,0,0,0,1,0,1,1,0,1,1,0,6,18.0,50.0
6308,40.41536,-3.70212,2,1.0,1.0,42.0,96.0,2,2.74,399,50,4503.0,68.043894,0.8,1.0,1,0,0,0,0,1,0,1,0,0,1,0,0,5,18.0,50.0
6309,40.41604,-3.7114,2,1.0,1.0,105.0,100.0,1,0.16,394,50,4503.0,68.043894,0.8,1.0,0,0,0,0,0,1,0,0,1,0,0,0,0,9,18.0,150.0
6310,40.41139,-3.71492,6,2.0,2.0,121.0,80.0,72,0.19,268,200,4503.0,68.043894,0.8,1.0,1,0,0,0,0,1,0,1,0,0,1,0,0,6,48.0,150.0
6311,40.38581,-3.7417,1,1.0,1.0,9.0,100.0,2,0.02,374,50,2195.0,47.402837,6.6,1.0,0,0,0,0,0,1,0,0,0,0,0,0,1,6,10.5,50.0
6312,40.42973,-3.65132,1,1.0,1.0,31.0,99.0,1,0.53,208,50,2893.0,50.090625,6.5,1.0,0,0,0,0,0,1,0,0,0,0,0,0,0,7,10.5,50.0
6313,40.4065,-3.70035,6,3.0,5.0,147.0,97.0,1,2.3,475,200,4503.0,68.043894,0.8,2.0,1,0,0,0,0,1,0,1,1,1,1,0,0,7,51.0,150.0
6314,40.45115,-3.67175,1,1.0,1.0,26.0,100.0,3,0.33,123,50,4508.0,67.220486,5.8,1.0,1,0,0,0,0,1,0,0,0,0,1,0,0,9,10.5,50.0
6316,40.43671,-3.71519,2,1.0,1.0,24.0,96.0,1,1.0,180,50,4855.0,64.056634,2.4,1.0,0,0,0,0,0,1,0,0,0,0,1,0,0,9,18.0,50.0
6317,40.41102,-3.69753,2,1.0,1.0,25.0,90.0,2,0.1,183,50,4503.0,68.043894,0.8,1.0,0,0,0,0,0,1,0,1,0,0,0,0,0,6,18.0,50.0
6318,40.42284,-3.70819,2,0.0,1.0,75.0,0.0,1,0.0,184,200,4503.0,68.043894,0.8,1.0,1,0,0,0,0,1,0,0,1,0,1,0,0,6,18.0,100.0
6319,40.41486,-3.7118,6,2.0,3.0,52.0,91.0,5,3.29,182,200,4503.0,68.043894,0.8,1.0,1,0,0,0,0,1,0,1,1,0,0,0,0,5,48.0,100.0
6320,40.41081,-3.71395,2,1.0,2.0,84.0,95.0,11,0.38,444,200,4503.0,68.043894,0.8,1.0,1,0,0,0,0,1,0,0,1,0,1,0,0,7,18.0,100.0
6321,40.45467,-3.70704,2,1.0,1.0,16.0,0.0,1,0.0,157,50,3476.0,60.621287,5.9,1.0,0,0,0,0,0,1,0,0,0,0,1,0,0,8,18.0,50.0
6322,40.40682,-3.68691,6,2.0,3.0,180.0,99.0,1,2.47,457,200,4220.0,63.672727,3.2,1.0,1,0,0,0,0,1,0,1,1,0,0,0,0,5,48.0,200.0
6323,40.43307,-3.69973,4,2.0,2.0,200.0,100.0,92,0.03,203,200,4855.0,64.056634,2.4,2.5,1,0,0,0,0,1,0,1,1,0,1,0,0,7,37.5,200.0
6324,40.40865,-3.71533,4,2.0,2.0,103.0,90.0,1,0.07,365,200,4503.0,68.043894,0.8,2.0,1,0,0,0,0,1,0,1,1,0,1,0,0,7,36.0,150.0
6325,40.40703,-3.70498,4,2.0,3.0,104.0,94.0,1,2.14,416,200,4503.0,68.043894,0.8,1.0,1,0,0,0,0,1,0,1,0,0,1,0,0,7,33.0,150.0
6326,40.41309,-3.699,4,1.0,2.0,69.0,99.0,1,2.25,411,200,4503.0,68.043894,0.8,1.0,1,0,0,0,0,1,0,1,1,1,1,0,0,8,33.0,100.0
6327,40.42178,-3.71163,4,1.0,1.0,77.0,92.0,10,0.17,483,50,4503.0,68.043894,0.8,2.0,1,1,1,1,1,1,1,1,1,1,1,1,1,10,36.0,100.0
6328,40.41495,-3.70061,3,1.0,1.0,100.0,100.0,3,2.8,351,200,4503.0,68.043894,0.8,1.0,1,0,0,0,0,1,0,1,1,0,0,0,0,6,25.5,100.0
6329,40.42075,-3.68674,2,1.0,1.0,169.0,0.0,1,0.0,27,200,5328.0,74.694253,2.2,1.5,1,0,0,0,0,0,0,0,0,0,0,0,0,10,19.5,200.0
6330,40.4175,-3.7048,6,2.0,3.0,164.0,0.0,1,0.0,256,200,4503.0,68.043894,0.8,1.0,1,0,0,0,0,1,0,1,1,0,1,0,0,5,48.0,200.0
6331,40.41175,-3.69846,4,2.0,2.0,49.0,89.0,1,1.29,182,200,4503.0,68.043894,0.8,1.0,1,0,0,0,0,1,0,0,1,0,1,0,0,5,33.0,50.0
6332,40.42621,-3.70582,2,1.0,1.0,76.0,94.0,7,1.85,309,200,4503.0,68.043894,0.8,1.0,1,0,0,0,0,1,0,0,0,0,1,0,0,5,18.0,100.0
6333,40.41318,-3.70866,1,1.0,1.0,40.0,0.0,1,0.0,34,50,4503.0,68.043894,0.8,1.0,0,0,0,0,0,0,0,0,0,0,1,0,0,5,10.5,50.0
6334,40.41755,-3.67612,4,1.0,2.0,64.0,100.0,1,0.02,192,200,4220.0,63.672727,3.2,1.0,1,0,0,0,0,1,0,1,1,0,1,0,0,5,33.0,100.0
6335,40.46036,-3.7054,1,1.0,1.0,12.0,96.0,1,0.23,112,50,3476.0,60.621287,5.9,1.0,0,0,0,0,0,1,0,0,0,0,1,0,0,5,10.5,50.0
6336,40.45016,-3.65848,2,1.0,1.0,21.0,0.0,1,0.02,53,50,2893.0,50.090625,6.5,1.0,0,0,0,0,0,1,0,0,1,0,0,0,0,0,18.0,50.0
6337,40.43303,-3.60684,2,1.0,1.0,42.0,97.0,1,0.15,434,50,2477.0,70.967532,7.3,1.0,1,0,0,0,0,1,0,1,1,0,1,0,0,6,18.0,50.0
6338,40.42991,-3.703,2,1.0,1.0,57.0,92.0,1,0.3,280,200,4855.0,64.056634,2.4,1.0,1,0,0,0,0,1,0,1,1,0,1,0,0,5,18.0,100.0
6339,40.4215,-3.71161,2,1.0,1.0,62.0,97.0,1,4.78,331,200,4503.0,68.043894,0.8,1.0,1,0,0,0,0,1,0,1,0,0,1,0,0,5,18.0,100.0
6340,40.41609,-3.67426,4,1.0,4.0,91.0,92.0,5,1.44,244,200,4220.0,63.672727,3.2,2.0,1,0,0,0,0,0,0,1,1,0,0,0,0,6,36.0,100.0
6341,40.34142,-3.68539,2,1.0,1.0,13.0,93.0,2,0.22,142,50,1696.0,37.641618,9.0,1.0,0,0,0,0,0,0,0,0,0,0,1,0,0,8,18.0,50.0
6342,40.40657,-3.69798,1,1.0,1.0,26.0,85.0,8,1.32,229,50,4503.0,68.043894,0.8,1.0,0,0,0,0,0,1,0,0,1,0,0,0,0,8,10.5,50.0
6343,40.44194,-3.71404,1,1.0,1.0,22.0,91.0,1,4.85,153,50,4855.0,64.056634,2.4,1.0,0,0,0,0,0,1,0,0,1,0,0,0,0,5,10.5,50.0
6344,40.40592,-3.73821,2,1.0,1.0,65.0,80.0,1,0.02,177,200,2287.0,47.008319,4.7,1.0,1,0,0,0,0,1,0,1,1,0,1,0,0,7,18.0,100.0
6345,40.3986,-3.69682,1,1.0,1.0,28.0,97.0,2,0.53,424,50,3917.0,55.025641,1.9,1.0,0,0,0,0,0,1,0,1,1,0,1,0,0,6,10.5,50.0
6346,40.40432,-3.71138,4,1.0,4.0,58.0,97.0,2,1.76,471,200,3917.0,55.025641,1.9,1.0,1,0,0,0,0,1,0,1,1,0,1,0,0,0,33.0,100.0
6347,40.40734,-3.69261,4,2.0,2.0,89.0,97.0,1,2.85,488,200,3917.0,55.025641,1.9,1.0,1,0,0,0,0,1,0,1,0,0,1,0,1,5,33.0,100.0
6348,40.42222,-3.69896,4,1.0,1.0,45.0,98.0,1,2.27,645,200,4503.0,68.043894,0.8,1.0,1,0,0,0,0,1,0,0,1,1,1,0,1,5,33.0,50.0
6349,40.42728,-3.69969,10,6.0,10.0,360.0,98.0,1,1.51,485,200,4503.0,68.043894,0.8,6.5,1,0,0,0,0,1,0,1,1,0,1,0,0,5,94.5,200.0
6350,40.43083,-3.64322,3,1.0,1.0,37.0,92.0,2,0.99,375,50,2893.0,50.090625,6.5,2.0,0,0,0,1,0,1,0,1,1,1,1,0,0,5,28.5,50.0
6351,40.43828,-3.67337,5,3.0,3.0,72.0,90.0,1,0.34,366,200,5328.0,74.694253,2.2,2.0,1,0,0,0,0,1,0,1,1,0,1,0,0,5,43.5,100.0
6352,40.41033,-3.69905,2,1.0,2.0,200.0,99.0,2,3.43,567,200,4503.0,68.043894,0.8,1.0,1,0,0,0,0,1,0,1,0,0,1,0,0,8,18.0,200.0
6353,40.48522,-3.64945,1,1.0,1.0,22.0,99.0,1,0.66,324,50,3312.0,62.061453,9.2,1.0,0,0,0,0,0,1,1,1,1,0,1,0,0,6,10.5,50.0
6354,40.41511,-3.70502,2,1.0,1.0,159.0,100.0,1,0.25,537,200,4503.0,68.043894,0.8,1.5,1,0,0,0,0,1,0,1,0,1,0,0,0,9,19.5,200.0
6355,40.41071,-3.71357,6,2.0,2.0,77.0,93.0,5,0.45,352,200,4503.0,68.043894,0.8,1.0,1,0,0,1,0,1,0,0,1,1,1,0,0,5,48.0,100.0
6356,40.41486,-3.7118,4,1.0,1.0,40.0,87.0,5,4.02,160,200,4503.0,68.043894,0.8,1.0,1,0,0,0,0,0,0,1,0,0,0,0,0,5,33.0,50.0
6357,40.41454,-3.70708,4,1.0,2.0,99.0,98.0,4,0.97,554,200,4503.0,68.043894,0.8,1.0,1,0,0,0,0,1,0,1,0,1,1,0,0,5,33.0,100.0
6358,40.43297,-3.70335,2,1.0,1.0,75.0,100.0,2,0.07,503,50,4855.0,64.056634,2.4,1.0,1,0,0,0,0,1,0,1,0,0,1,0,0,8,18.0,100.0
6359,40.41494,-3.70834,4,2.0,3.0,82.0,93.0,59,3.11,458,200,4503.0,68.043894,0.8,1.0,1,0,0,0,0,1,0,0,1,0,1,0,0,7,33.0,100.0
6360,40.42997,-3.70715,8,4.0,6.0,493.0,100.0,1,2.07,372,200,4855.0,64.056634,2.4,3.0,1,0,0,0,0,1,0,1,1,0,0,0,0,8,69.0,200.0
6361,40.41995,-3.70646,6,3.0,3.0,225.0,98.0,1,0.69,391,200,4503.0,68.043894,0.8,3.0,1,0,0,0,0,1,0,0,1,1,1,0,0,5,54.0,200.0
6362,40.4114,-3.70844,4,1.0,2.0,55.0,94.0,7,0.49,349,200,4503.0,68.043894,0.8,1.0,1,0,0,0,0,1,0,1,0,0,0,0,0,5,33.0,100.0
6363,40.42123,-3.71059,4,2.0,3.0,120.0,95.0,24,0.77,227,200,4503.0,68.043894,0.8,2.0,1,0,0,0,0,1,0,1,0,0,0,0,0,5,36.0,150.0
6364,40.42162,-3.70543,12,3.0,7.0,420.0,95.0,2,1.03,414,200,4503.0,68.043894,0.8,2.0,1,0,0,0,0,1,0,1,1,0,1,0,0,4,96.0,200.0
6365,40.40308,-3.75921,5,2.0,3.0,65.0,89.0,1,0.46,229,200,2287.0,47.008319,4.7,1.0,1,0,0,0,0,1,0,0,0,0,1,0,0,5,40.5,100.0
6366,40.42411,-3.69569,10,3.0,5.0,184.0,95.0,2,2.35,379,200,4503.0,68.043894,0.8,3.0,1,0,0,0,0,1,0,1,1,0,1,0,0,5,84.0,200.0
6367,40.43355,-3.70139,2,1.0,2.0,101.0,100.0,2,0.78,503,200,4855.0,64.056634,2.4,1.0,1,0,0,0,0,1,0,1,0,0,1,0,0,8,18.0,150.0
6368,40.43341,-3.66948,2,1.0,1.0,59.0,95.0,2,0.2,719,200,5328.0,74.694253,2.2,2.0,1,0,0,0,0,1,0,1,1,1,1,0,0,6,21.0,100.0
6369,40.41151,-3.7072,5,2.0,3.0,103.0,92.0,1,1.47,363,200,4503.0,68.043894,0.8,2.0,1,0,0,0,0,1,0,1,1,0,1,0,0,5,43.5,150.0
6370,40.42218,-3.69804,4,1.0,2.0,160.0,100.0,1,0.13,346,200,4503.0,68.043894,0.8,2.0,1,0,0,0,0,1,0,1,1,0,0,0,1,5,36.0,200.0
6371,40.42768,-3.7073,5,1.0,3.0,120.0,0.0,1,0.0,159,200,4503.0,68.043894,0.8,1.0,1,0,0,0,0,1,0,1,1,0,1,0,0,5,40.5,150.0
6372,40.35313,-3.69571,2,1.0,1.0,12.0,92.0,2,3.86,690,50,1696.0,37.641618,9.0,1.0,0,0,0,0,0,1,0,1,0,0,0,0,0,5,18.0,50.0
6373,40.49254,-3.72326,2,1.0,1.0,50.0,100.0,1,0.26,379,50,3545.0,57.198083,16.4,1.0,1,0,0,0,0,1,1,1,1,0,1,0,0,5,18.0,50.0
6374,40.41006,-3.71091,4,1.0,2.0,37.0,97.0,1,3.38,649,200,4503.0,68.043894,0.8,1.0,1,0,0,0,0,1,0,1,1,0,0,0,1,5,33.0,50.0
6375,40.42501,-3.69889,3,1.0,2.0,45.0,89.0,88,3.34,315,200,4503.0,68.043894,0.8,1.0,1,0,0,0,0,1,0,1,0,0,1,0,0,6,25.5,50.0
6376,40.41102,-3.7153,2,1.0,1.0,70.0,100.0,1,0.42,161,50,4503.0,68.043894,0.8,1.0,1,0,0,0,0,1,0,0,0,0,1,0,0,5,18.0,100.0
6377,40.43697,-3.66179,4,2.0,3.0,67.0,97.0,1,1.06,605,200,5328.0,74.694253,2.2,1.0,1,0,0,0,0,1,0,1,0,0,1,0,0,5,33.0,100.0
6378,40.41362,-3.69814,7,3.0,5.0,106.0,91.0,2,0.93,369,200,4503.0,68.043894,0.8,2.0,1,0,0,0,0,1,0,1,1,1,1,0,0,6,58.5,150.0
6379,40.41085,-3.70077,4,1.0,2.0,61.0,89.0,1,1.65,347,200,4503.0,68.043894,0.8,1.0,1,0,0,0,0,1,0,0,1,0,0,0,1,5,33.0,100.0
6380,40.42137,-3.69995,4,1.0,2.0,85.0,96.0,1,0.69,426,200,4503.0,68.043894,0.8,1.0,1,0,0,0,0,1,0,1,0,1,0,0,0,7,33.0,100.0
6381,40.42492,-3.69778,2,1.0,1.0,75.0,90.0,2,0.15,77,200,4503.0,68.043894,0.8,1.0,1,0,0,0,0,1,0,0,0,0,0,0,0,5,18.0,100.0
6382,40.40219,-3.69703,6,3.0,4.0,140.0,98.0,3,0.91,426,200,3917.0,55.025641,1.9,2.0,1,0,0,0,0,1,0,1,1,1,1,0,1,4,51.0,150.0
6384,40.45512,-3.69666,4,2.0,3.0,121.0,95.0,1,1.4,381,200,3476.0,60.621287,5.9,2.0,1,0,0,0,0,1,0,1,1,1,1,0,0,5,36.0,150.0
6385,40.4238,-3.69748,3,1.0,2.0,50.0,100.0,1,0.12,200,200,4503.0,68.043894,0.8,1.0,1,0,0,0,0,1,0,1,1,0,0,0,0,6,25.5,50.0
6386,40.4321,-3.65639,1,1.0,1.0,18.0,0.0,1,0.02,197,50,2893.0,50.090625,6.5,1.0,0,0,0,0,0,1,0,1,1,0,1,0,0,5,10.5,50.0
6387,40.41072,-3.7081,4,2.0,3.0,53.0,99.0,3,4.75,377,200,4503.0,68.043894,0.8,1.0,1,0,0,0,0,1,0,1,0,0,1,0,0,5,33.0,100.0
6388,40.48451,-3.66699,2,1.0,2.0,56.0,98.0,2,0.9,692,50,3312.0,62.061453,9.2,3.0,1,0,0,0,0,1,1,1,1,1,1,0,0,5,24.0,100.0
6389,40.39139,-3.64797,1,1.0,1.0,12.0,93.0,3,0.3,388,50,1890.0,41.443535,5.0,1.0,0,0,0,0,0,1,0,0,0,0,1,0,0,5,10.5,50.0
6390,40.45985,-3.69812,3,1.0,1.0,56.0,100.0,1,0.17,154,200,3476.0,60.621287,5.9,1.0,1,0,0,0,0,1,0,1,1,0,0,0,0,7,25.5,100.0
6391,40.41274,-3.69867,3,1.0,2.0,45.0,90.0,2,1.27,577,200,4503.0,68.043894,0.8,1.0,1,0,0,0,0,1,0,1,1,1,1,0,1,6,25.5,50.0
6392,40.39445,-3.68918,2,1.0,2.0,53.0,90.0,1,0.05,211,200,3917.0,55.025641,1.9,1.0,1,0,0,0,0,0,0,1,0,0,1,0,0,6,18.0,100.0
6393,40.40904,-3.7092,2,1.0,1.0,36.0,100.0,1,0.18,117,50,4503.0,68.043894,0.8,1.5,1,0,0,0,0,1,0,0,0,0,0,0,0,7,19.5,50.0
6394,40.46248,-3.71011,2,2.0,1.0,97.0,90.0,2,0.1,345,200,3555.0,63.451906,5.9,1.0,1,0,0,0,0,1,0,1,1,0,1,0,0,5,18.0,100.0
6395,40.43028,-3.67795,5,4.0,4.0,100.0,100.0,1,0.03,197,200,5328.0,74.694253,2.2,1.5,1,0,0,0,0,1,0,0,1,0,1,0,0,5,42.0,100.0
6396,40.40117,-3.66968,2,1.0,1.0,100.0,0.0,1,0.0,166,200,4220.0,63.672727,3.2,1.0,1,0,0,0,0,1,0,1,1,0,1,0,0,7,18.0,100.0
6397,40.41817,-3.67724,4,1.0,1.0,54.0,90.0,3,2.04,481,200,4220.0,63.672727,3.2,1.5,1,0,0,0,0,1,0,1,1,0,1,0,0,2,34.5,100.0
6398,40.41801,-3.6745,4,2.0,3.0,85.0,90.0,3,1.99,553,200,4220.0,63.672727,3.2,1.0,1,0,0,0,0,1,0,1,1,0,1,0,0,2,33.0,100.0
6399,40.37855,-3.65079,2,1.0,1.0,40.0,0.0,1,0.0,103,200,1890.0,41.443535,5.0,1.0,1,0,0,0,0,1,0,0,0,0,0,0,0,6,18.0,50.0
6401,40.46897,-3.66434,1,1.0,1.0,35.0,0.0,3,0.0,222,50,2893.0,50.090625,6.5,1.0,0,0,0,0,0,1,0,0,1,0,1,0,0,7,10.5,50.0
6402,40.42714,-3.71341,4,1.0,1.0,68.0,95.0,1,0.22,341,200,4503.0,68.043894,0.8,1.0,1,0,0,0,0,1,0,0,0,1,1,0,0,8,33.0,100.0
6403,40.41311,-3.69588,7,2.0,4.0,231.0,90.0,28,0.41,185,200,4503.0,68.043894,0.8,2.0,1,0,0,0,0,1,0,1,0,0,0,0,0,10,58.5,200.0
6404,40.467,-3.70441,5,0.0,3.0,40.0,83.0,1,0.2,239,200,3476.0,60.621287,5.9,1.5,1,0,0,0,0,1,0,1,0,0,1,0,0,5,42.0,50.0
6405,40.41689,-3.67105,6,3.0,3.0,132.0,94.0,2,1.88,514,200,4220.0,63.672727,3.2,2.0,1,0,0,0,0,1,0,1,1,0,1,0,0,5,51.0,150.0
6406,40.41163,-3.70012,2,1.0,1.0,40.0,93.0,1,2.18,263,200,4503.0,68.043894,0.8,1.0,1,0,0,0,0,0,0,1,0,0,0,0,0,7,18.0,50.0
6407,40.45229,-3.70272,2,1.0,2.0,75.0,0.0,1,0.0,111,50,3476.0,60.621287,5.9,1.0,0,0,0,0,0,1,0,0,1,0,1,0,0,5,18.0,100.0
6408,40.41216,-3.70658,6,2.0,4.0,60.0,0.0,1,0.0,126,200,4503.0,68.043894,0.8,1.0,1,0,0,0,0,1,0,1,0,0,0,0,0,5,48.0,100.0
6409,40.41344,-3.71009,6,2.0,2.0,126.0,98.0,4,0.32,309,200,4503.0,68.043894,0.8,1.0,1,0,0,0,0,1,0,1,1,0,0,0,0,5,48.0,150.0
6410,40.46028,-3.69566,3,1.0,1.0,50.0,96.0,1,0.38,325,200,3476.0,60.621287,5.9,1.0,1,0,0,0,0,1,0,1,1,0,1,0,0,7,25.5,50.0
6411,40.40704,-3.70612,4,2.0,1.0,200.0,95.0,2,2.23,448,200,4503.0,68.043894,0.8,2.0,1,0,0,0,0,1,0,1,1,1,1,0,0,5,36.0,200.0
6412,40.4052,-3.68076,2,2.0,1.0,25.0,0.0,1,0.0,238,50,4220.0,63.672727,3.2,1.0,0,0,0,0,0,1,0,0,1,0,0,0,0,5,18.0,50.0
6413,40.42931,-3.67455,2,1.0,1.0,35.0,93.0,1,0.07,166,50,5328.0,74.694253,2.2,1.0,0,0,0,0,0,1,0,0,1,0,1,0,0,6,18.0,50.0
6414,40.4089,-3.69958,2,0.0,2.0,50.0,89.0,1,1.06,236,200,4503.0,68.043894,0.8,1.0,1,0,0,0,0,1,0,0,0,0,0,0,0,9,18.0,50.0
6415,40.41984,-3.7018,4,1.0,1.0,90.0,100.0,4,0.19,357,200,4503.0,68.043894,0.8,1.0,1,0,0,0,0,1,0,0,1,0,1,0,0,5,33.0,100.0
6416,40.40826,-3.70868,3,1.0,2.0,61.0,94.0,3,3.32,355,200,4503.0,68.043894,0.8,1.0,1,0,0,0,0,1,0,1,0,0,0,0,0,6,25.5,100.0
6417,40.44291,-3.68032,1,1.0,1.0,30.0,98.0,2,3.82,528,50,4508.0,67.220486,5.8,1.0,1,0,0,0,0,1,0,1,1,1,1,0,0,5,10.5,50.0
6418,40.41118,-3.70261,4,2.0,2.0,157.0,100.0,1,0.17,189,50,4503.0,68.043894,0.8,1.0,0,0,0,0,0,1,0,1,0,0,0,0,0,5,33.0,200.0
6419,40.41587,-3.70505,6,0.0,4.0,64.0,94.0,1,1.47,423,200,4503.0,68.043894,0.8,1.0,1,0,0,0,0,1,0,1,1,0,1,0,0,7,48.0,100.0
6420,40.4025,-3.70167,1,1.0,1.0,17.0,97.0,1,0.59,412,50,3917.0,55.025641,1.9,1.0,0,0,0,0,0,1,0,1,1,1,1,0,0,7,10.5,50.0
6421,40.43354,-3.70856,5,4.0,4.0,185.0,100.0,24,0.06,338,200,4855.0,64.056634,2.4,1.0,1,0,0,0,0,1,0,0,1,0,1,0,0,6,40.5,200.0
6422,40.40285,-3.72402,1,1.0,1.0,19.0,85.0,2,0.68,212,50,2195.0,47.402837,6.6,1.0,0,0,0,0,0,1,0,0,0,0,1,0,0,9,10.5,50.0
6423,40.42561,-3.70611,2,1.0,1.0,41.0,92.0,1,0.15,298,200,4503.0,68.043894,0.8,1.0,1,0,0,0,0,1,0,0,0,0,1,0,0,9,18.0,50.0
6424,40.41818,-3.69908,3,1.0,2.0,69.0,95.0,1,2.06,353,200,4503.0,68.043894,0.8,1.0,1,0,0,0,0,1,0,1,1,0,1,0,0,5,25.5,100.0
6425,40.45526,-3.70817,2,1.0,1.0,80.0,0.0,1,0.0,216,50,3476.0,60.621287,5.9,1.5,1,0,0,0,0,1,0,0,1,0,0,0,0,7,19.5,100.0
6426,40.39553,-3.6931,2,1.0,1.0,30.0,93.0,5,0.22,443,50,3917.0,55.025641,1.9,2.0,0,0,0,0,0,1,0,1,1,0,1,0,0,10,21.0,50.0
6427,40.41123,-3.69515,6,3.0,3.0,250.0,99.0,1,7.42,794,200,4503.0,68.043894,0.8,2.0,1,0,0,0,1,1,0,1,0,1,1,0,1,8,51.0,200.0
6428,40.39561,-3.69326,2,1.0,1.0,28.0,97.0,5,0.58,283,50,3917.0,55.025641,1.9,2.0,0,0,0,0,0,1,0,1,1,0,1,0,0,10,21.0,50.0
6429,40.38595,-3.75595,2,1.0,2.0,20.0,93.0,1,0.89,304,50,2287.0,47.008319,4.7,1.0,0,0,0,0,0,1,0,0,1,0,0,0,0,5,18.0,50.0
6430,40.38952,-3.64967,1,1.0,1.0,12.0,91.0,3,0.24,344,50,1890.0,41.443535,5.0,1.0,0,0,0,0,0,1,0,0,0,0,1,0,0,5,10.5,50.0
6431,40.38938,-3.6478,1,1.0,1.0,11.0,85.0,3,0.23,344,50,1890.0,41.443535,5.0,1.0,0,0,0,0,0,1,0,0,0,0,1,0,0,5,10.5,50.0
6432,40.40144,-3.7023,2,1.0,1.0,35.0,80.0,1,0.14,46,50,3917.0,55.025641,1.9,1.0,0,0,0,0,0,1,0,0,0,0,0,0,0,7,18.0,50.0
6433,40.42996,-3.67473,2,1.0,1.0,71.0,99.0,1,1.63,368,200,5328.0,74.694253,2.2,1.0,1,0,0,0,0,1,0,1,1,0,1,0,0,7,18.0,100.0
6434,40.42952,-3.70466,2,1.0,1.0,19.0,94.0,1,0.17,99,50,4855.0,64.056634,2.4,2.0,0,0,0,0,0,1,0,0,1,0,0,0,0,8,21.0,50.0
6435,40.40345,-3.68919,4,2.0,2.0,45.0,0.0,1,0.0,153,200,3917.0,55.025641,1.9,1.0,1,0,0,0,0,1,0,1,1,0,0,0,0,5,33.0,50.0
6436,40.41215,-3.70106,1,1.0,1.0,27.0,100.0,5,0.02,187,50,4503.0,68.043894,0.8,1.0,0,0,0,0,0,1,0,1,0,0,1,0,0,9,10.5,50.0
6437,40.34027,-3.68772,2,1.0,1.0,11.0,94.0,2,0.17,115,50,1696.0,37.641618,9.0,1.0,0,0,0,0,0,1,0,0,0,0,1,0,0,8,18.0,50.0
6438,40.41226,-3.7027,7,3.0,4.0,167.0,92.0,1,2.67,410,200,4503.0,68.043894,0.8,3.0,1,0,0,0,0,1,0,1,0,1,1,0,0,5,61.5,200.0
6439,40.41049,-3.70184,2,1.0,1.0,24.0,85.0,1,1.13,239,200,4503.0,68.043894,0.8,1.0,1,0,0,0,0,1,0,0,0,0,1,0,0,5,18.0,50.0
6440,40.45953,-3.6956,4,2.0,3.0,50.0,100.0,1,0.1,415,200,3476.0,60.621287,5.9,2.0,1,0,0,0,0,1,0,1,1,0,1,0,0,5,36.0,50.0
6441,40.42151,-3.67716,5,2.0,3.0,94.0,100.0,2,3.14,413,200,4220.0,63.672727,3.2,2.0,1,0,0,0,0,1,0,1,1,0,0,0,0,5,43.5,100.0
6442,40.46913,-3.70372,2,1.0,1.0,31.0,76.0,1,0.18,326,200,3476.0,60.621287,5.9,1.0,1,0,0,0,0,1,0,1,0,0,1,0,0,9,18.0,50.0
6443,40.42159,-3.70563,4,1.0,2.0,71.0,98.0,4,0.47,412,200,4503.0,68.043894,0.8,1.0,1,0,0,0,0,1,0,1,1,0,1,1,0,7,33.0,100.0
6444,40.4212,-3.71588,2,1.0,1.0,36.0,97.0,2,0.49,266,50,3555.0,63.451906,5.9,1.0,0,0,0,0,0,1,0,1,1,0,1,0,0,5,18.0,50.0
6445,40.41534,-3.70735,4,2.0,3.0,161.0,100.0,6,0.24,294,200,4503.0,68.043894,0.8,1.0,1,0,0,0,0,1,0,1,1,1,1,0,0,7,33.0,200.0
6446,40.34381,-3.70705,2,1.0,3.0,17.0,95.0,1,3.25,323,50,1696.0,37.641618,9.0,1.0,0,0,0,0,0,0,0,0,0,1,1,0,0,5,18.0,50.0
6447,40.47392,-3.58179,4,1.0,2.0,75.0,96.0,1,1.71,688,200,3047.0,56.183432,11.8,1.0,1,0,0,0,0,1,0,1,1,0,1,0,1,5,33.0,100.0
6448,40.41708,-3.70564,4,2.0,3.0,199.0,95.0,6,0.1,175,200,4503.0,68.043894,0.8,2.0,1,0,0,0,0,1,0,1,1,0,1,0,0,7,36.0,200.0
6449,40.44501,-3.69714,1,1.0,1.0,21.0,0.0,1,0.0,163,50,4855.0,64.056634,2.4,1.0,0,0,0,0,0,1,0,0,0,0,1,0,0,5,10.5,50.0
6450,40.4294,-3.70913,5,2.0,3.0,45.0,99.0,1,1.06,570,200,4503.0,68.043894,0.8,1.0,1,0,0,0,0,1,0,1,1,0,1,0,0,5,40.5,50.0
6451,40.41155,-3.7102,1,1.0,1.0,15.0,90.0,1,0.07,72,50,4503.0,68.043894,0.8,1.0,0,0,0,0,0,1,0,0,0,0,1,0,0,6,10.5,50.0
6452,40.39702,-3.71981,2,1.0,1.0,30.0,100.0,1,0.05,97,200,2195.0,47.402837,6.6,1.0,1,0,0,0,0,1,0,0,1,0,0,0,0,5,18.0,50.0
6453,40.38113,-3.6659,1,1.0,1.0,24.0,97.0,2,0.84,383,50,1890.0,41.443535,5.0,1.0,0,0,0,0,0,1,0,1,0,0,0,0,0,0,10.5,50.0
6454,40.42638,-3.69965,2,1.0,1.0,160.0,100.0,2,0.21,259,200,4503.0,68.043894,0.8,1.0,1,0,0,0,0,1,0,1,0,0,1,0,0,8,18.0,200.0
6455,40.41159,-3.71155,2,1.0,1.0,96.0,98.0,1,0.6,565,200,4503.0,68.043894,0.8,1.5,1,0,0,0,0,1,0,1,0,1,1,0,0,10,19.5,100.0
6456,40.40609,-3.70765,6,2.0,2.0,96.0,96.0,1,3.36,739,200,4503.0,68.043894,0.8,1.0,1,0,0,0,0,1,0,1,1,1,1,0,1,5,48.0,100.0
6457,40.41752,-3.69646,4,1.0,1.0,103.0,80.0,72,0.33,343,200,4503.0,68.043894,0.8,1.0,1,0,0,0,0,1,0,1,1,0,1,0,0,6,33.0,150.0
6458,40.42419,-3.71134,4,1.0,2.0,80.0,93.0,3,0.74,322,200,4503.0,68.043894,0.8,1.0,1,0,0,0,0,1,0,1,0,0,0,0,0,5,33.0,100.0
6459,40.42141,-3.70612,6,3.0,5.0,209.0,95.0,3,1.62,363,200,4503.0,68.043894,0.8,3.0,1,0,0,0,0,1,0,1,1,0,0,0,0,0,54.0,200.0
6460,40.4177,-3.71016,4,2.0,2.0,154.0,97.0,3,2.04,322,200,4503.0,68.043894,0.8,2.0,1,0,0,0,0,1,0,1,1,0,1,0,0,0,36.0,200.0
6461,40.42069,-3.69975,6,3.0,3.0,194.0,96.0,3,2.33,414,200,4503.0,68.043894,0.8,2.0,1,0,0,0,0,1,0,1,1,0,1,0,0,0,51.0,200.0
6462,40.39529,-3.69309,1,1.0,1.0,26.0,97.0,5,0.47,325,50,3917.0,55.025641,1.9,2.0,0,0,0,0,0,1,0,1,1,0,1,0,0,10,13.5,50.0
6463,40.43348,-3.66856,3,1.0,1.0,75.0,100.0,1,0.08,263,200,5328.0,74.694253,2.2,3.0,1,0,0,0,0,1,0,1,1,0,1,0,0,8,31.5,100.0
6464,40.40503,-3.75813,1,1.0,1.0,14.0,98.0,2,0.48,352,50,3555.0,63.451906,5.9,1.0,0,0,0,0,0,1,0,0,0,0,1,0,0,8,10.5,50.0
6465,40.39835,-3.7009,4,2.0,3.0,50.0,98.0,1,1.49,443,200,3917.0,55.025641,1.9,1.0,1,0,0,0,0,1,0,0,0,0,1,0,0,6,33.0,50.0
6466,40.41117,-3.71331,2,1.0,2.0,100.0,0.0,1,0.0,226,200,4503.0,68.043894,0.8,1.0,1,0,0,0,0,1,0,0,1,0,1,0,0,5,18.0,100.0
6467,40.42549,-3.69971,3,2.0,2.0,60.0,99.0,1,0.86,380,200,4503.0,68.043894,0.8,1.0,1,0,0,0,0,1,0,1,1,0,1,0,0,6,25.5,100.0
6468,40.409,-3.69994,2,1.0,1.0,62.0,94.0,2,1.8,428,200,4503.0,68.043894,0.8,1.0,1,0,0,0,0,1,0,0,0,1,1,0,0,5,18.0,100.0
6469,40.41169,-3.70321,2,1.0,1.0,30.0,98.0,1,0.74,334,200,4503.0,68.043894,0.8,1.0,1,0,0,0,0,1,0,1,0,0,1,0,0,5,18.0,50.0
6470,40.43553,-3.67537,4,1.0,1.0,73.0,88.0,2,0.2,344,200,5328.0,74.694253,2.2,1.0,1,0,0,0,0,1,0,1,0,0,1,0,0,10,33.0,100.0
6471,40.42297,-3.70197,2,1.0,1.0,34.0,89.0,66,5.22,551,50,4503.0,68.043894,0.8,1.0,1,0,0,0,0,1,0,1,1,0,1,0,0,6,18.0,50.0
6473,40.41795,-3.69842,8,3.0,5.0,140.0,0.0,1,0.0,161,200,4503.0,68.043894,0.8,2.0,1,0,0,0,0,1,0,1,0,0,0,0,0,0,66.0,150.0
6474,40.35688,-3.5923,5,2.0,3.0,46.0,96.0,2,3.98,420,200,2382.0,49.659794,11.0,1.0,1,0,0,0,0,1,0,1,1,0,0,0,1,7,40.5,50.0
6476,40.42298,-3.70352,2,1.0,1.0,45.0,0.0,1,0.0,170,200,4503.0,68.043894,0.8,1.0,1,0,0,0,0,1,0,0,0,0,1,0,0,5,18.0,50.0
6477,40.38738,-3.701,2,1.0,1.0,11.0,99.0,2,3.32,218,50,2316.0,43.910072,4.6,1.0,0,0,0,0,0,1,0,0,1,0,0,0,1,5,18.0,50.0
6478,40.40652,-3.69359,2,1.0,1.0,50.0,96.0,1,0.97,450,50,3917.0,55.025641,1.9,1.0,0,0,0,0,0,1,0,1,1,0,1,0,1,10,18.0,50.0
6479,40.41439,-3.70944,5,1.0,3.0,55.0,95.0,2,3.61,140,200,4503.0,68.043894,0.8,1.0,1,0,0,0,0,1,0,1,0,0,0,0,0,5,40.5,100.0
6480,40.41408,-3.70689,4,1.0,2.0,50.0,92.0,2,3.04,353,200,4503.0,68.043894,0.8,1.0,1,0,0,0,0,1,0,1,0,1,1,0,0,5,33.0,50.0
6481,40.42996,-3.72084,1,1.0,1.0,46.0,0.0,2,0.06,162,50,3555.0,63.451906,5.9,1.0,0,0,0,0,0,1,0,0,1,0,1,0,0,6,10.5,50.0
6482,40.41633,-3.70873,4,1.0,2.0,65.0,86.0,1,1.91,280,200,4503.0,68.043894,0.8,1.0,1,0,0,0,0,1,0,0,0,0,0,0,0,8,33.0,100.0
6483,40.42096,-3.70821,4,2.0,2.0,100.0,94.0,5,1.62,347,200,4503.0,68.043894,0.8,2.0,1,0,0,1,0,1,0,1,1,0,1,0,0,5,36.0,100.0
6484,40.39755,-3.71662,1,1.0,1.0,18.0,91.0,2,1.12,280,50,2195.0,47.402837,6.6,1.0,0,0,0,0,0,1,0,0,1,0,1,0,0,5,10.5,50.0
6485,40.41224,-3.71296,3,1.0,2.0,35.0,100.0,1,0.03,462,200,4503.0,68.043894,0.8,1.0,1,0,0,0,0,1,0,1,0,1,1,0,0,6,25.5,50.0
6487,40.42123,-3.68525,7,4.0,5.0,553.0,96.0,113,0.15,204,200,5328.0,74.694253,2.2,3.0,1,0,0,0,0,1,0,1,1,0,0,0,0,7,61.5,200.0
6488,40.42298,-3.69981,2,1.0,1.0,34.0,91.0,66,3.85,513,50,4503.0,68.043894,0.8,1.0,1,0,0,0,0,1,0,1,1,0,1,0,1,6,18.0,50.0
6489,40.42449,-3.70045,4,1.0,2.0,45.0,90.0,66,4.59,547,50,4503.0,68.043894,0.8,1.0,1,0,0,0,0,1,0,1,1,0,1,0,0,6,33.0,50.0
6490,40.40873,-3.70691,2,1.0,2.0,59.0,96.0,1,2.72,523,200,4503.0,68.043894,0.8,1.0,1,0,0,0,0,1,0,1,0,1,1,0,0,5,18.0,100.0
6491,40.42888,-3.66426,4,2.0,2.0,72.0,94.0,1,1.47,506,200,5328.0,74.694253,2.2,1.0,1,0,0,0,0,1,0,0,0,0,1,0,1,5,33.0,100.0
6492,40.44688,-3.67559,1,1.0,1.0,30.0,99.0,2,0.89,349,50,4508.0,67.220486,5.8,1.0,0,0,0,1,0,1,0,0,1,0,1,0,0,9,10.5,50.0
6493,40.41755,-3.70009,2,1.0,2.0,178.0,100.0,1,0.11,562,200,4503.0,68.043894,0.8,1.0,1,0,0,0,0,1,0,1,1,1,1,0,0,10,18.0,200.0
6494,40.41052,-3.69798,2,1.0,1.0,58.0,97.0,1,0.5,337,200,4503.0,68.043894,0.8,1.0,1,0,0,0,0,1,0,0,0,0,1,0,0,9,18.0,100.0
6495,40.41164,-3.71087,8,3.0,4.0,194.0,98.0,4,1.97,633,200,4503.0,68.043894,0.8,2.0,1,0,0,0,0,1,0,1,0,0,1,0,0,7,66.0,200.0
6496,40.43661,-3.71056,2,1.0,1.0,27.0,80.0,1,0.08,297,50,4855.0,64.056634,2.4,1.0,0,0,0,0,0,1,0,0,0,0,1,0,0,6,18.0,50.0
6497,40.4226,-3.69907,2,0.0,1.0,60.0,0.0,1,0.0,156,200,4503.0,68.043894,0.8,1.0,1,0,0,0,0,1,0,0,1,0,0,0,0,0,18.0,100.0
6498,40.42661,-3.70132,2,1.0,1.0,150.0,94.0,1,0.73,403,200,4503.0,68.043894,0.8,1.0,1,0,0,0,0,1,1,1,1,1,1,0,0,6,18.0,150.0
6499,40.48592,-3.68542,4,1.0,2.0,62.0,98.0,1,1.95,568,200,3545.0,57.198083,16.4,1.5,1,0,0,0,0,1,0,1,0,0,1,0,1,5,34.5,100.0
6500,40.40947,-3.70845,4,2.0,1.0,71.0,94.0,1,0.97,503,200,4503.0,68.043894,0.8,1.0,1,0,0,0,0,1,0,0,0,1,1,0,0,5,33.0,100.0
6502,40.42384,-3.63414,2,1.0,1.0,15.0,100.0,1,0.22,240,50,2893.0,50.090625,6.5,1.0,0,0,0,0,0,1,0,1,1,0,1,0,0,6,18.0,50.0
6503,40.39192,-3.65881,7,3.0,5.0,105.0,89.0,1,1.13,375,200,1890.0,41.443535,5.0,2.0,1,0,0,0,0,1,0,0,0,0,1,0,0,8,58.5,150.0
6504,40.42572,-3.69581,6,3.0,6.0,157.0,100.0,5,0.45,695,200,4503.0,68.043894,0.8,2.0,1,0,0,0,0,1,0,1,0,0,1,0,0,11,51.0,200.0
6505,40.47808,-3.68516,2,1.0,1.0,35.0,95.0,1,0.13,263,50,4508.0,67.220486,5.8,1.0,0,0,0,0,0,1,0,1,1,0,1,0,0,6,18.0,50.0
6506,40.43405,-3.6686,4,3.0,3.0,150.0,0.0,1,0.0,150,200,5328.0,74.694253,2.2,2.0,1,0,0,0,0,1,0,1,1,0,1,0,0,5,36.0,150.0
6507,40.40619,-3.7046,5,1.0,3.0,104.0,96.0,1,0.8,695,200,4503.0,68.043894,0.8,1.5,1,0,0,0,0,1,0,1,1,1,1,0,0,5,42.0,150.0
6508,40.42429,-3.70151,4,1.0,1.0,50.0,80.0,3,0.12,337,200,4503.0,68.043894,0.8,1.0,1,0,0,0,0,1,0,1,1,0,1,0,0,5,33.0,50.0
6509,40.41699,-3.7055,4,1.0,2.0,76.0,92.0,12,2.55,323,200,4503.0,68.043894,0.8,1.0,1,0,0,0,1,1,0,1,1,0,1,0,0,6,33.0,100.0
6510,40.41256,-3.71632,4,2.0,3.0,100.0,91.0,1,1.15,375,200,4503.0,68.043894,0.8,1.0,1,0,0,0,0,1,0,0,1,0,1,0,0,10,33.0,100.0
6511,40.41183,-3.71045,6,2.0,2.0,75.0,98.0,6,4.21,299,200,4503.0,68.043894,0.8,2.0,1,0,0,0,0,1,0,1,1,0,0,0,0,7,51.0,100.0
6512,40.41979,-3.69931,4,2.0,2.0,150.0,96.0,7,2.76,491,200,4503.0,68.043894,0.8,1.5,1,0,0,0,0,1,0,1,1,1,1,0,0,5,34.5,150.0
6513,40.41088,-3.70747,8,8.0,9.0,282.0,99.0,5,2.8,448,200,4503.0,68.043894,0.8,4.0,1,0,0,0,0,1,0,1,1,0,1,0,0,10,72.0,200.0
6514,40.40967,-3.70386,2,1.0,1.0,20.0,84.0,1,3.89,248,200,4503.0,68.043894,0.8,1.0,1,0,0,0,0,1,0,1,1,0,0,0,0,5,18.0,50.0
6515,40.40505,-3.70172,2,1.0,1.0,29.0,98.0,3,0.2,426,50,3917.0,55.025641,1.9,2.0,0,0,0,0,0,1,0,0,1,0,1,0,1,5,21.0,50.0
6516,40.42262,-3.70451,2,1.0,1.0,70.0,100.0,1,0.16,290,50,4503.0,68.043894,0.8,1.0,1,0,0,0,0,1,0,0,0,0,1,0,0,8,18.0,100.0
6517,40.42497,-3.7063,2,0.0,1.0,60.0,89.0,5,1.12,357,200,4503.0,68.043894,0.8,1.0,1,0,0,0,0,1,0,1,1,0,1,0,0,5,18.0,100.0
6518,40.42093,-3.70752,4,2.0,2.0,81.0,94.0,2,1.0,469,200,4503.0,68.043894,0.8,1.0,1,0,0,0,0,1,0,1,1,0,0,0,1,9,33.0,100.0
6519,40.43057,-3.71993,4,2.0,2.0,78.0,97.0,1,2.16,439,200,3555.0,63.451906,5.9,2.0,1,0,0,0,0,1,0,1,1,1,1,0,0,5,36.0,100.0
6520,40.41125,-3.70215,8,2.0,2.0,136.0,95.0,1,1.99,439,200,4503.0,68.043894,0.8,2.0,1,0,0,0,0,1,0,1,1,0,1,0,0,5,66.0,150.0
6521,40.41884,-3.7095,2,1.0,1.0,49.0,93.0,2,1.89,237,50,4503.0,68.043894,0.8,1.0,0,0,0,0,0,1,0,0,0,0,1,0,0,5,18.0,50.0
6522,40.4362,-3.71699,2,1.0,2.0,25.0,0.0,1,0.0,116,50,4855.0,64.056634,2.4,1.0,0,0,0,0,0,1,0,0,1,0,1,0,0,5,18.0,50.0
6523,40.40549,-3.67487,3,1.0,3.0,30.0,80.0,2,0.03,252,200,4220.0,63.672727,3.2,1.0,1,0,0,0,0,1,0,1,0,0,1,0,0,0,25.5,50.0
6525,40.43594,-3.64116,1,1.0,1.0,28.0,100.0,1,0.15,236,50,2893.0,50.090625,6.5,1.0,0,0,0,0,0,1,0,0,0,0,0,0,0,5,10.5,50.0
6526,40.40977,-3.70503,4,2.0,2.0,100.0,100.0,1,0.03,154,200,4503.0,68.043894,0.8,1.0,1,0,0,0,0,1,0,1,1,0,1,0,0,6,33.0,100.0
6527,40.42155,-3.71152,13,4.0,11.0,433.0,87.0,10,0.09,437,200,4503.0,68.043894,0.8,2.0,1,0,0,0,0,1,0,1,0,0,1,0,0,10,103.5,200.0
6528,40.42912,-3.70385,4,1.0,2.0,166.0,93.0,62,0.24,432,200,4503.0,68.043894,0.8,1.0,1,0,0,1,0,1,0,1,1,0,1,0,0,5,33.0,200.0
6529,40.43303,-3.63345,1,1.0,1.0,20.0,0.0,1,0.0,189,50,2477.0,70.967532,7.3,1.0,0,0,0,0,0,1,0,0,0,0,0,0,0,6,10.5,50.0
6530,40.41225,-3.70562,4,1.0,2.0,72.0,96.0,7,4.2,262,200,4503.0,68.043894,0.8,1.0,1,0,0,0,0,1,0,1,1,0,0,0,0,8,33.0,100.0
6531,40.4166,-3.67334,2,1.0,2.0,39.0,95.0,1,0.1,221,50,4220.0,63.672727,3.2,1.0,0,0,0,1,0,1,0,0,1,0,1,0,0,6,18.0,50.0
6532,40.43312,-3.65254,3,1.0,2.0,40.0,86.0,1,0.77,262,200,2893.0,50.090625,6.5,1.0,1,0,0,0,0,1,0,0,0,0,1,0,0,5,25.5,50.0
6533,40.40509,-3.72327,2,1.0,1.0,29.0,100.0,2,0.11,330,50,2287.0,47.008319,4.7,1.0,0,0,0,0,0,1,0,0,1,0,0,0,0,6,18.0,50.0
6534,40.42394,-3.70528,2,1.0,1.0,31.0,90.0,1,0.07,108,50,4503.0,68.043894,0.8,1.0,0,0,0,0,0,1,0,0,0,0,0,0,0,7,18.0,50.0
6535,40.41277,-3.71366,6,3.0,5.0,137.0,91.0,2,3.72,707,200,4503.0,68.043894,0.8,2.0,1,0,0,0,0,1,0,1,0,1,1,0,0,5,51.0,150.0
6536,40.41095,-3.69812,4,1.0,4.0,55.0,99.0,2,2.47,450,200,4503.0,68.043894,0.8,1.0,1,0,0,0,0,1,0,1,0,1,0,0,0,5,33.0,100.0
6537,40.41099,-3.71112,4,2.0,3.0,175.0,98.0,2,1.26,562,200,4503.0,68.043894,0.8,2.0,1,0,0,0,0,1,0,1,1,0,1,0,0,7,36.0,200.0
6538,40.41522,-3.70912,2,1.0,1.0,48.0,93.0,7,4.04,269,200,4503.0,68.043894,0.8,1.0,1,0,0,0,0,1,0,1,0,0,0,0,0,5,18.0,50.0
6539,40.43919,-3.67638,2,1.0,1.0,25.0,100.0,1,1.53,453,50,4508.0,67.220486,5.8,1.0,0,0,0,0,0,1,0,1,0,1,1,0,0,7,18.0,50.0
6540,40.41205,-3.70954,3,1.0,1.0,60.0,97.0,14,2.8,414,200,4503.0,68.043894,0.8,1.5,1,0,0,0,0,1,0,1,0,1,1,0,0,10,27.0,100.0
6541,40.4341,-3.7027,2,3.0,1.0,13.0,85.0,8,0.71,151,50,4855.0,64.056634,2.4,1.0,0,0,0,0,0,1,0,0,1,0,1,0,0,5,18.0,50.0
6542,40.4083,-3.70042,2,1.0,1.0,25.0,90.0,1,0.05,122,200,4503.0,68.043894,0.8,1.0,1,0,0,0,0,1,0,0,1,0,1,0,0,5,18.0,50.0
6543,40.41255,-3.7055,4,1.0,2.0,65.0,96.0,7,3.16,633,200,4503.0,68.043894,0.8,1.0,1,0,0,0,0,1,0,1,1,1,0,0,0,6,33.0,100.0
6544,40.40966,-3.69038,4,1.0,2.0,95.0,99.0,1,2.96,630,200,4220.0,63.672727,3.2,1.0,1,0,0,0,0,1,0,1,0,1,1,0,0,0,33.0,100.0
6545,40.41855,-3.70725,2,1.0,2.0,39.0,95.0,1,4.77,625,200,4503.0,68.043894,0.8,1.0,1,0,0,0,0,1,0,1,1,1,1,1,0,7,18.0,50.0
6546,40.42236,-3.70938,6,3.0,4.0,249.0,100.0,1,1.1,394,200,4503.0,68.043894,0.8,2.0,1,0,0,0,0,1,0,1,0,0,1,0,0,5,51.0,200.0
6547,40.41544,-3.70615,3,2.0,3.0,105.0,90.0,1,0.28,367,200,4503.0,68.043894,0.8,1.0,1,0,0,0,0,1,0,0,0,0,1,0,0,6,25.5,150.0
6548,40.42094,-3.70029,3,1.0,2.0,150.0,89.0,88,2.42,306,200,4503.0,68.043894,0.8,1.0,1,0,0,0,0,1,0,1,0,0,1,0,0,6,25.5,150.0
6549,40.43808,-3.71136,4,4.0,4.0,99.0,60.0,24,0.07,317,200,4855.0,64.056634,2.4,1.0,1,0,0,0,0,1,0,1,1,0,1,0,0,6,33.0,100.0
6550,40.39713,-3.66698,2,1.0,2.0,13.0,100.0,1,0.02,75,50,1890.0,41.443535,5.0,1.0,0,0,0,0,0,1,0,0,0,0,0,0,0,7,18.0,50.0
6551,40.43796,-3.67885,2,1.0,1.0,50.0,0.0,1,0.0,203,50,4508.0,67.220486,5.8,1.0,0,0,0,0,0,1,0,0,1,0,1,0,0,11,18.0,50.0
6552,40.40154,-3.69659,3,1.0,2.0,48.0,0.0,1,0.0,199,200,3917.0,55.025641,1.9,1.0,1,0,0,0,0,1,0,1,1,0,1,0,0,9,25.5,50.0
6553,40.41393,-3.70217,4,1.0,2.0,75.0,91.0,3,2.79,370,200,4503.0,68.043894,0.8,1.0,1,0,0,0,0,1,0,1,0,1,1,0,0,5,33.0,100.0
6554,40.43307,-3.70349,2,3.0,1.0,13.0,85.0,8,1.85,162,50,4855.0,64.056634,2.4,1.0,0,0,0,0,0,1,0,0,1,0,1,0,0,5,18.0,50.0
6555,40.39586,-3.70985,1,1.0,1.0,26.0,0.0,1,0.02,125,50,2195.0,47.402837,6.6,1.0,0,0,0,0,0,1,0,0,1,0,1,0,0,5,10.5,50.0
6556,40.42768,-3.67583,4,2.0,2.0,76.0,97.0,1,1.71,366,200,5328.0,74.694253,2.2,1.0,1,0,0,0,0,1,0,0,0,1,0,0,0,0,33.0,100.0
6557,40.45144,-3.68478,2,1.0,1.0,55.0,100.0,1,1.46,225,50,4508.0,67.220486,5.8,1.0,1,0,0,0,0,1,0,1,0,0,1,0,0,5,18.0,100.0
6558,40.39875,-3.69904,2,1.0,1.0,100.0,100.0,1,0.08,227,50,3917.0,55.025641,1.9,1.5,1,0,0,0,0,1,0,1,1,0,1,0,0,7,19.5,100.0
6559,40.42306,-3.70567,4,2.0,2.0,42.0,84.0,38,3.63,312,200,4503.0,68.043894,0.8,1.0,1,0,0,0,0,1,0,1,1,0,0,0,0,9,33.0,50.0
6560,40.42477,-3.70664,2,1.0,1.0,90.0,0.0,3,0.0,236,50,4503.0,68.043894,0.8,1.0,1,0,0,0,0,1,0,0,1,0,1,0,0,5,18.0,100.0
6561,40.4348,-3.7167,6,2.0,4.0,216.0,95.0,24,0.33,229,200,4855.0,64.056634,2.4,2.0,1,0,0,0,0,1,0,1,0,0,0,0,0,5,51.0,200.0
6562,40.4085,-3.69902,2,0.0,1.0,52.0,93.0,2,1.21,431,200,4503.0,68.043894,0.8,1.0,1,0,0,0,0,1,0,0,0,1,1,0,0,5,18.0,100.0
6563,40.44483,-3.69745,1,1.0,1.0,30.0,0.0,1,0.0,80,50,4855.0,64.056634,2.4,1.0,0,0,0,0,0,1,0,0,0,0,1,0,0,5,10.5,50.0
6564,40.40732,-3.74652,4,1.0,1.0,44.0,93.0,10,2.04,722,200,2287.0,47.008319,4.7,1.0,1,0,0,0,0,1,0,1,0,0,1,0,0,6,33.0,50.0
6566,40.43615,-3.70487,8,3.0,4.0,216.0,95.0,59,2.73,492,200,4855.0,64.056634,2.4,3.0,1,0,0,0,0,1,0,1,1,1,1,0,0,7,69.0,200.0
6567,40.45227,-3.70258,4,1.0,1.0,75.0,0.0,3,0.0,174,200,3476.0,60.621287,5.9,1.0,1,0,0,0,0,0,0,1,1,0,1,0,0,10,33.0,100.0
6568,40.41293,-3.71126,6,2.0,2.0,77.0,99.0,6,4.75,568,200,4503.0,68.043894,0.8,2.0,1,0,0,0,0,1,0,1,1,1,1,0,0,7,51.0,100.0
6569,40.40978,-3.70105,5,1.0,3.0,65.0,93.0,17,1.23,526,200,4503.0,68.043894,0.8,1.0,1,0,0,0,0,1,0,1,1,1,1,0,0,9,40.5,100.0
6570,40.46622,-3.69455,1,1.0,1.0,11.0,80.0,1,0.23,152,50,3476.0,60.621287,5.9,1.0,0,0,0,0,0,1,0,0,0,0,1,0,0,6,10.5,50.0
6571,40.413,-3.71301,2,1.0,1.0,46.0,92.0,88,3.84,300,200,4503.0,68.043894,0.8,1.0,1,0,0,0,0,1,0,1,1,0,1,0,0,6,18.0,50.0
6572,40.41028,-3.70433,2,0.0,1.0,39.0,96.0,1,3.52,313,200,4503.0,68.043894,0.8,1.0,1,0,0,0,0,1,0,1,1,0,1,0,0,9,18.0,50.0
6574,40.43256,-3.64449,2,1.0,2.0,36.0,97.0,2,0.79,339,50,2893.0,50.090625,6.5,2.0,0,0,0,1,0,1,0,1,1,1,1,0,0,5,21.0,50.0
6575,40.39581,-3.69345,3,1.0,2.0,40.0,96.0,4,0.15,304,50,3917.0,55.025641,1.9,1.0,0,0,0,0,0,1,0,1,0,0,1,0,0,8,25.5,50.0
6576,40.40966,-3.70025,3,1.0,2.0,63.0,97.0,1,5.38,358,200,4503.0,68.043894,0.8,1.0,1,0,0,0,0,1,0,1,0,0,0,0,0,5,25.5,100.0
6577,40.4125,-3.69836,4,1.0,2.0,134.0,100.0,4,1.54,488,200,4503.0,68.043894,0.8,1.0,1,0,0,0,0,1,0,1,1,0,1,0,0,7,33.0,150.0
6578,40.42617,-3.70373,4,1.0,1.0,160.0,100.0,12,0.03,207,200,4503.0,68.043894,0.8,1.0,1,0,0,0,0,1,0,1,1,0,1,0,0,9,33.0,200.0
6579,40.41251,-3.69843,4,1.0,2.0,133.0,98.0,4,1.46,627,200,4503.0,68.043894,0.8,1.0,1,0,0,0,0,1,0,1,1,1,1,0,1,7,33.0,150.0
6580,40.41251,-3.69843,4,1.0,2.0,133.0,100.0,4,2.49,555,200,4503.0,68.043894,0.8,1.0,1,0,0,0,0,1,0,1,1,0,1,0,0,7,33.0,150.0
6581,40.41251,-3.69843,2,1.0,1.0,134.0,98.0,4,0.93,408,200,4503.0,68.043894,0.8,1.0,1,0,0,0,0,1,0,1,1,0,1,0,0,7,18.0,150.0
6582,40.42229,-3.7004,2,1.0,1.0,76.0,93.0,3,2.16,289,200,4503.0,68.043894,0.8,1.0,1,0,0,0,0,1,0,1,1,0,0,0,0,5,18.0,100.0
6584,40.42382,-3.70536,13,4.0,8.0,316.0,96.0,11,2.59,643,200,4503.0,68.043894,0.8,3.0,1,0,0,0,0,1,0,0,1,1,1,0,0,6,106.5,200.0
6585,40.40732,-3.74661,4,1.0,1.0,43.0,93.0,10,2.4,767,200,2287.0,47.008319,4.7,1.0,1,0,0,0,0,1,0,1,0,0,1,0,0,6,33.0,50.0
6586,40.42558,-3.7095,3,2.0,2.0,60.0,90.0,11,0.17,396,200,4503.0,68.043894,0.8,1.5,1,0,0,0,0,1,0,1,1,0,1,0,0,7,27.0,100.0
6588,40.43653,-3.65547,2,1.0,1.0,30.0,98.0,1,0.61,263,50,2893.0,50.090625,6.5,1.0,0,0,0,0,0,1,0,0,1,0,1,0,0,5,18.0,50.0
6589,40.43851,-3.67471,4,2.0,3.0,83.0,92.0,3,1.41,443,200,5328.0,74.694253,2.2,1.5,1,0,0,0,0,1,0,1,1,1,1,0,0,8,34.5,100.0
6590,40.39512,-3.70891,3,1.0,2.0,80.0,0.0,1,0.0,242,200,2195.0,47.402837,6.6,1.5,1,0,0,0,0,1,0,0,1,0,1,0,0,5,27.0,100.0
6591,40.38149,-3.71184,1,1.0,1.0,340.0,0.0,1,0.05,251,50,2316.0,43.910072,4.6,1.0,0,0,0,0,0,1,0,0,0,1,0,0,0,5,10.5,200.0
6592,40.42474,-3.68318,6,3.0,5.0,246.0,98.0,25,0.34,500,200,5328.0,74.694253,2.2,2.5,1,0,0,0,0,1,0,1,1,1,1,0,0,11,52.5,200.0
6593,40.48229,-3.71642,1,1.0,1.0,34.0,97.0,1,0.2,216,50,3545.0,57.198083,16.4,1.0,0,0,0,0,0,1,0,0,1,0,1,0,0,8,10.5,50.0
6594,40.43054,-3.63532,2,1.0,1.0,25.0,95.0,2,1.03,591,50,2893.0,50.090625,6.5,1.5,0,0,0,0,0,1,0,1,0,0,1,0,0,5,19.5,50.0
6595,40.43722,-3.7005,4,1.0,2.0,64.0,90.0,1,1.66,344,200,4855.0,64.056634,2.4,1.0,1,0,0,0,0,1,0,1,0,0,1,0,1,5,33.0,100.0
6596,40.41822,-3.70271,8,4.0,8.0,193.0,92.0,1,2.32,413,200,4503.0,68.043894,0.8,2.0,1,0,0,0,0,1,0,1,0,0,1,0,0,6,66.0,200.0
6597,40.42839,-3.68407,6,3.0,4.0,142.0,70.0,43,0.16,492,200,5328.0,74.694253,2.2,2.0,1,0,0,0,0,1,0,1,1,1,0,0,0,6,51.0,150.0
6598,40.40497,-3.67418,4,2.0,3.0,101.0,94.0,1,1.6,299,200,4220.0,63.672727,3.2,1.0,1,0,0,0,0,1,0,1,1,0,1,0,0,5,33.0,150.0
6599,40.41729,-3.70858,1,1.0,1.0,24.0,97.0,1,1.91,469,50,4503.0,68.043894,0.8,2.0,0,0,0,0,0,1,0,1,1,0,1,0,0,5,13.5,50.0
6600,40.39204,-3.65601,1,1.0,1.0,12.0,84.0,2,1.9,319,50,1890.0,41.443535,5.0,1.0,0,0,0,0,0,1,0,0,0,0,0,0,0,5,10.5,50.0
6601,40.42004,-3.70663,8,4.0,4.0,199.0,100.0,1,0.06,580,200,4503.0,68.043894,0.8,2.0,1,0,0,0,0,1,0,1,0,1,1,0,0,9,66.0,200.0
6602,40.43024,-3.71743,1,1.0,1.0,20.0,91.0,3,0.87,256,50,3555.0,63.451906,5.9,1.0,0,0,0,0,0,1,0,0,1,0,1,0,0,8,10.5,50.0
6603,40.43846,-3.6951,5,2.0,4.0,53.0,95.0,1,1.24,462,200,4855.0,64.056634,2.4,1.0,1,0,0,0,0,1,0,0,0,1,1,0,0,6,40.5,100.0
6604,40.43408,-3.67207,1,1.0,1.0,23.0,67.0,2,0.08,150,50,5328.0,74.694253,2.2,1.0,0,0,0,0,0,1,0,1,0,0,0,0,0,8,10.5,50.0
6606,40.40406,-3.72378,2,1.0,4.0,40.0,98.0,1,0.75,473,50,2195.0,47.402837,6.6,1.5,1,0,0,0,0,1,0,1,0,1,1,0,0,9,19.5,50.0
6607,40.40725,-3.7021,2,1.0,1.0,56.0,93.0,20,3.6,228,200,4503.0,68.043894,0.8,1.0,1,0,0,0,0,1,0,1,0,0,0,0,0,9,18.0,100.0
6608,40.4352,-3.69625,2,1.0,1.0,55.0,98.0,1,0.72,363,50,4855.0,64.056634,2.4,1.0,1,0,0,0,0,1,0,0,0,0,1,0,0,4,18.0,100.0
6609,40.48063,-3.64879,2,1.0,2.0,35.0,90.0,1,0.05,194,200,3312.0,62.061453,9.2,1.0,1,0,0,0,0,1,0,0,0,0,0,0,0,8,18.0,50.0
6610,40.404,-3.71313,2,1.0,1.0,27.0,96.0,2,2.55,379,50,3917.0,55.025641,1.9,1.0,0,0,0,0,0,1,0,1,0,0,1,0,0,6,18.0,50.0
6611,40.42242,-3.7011,3,0.0,2.0,76.0,97.0,4,3.88,330,200,4503.0,68.043894,0.8,1.0,1,0,0,0,0,1,0,1,0,0,0,0,0,4,25.5,100.0
6612,40.41798,-3.69028,2,1.0,2.0,28.0,91.0,26,1.61,237,50,4220.0,63.672727,3.2,1.0,1,0,0,0,0,1,0,1,0,0,1,0,0,8,18.0,50.0
6613,40.41701,-3.68912,2,1.0,1.0,29.0,88.0,26,1.7,233,50,4220.0,63.672727,3.2,1.0,1,0,0,0,0,1,0,1,0,0,1,0,0,8,18.0,50.0
6614,40.4178,-3.69116,4,2.0,2.0,37.0,89.0,26,3.87,237,50,4220.0,63.672727,3.2,1.0,1,0,0,0,0,1,0,1,0,0,1,0,0,8,33.0,50.0
6615,40.41801,-3.68912,2,1.0,1.0,22.0,92.0,26,5.45,216,50,4220.0,63.672727,3.2,1.0,0,0,0,0,0,1,0,1,0,0,1,0,0,8,18.0,50.0
6616,40.41625,-3.69078,2,1.0,1.0,26.0,87.0,26,1.87,214,50,4220.0,63.672727,3.2,1.0,1,0,0,0,0,1,0,1,0,0,0,0,0,8,18.0,50.0
6618,40.46538,-3.70348,6,3.0,6.0,97.0,94.0,6,1.65,275,200,3476.0,60.621287,5.9,3.0,1,0,0,0,0,1,0,1,0,0,1,0,0,10,54.0,100.0
6619,40.43074,-3.69906,2,0.0,1.0,60.0,99.0,3,1.87,489,200,4855.0,64.056634,2.4,1.0,1,0,0,0,0,1,0,1,0,0,1,0,1,8,18.0,100.0
6620,40.43158,-3.71275,2,1.0,2.0,90.0,0.0,1,0.0,113,200,4855.0,64.056634,2.4,1.0,1,0,0,0,0,1,0,0,0,0,0,0,0,4,18.0,100.0
6621,40.3911,-3.69304,4,2.0,3.0,70.0,95.0,1,1.33,385,200,3917.0,55.025641,1.9,1.0,1,0,0,0,0,1,0,1,0,0,1,0,0,7,33.0,100.0
6622,40.45443,-3.69191,3,1.0,1.0,82.0,96.0,1,1.88,301,200,3476.0,60.621287,5.9,1.0,1,0,0,0,0,1,0,1,1,0,0,0,0,4,25.5,100.0
6624,40.43206,-3.6948,3,1.0,2.0,160.0,93.0,1,0.41,369,200,4855.0,64.056634,2.4,1.0,1,0,0,0,0,1,0,1,1,1,1,0,1,6,25.5,200.0
6625,40.39294,-3.77455,2,1.0,1.0,24.0,100.0,1,0.05,182,50,2287.0,47.008319,4.7,1.0,0,0,0,0,0,1,0,0,1,0,0,0,0,5,18.0,50.0
6626,40.41317,-3.7039,6,2.0,5.0,1139.0,82.0,27,1.27,195,200,4503.0,68.043894,0.8,1.0,1,0,0,0,0,1,0,1,1,0,1,0,0,7,48.0,200.0
6628,40.41386,-3.70518,6,2.0,3.0,1139.0,83.0,27,0.53,195,200,4503.0,68.043894,0.8,1.0,1,0,0,0,0,1,0,1,1,0,1,0,0,7,48.0,200.0
6629,40.42847,-3.62638,1,1.0,1.0,38.0,100.0,1,0.4,397,50,2477.0,70.967532,7.3,1.0,0,0,0,0,0,1,0,1,0,0,0,0,0,8,10.5,50.0
6630,40.40935,-3.70756,9,3.0,3.0,90.0,0.0,1,0.0,180,200,4503.0,68.043894,0.8,2.0,1,0,0,0,0,1,0,1,0,0,1,0,0,11,73.5,100.0
6631,40.42578,-3.7042,2,0.0,1.0,46.0,85.0,1,0.26,156,200,4503.0,68.043894,0.8,1.0,1,0,0,0,0,0,0,0,0,0,0,0,0,0,18.0,50.0
6632,40.41282,-3.71014,9,2.0,4.0,73.0,95.0,5,4.92,526,200,4503.0,68.043894,0.8,2.0,1,0,0,0,0,1,0,1,1,1,1,0,0,6,73.5,100.0
6634,40.41706,-3.70499,1,1.0,1.0,200.0,0.0,1,0.0,27,50,4503.0,68.043894,0.8,0.0,1,0,0,0,0,0,0,0,0,0,0,0,0,4,7.5,200.0
6635,40.41007,-3.69881,1,1.0,1.0,36.0,95.0,2,3.68,361,50,4503.0,68.043894,0.8,2.0,0,0,0,0,0,1,0,0,1,0,1,0,0,5,13.5,50.0
6636,40.42487,-3.67194,3,2.0,2.0,57.0,92.0,1,3.11,490,200,5328.0,74.694253,2.2,1.5,1,0,0,0,0,1,0,0,1,0,1,0,0,8,27.0,100.0
6637,40.48032,-3.71766,2,0.0,1.0,15.0,0.0,2,0.0,107,50,3545.0,57.198083,16.4,1.0,1,0,0,0,0,1,0,0,0,0,0,0,0,6,18.0,50.0
6638,40.40192,-3.69868,1,1.0,1.0,25.0,99.0,1,2.61,320,50,3917.0,55.025641,1.9,1.0,0,0,0,0,0,1,0,1,1,0,1,0,0,4,10.5,50.0
6639,40.42446,-3.70938,2,1.0,1.0,40.0,100.0,2,0.05,87,200,4503.0,68.043894,0.8,1.0,1,0,0,0,0,1,0,0,0,0,0,0,0,10,18.0,50.0
6640,40.46756,-3.70192,1,1.0,1.0,20.0,0.0,1,0.0,134,50,3476.0,60.621287,5.9,1.0,0,0,0,0,0,1,0,0,0,0,0,0,0,5,10.5,50.0
6641,40.38908,-3.70309,1,1.0,1.0,12.0,97.0,2,2.78,220,50,2316.0,43.910072,4.6,1.0,0,0,0,0,0,1,0,0,1,0,0,0,1,5,10.5,50.0
6642,40.37739,-3.7824,4,2.0,4.0,50.0,96.0,1,0.18,276,200,2287.0,47.008319,4.7,1.0,1,0,0,0,0,0,0,0,0,0,0,0,0,6,33.0,50.0
6643,40.45282,-3.70346,5,2.0,3.0,74.0,99.0,2,0.82,411,200,3476.0,60.621287,5.9,2.0,1,0,0,0,0,1,0,1,1,1,1,0,0,5,43.5,100.0
6644,40.40483,-3.72391,2,1.0,2.0,43.0,96.0,3,0.97,582,50,2287.0,47.008319,4.7,1.5,0,0,0,0,0,1,0,0,1,1,1,0,0,5,19.5,50.0
6645,40.44441,-3.69622,6,2.0,3.0,83.0,100.0,43,0.03,420,200,4855.0,64.056634,2.4,1.0,1,0,0,1,0,1,0,0,1,0,0,0,0,6,48.0,100.0
6646,40.41151,-3.72737,2,1.0,1.0,40.0,91.0,1,1.19,455,50,2287.0,47.008319,4.7,1.0,0,0,0,0,0,1,0,0,0,1,1,0,0,4,18.0,50.0
6647,40.43064,-3.70076,2,1.0,1.0,22.0,0.0,1,0.03,170,50,4855.0,64.056634,2.4,1.0,0,0,0,0,0,1,0,0,1,0,0,0,0,10,18.0,50.0
6648,40.42133,-3.69886,6,2.0,2.0,100.0,97.0,1,2.79,151,200,4503.0,68.043894,0.8,1.0,1,0,0,0,0,1,0,1,0,0,0,0,0,4,48.0,100.0
6649,40.42671,-3.67754,6,2.0,4.0,133.0,50.0,3,0.09,312,200,5328.0,74.694253,2.2,2.0,1,0,0,0,0,1,0,1,1,0,0,0,0,7,51.0,150.0
6650,40.40142,-3.69435,2,1.0,1.0,16.0,0.0,1,0.0,207,50,3917.0,55.025641,1.9,1.0,0,0,0,0,0,1,0,1,0,0,1,0,0,5,18.0,50.0
6651,40.41144,-3.70549,6,2.0,3.0,173.0,94.0,3,2.08,250,200,4503.0,68.043894,0.8,2.0,1,0,0,0,0,1,0,1,0,0,0,0,0,8,51.0,200.0
6652,40.42598,-3.69738,3,1.0,2.0,42.0,85.0,12,2.61,433,200,4503.0,68.043894,0.8,1.0,1,0,0,0,0,1,0,1,1,0,1,0,0,7,25.5,50.0
6653,40.42489,-3.6808,6,2.0,4.0,132.0,95.0,3,0.56,345,200,5328.0,74.694253,2.2,1.0,1,0,0,0,0,1,0,1,1,0,1,0,0,8,48.0,150.0
6654,40.41292,-3.70499,8,3.0,4.0,170.0,90.0,3,1.84,274,200,4503.0,68.043894,0.8,2.0,1,0,0,0,0,1,0,1,0,0,0,0,0,8,66.0,200.0
6655,40.4065,-3.70123,1,1.0,1.0,43.0,0.0,1,0.0,110,50,4503.0,68.043894,0.8,1.0,0,0,0,0,0,1,0,0,1,0,1,0,0,7,10.5,50.0
6656,40.44021,-3.69957,2,0.0,1.0,33.0,92.0,1,0.13,174,200,4855.0,64.056634,2.4,1.0,1,0,0,0,0,0,0,1,1,0,0,0,0,7,18.0,50.0
6657,40.4793,-3.64555,3,1.0,1.0,80.0,99.0,7,0.74,445,200,3312.0,62.061453,9.2,1.0,1,0,0,1,0,1,0,1,1,1,1,0,0,6,25.5,100.0
6658,40.42546,-3.6709,1,1.0,1.0,30.0,0.0,1,0.0,191,50,5328.0,74.694253,2.2,1.0,0,1,1,1,1,1,0,0,1,0,1,0,0,5,10.5,50.0
6659,40.41564,-3.71063,2,1.0,1.0,56.0,92.0,7,2.55,323,200,4503.0,68.043894,0.8,1.0,1,0,0,0,0,1,0,1,0,1,0,0,0,5,18.0,100.0
6660,40.4118,-3.70145,2,1.0,2.0,65.0,99.0,1,0.49,267,200,4503.0,68.043894,0.8,1.0,1,0,0,0,0,1,0,0,0,0,0,0,0,8,18.0,100.0
6661,40.42258,-3.70404,2,1.0,1.0,120.0,0.0,4,0.03,288,200,4503.0,68.043894,0.8,2.0,1,0,0,0,0,0,0,1,0,0,0,0,0,5,21.0,150.0
6662,40.36983,-3.69032,1,4.0,2.0,56.0,90.0,3,0.06,493,50,2316.0,43.910072,4.6,2.0,0,0,0,0,0,1,0,0,0,1,1,0,0,4,13.5,100.0
6663,40.41298,-3.69668,8,3.0,4.0,164.0,0.0,1,0.0,378,200,4503.0,68.043894,0.8,2.0,1,0,0,0,0,1,0,1,1,0,1,0,0,9,66.0,200.0
6664,40.3689,-3.68927,2,1.0,1.0,54.0,88.0,3,0.4,361,50,2316.0,43.910072,4.6,2.0,1,0,0,0,0,1,0,1,0,0,1,0,0,4,21.0,100.0
6665,40.36803,-3.68992,1,4.0,3.0,55.0,100.0,3,0.19,725,50,2316.0,43.910072,4.6,2.0,0,0,0,0,0,1,0,1,0,1,1,0,0,4,13.5,100.0
6666,40.42198,-3.68904,3,0.0,2.0,500.0,77.0,32,0.19,434,200,5328.0,74.694253,2.2,1.0,1,0,0,0,0,1,0,1,0,0,1,0,0,9,25.5,200.0
6667,40.40957,-3.70604,4,1.0,2.0,58.0,90.0,3,1.77,444,200,4503.0,68.043894,0.8,1.0,1,0,0,0,0,1,0,1,0,0,1,0,0,5,33.0,100.0
6668,40.39883,-3.68679,2,1.0,1.0,90.0,100.0,1,0.03,41,200,3917.0,55.025641,1.9,1.0,1,0,0,0,0,1,0,0,0,0,0,0,0,4,18.0,100.0
6669,40.46167,-3.69523,4,1.0,2.0,71.0,95.0,1,5.94,537,200,3476.0,60.621287,5.9,1.0,1,0,0,0,0,1,0,1,1,1,1,0,0,6,33.0,100.0
6670,40.40957,-3.70566,6,2.0,3.0,86.0,96.0,3,1.88,444,200,4503.0,68.043894,0.8,1.0,1,0,0,0,0,0,0,1,1,0,1,0,0,9,48.0,100.0
6671,40.41985,-3.69938,12,3.0,8.0,257.0,95.0,10,1.84,557,200,4503.0,68.043894,0.8,2.0,1,0,0,0,1,1,0,1,0,0,1,0,0,9,96.0,200.0
6672,40.41242,-3.70735,3,0.0,2.0,35.0,0.0,1,0.0,63,200,4503.0,68.043894,0.8,1.0,1,0,0,0,0,1,0,0,0,0,0,0,0,8,25.5,50.0
6673,40.4304,-3.69396,2,0.0,1.0,50.0,100.0,1,0.03,159,50,4855.0,64.056634,2.4,1.0,1,0,0,0,0,0,0,1,1,0,1,0,0,0,18.0,50.0
6674,40.38912,-3.74343,2,1.0,1.0,28.0,100.0,1,0.13,110,50,2195.0,47.402837,6.6,1.0,0,0,0,0,0,1,0,0,1,0,0,0,0,9,18.0,50.0
6676,40.42406,-3.70716,4,1.0,2.0,50.0,83.0,66,4.67,415,200,4503.0,68.043894,0.8,1.0,1,0,0,0,0,1,0,1,0,1,1,0,0,6,33.0,50.0
6677,40.42487,-3.68489,4,2.0,2.0,134.0,96.0,113,0.57,179,200,5328.0,74.694253,2.2,1.0,1,0,0,0,0,1,0,1,1,0,0,0,0,7,33.0,150.0
6678,40.42665,-3.64571,2,1.0,1.0,46.0,83.0,4,2.09,390,200,2893.0,50.090625,6.5,1.0,1,0,0,0,0,1,0,1,0,0,0,0,1,4,18.0,50.0
6679,40.41946,-3.70199,6,2.0,4.0,135.0,95.0,3,0.87,316,200,4503.0,68.043894,0.8,2.0,1,0,0,0,0,1,0,1,1,0,1,0,0,8,51.0,150.0
6680,40.42277,-3.69567,5,2.0,3.0,112.0,93.0,3,0.49,429,200,4503.0,68.043894,0.8,1.0,1,0,0,0,0,1,0,0,1,0,1,0,0,8,40.5,150.0
6681,40.42089,-3.70375,3,1.0,1.0,60.0,92.0,1,2.03,428,200,4503.0,68.043894,0.8,1.0,1,0,0,0,0,1,0,1,0,1,1,0,0,8,25.5,100.0
6682,40.42266,-3.68182,2,0.0,2.0,55.0,98.0,1,1.22,670,200,5328.0,74.694253,2.2,1.0,1,0,0,0,0,1,0,1,0,0,1,0,1,5,18.0,100.0
6683,40.41425,-3.70412,11,5.0,6.0,319.0,96.0,8,1.99,596,200,4503.0,68.043894,0.8,5.0,1,0,0,0,0,1,0,1,1,0,1,0,1,6,97.5,200.0
6684,40.43258,-3.70213,4,1.0,3.0,88.0,100.0,8,0.07,334,50,4855.0,64.056634,2.4,2.0,1,0,0,0,0,1,0,1,0,0,1,0,0,6,36.0,100.0
6685,40.426,-3.70809,4,1.0,2.0,63.0,97.0,1,2.46,514,200,4503.0,68.043894,0.8,1.0,1,0,0,0,0,1,0,1,1,1,1,0,0,6,33.0,100.0
6686,40.42864,-3.64402,4,1.0,2.0,45.0,86.0,4,2.2,416,200,2893.0,50.090625,6.5,1.0,1,0,0,0,0,1,0,1,0,0,0,0,1,4,33.0,50.0
6687,40.43417,-3.68395,3,0.0,2.0,45.0,0.0,1,0.03,193,200,5328.0,74.694253,2.2,1.0,1,0,0,0,0,1,0,1,1,0,1,0,0,8,25.5,50.0
6688,40.41222,-3.70966,6,3.0,4.0,131.0,95.0,1,2.62,552,200,4503.0,68.043894,0.8,3.0,1,0,0,0,0,1,0,1,0,1,1,0,0,4,54.0,150.0
6689,40.41217,-3.69883,3,1.0,2.0,71.0,91.0,1,2.88,457,200,4503.0,68.043894,0.8,1.0,1,0,0,0,0,1,0,1,0,1,0,0,0,4,25.5,100.0
6690,40.42322,-3.70045,2,1.0,1.0,129.0,97.0,4,1.64,521,200,4503.0,68.043894,0.8,1.0,1,0,0,0,0,1,0,1,1,0,1,0,0,6,18.0,150.0
6691,40.40935,-3.70773,6,2.0,2.0,856.0,92.0,2,1.59,521,200,4503.0,68.043894,0.8,1.0,1,0,0,0,0,1,0,1,0,0,1,0,1,5,48.0,200.0
6692,40.43992,-3.70854,3,3.0,4.0,120.0,0.0,24,0.04,425,200,4855.0,64.056634,2.4,1.0,1,0,0,0,0,1,0,0,1,0,1,0,0,6,25.5,150.0
6693,40.39312,-3.72603,2,1.0,1.0,48.0,98.0,2,0.24,374,50,2195.0,47.402837,6.6,1.0,0,0,0,0,0,1,0,1,0,0,1,0,0,6,18.0,50.0
6694,40.39746,-3.63751,8,4.0,7.0,146.0,100.0,1,0.05,198,200,2547.0,45.581197,5.0,2.0,1,0,0,0,0,1,0,1,1,0,0,0,0,4,66.0,150.0
6695,40.42045,-3.69862,13,3.0,7.0,279.0,93.0,8,0.39,548,200,4503.0,68.043894,0.8,2.0,1,0,0,0,0,1,0,1,0,0,1,0,0,6,103.5,200.0
6696,40.41394,-3.68974,4,1.0,2.0,134.0,100.0,28,0.05,172,200,4220.0,63.672727,3.2,1.0,1,0,0,0,0,1,0,1,1,0,0,0,0,10,33.0,150.0
6698,40.43258,-3.70213,4,1.0,3.0,77.0,93.0,8,0.08,334,50,4855.0,64.056634,2.4,1.0,1,0,0,0,0,1,0,1,0,0,1,0,0,6,33.0,100.0
6700,40.4171,-3.71002,2,1.0,1.0,48.0,93.0,1,1.5,291,50,4503.0,68.043894,0.8,1.0,0,0,0,0,1,1,0,1,1,0,1,0,0,5,18.0,50.0
6701,40.47256,-3.63461,4,1.0,1.0,104.0,70.0,72,0.12,260,200,3312.0,62.061453,9.2,1.0,1,0,0,0,0,1,0,1,0,0,1,0,0,6,33.0,150.0
6702,40.40913,-3.73282,4,1.0,2.0,44.0,93.0,10,3.02,584,200,2287.0,47.008319,4.7,1.0,1,0,0,0,0,1,0,1,0,0,1,0,0,6,33.0,50.0
6703,40.45584,-3.6477,1,1.0,1.0,45.0,93.0,2,0.16,172,50,3312.0,62.061453,9.2,1.0,0,0,0,0,0,1,0,1,0,0,1,0,0,11,10.5,50.0
6704,40.40786,-3.70487,4,1.0,2.0,33.0,91.0,3,5.15,452,200,4503.0,68.043894,0.8,1.0,1,0,0,0,0,1,0,0,0,1,1,0,0,6,33.0,50.0
6705,40.41263,-3.72378,1,1.0,1.0,40.0,98.0,2,0.3,355,50,2287.0,47.008319,4.7,1.0,1,0,0,0,0,1,0,1,0,0,1,0,0,8,10.5,50.0
6706,40.46059,-3.68753,6,2.0,4.0,88.0,99.0,1,4.29,556,200,4508.0,67.220486,5.8,2.0,1,0,0,0,0,1,0,1,1,0,1,0,1,4,51.0,100.0
6707,40.42481,-3.70132,7,3.0,3.0,399.0,95.0,1,0.38,466,200,4503.0,68.043894,0.8,1.0,1,0,0,0,0,1,0,1,1,1,1,0,0,4,55.5,200.0
6708,40.38318,-3.76638,1,1.0,1.0,28.0,100.0,1,0.26,469,50,2287.0,47.008319,4.7,1.0,0,0,0,0,0,1,0,0,1,0,1,0,0,4,10.5,50.0
6709,40.47264,-3.69508,4,3.0,3.0,150.0,0.0,1,0.0,449,50,3476.0,60.621287,5.9,1.0,1,0,0,0,0,1,0,0,1,0,1,0,1,10,33.0,150.0
6710,40.43258,-3.70213,2,1.0,2.0,60.0,60.0,8,0.04,212,50,4855.0,64.056634,2.4,1.0,1,0,0,0,0,1,0,1,0,0,1,0,0,6,18.0,100.0
6711,40.41182,-3.70997,8,3.0,4.0,88.0,96.0,1,4.06,466,200,4503.0,68.043894,0.8,2.0,1,0,0,0,0,1,0,1,1,0,1,0,0,4,66.0,100.0
6712,40.43104,-3.64983,1,1.0,1.0,13.0,100.0,2,0.03,199,50,2893.0,50.090625,6.5,1.5,0,0,0,0,0,1,0,0,1,0,1,0,0,7,12.0,50.0
6713,40.45894,-3.6966,4,2.0,2.0,104.0,98.0,1,1.46,357,200,3476.0,60.621287,5.9,1.0,1,0,0,0,0,1,0,1,1,1,1,0,0,4,33.0,150.0
6714,40.43336,-3.72272,2,1.0,1.0,68.0,99.0,1,0.84,336,50,3555.0,63.451906,5.9,1.0,1,1,1,1,1,1,1,1,1,1,1,1,1,0,18.0,100.0
6715,40.43334,-3.70317,2,1.0,1.0,12.0,85.0,8,1.0,168,50,4855.0,64.056634,2.4,1.0,0,0,0,0,0,1,0,0,1,0,1,0,0,5,18.0,50.0
6717,40.44597,-3.64445,4,1.0,2.0,66.0,100.0,11,0.03,454,200,2893.0,50.090625,6.5,1.0,1,0,0,0,0,1,0,1,1,1,1,0,0,5,33.0,100.0
6718,40.40937,-3.71201,2,1.0,1.0,41.0,93.0,4,3.06,414,200,4503.0,68.043894,0.8,1.0,1,0,0,0,0,1,0,1,1,0,1,0,0,6,18.0,50.0
6719,40.42605,-3.70531,6,2.0,3.0,89.0,91.0,5,2.34,367,200,4503.0,68.043894,0.8,2.0,1,0,0,0,0,1,0,1,0,0,1,0,0,7,51.0,100.0
6721,40.38285,-3.66414,1,1.0,1.0,30.0,100.0,3,0.1,218,50,1890.0,41.443535,5.0,1.0,0,0,0,0,0,1,0,0,0,0,1,0,0,5,10.5,50.0
6722,40.45724,-3.71042,4,0.0,1.0,50.0,92.0,1,1.29,379,200,3476.0,60.621287,5.9,1.0,1,0,0,0,0,1,0,0,0,0,1,0,0,5,33.0,50.0
6724,40.42309,-3.69997,2,1.0,1.0,34.0,91.0,35,3.26,541,50,4503.0,68.043894,0.8,1.0,1,0,0,0,0,1,0,1,1,0,1,0,0,5,18.0,50.0
6725,40.42656,-3.70367,4,1.0,2.0,57.0,93.0,1,2.08,494,200,4503.0,68.043894,0.8,1.0,1,0,0,0,0,1,0,1,1,0,1,0,1,7,33.0,100.0
6726,40.4074,-3.69841,2,1.0,1.0,28.0,87.0,1,1.12,213,50,4503.0,68.043894,0.8,1.0,0,0,0,0,0,1,0,0,0,0,0,0,0,4,18.0,50.0
6727,40.41621,-3.70855,2,1.0,1.0,68.0,95.0,25,2.82,384,200,4503.0,68.043894,0.8,1.0,1,0,0,0,0,1,0,1,1,0,1,0,0,9,18.0,100.0
6728,40.40723,-3.73657,1,1.0,1.0,12.0,1.0,2,1.0,127,50,2287.0,47.008319,4.7,1.5,1,1,1,1,1,1,1,1,1,1,1,1,1,6,12.0,50.0
6729,40.41108,-3.69423,2,1.0,1.0,73.0,93.0,25,3.06,332,200,4503.0,68.043894,0.8,1.0,1,0,0,0,0,1,0,1,0,0,1,0,0,9,18.0,100.0
6730,40.41108,-3.69423,2,1.0,1.0,72.0,96.0,25,2.76,344,200,4503.0,68.043894,0.8,1.0,1,0,0,0,0,1,0,1,0,0,1,0,0,9,18.0,100.0
6731,40.4159,-3.70531,2,1.0,1.0,45.0,100.0,2,0.03,149,50,4503.0,68.043894,0.8,1.0,1,0,0,0,0,1,0,1,0,0,1,0,0,7,18.0,50.0
6732,40.42176,-3.70657,7,3.0,4.0,251.0,95.0,3,2.21,329,200,4503.0,68.043894,0.8,2.0,1,0,0,0,0,1,0,1,0,0,1,0,0,4,58.5,200.0
6733,40.44741,-3.6809,2,1.0,1.0,60.0,0.0,2,0.0,419,50,4508.0,67.220486,5.8,1.0,1,0,0,0,0,1,0,1,1,0,1,0,0,7,18.0,100.0
6734,40.4158,-3.68896,5,3.0,5.0,200.0,95.0,7,3.06,520,200,4220.0,63.672727,3.2,2.0,1,0,0,0,0,1,0,1,1,0,1,0,0,5,43.5,200.0
6735,40.45066,-3.70307,4,1.0,3.0,90.0,94.0,7,1.06,522,200,3476.0,60.621287,5.9,1.0,1,0,0,0,0,1,0,1,1,0,1,0,0,0,33.0,100.0
6736,40.45052,-3.70437,4,1.0,2.0,73.0,95.0,7,1.36,411,200,3476.0,60.621287,5.9,1.0,1,0,0,0,0,1,0,1,1,0,1,0,0,0,33.0,100.0
6737,40.44888,-3.70309,2,0.0,1.0,55.0,97.0,7,2.34,499,200,3476.0,60.621287,5.9,1.0,1,0,0,0,0,1,0,1,1,0,1,0,0,0,18.0,100.0
6738,40.43539,-3.71617,4,2.0,3.0,33.0,95.0,1,3.21,311,50,4855.0,64.056634,2.4,1.0,1,0,0,0,0,1,0,1,1,0,1,0,0,4,33.0,50.0
6739,40.41069,-3.69988,4,2.0,2.0,59.0,91.0,20,1.84,450,200,4503.0,68.043894,0.8,1.0,1,0,0,0,0,1,0,0,0,0,1,0,0,9,33.0,100.0
6740,40.42108,-3.66412,6,2.0,2.0,111.0,77.0,72,0.17,271,200,5328.0,74.694253,2.2,1.0,1,0,0,0,0,1,0,0,0,0,1,0,0,6,48.0,150.0
6742,40.41057,-3.71836,3,1.0,1.0,74.0,97.0,1,2.78,440,200,3917.0,55.025641,1.9,1.0,1,0,0,0,0,1,0,1,0,0,1,0,0,4,25.5,100.0
6743,40.40536,-3.70639,6,2.0,4.0,77.0,94.0,5,1.3,290,200,3917.0,55.025641,1.9,2.0,1,0,0,0,0,1,1,1,1,0,0,0,0,9,51.0,100.0
6744,40.42674,-3.71659,2,2.0,1.0,55.0,87.0,2,0.31,551,50,3555.0,63.451906,5.9,1.0,0,0,0,0,0,1,0,0,1,0,1,0,1,5,18.0,100.0
6745,40.40917,-3.73276,4,1.0,1.0,44.0,95.0,10,2.19,643,200,2287.0,47.008319,4.7,1.0,1,0,0,0,0,1,0,1,0,0,1,0,1,6,33.0,50.0
6746,40.46024,-3.67275,2,1.0,1.0,80.0,0.0,1,0.0,190,50,4508.0,67.220486,5.8,1.0,1,0,0,0,0,1,1,0,1,0,1,0,0,8,18.0,100.0
6747,40.40105,-3.74198,4,2.0,3.0,79.0,99.0,1,0.71,403,200,2287.0,47.008319,4.7,1.0,1,0,0,0,0,1,0,1,1,0,1,0,0,4,33.0,100.0
6748,40.39529,-3.69309,1,1.0,1.0,26.0,92.0,5,0.56,289,50,3917.0,55.025641,1.9,2.0,0,0,0,0,0,1,0,1,1,0,1,0,0,10,13.5,50.0
6749,40.45634,-3.68091,4,2.0,2.0,140.0,0.0,1,0.0,225,200,4508.0,67.220486,5.8,2.0,1,0,0,0,0,1,0,1,1,0,1,0,0,5,36.0,150.0
6750,40.40939,-3.70697,6,3.0,6.0,128.0,91.0,14,0.76,256,200,4503.0,68.043894,0.8,1.0,1,0,0,0,0,1,0,1,1,0,0,0,0,6,48.0,150.0
6751,40.41125,-3.71046,6,2.0,3.0,89.0,99.0,1,3.31,647,200,4503.0,68.043894,0.8,2.0,1,0,0,0,0,1,0,1,1,1,1,0,1,4,51.0,100.0
6752,40.43558,-3.68392,1,1.0,1.0,16.0,97.0,1,0.41,156,50,5328.0,74.694253,2.2,1.0,0,0,0,0,0,1,0,0,1,0,0,0,0,4,10.5,50.0
6753,40.40627,-3.70248,2,1.0,2.0,73.0,87.0,2,0.36,286,200,4503.0,68.043894,0.8,1.0,1,0,0,0,0,1,0,1,0,1,0,0,0,6,18.0,100.0
6754,40.42586,-3.69931,2,1.0,1.0,112.0,20.0,1,0.04,262,200,4503.0,68.043894,0.8,1.0,1,0,0,0,0,1,0,1,1,0,1,0,0,4,18.0,150.0
6755,40.42187,-3.71084,4,2.0,2.0,90.0,92.0,1,2.91,662,200,4503.0,68.043894,0.8,1.5,1,0,0,0,0,1,0,1,1,1,1,0,0,6,34.5,100.0
6756,40.46453,-3.6922,2,0.0,1.0,40.0,0.0,1,0.0,96,50,3476.0,60.621287,5.9,1.0,1,0,0,0,1,1,0,0,1,0,0,0,0,6,18.0,50.0
6757,40.41894,-3.70218,5,2.0,4.0,79.0,90.0,18,2.43,396,200,4503.0,68.043894,0.8,1.0,1,0,0,0,0,1,0,1,0,0,1,0,0,9,40.5,100.0
6758,40.41128,-3.71082,6,2.0,2.0,68.0,100.0,6,3.49,540,200,4503.0,68.043894,0.8,2.0,1,0,0,0,0,1,0,1,1,1,1,0,0,7,51.0,100.0
6759,40.3933,-3.66154,1,1.0,1.0,13.0,80.0,2,0.11,333,50,1890.0,41.443535,5.0,1.0,0,0,0,0,0,1,1,0,0,0,0,0,0,4,10.5,50.0
6760,40.41985,-3.69938,3,1.0,3.0,46.0,95.0,10,0.65,443,50,4503.0,68.043894,0.8,2.0,0,0,0,0,1,1,0,1,0,0,0,0,0,9,28.5,50.0
6761,40.42079,-3.69819,4,1.0,2.0,46.0,94.0,10,1.25,161,50,4503.0,68.043894,0.8,0.0,0,0,0,0,1,1,0,1,0,0,0,0,0,9,30.0,50.0
6762,40.41908,-3.69862,3,1.0,2.0,46.0,94.0,10,1.4,161,50,4503.0,68.043894,0.8,2.0,0,0,0,0,1,1,0,1,0,0,0,0,0,9,28.5,50.0
6763,40.42664,-3.71038,6,2.0,3.0,122.0,98.0,8,1.67,426,200,4503.0,68.043894,0.8,1.0,1,0,0,0,0,1,0,1,0,0,1,0,0,0,48.0,150.0
6764,40.41371,-3.71871,8,3.0,6.0,170.0,99.0,1,2.28,631,200,3917.0,55.025641,1.9,2.0,1,0,0,0,0,1,0,1,1,1,1,1,1,6,66.0,200.0
6765,40.4224,-3.69613,2,1.0,1.0,43.0,96.0,1,0.62,158,50,4503.0,68.043894,0.8,1.0,1,1,1,1,1,1,1,1,1,1,1,1,1,7,18.0,50.0
6766,40.44311,-3.67288,6,2.0,3.0,120.0,0.0,1,0.0,398,200,4508.0,67.220486,5.8,1.5,1,0,0,1,0,1,0,1,0,1,1,0,0,6,49.5,150.0
6767,40.46579,-3.59427,1,0.0,1.0,20.0,0.0,1,0.0,225,50,3047.0,56.183432,11.8,1.0,1,0,0,0,0,1,1,1,0,0,1,0,0,4,10.5,50.0
6768,40.42517,-3.67749,4,1.0,2.0,167.0,94.0,1,1.57,516,200,5328.0,74.694253,2.2,1.0,1,0,0,0,0,1,0,1,0,1,1,0,1,4,33.0,200.0
6769,40.48937,-3.59754,1,0.0,1.0,22.0,95.0,1,0.1,514,50,3047.0,56.183432,11.8,1.0,0,0,0,1,1,1,1,1,1,0,1,0,0,4,10.5,50.0
6770,40.41684,-3.70959,5,2.0,3.0,98.0,100.0,1,0.19,536,200,4503.0,68.043894,0.8,2.0,1,0,0,0,0,1,0,1,1,1,1,0,1,5,43.5,100.0
6771,40.43733,-3.67872,6,3.0,5.0,173.0,89.0,25,0.34,409,200,5328.0,74.694253,2.2,2.0,1,0,0,0,0,1,0,1,1,1,1,0,0,11,51.0,200.0
6772,40.43287,-3.63975,2,1.0,1.0,30.0,0.0,1,0.0,167,50,2893.0,50.090625,6.5,1.0,0,0,0,0,0,1,0,1,0,0,1,0,0,8,18.0,50.0
6773,40.41735,-3.70643,6,2.0,3.0,252.0,90.0,1,2.4,309,200,4503.0,68.043894,0.8,2.0,1,0,0,0,0,1,0,1,1,0,0,0,0,5,51.0,200.0
6774,40.43696,-3.67291,2,1.0,1.0,69.0,100.0,1,0.06,71,200,5328.0,74.694253,2.2,1.0,1,0,0,1,0,1,0,0,0,0,0,0,0,6,18.0,100.0
6775,40.40622,-3.7054,2,0.0,1.0,50.0,0.0,1,0.0,189,50,4503.0,68.043894,0.8,1.0,0,0,0,0,0,1,0,1,1,0,1,0,0,7,18.0,50.0
6776,40.40323,-3.70547,3,1.0,1.0,46.0,99.0,1,3.85,318,200,3917.0,55.025641,1.9,1.0,1,0,0,0,0,1,0,1,0,0,1,0,0,4,25.5,50.0
6777,40.43098,-3.65774,2,1.0,1.0,25.0,91.0,3,3.0,268,50,2893.0,50.090625,6.5,1.0,0,0,0,0,0,1,0,1,0,0,0,0,0,6,18.0,50.0
6779,40.41795,-3.7081,2,1.0,1.0,35.0,87.0,8,4.94,397,200,4503.0,68.043894,0.8,1.0,1,0,0,0,0,1,0,1,1,0,1,0,0,6,18.0,50.0
6780,40.49422,-3.72122,4,2.0,3.0,115.0,98.0,1,0.96,461,200,3545.0,57.198083,16.4,2.0,1,0,0,0,0,1,1,1,1,1,1,0,0,7,36.0,150.0
6781,40.41095,-3.70214,3,1.0,1.0,44.0,97.0,1,3.39,588,200,4503.0,68.043894,0.8,1.0,1,0,0,0,0,1,0,1,0,1,1,0,0,5,25.5,50.0
6782,40.43713,-3.67798,1,1.0,1.0,30.0,86.0,1,1.48,153,50,5328.0,74.694253,2.2,1.0,0,0,0,0,0,0,0,0,1,0,0,0,0,0,10.5,50.0
6783,40.41523,-3.66957,5,2.0,4.0,78.0,97.0,1,2.96,463,200,4220.0,63.672727,3.2,1.0,1,0,0,0,0,1,0,1,1,1,1,0,1,5,40.5,100.0
6784,40.41777,-3.70655,6,2.0,3.0,63.0,93.0,2,7.16,343,200,4503.0,68.043894,0.8,1.0,1,0,0,0,0,1,0,0,1,0,0,0,0,5,48.0,100.0
6785,40.40703,-3.70078,2,1.0,1.0,49.0,95.0,1,1.19,300,200,4503.0,68.043894,0.8,1.0,1,0,0,0,0,1,0,1,0,0,1,0,0,9,18.0,50.0
6786,40.45681,-3.6826,1,1.0,1.0,200.0,80.0,1,0.03,190,50,4508.0,67.220486,5.8,1.0,0,0,0,0,0,1,1,0,1,0,1,0,0,0,10.5,200.0
6787,40.41133,-3.69547,2,1.0,1.0,70.0,100.0,1,0.03,201,200,4503.0,68.043894,0.8,1.0,1,0,0,0,0,1,0,0,1,0,1,0,0,7,18.0,100.0
6788,40.40791,-3.74348,1,1.0,1.0,18.0,99.0,2,0.7,346,50,2287.0,47.008319,4.7,1.0,0,0,0,0,0,1,0,0,0,1,1,0,0,7,10.5,50.0
6789,40.38818,-3.71082,6,3.0,3.0,100.0,0.0,5,0.0,428,200,2316.0,43.910072,4.6,1.0,1,0,0,0,0,1,0,0,1,1,1,0,0,6,48.0,100.0
6790,40.39981,-3.69816,2,1.0,2.0,29.0,89.0,6,0.63,141,50,3917.0,55.025641,1.9,2.0,0,0,0,0,0,1,0,0,1,0,1,0,0,5,21.0,50.0
6791,40.43383,-3.69425,4,0.0,3.0,55.0,88.0,2,0.86,294,200,4855.0,64.056634,2.4,1.0,1,0,0,0,0,1,0,1,1,0,1,0,0,4,33.0,100.0
6792,40.43283,-3.66661,4,2.0,3.0,65.0,97.0,1,1.3,566,200,5328.0,74.694253,2.2,2.0,1,0,0,0,0,1,0,1,1,1,1,0,0,6,36.0,100.0
6793,40.42594,-3.69743,16,6.0,14.0,392.0,96.0,5,1.85,766,200,4503.0,68.043894,0.8,2.0,1,0,0,0,0,1,0,1,1,0,1,0,1,7,126.0,200.0
6794,40.38398,-3.71629,2,1.0,2.0,29.0,0.0,5,0.0,429,50,2316.0,43.910072,4.6,1.0,0,0,0,0,0,1,0,0,1,1,1,0,0,6,18.0,50.0
6795,40.41752,-3.6765,2,1.0,1.0,50.0,100.0,3,0.12,441,200,4220.0,63.672727,3.2,1.0,1,0,0,0,0,1,0,1,1,0,1,0,0,9,18.0,50.0
6796,40.42492,-3.71064,2,1.0,1.0,83.0,99.0,2,0.72,370,200,4503.0,68.043894,0.8,1.0,1,0,0,0,0,1,0,1,1,1,1,0,0,4,18.0,100.0
6797,40.41977,-3.71062,4,1.0,2.0,72.0,100.0,2,0.57,677,200,4503.0,68.043894,0.8,1.0,1,0,0,0,0,1,0,1,0,0,1,0,0,8,33.0,100.0
6798,40.42313,-3.72759,1,1.0,1.0,25.0,98.0,1,0.26,376,50,3555.0,63.451906,5.9,1.0,0,0,0,0,0,1,0,0,0,0,1,0,0,5,10.5,50.0
6799,40.43401,-3.68513,2,1.0,1.0,80.0,0.0,1,0.0,203,50,5328.0,74.694253,2.2,1.0,1,0,0,0,0,1,0,1,1,0,1,0,0,4,18.0,100.0
6800,40.42001,-3.70104,2,0.0,1.0,42.0,100.0,2,0.05,198,200,4503.0,68.043894,0.8,1.0,1,0,0,0,0,0,0,1,0,0,0,0,0,5,18.0,50.0
6801,40.44478,-3.67243,4,1.0,3.0,75.0,80.0,12,0.05,721,200,4508.0,67.220486,5.8,1.0,1,0,0,0,0,1,0,1,1,1,1,0,0,5,33.0,100.0
6802,40.41625,-3.7102,4,1.0,2.0,64.0,93.0,2,5.54,483,200,4503.0,68.043894,0.8,1.0,1,0,0,0,0,1,0,1,0,0,0,0,0,4,33.0,100.0
6803,40.44703,-3.69685,1,1.0,1.0,35.0,0.0,1,0.0,169,50,3476.0,60.621287,5.9,1.0,1,0,0,1,0,1,0,1,1,0,1,0,0,4,10.5,50.0
6804,40.40971,-3.7045,1,1.0,1.0,23.0,94.0,2,0.57,227,50,4503.0,68.043894,0.8,1.0,0,0,0,0,0,1,0,0,1,0,1,0,0,6,10.5,50.0
6805,40.45033,-3.66018,1,1.0,1.0,40.0,100.0,1,0.27,314,50,2893.0,50.090625,6.5,1.0,1,0,0,0,0,1,1,1,1,0,0,0,0,7,10.5,50.0
6807,40.4254,-3.71123,4,2.0,3.0,39.0,98.0,1,0.28,427,200,4503.0,68.043894,0.8,1.0,1,0,0,0,0,1,0,0,0,0,1,0,0,4,33.0,50.0
6810,40.41276,-3.71137,4,2.0,2.0,67.0,99.0,6,3.34,395,200,4503.0,68.043894,0.8,1.0,1,0,0,0,0,1,0,1,0,0,1,0,0,7,33.0,100.0
6811,40.47351,-3.65142,2,1.0,1.0,40.0,93.0,1,1.27,177,50,3312.0,62.061453,9.2,1.0,0,0,0,0,0,1,0,0,1,0,0,0,0,5,18.0,50.0
6812,40.41548,-3.71054,2,1.0,1.0,30.0,91.0,4,2.38,178,50,4503.0,68.043894,0.8,1.0,0,0,0,0,0,1,0,0,1,0,0,0,0,8,18.0,50.0
6815,40.38535,-3.71613,2,1.0,1.0,28.0,0.0,5,0.0,465,50,2316.0,43.910072,4.6,1.0,0,0,0,0,0,1,0,0,1,1,1,0,0,6,18.0,50.0
6816,40.38316,-3.71454,2,1.0,1.0,28.0,0.0,5,0.0,174,50,2316.0,43.910072,4.6,1.0,0,0,0,0,0,1,0,0,1,0,0,0,0,6,18.0,50.0
6817,40.40408,-3.67324,2,0.0,1.0,40.0,90.0,1,0.13,189,200,4220.0,63.672727,3.2,1.0,1,0,0,0,0,1,0,1,1,0,1,0,0,5,18.0,50.0
6818,40.48647,-3.69945,3,1.0,3.0,35.0,100.0,1,1.08,456,50,3545.0,57.198083,16.4,1.0,1,0,0,0,0,1,1,1,1,0,1,0,0,7,25.5,50.0
6819,40.46231,-3.65036,2,1.0,1.0,25.0,96.0,1,1.82,215,50,3312.0,62.061453,9.2,1.0,0,0,0,0,1,1,0,0,0,0,0,0,0,7,18.0,50.0
6820,40.42326,-3.71307,7,2.0,3.0,186.0,93.0,2,0.62,389,200,3555.0,63.451906,5.9,1.0,1,0,0,0,0,1,0,1,1,1,1,0,0,0,55.5,200.0
6821,40.4055,-3.70179,4,2.0,2.0,120.0,93.0,2,0.14,200,200,4503.0,68.043894,0.8,1.0,1,0,0,0,0,1,0,0,0,0,0,0,0,5,33.0,150.0
6823,40.39237,-3.7263,2,1.0,1.0,25.0,80.0,5,0.06,563,50,2195.0,47.402837,6.6,1.5,0,0,0,0,0,1,0,1,0,0,1,0,0,6,19.5,50.0
6824,40.46935,-3.689,4,2.0,2.0,144.0,86.0,72,0.36,306,200,3476.0,60.621287,5.9,1.0,1,0,0,0,0,1,0,1,1,0,1,0,0,6,33.0,150.0
6825,40.42245,-3.70138,4,2.0,2.0,46.0,91.0,35,5.26,579,50,4503.0,68.043894,0.8,1.0,1,0,0,0,0,1,0,1,1,0,1,0,0,5,33.0,50.0
6826,40.4164,-3.70626,2,1.0,1.0,49.0,98.0,1,2.11,395,50,4503.0,68.043894,0.8,1.0,0,0,0,0,0,1,0,0,1,0,1,0,0,9,18.0,50.0
6827,40.41187,-3.70378,6,3.0,4.0,100.0,99.0,17,3.43,453,200,4503.0,68.043894,0.8,2.0,1,0,0,0,0,1,0,1,1,0,1,0,0,9,51.0,100.0
6828,40.41133,-3.71377,2,1.0,2.0,42.0,99.0,1,1.94,378,200,4503.0,68.043894,0.8,1.0,1,0,0,0,0,1,0,1,0,0,1,0,0,8,18.0,50.0
6830,40.43198,-3.66874,5,2.0,4.0,71.0,94.0,1,1.78,437,200,5328.0,74.694253,2.2,1.0,1,0,0,0,0,1,0,1,1,0,0,0,1,4,40.5,100.0
6831,40.41614,-3.67605,2,1.0,1.0,40.0,97.0,1,0.39,289,50,4220.0,63.672727,3.2,1.0,1,0,0,0,0,1,0,0,1,0,1,0,1,7,18.0,50.0
6832,40.41522,-3.69931,4,1.0,2.0,59.0,94.0,1,4.24,460,200,4503.0,68.043894,0.8,1.0,1,0,0,0,0,1,0,1,1,1,1,0,0,7,33.0,100.0
6833,40.43572,-3.64504,4,2.0,4.0,65.0,97.0,2,1.26,465,200,2893.0,50.090625,6.5,1.0,1,0,0,0,0,1,0,1,0,0,1,0,0,6,33.0,100.0
6834,40.40813,-3.70043,4,2.0,2.0,65.0,0.0,2,0.0,328,50,4503.0,68.043894,0.8,1.0,1,0,0,0,0,1,0,1,0,0,0,0,0,4,33.0,100.0
6835,40.42687,-3.71615,3,1.0,1.0,69.0,97.0,1,0.88,224,200,3555.0,63.451906,5.9,1.0,1,0,0,0,0,1,0,1,1,0,1,0,0,4,25.5,100.0
6836,40.40967,-3.70548,2,1.0,1.0,54.0,99.0,2,3.63,527,200,4503.0,68.043894,0.8,1.0,1,0,0,0,0,1,0,1,1,1,1,0,0,0,18.0,100.0
6837,40.43688,-3.64349,6,3.0,4.0,99.0,98.0,1,0.42,247,200,2893.0,50.090625,6.5,2.0,1,0,0,0,0,1,0,0,0,0,1,0,0,7,51.0,100.0
6838,40.41915,-3.70482,6,2.0,2.0,121.0,92.0,6,0.6,622,200,4503.0,68.043894,0.8,1.5,1,0,0,0,0,1,0,1,1,0,1,0,1,8,49.5,150.0
6839,40.42529,-3.68383,2,1.0,2.0,178.0,95.0,11,0.45,478,200,5328.0,74.694253,2.2,1.0,1,0,0,0,0,1,0,1,0,0,1,0,0,9,18.0,200.0
6840,40.41977,-3.67694,6,2.0,3.0,73.0,99.0,2,5.1,603,200,4220.0,63.672727,3.2,1.0,1,0,0,0,0,1,0,1,1,0,1,0,0,7,48.0,100.0
6841,40.41915,-3.70482,10,3.0,5.0,514.0,80.0,6,0.04,325,200,4503.0,68.043894,0.8,3.0,1,0,0,0,0,1,0,1,1,0,1,0,0,8,84.0,200.0
6842,40.40621,-3.70216,4,2.0,3.0,100.0,98.0,1,0.81,272,200,4503.0,68.043894,0.8,1.0,1,0,0,0,0,1,0,1,1,0,1,0,0,6,33.0,100.0
6843,40.42094,-3.6967,3,1.0,1.0,111.0,99.0,9,1.6,298,200,4503.0,68.043894,0.8,1.0,1,0,0,0,1,1,0,1,1,0,0,0,0,7,25.5,150.0
6844,40.42684,-3.68537,4,1.0,2.0,70.0,94.0,7,2.71,435,200,5328.0,74.694253,2.2,2.0,1,0,0,0,0,1,0,1,1,0,1,0,0,8,36.0,100.0
6845,40.40022,-3.6657,2,1.0,1.0,43.0,92.0,10,2.51,434,200,1890.0,41.443535,5.0,1.5,1,0,0,0,0,1,0,1,0,0,1,0,0,6,19.5,50.0
6846,40.40739,-3.69953,2,0.0,1.0,49.0,95.0,1,0.94,367,200,4503.0,68.043894,0.8,1.0,1,0,0,0,0,1,0,1,0,0,1,0,0,4,18.0,50.0
6847,40.44028,-3.67269,1,1.0,1.0,25.0,0.0,1,0.0,123,50,4508.0,67.220486,5.8,1.0,0,0,0,0,0,1,0,0,0,0,0,0,0,6,10.5,50.0
6848,40.40501,-3.69318,5,2.0,3.0,56.0,98.0,1,1.99,482,200,3917.0,55.025641,1.9,1.0,1,0,0,0,0,1,0,0,0,0,1,0,0,5,40.5,100.0
6849,40.4024,-3.6984,4,1.0,3.0,55.0,99.0,2,1.31,398,200,3917.0,55.025641,1.9,1.0,1,0,0,0,0,1,0,1,1,0,1,0,0,4,33.0,100.0
6850,40.3929,-3.64365,6,2.0,4.0,50.0,93.0,1,0.35,474,200,1890.0,41.443535,5.0,1.0,1,0,0,0,0,0,0,1,0,1,1,0,0,7,48.0,50.0
6851,40.43009,-3.70572,3,2.0,2.0,195.0,0.0,1,0.0,389,200,4855.0,64.056634,2.4,2.0,1,0,0,0,0,1,0,1,1,0,1,0,0,12,28.5,200.0
6852,40.41105,-3.71115,4,1.0,2.0,80.0,97.0,1,0.42,195,200,4503.0,68.043894,0.8,1.0,1,0,0,0,0,1,0,0,0,0,1,0,0,6,33.0,100.0
6853,40.42142,-3.70931,5,2.0,4.0,98.0,99.0,3,2.62,243,200,4503.0,68.043894,0.8,1.0,1,0,0,0,0,1,0,1,1,0,0,0,0,5,40.5,100.0
6854,40.45725,-3.68853,8,5.0,5.0,310.0,0.0,92,0.0,203,200,4508.0,67.220486,5.8,4.0,1,0,0,0,0,1,0,1,1,0,1,0,0,7,72.0,200.0
6855,40.4155,-3.70896,6,2.0,4.0,147.0,100.0,2,2.77,413,200,4503.0,68.043894,0.8,2.0,1,0,0,0,0,1,0,1,0,0,0,0,0,6,51.0,150.0
6856,40.43684,-3.68456,1,1.0,1.0,30.0,93.0,1,0.08,163,50,5328.0,74.694253,2.2,2.0,0,0,0,0,0,1,0,1,1,0,0,0,0,5,13.5,50.0
6857,40.46047,-3.7101,2,1.0,1.0,30.0,100.0,1,0.13,188,50,3555.0,63.451906,5.9,1.0,0,0,0,0,0,1,0,0,1,0,1,0,0,4,18.0,50.0
6858,40.42394,-3.69884,3,1.0,2.0,53.0,89.0,12,2.58,500,200,4503.0,68.043894,0.8,1.0,1,0,0,0,0,1,0,1,1,1,1,0,0,7,25.5,100.0
6859,40.4159,-3.6956,6,2.0,4.0,115.0,100.0,1,0.34,468,200,4503.0,68.043894,0.8,1.0,1,0,0,0,0,1,0,1,1,0,1,0,0,8,48.0,150.0
6860,40.45255,-3.69778,1,1.0,1.0,40.0,96.0,1,1.86,565,50,3476.0,60.621287,5.9,1.5,0,0,0,0,0,1,0,0,1,1,1,0,1,4,12.0,50.0
6861,40.43182,-3.70449,2,0.0,2.0,58.0,92.0,1,1.96,227,200,4855.0,64.056634,2.4,1.0,1,0,0,0,0,0,0,0,1,0,0,0,0,4,18.0,100.0
6862,40.42283,-3.70255,1,1.0,1.0,42.0,97.0,1,1.05,466,50,4503.0,68.043894,0.8,1.0,0,0,0,0,0,1,0,0,0,1,1,0,0,7,10.5,50.0
6863,40.41051,-3.70452,4,0.0,2.0,38.0,85.0,38,3.59,312,200,4503.0,68.043894,0.8,1.5,1,0,0,0,0,1,0,1,1,0,0,0,0,9,34.5,50.0
6864,40.42028,-3.69866,2,1.0,1.0,52.0,88.0,1,0.92,322,200,4503.0,68.043894,0.8,1.0,1,0,0,0,0,0,0,1,1,0,0,0,0,4,18.0,100.0
6865,40.42594,-3.69743,4,1.0,2.0,39.0,95.0,5,5.16,601,50,4503.0,68.043894,0.8,1.0,0,0,0,0,0,1,0,1,1,1,1,0,1,7,33.0,50.0
6866,40.43786,-3.6357,2,1.0,1.0,1000.0,99.0,1,1.51,338,50,2477.0,70.967532,7.3,1.0,0,0,0,0,0,1,0,0,0,1,0,0,0,5,18.0,200.0
6867,40.41343,-3.7082,4,1.0,2.0,93.0,95.0,59,3.16,410,200,4503.0,68.043894,0.8,1.0,1,0,0,0,0,1,0,1,1,0,0,0,0,7,33.0,100.0
6868,40.41189,-3.69525,6,2.0,4.0,69.0,98.0,1,2.59,998,200,4503.0,68.043894,0.8,1.0,1,0,0,0,0,1,0,1,1,0,1,1,1,4,48.0,100.0
6869,40.41162,-3.69563,2,0.0,1.0,54.0,96.0,15,9.2,375,200,4503.0,68.043894,0.8,1.0,1,0,0,0,0,1,0,1,0,0,1,0,0,9,18.0,100.0
6870,40.45694,-3.70247,2,1.0,2.0,37.0,98.0,1,0.69,550,50,3476.0,60.621287,5.9,1.0,0,0,0,0,0,1,0,1,1,0,1,0,0,4,18.0,50.0
6871,40.48076,-3.67646,2,1.0,1.0,29.0,100.0,1,0.17,205,50,4508.0,67.220486,5.8,1.0,1,0,0,0,0,1,1,0,1,0,1,0,0,7,18.0,50.0
6872,40.41947,-3.70126,5,1.0,3.0,95.0,92.0,1,5.35,471,200,4503.0,68.043894,0.8,1.0,1,0,0,0,0,1,0,1,1,1,1,0,0,4,40.5,100.0
6873,40.40813,-3.69988,2,1.0,1.0,50.0,90.0,1,0.08,82,200,4503.0,68.043894,0.8,1.0,1,0,0,0,0,1,0,0,0,0,0,0,0,8,18.0,50.0
6874,40.41848,-3.70128,8,4.0,4.0,179.0,95.0,2,1.47,249,200,4503.0,68.043894,0.8,2.0,1,0,0,1,0,1,0,1,1,0,0,0,0,7,66.0,200.0
6875,40.4622,-3.7008,1,1.0,1.0,23.0,100.0,1,0.27,390,50,3476.0,60.621287,5.9,1.0,0,0,0,0,0,1,0,0,1,0,1,0,0,0,10.5,50.0
6876,40.43101,-3.72153,1,1.0,1.0,45.0,94.0,2,0.71,296,50,3555.0,63.451906,5.9,1.0,0,0,0,0,0,1,0,0,1,1,1,0,1,6,10.5,50.0
6877,40.40522,-3.70374,2,1.0,1.0,26.0,98.0,2,5.99,505,200,4503.0,68.043894,0.8,1.0,1,0,0,0,0,1,0,1,1,0,1,0,0,4,18.0,50.0
6878,40.39531,-3.66724,4,0.0,2.0,31.0,96.0,2,1.78,355,200,1890.0,41.443535,5.0,1.0,1,0,0,0,0,1,0,1,1,0,0,0,0,6,33.0,50.0
6879,40.40359,-3.69073,1,1.0,1.0,16.0,0.0,1,0.03,146,50,3917.0,55.025641,1.9,1.0,0,0,0,0,0,1,0,1,0,0,1,0,0,6,10.5,50.0
6880,40.40585,-3.67896,1,1.0,1.0,33.0,0.0,1,0.0,465,50,4220.0,63.672727,3.2,1.0,0,0,0,0,0,1,0,0,0,0,1,0,0,6,10.5,50.0
6881,40.45913,-3.6963,2,1.0,1.0,40.0,0.0,1,0.0,427,50,3476.0,60.621287,5.9,1.0,0,0,0,0,0,1,1,1,1,0,0,0,0,4,18.0,50.0
6882,40.41297,-3.699,4,1.0,2.0,50.0,98.0,1,2.67,476,200,4503.0,68.043894,0.8,1.0,1,0,0,0,0,1,0,1,0,1,1,0,0,5,33.0,50.0
6883,40.42068,-3.70123,6,3.0,4.0,84.0,97.0,1,3.76,522,200,4503.0,68.043894,0.8,1.0,1,0,0,0,0,1,0,1,1,0,1,0,0,4,48.0,100.0
6884,40.43311,-3.69732,2,1.0,1.0,36.0,97.0,2,0.58,468,50,4855.0,64.056634,2.4,1.0,0,0,0,0,0,1,0,0,1,1,1,0,0,4,18.0,50.0
6885,40.3868,-3.67018,1,4.0,1.0,10.0,0.0,6,0.0,135,50,1890.0,41.443535,5.0,1.0,0,0,0,0,0,0,0,0,0,0,1,0,0,5,10.5,50.0
6886,40.46346,-3.65004,1,1.0,1.0,26.0,93.0,2,0.63,287,50,3312.0,62.061453,9.2,1.0,0,0,0,0,0,1,0,0,1,0,0,0,0,4,10.5,50.0
6887,40.39209,-3.7093,5,2.0,2.0,73.0,97.0,2,2.88,554,200,2195.0,47.402837,6.6,1.0,1,0,0,0,0,1,0,1,1,1,1,0,0,6,40.5,100.0
6888,40.4478,-3.70344,2,1.0,1.0,58.0,100.0,1,0.18,222,200,3476.0,60.621287,5.9,1.0,1,0,0,0,0,0,0,0,0,0,1,0,0,7,18.0,100.0
6889,40.41321,-3.69458,4,0.0,2.0,113.0,80.0,3,0.08,507,200,4503.0,68.043894,0.8,1.0,1,0,0,0,0,1,1,1,1,1,1,0,0,4,33.0,150.0
6890,40.42594,-3.69743,2,1.0,1.0,31.0,97.0,5,4.89,557,50,4503.0,68.043894,0.8,1.0,1,0,0,0,0,1,0,1,1,1,1,0,1,7,18.0,50.0
6891,40.42664,-3.68276,4,1.0,2.0,62.0,96.0,1,2.62,405,200,5328.0,74.694253,2.2,1.0,1,0,0,0,0,1,0,1,0,1,0,0,0,4,33.0,100.0
6892,40.41502,-3.69842,4,1.0,2.0,150.0,100.0,62,0.2,432,200,4503.0,68.043894,0.8,1.0,1,0,0,1,0,1,0,1,1,0,1,0,0,5,33.0,150.0
6893,40.41494,-3.70834,6,2.0,3.0,185.0,98.0,62,0.65,432,200,4503.0,68.043894,0.8,1.0,1,0,0,1,0,1,0,1,1,0,1,0,0,5,48.0,200.0
6894,40.4214,-3.69776,6,2.0,3.0,97.0,93.0,17,1.69,531,200,4503.0,68.043894,0.8,2.0,1,0,0,0,0,1,0,1,1,0,1,0,0,8,51.0,100.0
6896,40.44066,-3.69952,4,2.0,3.0,88.0,98.0,1,0.67,556,200,4855.0,64.056634,2.4,1.0,1,0,0,0,0,1,0,1,0,0,1,0,0,0,33.0,100.0
6897,40.38377,-3.73351,1,0.0,1.0,32.0,0.0,1,0.0,118,200,2195.0,47.402837,6.6,1.0,1,0,0,0,0,1,0,1,0,0,0,0,0,4,10.5,50.0
6898,40.42547,-3.70757,1,2.0,1.0,20.0,87.0,2,0.3,135,50,4503.0,68.043894,0.8,1.0,0,0,0,0,0,1,0,0,0,0,1,0,0,5,10.5,50.0
6899,40.45544,-3.78302,2,1.0,1.0,30.0,94.0,1,0.44,404,50,3555.0,63.451906,5.9,1.0,1,0,0,0,0,1,0,0,1,0,1,0,0,9,18.0,50.0
6900,40.38834,-3.70367,6,3.0,5.0,96.0,98.0,6,2.36,511,200,2316.0,43.910072,4.6,2.0,1,0,0,0,0,1,0,1,1,0,1,0,0,10,51.0,100.0
6901,40.4279,-3.70528,2,1.0,1.0,30.0,93.0,3,0.42,124,50,4503.0,68.043894,0.8,1.0,0,0,0,0,0,1,0,0,0,0,0,0,0,4,18.0,50.0
6902,40.43153,-3.66468,2,1.0,1.0,70.0,87.0,1,0.21,196,50,5328.0,74.694253,2.2,1.0,0,0,0,0,0,1,0,0,1,0,1,0,0,4,18.0,100.0
6903,40.42594,-3.69743,3,1.0,2.0,34.0,95.0,5,5.44,577,50,4503.0,68.043894,0.8,1.0,0,0,0,0,0,1,0,1,1,1,1,0,1,7,25.5,50.0
6904,40.37803,-3.69223,1,1.0,1.0,11.0,98.0,1,0.21,626,50,2316.0,43.910072,4.6,1.0,1,1,1,1,1,1,1,1,1,1,1,1,1,7,10.5,50.0
6905,40.43405,-3.71564,2,1.0,1.0,35.0,97.0,2,0.58,479,50,4855.0,64.056634,2.4,1.0,0,0,0,0,0,1,0,1,1,1,1,0,0,10,18.0,50.0
6906,40.42884,-3.69931,4,2.0,4.0,109.0,99.0,1,0.89,463,200,4855.0,64.056634,2.4,1.0,1,0,0,0,0,1,0,0,1,0,1,0,0,7,33.0,150.0
6907,40.43747,-3.67293,6,3.0,3.0,75.0,0.0,1,0.0,93,200,5328.0,74.694253,2.2,2.0,1,0,0,0,0,1,0,0,1,0,0,0,0,0,51.0,100.0
6908,40.42471,-3.70475,4,2.0,2.0,109.0,99.0,1,2.71,512,200,4503.0,68.043894,0.8,2.0,1,0,0,0,0,1,0,1,0,1,1,0,0,9,36.0,150.0
6909,40.40966,-3.70757,4,1.0,2.0,54.0,94.0,3,4.42,462,200,4503.0,68.043894,0.8,1.0,1,0,0,0,0,1,0,1,1,0,1,0,0,8,33.0,100.0
6910,40.42556,-3.68781,4,2.0,3.0,184.0,94.0,113,0.36,204,200,5328.0,74.694253,2.2,2.0,1,0,0,0,0,1,0,1,1,0,0,0,0,7,36.0,200.0
6911,40.42281,-3.69835,2,1.0,1.0,47.0,97.0,1,5.17,398,200,4503.0,68.043894,0.8,1.0,1,0,0,0,0,1,0,1,1,0,1,0,0,4,18.0,50.0
6912,40.40192,-3.69569,2,1.0,1.0,42.0,82.0,2,8.84,426,200,3917.0,55.025641,1.9,1.5,1,0,0,0,0,1,0,1,0,0,1,0,0,5,19.5,50.0
6913,40.41037,-3.70724,2,1.0,1.0,53.0,100.0,1,1.47,274,50,4503.0,68.043894,0.8,1.0,1,0,0,0,0,1,0,1,1,0,1,0,0,8,18.0,100.0
6914,40.41494,-3.70106,6,2.0,6.0,800.0,0.0,1,0.03,235,200,4503.0,68.043894,0.8,1.0,1,0,0,0,0,1,0,0,0,0,1,0,0,9,48.0,200.0
6915,40.41176,-3.69557,6,1.0,3.0,55.0,95.0,15,5.7,360,200,4503.0,68.043894,0.8,1.0,1,0,0,0,0,1,0,1,0,1,1,0,0,9,48.0,100.0
6916,40.48975,-3.7234,2,1.0,1.0,34.0,97.0,4,0.16,214,50,3545.0,57.198083,16.4,1.0,1,0,0,0,0,1,0,0,0,0,1,0,0,5,18.0,50.0
6917,40.46899,-3.65619,2,1.0,2.0,16.0,88.0,1,0.69,389,50,3312.0,62.061453,9.2,1.5,0,0,0,1,0,1,0,0,0,0,0,0,1,5,19.5,50.0
6918,40.42158,-3.70264,4,1.0,2.0,81.0,94.0,1,2.18,327,200,4503.0,68.043894,0.8,1.0,1,0,0,0,0,1,0,1,0,0,1,0,0,5,33.0,100.0
6919,40.41283,-3.70565,2,1.0,2.0,149.0,90.0,1,1.61,393,50,4503.0,68.043894,0.8,1.0,0,0,0,0,0,1,0,0,0,0,1,0,0,8,18.0,150.0
6920,40.43606,-3.67189,4,1.0,2.0,100.0,90.0,3,0.3,400,200,5328.0,74.694253,2.2,1.0,1,0,0,0,0,1,0,1,1,0,1,0,0,4,33.0,100.0
6921,40.42833,-3.67252,4,2.0,3.0,101.0,98.0,113,0.24,187,200,5328.0,74.694253,2.2,1.0,1,0,0,0,0,1,0,1,1,0,0,0,0,7,33.0,150.0
6922,40.42749,-3.69561,2,1.0,1.0,83.0,92.0,113,0.47,204,200,4503.0,68.043894,0.8,1.0,1,0,0,0,0,1,0,1,1,0,0,0,0,7,18.0,100.0
6923,40.41019,-3.70436,6,2.0,2.0,104.0,95.0,67,1.63,401,200,4503.0,68.043894,0.8,2.0,1,0,0,0,0,1,0,1,0,1,1,0,0,7,51.0,150.0
6924,40.42303,-3.6795,4,2.0,3.0,219.0,97.0,113,0.19,195,200,5328.0,74.694253,2.2,2.0,1,0,0,0,0,1,0,1,1,0,0,0,0,7,36.0,200.0
6925,40.42425,-3.68218,5,3.0,4.0,240.0,88.0,113,0.47,188,200,5328.0,74.694253,2.2,3.0,1,0,0,0,0,1,0,1,1,0,0,0,0,7,46.5,200.0
6926,40.40499,-3.70289,1,1.0,1.0,20.0,100.0,1,0.03,280,50,3917.0,55.025641,1.9,1.5,0,0,0,0,0,1,0,0,1,0,1,0,0,6,12.0,50.0
6927,40.42617,-3.6977,2,1.0,1.0,80.0,100.0,1,0.08,164,200,4503.0,68.043894,0.8,1.0,1,0,0,0,0,1,0,1,1,0,1,0,0,13,18.0,100.0
6928,40.42004,-3.71145,4,2.0,3.0,79.0,94.0,7,0.19,355,200,4503.0,68.043894,0.8,1.0,1,0,0,0,0,1,0,0,1,0,1,0,0,7,33.0,100.0
6929,40.40786,-3.69924,3,1.0,2.0,90.0,100.0,1,0.09,350,200,4503.0,68.043894,0.8,1.0,1,0,0,0,0,1,0,1,0,0,1,0,0,7,25.5,100.0
6930,40.44392,-3.58548,4,1.0,2.0,48.0,91.0,1,2.53,610,200,2477.0,70.967532,7.3,1.0,1,0,0,0,0,1,1,1,1,1,1,0,0,0,33.0,50.0
6931,40.42712,-3.67891,4,2.0,3.0,77.0,100.0,3,0.19,457,200,5328.0,74.694253,2.2,1.0,1,0,0,0,0,1,0,1,1,0,1,0,0,9,33.0,100.0
6932,40.42573,-3.70539,2,1.0,1.0,89.0,98.0,1,0.26,180,50,4503.0,68.043894,0.8,1.0,0,0,0,0,0,1,0,0,0,0,1,0,0,6,18.0,100.0
6933,40.46599,-3.62839,4,1.0,1.0,55.0,97.0,1,0.74,441,200,3312.0,62.061453,9.2,1.0,1,0,0,0,0,1,0,1,1,1,1,0,0,11,33.0,100.0
6934,40.40642,-3.70676,2,1.0,1.0,44.0,93.0,1,0.95,362,200,4503.0,68.043894,0.8,1.0,1,0,0,0,0,1,0,1,1,0,0,0,0,0,18.0,50.0
6935,40.43453,-3.67095,2,1.0,1.0,38.0,0.0,1,0.0,112,50,5328.0,74.694253,2.2,1.0,1,0,0,0,0,1,0,0,0,0,0,0,0,6,18.0,50.0
6936,40.41098,-3.7016,2,1.0,1.0,62.0,93.0,1,1.49,448,200,4503.0,68.043894,0.8,1.0,1,1,1,1,1,1,1,1,1,1,1,1,1,5,18.0,100.0
6937,40.34491,-3.67807,1,3.0,1.0,9.0,0.0,1,0.0,273,50,1696.0,37.641618,9.0,2.0,1,0,0,0,0,1,0,0,1,0,1,0,0,4,13.5,50.0
6938,40.41128,-3.7018,4,1.0,2.0,48.0,87.0,1,2.73,374,200,4503.0,68.043894,0.8,1.0,1,0,0,0,0,1,0,0,0,0,1,0,0,4,33.0,50.0
6939,40.40781,-3.70452,4,2.0,3.0,59.0,96.0,1,3.32,365,200,4503.0,68.043894,0.8,1.0,1,0,0,0,0,1,0,1,1,0,1,0,0,6,33.0,100.0
6940,40.42651,-3.67766,2,1.0,1.0,79.0,88.0,113,0.36,204,200,5328.0,74.694253,2.2,1.0,1,0,0,0,0,1,0,1,1,0,0,0,0,7,18.0,100.0
6941,40.4298,-3.68391,2,1.0,1.0,102.0,87.0,113,0.25,188,200,5328.0,74.694253,2.2,2.0,1,0,0,0,0,1,0,1,1,0,0,0,0,7,21.0,150.0
6942,40.4279,-3.68446,2,1.0,1.0,150.0,100.0,113,0.17,219,200,5328.0,74.694253,2.2,2.0,1,0,0,0,0,1,0,1,1,1,0,0,0,7,21.0,150.0
6943,40.43798,-3.68927,2,1.0,1.0,92.0,92.0,113,0.17,188,200,4508.0,67.220486,5.8,1.0,1,0,0,0,0,1,0,1,1,0,0,0,0,7,18.0,100.0
6944,40.38554,-3.70331,2,0.0,1.0,37.0,95.0,21,0.57,447,200,2316.0,43.910072,4.6,1.0,1,0,0,0,0,1,0,1,1,0,1,0,0,7,18.0,50.0
6945,40.43844,-3.68793,2,1.0,1.0,93.0,96.0,113,0.47,204,200,4508.0,67.220486,5.8,1.0,1,0,0,0,0,1,0,1,1,0,0,0,0,7,18.0,100.0
6946,40.40223,-3.69491,4,1.0,2.0,46.0,84.0,1,1.07,362,200,3917.0,55.025641,1.9,1.0,1,0,0,0,0,1,0,1,1,0,1,0,0,0,33.0,50.0
6947,40.42764,-3.67675,2,1.0,1.0,65.0,91.0,1,0.93,229,200,5328.0,74.694253,2.2,1.0,1,0,0,0,0,1,0,0,1,0,1,0,0,6,18.0,100.0
6948,40.42453,-3.70737,4,1.0,1.0,85.0,97.0,14,0.63,427,200,4503.0,68.043894,0.8,1.0,1,0,0,0,0,1,0,1,1,0,1,0,0,10,33.0,100.0
6949,40.41755,-3.70435,1,1.0,1.0,58.0,0.0,1,0.0,219,50,4503.0,68.043894,0.8,1.0,0,0,0,0,0,0,0,0,0,0,0,0,0,6,10.5,100.0
6950,40.43982,-3.68815,2,1.0,1.0,92.0,92.0,113,0.36,196,200,4508.0,67.220486,5.8,1.0,1,0,0,0,0,1,0,1,1,0,0,0,0,7,18.0,100.0
6951,40.42034,-3.70906,4,2.0,2.0,148.0,95.0,113,0.22,167,200,4503.0,68.043894,0.8,2.0,1,0,0,0,0,1,0,1,0,0,0,0,0,7,36.0,150.0
6952,40.41856,-3.67804,6,3.0,4.0,240.0,89.0,113,0.39,207,200,4220.0,63.672727,3.2,3.0,1,0,0,0,0,1,0,1,1,0,0,0,0,7,54.0,200.0
6953,40.42468,-3.69572,4,1.0,1.0,87.0,94.0,1,1.96,340,200,4503.0,68.043894,0.8,1.0,1,0,0,0,0,1,0,1,0,0,1,0,0,4,33.0,100.0
6954,40.42049,-3.67781,4,2.0,2.0,140.0,90.0,113,0.35,196,200,4220.0,63.672727,3.2,2.0,1,0,0,0,0,1,0,1,1,0,0,0,0,7,36.0,150.0
6955,40.4017,-3.69112,4,1.0,2.0,52.0,87.0,1,2.12,411,200,3917.0,55.025641,1.9,1.0,1,0,0,1,0,1,0,1,1,0,1,0,0,6,33.0,100.0
6956,40.40772,-3.73302,2,1.0,1.0,26.0,100.0,2,0.89,696,50,2287.0,47.008319,4.7,1.0,1,1,1,1,1,1,1,1,1,1,1,1,1,8,18.0,50.0
6957,40.3961,-3.66187,1,1.0,1.0,50.0,0.0,1,0.03,175,50,1890.0,41.443535,5.0,1.0,0,0,0,0,0,1,0,0,1,0,0,0,0,5,10.5,50.0
6958,40.42127,-3.70843,4,1.0,1.0,88.0,82.0,1,0.59,329,200,4503.0,68.043894,0.8,1.0,1,0,0,0,0,1,0,1,1,0,1,0,0,9,33.0,100.0
6959,40.4222,-3.70189,4,1.0,2.0,90.0,94.0,1,1.87,471,200,4503.0,68.043894,0.8,1.0,1,0,0,0,0,1,0,1,1,0,1,0,0,4,33.0,100.0
6960,40.42528,-3.71363,6,2.0,3.0,152.0,98.0,9,1.03,258,200,3555.0,63.451906,5.9,1.0,1,0,0,0,0,1,0,1,0,0,0,0,0,7,48.0,200.0
6961,40.42504,-3.71383,4,2.0,3.0,168.0,98.0,9,0.51,448,200,3555.0,63.451906,5.9,2.0,1,0,0,0,0,1,0,1,0,1,1,0,0,7,36.0,200.0
6962,40.46322,-3.64904,1,1.0,1.0,29.0,92.0,2,0.45,249,50,3312.0,62.061453,9.2,1.0,0,0,0,0,0,1,0,0,1,0,0,0,0,4,10.5,50.0
6963,40.43509,-3.71662,4,2.0,2.0,94.0,94.0,2,0.65,503,200,4855.0,64.056634,2.4,1.0,1,0,0,0,0,1,0,1,1,1,1,0,0,10,33.0,100.0
6964,40.4064,-3.67962,5,3.0,4.0,117.0,97.0,3,2.29,408,200,4220.0,63.672727,3.2,2.0,1,0,0,0,0,1,0,1,1,0,0,0,0,7,43.5,150.0
6965,40.43074,-3.69906,2,0.0,2.0,75.0,99.0,3,2.67,438,200,4855.0,64.056634,2.4,1.0,1,0,0,0,0,1,0,1,0,0,1,0,0,8,18.0,100.0
6966,40.40576,-3.67621,5,2.0,3.0,54.0,96.0,1,0.47,551,200,4220.0,63.672727,3.2,2.0,1,0,0,0,0,1,0,1,1,1,1,0,0,4,43.5,100.0
6967,40.41787,-3.70138,4,1.0,2.0,41.0,96.0,3,1.43,326,200,4503.0,68.043894,0.8,1.0,1,0,0,0,0,1,0,1,0,0,1,0,0,4,33.0,50.0
6968,40.42165,-3.71128,4,2.0,2.0,141.0,94.0,1,1.85,335,200,4503.0,68.043894,0.8,2.0,1,0,0,0,0,1,0,0,0,0,1,0,0,4,36.0,150.0
6969,40.44478,-3.67243,2,0.0,2.0,65.0,90.0,12,0.05,612,200,4508.0,67.220486,5.8,1.0,1,0,0,0,0,1,0,1,1,0,1,0,0,5,18.0,100.0
6970,40.42389,-3.70717,2,0.0,2.0,32.0,90.0,5,2.59,300,200,4503.0,68.043894,0.8,1.0,1,0,0,0,0,1,0,1,0,0,1,0,0,5,18.0,50.0
6971,40.40991,-3.71007,4,4.0,4.0,80.0,0.0,4,0.0,197,200,4503.0,68.043894,0.8,1.0,1,0,0,0,0,1,0,0,1,0,1,0,0,5,33.0,100.0
6972,40.42889,-3.67849,4,1.0,1.0,83.0,90.0,6,1.35,315,200,5328.0,74.694253,2.2,1.0,1,0,0,0,0,1,0,1,1,0,0,0,0,5,33.0,100.0
6973,40.42221,-3.69537,6,2.0,5.0,172.0,95.0,1,1.84,394,200,4503.0,68.043894,0.8,2.0,1,0,0,0,0,1,0,1,1,0,1,0,0,4,51.0,200.0
6974,40.45988,-3.69215,6,3.0,4.0,95.0,96.0,1,2.05,873,200,3476.0,60.621287,5.9,3.0,1,0,0,0,0,1,0,1,1,0,1,1,1,4,54.0,100.0
6975,40.41385,-3.70428,2,0.0,1.0,29.0,0.0,1,0.0,82,50,4503.0,68.043894,0.8,1.0,0,0,0,0,0,1,0,0,0,0,0,0,0,5,18.0,50.0
6976,40.42757,-3.7112,4,1.0,2.0,74.0,100.0,1,0.14,523,200,4503.0,68.043894,0.8,1.0,1,0,0,0,0,1,0,1,0,0,1,0,0,4,33.0,100.0
6977,40.4225,-3.6977,2,0.0,1.0,75.0,0.0,1,0.03,228,200,4503.0,68.043894,0.8,1.0,1,0,0,0,0,1,0,0,1,0,1,0,0,7,18.0,100.0
6978,40.36648,-3.69033,8,3.0,7.0,130.0,93.0,12,0.4,618,200,2316.0,43.910072,4.6,2.0,1,0,0,0,0,1,1,1,1,0,1,0,0,5,66.0,150.0
6979,40.42372,-3.7022,6,2.0,3.0,95.0,0.0,1,0.0,309,200,4503.0,68.043894,0.8,1.0,1,0,0,0,0,1,0,1,0,0,1,0,0,4,48.0,100.0
6980,40.3726,-3.62007,1,1.0,1.0,15.0,94.0,3,0.95,421,50,2382.0,49.659794,11.0,1.5,0,0,0,0,0,1,0,1,1,0,1,0,0,4,12.0,50.0
6981,40.41607,-3.70312,4,1.0,2.0,35.0,95.0,3,0.85,172,200,4503.0,68.043894,0.8,1.0,1,0,0,0,0,1,0,1,0,0,0,0,0,4,33.0,50.0
6982,40.392,-3.69474,2,1.0,2.0,35.0,97.0,3,1.84,492,200,3917.0,55.025641,1.9,1.0,1,0,0,0,0,1,0,1,0,1,1,0,1,6,18.0,50.0
6983,40.41344,-3.71255,2,1.0,1.0,60.0,97.0,1,0.36,285,200,4503.0,68.043894,0.8,1.0,1,0,0,0,0,1,0,0,0,0,1,0,0,4,18.0,100.0
6984,40.41366,-3.72877,3,1.0,1.0,55.0,95.0,1,1.31,242,50,2287.0,47.008319,4.7,1.0,1,0,0,0,0,1,0,1,0,0,0,0,0,4,25.5,100.0
6985,40.40908,-3.7053,2,1.0,2.0,70.0,91.0,8,0.67,395,200,4503.0,68.043894,0.8,1.0,1,0,0,0,0,1,0,0,1,0,1,0,0,0,18.0,100.0
6986,40.44028,-3.67802,2,1.0,1.0,33.0,1.0,3,1.0,237,200,4508.0,67.220486,5.8,1.0,1,1,1,1,1,1,1,1,1,1,1,1,1,10,18.0,50.0
6987,40.42389,-3.70824,2,1.0,1.0,27.0,97.0,2,1.31,298,50,4503.0,68.043894,0.8,1.0,0,0,0,0,0,1,0,1,1,0,0,0,0,8,18.0,50.0
6988,40.42442,-3.70436,4,1.0,1.0,104.0,80.0,5,0.25,362,200,4503.0,68.043894,0.8,1.0,1,0,0,0,0,1,0,1,1,0,1,0,0,5,33.0,150.0
6989,40.43964,-3.6563,2,1.0,1.0,18.0,94.0,2,1.06,318,50,2893.0,50.090625,6.5,1.0,0,0,0,1,0,1,0,0,1,0,1,0,0,4,18.0,50.0
6990,40.41242,-3.70245,6,2.0,4.0,115.0,94.0,1,0.29,553,200,4503.0,68.043894,0.8,1.0,1,0,0,0,0,1,0,1,0,0,1,0,0,4,48.0,150.0
6991,40.40922,-3.71201,6,2.0,3.0,98.0,97.0,1,1.05,281,200,4503.0,68.043894,0.8,1.0,1,0,0,0,0,1,0,1,1,0,0,0,0,6,48.0,100.0
6992,40.40893,-3.69774,4,1.0,2.0,53.0,85.0,1,0.11,443,200,4503.0,68.043894,0.8,1.0,1,0,0,0,0,1,0,1,0,0,1,0,0,4,33.0,100.0
6993,40.34859,-3.70935,1,1.0,1.0,18.0,91.0,3,0.21,196,50,1696.0,37.641618,9.0,1.0,0,0,0,0,0,1,0,0,1,0,1,0,0,6,10.5,50.0
6994,40.41152,-3.70622,6,2.0,3.0,132.0,94.0,10,1.63,578,200,4503.0,68.043894,0.8,2.0,1,0,0,0,0,1,0,1,1,0,1,0,0,9,51.0,150.0
6995,40.40962,-3.71246,4,1.0,1.0,67.0,100.0,72,0.04,259,200,4503.0,68.043894,0.8,1.0,1,0,0,0,0,1,0,1,1,0,1,0,0,6,33.0,100.0
6996,40.42429,-3.6821,2,1.0,1.0,103.0,96.0,3,1.04,373,200,5328.0,74.694253,2.2,1.0,1,0,0,0,0,1,0,1,0,1,1,0,0,4,18.0,150.0
6997,40.41858,-3.71195,4,2.0,3.0,74.0,97.0,1,1.76,409,200,4503.0,68.043894,0.8,2.5,1,0,0,0,0,1,0,1,1,0,1,0,0,4,37.5,100.0
6998,40.41092,-3.70936,4,1.0,2.0,56.0,94.0,3,4.0,372,200,4503.0,68.043894,0.8,1.0,1,0,0,0,0,1,0,1,1,0,1,0,0,8,33.0,100.0
6999,40.46466,-3.71148,2,1.0,2.0,45.0,92.0,1,1.62,328,50,3555.0,63.451906,5.9,1.0,0,0,0,0,0,1,0,0,0,0,0,0,0,5,18.0,50.0
7000,40.43578,-3.67394,6,2.0,4.0,134.0,97.0,2,0.86,611,200,5328.0,74.694253,2.2,2.0,1,0,0,0,0,1,0,1,1,1,1,0,1,6,51.0,150.0
7001,40.41347,-3.70594,2,1.0,1.0,85.0,95.0,1,0.6,252,200,4503.0,68.043894,0.8,1.0,1,0,0,0,0,1,0,1,1,0,0,0,0,4,18.0,100.0
7002,40.48055,-3.73729,6,1.0,2.0,80.0,0.0,4,0.03,643,200,3545.0,57.198083,16.4,1.5,1,0,0,0,0,1,0,1,0,1,1,0,0,6,49.5,100.0
7003,40.42933,-3.66389,1,1.0,1.0,20.0,100.0,3,0.05,134,50,5328.0,74.694253,2.2,1.0,0,0,0,0,0,1,0,0,0,0,0,0,0,8,10.5,50.0
7004,40.42594,-3.69743,1,1.0,1.0,33.0,95.0,5,4.13,531,50,4503.0,68.043894,0.8,1.5,0,0,0,0,0,1,0,1,1,1,1,0,1,7,12.0,50.0
7005,40.44634,-3.68996,8,4.0,4.0,400.0,90.0,12,0.64,295,200,4508.0,67.220486,5.8,3.0,1,0,0,0,0,1,1,1,1,0,0,0,0,9,69.0,200.0
7006,40.46017,-3.6624,8,3.0,6.0,197.0,91.0,33,0.9,403,200,2893.0,50.090625,6.5,2.0,1,0,0,0,0,1,1,1,1,0,1,0,0,1,66.0,200.0
7007,40.40321,-3.70708,1,2.0,1.0,48.0,0.0,1,0.03,270,50,3917.0,55.025641,1.9,2.0,1,0,0,0,0,1,0,1,1,0,1,0,0,5,13.5,50.0
7008,40.38155,-3.66688,2,1.0,1.0,31.0,94.0,2,1.09,386,50,1890.0,41.443535,5.0,1.0,0,0,0,0,0,1,0,1,0,0,0,0,0,0,18.0,50.0
7009,40.44294,-3.67183,2,1.0,3.0,50.0,95.0,1,0.11,392,200,4508.0,67.220486,5.8,1.0,1,0,0,1,0,1,0,0,0,0,1,0,1,10,18.0,50.0
7010,40.43583,-3.68202,2,1.0,1.0,100.0,97.0,16,1.71,212,200,5328.0,74.694253,2.2,1.0,1,0,0,0,0,1,0,1,1,0,0,0,0,6,18.0,100.0
7011,40.42874,-3.66305,1,1.0,1.0,28.0,93.0,1,0.08,154,50,5328.0,74.694253,2.2,1.0,1,0,0,0,0,1,0,0,1,0,1,0,0,4,10.5,50.0
7012,40.40903,-3.71118,10,3.0,6.0,80.0,90.0,3,3.62,599,200,4503.0,68.043894,0.8,2.0,1,0,0,0,0,1,0,1,0,0,1,0,0,6,81.0,100.0
7013,40.40301,-3.69502,3,1.0,3.0,35.0,94.0,11,6.71,589,200,3917.0,55.025641,1.9,1.0,1,0,0,0,0,1,0,1,1,0,1,0,1,5,25.5,50.0
7014,40.40405,-3.69344,3,1.0,3.0,34.0,97.0,11,5.69,510,200,3917.0,55.025641,1.9,1.0,1,0,0,0,0,1,0,1,1,0,1,0,1,5,25.5,50.0
7015,40.39513,-3.70892,5,2.0,3.0,60.0,100.0,1,0.14,153,200,2195.0,47.402837,6.6,1.5,1,0,0,0,0,1,0,0,1,0,0,0,0,9,42.0,100.0
7016,40.4034,-3.69532,3,1.0,3.0,34.0,92.0,11,6.15,542,200,3917.0,55.025641,1.9,1.0,1,0,0,0,0,1,0,1,1,0,1,0,0,5,25.5,50.0
7017,40.42165,-3.69905,2,0.0,1.0,61.0,94.0,88,3.96,344,200,4503.0,68.043894,0.8,1.0,1,0,0,0,0,1,0,1,1,1,1,0,0,6,18.0,100.0
7018,40.36394,-3.76105,1,1.0,1.0,10.0,0.0,1,0.0,169,50,2195.0,47.402837,6.6,1.0,1,0,0,0,0,1,0,0,0,0,1,0,0,4,10.5,50.0
7019,40.41956,-3.70031,6,2.0,4.0,140.0,0.0,8,0.0,219,200,4503.0,68.043894,0.8,2.0,1,0,0,0,0,0,0,0,0,1,0,0,0,10,51.0,150.0
7020,40.42273,-3.69761,8,4.0,6.0,186.0,96.0,1,2.57,370,200,4503.0,68.043894,0.8,1.0,1,0,0,0,0,1,0,1,1,0,0,0,0,5,63.0,200.0
7021,40.43105,-3.63443,1,1.0,1.0,24.0,98.0,2,1.11,369,50,2893.0,50.090625,6.5,1.0,0,0,0,0,0,1,0,0,0,0,0,0,0,5,10.5,50.0
7022,40.43963,-3.61865,2,0.0,1.0,50.0,0.0,1,0.0,272,200,2477.0,70.967532,7.3,2.0,1,0,0,0,0,1,0,1,1,0,0,0,0,5,21.0,50.0
7023,40.43987,-3.71017,4,4.0,4.0,195.0,0.0,24,0.0,288,200,4855.0,64.056634,2.4,1.0,1,0,0,0,0,1,0,0,1,0,1,0,0,6,33.0,200.0
7024,40.42734,-3.67377,8,3.0,7.0,166.0,90.0,5,0.51,501,200,5328.0,74.694253,2.2,2.0,1,0,0,0,0,1,1,1,1,0,1,0,0,5,66.0,200.0
7025,40.41223,-3.70254,2,1.0,1.0,100.0,100.0,1,0.24,484,200,4503.0,68.043894,0.8,1.0,1,0,0,0,0,1,0,1,0,1,1,0,0,4,18.0,100.0
7026,40.40523,-3.69154,2,1.0,1.0,21.0,88.0,8,1.5,372,50,3917.0,55.025641,1.9,1.0,0,0,0,0,0,1,0,0,1,0,1,0,0,4,18.0,50.0
7027,40.40484,-3.68223,8,3.0,5.0,222.0,84.0,33,0.72,556,200,4220.0,63.672727,3.2,2.0,1,0,0,0,0,1,0,1,1,1,1,0,0,1,66.0,200.0
7028,40.41039,-3.70732,2,1.0,1.0,20.0,87.0,1,0.08,277,50,4503.0,68.043894,0.8,1.0,0,0,0,0,0,1,0,0,1,1,1,0,0,8,18.0,50.0
7029,40.42097,-3.71045,3,1.0,3.0,76.0,93.0,10,0.2,430,50,4503.0,68.043894,0.8,2.5,0,0,0,0,0,1,0,0,0,0,1,0,0,10,30.0,100.0
7030,40.40783,-3.70903,2,1.0,1.0,70.0,99.0,25,1.54,576,200,4503.0,68.043894,0.8,1.0,1,0,0,0,0,1,0,1,1,0,1,0,0,9,18.0,100.0
7031,40.44445,-3.64893,2,1.0,1.0,120.0,100.0,1,0.08,298,200,2893.0,50.090625,6.5,1.5,1,0,0,0,0,1,1,1,1,0,1,0,0,4,19.5,150.0
7032,40.40555,-3.67409,3,2.0,2.0,90.0,100.0,2,0.05,178,200,4220.0,63.672727,3.2,1.0,1,0,0,0,0,1,0,0,1,0,0,0,0,7,25.5,100.0
7033,40.39365,-3.72224,4,2.0,4.0,62.0,97.0,1,3.85,690,200,2195.0,47.402837,6.6,2.0,1,0,0,0,0,1,0,1,1,0,1,0,0,6,36.0,100.0
7034,40.43681,-3.68542,5,3.0,4.0,113.0,98.0,2,0.61,371,200,5328.0,74.694253,2.2,1.0,1,0,0,0,0,1,0,1,1,1,0,0,0,5,40.5,150.0
7035,40.42248,-3.7014,2,1.0,1.0,45.0,0.0,1,0.0,113,50,4503.0,68.043894,0.8,1.0,1,0,0,0,0,1,0,0,0,0,0,0,0,7,18.0,50.0
7036,40.41062,-3.70575,6,3.0,5.0,64.0,92.0,7,2.3,366,200,4503.0,68.043894,0.8,1.0,1,0,0,0,0,1,0,0,0,0,1,0,0,13,48.0,100.0
7037,40.41095,-3.70596,4,1.0,2.0,70.0,0.0,5,0.0,122,50,4503.0,68.043894,0.8,1.0,0,0,0,0,0,1,0,0,0,0,1,0,0,6,33.0,100.0
7038,40.41207,-3.70534,2,1.0,1.0,60.0,0.0,5,0.0,99,50,4503.0,68.043894,0.8,1.0,0,0,0,0,0,1,0,0,0,0,0,0,0,6,18.0,100.0
7039,40.37335,-3.61917,2,0.0,1.0,20.0,100.0,1,0.05,109,50,2382.0,49.659794,11.0,1.0,0,0,0,0,0,1,0,0,0,0,0,0,0,4,18.0,50.0
7040,40.41284,-3.70206,2,1.0,1.0,53.0,96.0,1,3.95,448,200,4503.0,68.043894,0.8,1.0,1,0,0,0,0,1,0,1,0,0,1,0,0,5,18.0,100.0
7041,40.42588,-3.71364,1,1.0,2.0,41.0,0.0,2,0.0,577,50,3555.0,63.451906,5.9,1.0,0,0,0,0,0,1,0,1,1,1,1,0,0,4,10.5,50.0
7042,40.41237,-3.70185,4,2.0,2.0,107.0,97.0,1,0.54,197,200,4503.0,68.043894,0.8,1.0,1,0,0,0,0,1,0,1,1,0,0,0,0,9,33.0,150.0
7043,40.37577,-3.66505,1,0.0,1.0,35.0,0.0,1,0.0,76,50,1890.0,41.443535,5.0,1.5,1,0,0,0,0,1,0,0,0,0,0,0,0,7,12.0,50.0
7044,40.42954,-3.69768,3,0.0,1.0,70.0,100.0,1,0.03,220,200,4855.0,64.056634,2.4,1.0,1,0,0,0,0,1,0,1,1,0,1,0,0,10,25.5,100.0
7045,40.42596,-3.70733,4,1.0,1.0,63.0,95.0,1,2.84,382,200,4503.0,68.043894,0.8,1.0,1,0,0,0,0,1,0,1,0,1,1,0,0,10,33.0,100.0
7046,40.42324,-3.66619,2,1.0,1.0,100.0,0.0,1,0.0,371,200,5328.0,74.694253,2.2,1.0,1,0,0,0,0,1,0,1,1,0,0,0,0,9,18.0,100.0
7047,40.47178,-3.68536,1,3.0,1.0,17.0,100.0,1,0.19,437,50,4508.0,67.220486,5.8,1.5,1,0,0,0,0,1,0,0,1,1,1,0,0,8,12.0,50.0
7048,40.39143,-3.74368,1,0.0,1.0,18.0,92.0,1,0.13,229,50,2287.0,47.008319,4.7,1.0,0,0,0,0,0,1,0,0,1,0,1,0,0,7,10.5,50.0
7049,40.41378,-3.71878,2,1.0,1.0,63.0,100.0,7,0.32,258,200,3917.0,55.025641,1.9,1.0,1,0,0,0,0,1,0,0,0,0,1,0,0,7,18.0,100.0
7050,40.39246,-3.72638,2,1.0,1.0,31.0,0.0,20,0.0,545,50,2195.0,47.402837,6.6,1.5,0,0,0,0,0,1,0,0,0,0,1,0,0,6,19.5,50.0
7051,40.41042,-3.71323,9,3.0,5.0,104.0,93.0,3,2.03,446,200,4503.0,68.043894,0.8,3.5,1,0,0,0,0,1,0,0,1,1,1,0,0,6,78.0,150.0
7052,40.4252,-3.70878,4,3.0,3.0,135.0,98.0,1,0.78,374,200,4503.0,68.043894,0.8,2.0,1,0,0,0,0,1,0,1,1,1,1,0,0,9,36.0,150.0
7053,40.40319,-3.676,4,2.0,4.0,116.0,88.0,33,0.75,494,200,4220.0,63.672727,3.2,1.0,1,0,0,0,0,1,0,1,1,0,1,0,0,1,33.0,150.0
7054,40.41219,-3.72061,4,1.0,2.0,100.0,97.0,1,0.8,530,200,3917.0,55.025641,1.9,1.0,1,0,0,0,0,1,0,1,1,0,1,0,0,9,33.0,100.0
7055,40.42327,-3.70129,1,1.0,1.0,17.0,1.0,3,1.0,178,50,4503.0,68.043894,0.8,1.5,1,1,1,1,1,1,1,1,1,1,1,1,1,8,12.0,50.0
7056,40.40388,-3.68004,4,2.0,3.0,65.0,84.0,1,0.28,197,200,4220.0,63.672727,3.2,1.0,1,0,0,0,0,0,0,0,1,0,1,0,0,4,33.0,100.0
7057,40.40597,-3.72333,1,1.0,1.0,80.0,90.0,2,0.05,14,50,2287.0,47.008319,4.7,1.0,0,0,0,0,0,0,0,0,0,0,0,0,0,6,10.5,100.0
7058,40.44195,-3.67961,2,1.0,1.0,600.0,0.0,2,0.0,214,50,4508.0,67.220486,5.8,1.5,1,1,1,1,1,1,0,0,1,0,1,0,0,5,19.5,200.0
7059,40.39941,-3.69523,4,0.0,3.0,58.0,94.0,25,2.4,416,200,3917.0,55.025641,1.9,1.0,1,0,0,0,0,1,0,1,0,1,1,0,0,9,33.0,100.0
7060,40.41264,-3.69655,2,1.0,1.0,15.0,93.0,4,1.31,271,50,4503.0,68.043894,0.8,1.0,1,1,1,1,1,1,1,1,1,1,1,1,1,8,18.0,50.0
7061,40.43977,-3.65683,2,1.0,1.0,19.0,93.0,2,0.96,383,50,2893.0,50.090625,6.5,1.0,0,0,0,0,0,1,0,0,1,0,0,0,0,4,18.0,50.0
7062,40.43989,-3.6986,4,2.0,3.0,84.0,96.0,6,4.11,438,200,4855.0,64.056634,2.4,1.0,1,0,0,0,0,1,0,1,1,0,1,0,0,6,33.0,100.0
7063,40.41462,-3.71339,10,4.0,8.0,376.0,94.0,1,1.15,825,200,4503.0,68.043894,0.8,2.5,1,0,0,0,0,1,0,1,0,0,1,1,0,4,82.5,200.0
7064,40.40963,-3.70993,4,1.0,2.0,85.0,95.0,59,3.06,453,200,4503.0,68.043894,0.8,1.0,1,0,0,0,0,1,0,1,1,1,1,0,0,7,33.0,100.0
7065,40.43532,-3.68258,1,1.0,1.0,38.0,90.0,1,0.27,252,50,5328.0,74.694253,2.2,1.5,0,0,0,0,0,1,0,0,1,0,1,0,0,6,12.0,50.0
7066,40.40715,-3.67744,2,1.0,1.0,75.0,94.0,2,1.1,520,200,4220.0,63.672727,3.2,1.0,1,0,0,0,0,1,0,1,1,1,1,0,0,9,18.0,100.0
7067,40.43754,-3.71325,1,0.0,1.0,18.0,80.0,1,0.03,118,50,4855.0,64.056634,2.4,1.0,0,0,0,0,0,1,0,0,1,0,0,0,0,7,10.5,50.0
7068,40.41233,-3.7195,6,2.0,3.0,71.0,90.0,43,0.13,423,200,3917.0,55.025641,1.9,1.0,1,0,0,1,0,1,0,1,1,0,0,0,0,6,48.0,100.0
7069,40.40711,-3.70777,3,0.0,3.0,59.0,97.0,2,2.67,314,200,4503.0,68.043894,0.8,1.0,1,0,0,0,0,1,0,1,0,0,1,0,0,5,25.5,100.0
7070,40.46474,-3.70614,1,1.0,1.0,17.0,93.0,11,1.55,387,50,3476.0,60.621287,5.9,1.0,1,1,1,1,1,1,1,1,1,1,1,1,1,7,10.5,50.0
7071,40.41766,-3.67231,1,1.0,1.0,38.0,100.0,2,1.82,205,50,4220.0,63.672727,3.2,1.0,1,1,1,1,1,1,1,1,1,1,1,1,1,7,10.5,50.0
7072,40.40939,-3.69958,2,2.0,2.0,72.0,98.0,2,1.22,438,200,4503.0,68.043894,0.8,1.0,1,0,0,0,0,1,0,1,1,0,1,0,0,9,18.0,100.0
7073,40.40573,-3.73486,2,1.0,1.0,59.0,0.0,1,0.03,242,200,2287.0,47.008319,4.7,1.0,1,0,0,0,0,1,0,0,0,0,1,0,0,4,18.0,100.0
7074,40.39831,-3.66553,2,1.0,1.0,38.0,0.0,1,0.0,321,200,1890.0,41.443535,5.0,1.0,1,0,0,0,0,0,0,0,0,0,1,0,1,10,18.0,50.0
7075,40.42947,-3.68608,3,1.0,1.0,86.0,87.0,16,0.8,258,200,5328.0,74.694253,2.2,1.0,1,0,0,0,0,1,0,0,1,0,1,0,0,10,25.5,100.0
7076,40.43182,-3.6236,6,3.0,4.0,35.0,94.0,2,0.77,335,200,2477.0,70.967532,7.3,1.5,1,0,0,0,0,1,0,0,1,0,1,0,0,6,49.5,50.0
7077,40.45596,-3.70341,2,1.0,1.0,40.0,89.0,1,0.23,462,200,3476.0,60.621287,5.9,1.0,1,0,0,0,0,1,0,1,1,0,1,0,1,7,18.0,50.0
7078,40.44478,-3.67243,4,1.0,3.0,74.0,80.0,12,0.05,572,200,4508.0,67.220486,5.8,1.0,1,0,0,0,0,1,0,1,1,1,1,0,0,5,33.0,100.0
7079,40.41278,-3.71063,3,1.0,2.0,35.0,95.0,2,2.19,589,200,4503.0,68.043894,0.8,1.0,1,0,0,0,0,1,0,1,1,0,1,0,0,8,25.5,50.0
7080,40.41177,-3.70165,4,1.0,2.0,76.0,92.0,2,1.18,357,200,4503.0,68.043894,0.8,1.0,1,0,0,0,0,1,0,1,1,0,1,0,0,4,33.0,100.0
7081,40.46704,-3.70698,1,1.0,1.0,20.0,100.0,3,0.18,437,50,3476.0,60.621287,5.9,1.0,0,0,0,0,0,1,0,0,0,1,1,0,1,5,10.5,50.0
7082,40.41727,-3.70235,4,1.0,1.0,80.0,96.0,2,1.86,346,200,4503.0,68.043894,0.8,1.0,1,0,0,0,0,1,0,1,0,0,1,0,0,8,33.0,100.0
7083,40.41215,-3.70433,2,1.0,1.0,36.0,99.0,1,0.49,318,50,4503.0,68.043894,0.8,1.0,0,0,0,0,0,0,0,0,1,1,0,0,0,7,18.0,50.0
7084,40.42335,-3.70226,2,1.0,1.0,93.0,97.0,1,0.27,483,200,4503.0,68.043894,0.8,1.0,1,0,0,0,0,1,0,1,0,1,1,0,0,4,18.0,100.0
7085,40.41385,-3.70084,6,3.0,5.0,250.0,20.0,2,0.06,255,200,4503.0,68.043894,0.8,2.0,1,0,0,0,0,1,0,0,1,0,0,0,0,5,51.0,200.0
7086,40.40989,-3.70543,6,2.0,3.0,72.0,95.0,67,1.61,287,200,4503.0,68.043894,0.8,2.0,1,0,0,0,0,1,0,1,0,0,1,0,0,7,51.0,100.0
7087,40.4113,-3.70571,4,2.0,2.0,58.0,99.0,2,3.36,425,200,4503.0,68.043894,0.8,1.0,1,0,0,0,0,1,0,1,1,0,1,0,0,0,33.0,100.0
7088,40.40329,-3.70032,1,1.0,1.0,21.0,100.0,4,0.06,130,50,3917.0,55.025641,1.9,1.0,0,0,0,0,0,1,0,1,0,0,1,0,0,9,10.5,50.0
7089,40.40771,-3.61005,1,1.0,1.0,25.0,95.0,2,0.3,125,50,2246.0,55.472222,11.2,1.0,0,0,0,0,0,1,0,0,0,0,0,0,0,8,10.5,50.0
7090,40.41311,-3.70505,4,1.0,2.0,167.0,100.0,62,0.12,452,200,4503.0,68.043894,0.8,1.0,1,0,0,1,0,1,0,1,1,1,1,0,0,5,33.0,200.0
7091,40.47191,-3.69079,5,3.0,4.0,70.0,93.0,5,3.2,334,200,3476.0,60.621287,5.9,1.0,1,0,0,0,0,1,0,0,0,1,1,0,0,7,40.5,100.0
7092,40.42025,-3.71599,2,1.0,1.0,59.0,87.0,1,1.67,413,200,4503.0,68.043894,0.8,1.0,1,0,0,0,0,1,0,1,0,0,1,0,0,4,18.0,100.0
7093,40.41238,-3.71874,2,1.0,1.0,51.0,96.0,4,0.69,459,50,3917.0,55.025641,1.9,1.0,0,0,0,0,0,1,0,0,1,1,1,0,0,4,18.0,100.0
7094,40.41636,-3.62498,2,1.0,1.0,24.0,96.0,1,0.44,470,50,2893.0,50.090625,6.5,1.0,0,0,0,0,0,1,0,1,1,1,1,0,1,8,18.0,50.0
7095,40.42753,-3.66946,4,2.0,4.0,120.0,93.0,5,0.36,161,200,5328.0,74.694253,2.2,1.0,1,0,0,0,0,1,0,1,1,0,0,0,0,5,33.0,150.0
7096,40.3904,-3.71871,6,2.0,3.0,131.0,89.0,31,0.3,768,200,2195.0,47.402837,6.6,2.0,1,0,0,0,0,1,1,1,1,0,1,0,1,8,51.0,150.0
7097,40.41271,-3.71087,4,1.0,3.0,98.0,97.0,5,1.24,235,200,4503.0,68.043894,0.8,1.0,1,0,0,0,0,1,0,1,0,0,0,0,0,4,33.0,100.0
7098,40.40952,-3.69979,4,2.0,3.0,130.0,100.0,1,0.11,431,200,4503.0,68.043894,0.8,1.0,1,0,0,0,0,1,0,1,0,0,1,0,0,5,33.0,150.0
7099,40.4236,-3.69719,2,1.0,1.0,81.0,96.0,1,1.82,345,200,4503.0,68.043894,0.8,1.0,1,0,0,0,0,1,0,1,1,0,1,0,0,4,18.0,100.0
7100,40.45936,-3.68618,6,2.0,4.0,139.0,94.0,1,0.78,393,200,4508.0,67.220486,5.8,1.5,1,0,0,0,0,1,0,1,1,0,1,0,0,6,49.5,150.0
7101,40.41228,-3.70418,4,1.0,2.0,179.0,95.0,1,1.54,311,200,4503.0,68.043894,0.8,1.0,1,0,0,0,0,1,0,1,1,0,1,0,0,4,33.0,200.0
7102,40.42316,-3.69616,5,2.0,4.0,211.0,100.0,25,0.4,552,200,4503.0,68.043894,0.8,2.0,1,0,0,0,0,1,0,1,1,1,1,0,0,11,43.5,200.0
7103,40.44412,-3.584,3,1.0,2.0,55.0,95.0,1,2.22,705,200,2477.0,70.967532,7.3,1.0,1,0,0,0,0,1,1,1,1,0,1,0,0,4,25.5,100.0
7104,40.42748,-3.66969,5,3.0,3.0,155.0,91.0,1,1.49,373,200,5328.0,74.694253,2.2,2.0,1,0,0,0,0,1,0,1,1,1,1,0,0,4,43.5,200.0
7105,40.39577,-3.72052,4,2.0,3.0,76.0,96.0,2,0.27,383,200,2195.0,47.402837,6.6,1.0,1,0,0,0,0,1,0,1,0,0,1,0,0,8,33.0,100.0
7106,40.43618,-3.67853,4,1.0,1.0,79.0,93.0,1,1.3,345,200,5328.0,74.694253,2.2,1.0,1,0,0,0,0,1,0,1,1,0,1,0,0,4,33.0,100.0
7107,40.39358,-3.72124,3,2.0,3.0,71.0,99.0,2,1.7,533,200,2195.0,47.402837,6.6,1.0,1,0,0,0,0,1,0,1,0,1,1,0,0,8,25.5,100.0
7108,40.40482,-3.68133,4,3.0,4.0,60.0,98.0,2,1.43,455,200,4220.0,63.672727,3.2,1.5,1,0,0,0,0,1,0,1,1,1,1,0,0,11,34.5,100.0
7109,40.4252,-3.70509,2,1.0,5.0,277.0,100.0,2,0.33,399,200,4503.0,68.043894,0.8,2.0,1,0,0,0,0,1,0,1,1,0,0,0,0,9,21.0,200.0
7110,40.39264,-3.7249,2,1.0,1.0,30.0,90.0,2,0.16,338,50,2195.0,47.402837,6.6,1.0,0,0,0,0,0,1,0,0,0,0,1,0,0,6,18.0,50.0
7111,40.39238,-3.66644,2,1.0,1.0,21.0,0.0,1,0.0,108,50,1890.0,41.443535,5.0,1.0,0,0,0,0,0,1,0,0,0,0,1,0,0,4,18.0,50.0
7112,40.42761,-3.68359,6,3.0,5.0,195.0,99.0,19,1.67,412,200,5328.0,74.694253,2.2,2.0,1,0,0,0,0,1,1,1,1,1,0,0,0,8,51.0,200.0
7113,40.41298,-3.71126,2,0.0,1.0,46.0,88.0,1,1.49,381,200,4503.0,68.043894,0.8,1.0,1,0,0,0,0,1,0,0,0,0,0,0,1,4,18.0,50.0
7114,40.47334,-3.70528,1,2.0,2.0,34.0,100.0,5,0.07,178,50,3545.0,57.198083,16.4,2.0,0,0,0,0,0,1,0,0,1,0,1,0,0,4,13.5,50.0
7115,40.45168,-3.67692,4,2.0,2.0,89.0,93.0,2,2.94,459,200,4508.0,67.220486,5.8,2.0,1,0,0,0,0,1,0,0,0,0,1,0,1,4,36.0,100.0
7116,40.47129,-3.70452,1,2.0,2.0,42.0,90.0,5,0.31,242,50,3476.0,60.621287,5.9,1.0,1,0,0,0,0,1,0,0,1,0,1,0,0,4,10.5,50.0
7117,40.41271,-3.71311,1,1.0,1.0,25.0,97.0,2,1.81,354,50,4503.0,68.043894,0.8,1.0,0,0,0,0,0,1,0,0,0,1,1,0,0,4,10.5,50.0
7118,40.43064,-3.7019,6,2.0,3.0,90.0,96.0,12,1.19,504,200,4855.0,64.056634,2.4,2.0,1,0,0,0,0,1,0,1,0,1,1,0,0,7,51.0,100.0
7119,40.43749,-3.69863,2,1.0,1.0,55.0,100.0,2,0.03,192,200,4855.0,64.056634,2.4,1.0,1,0,0,0,0,1,0,1,0,0,1,0,0,9,18.0,100.0
7120,40.41123,-3.70186,2,1.0,2.0,54.0,93.0,1,0.62,473,200,4503.0,68.043894,0.8,1.5,1,0,0,0,0,1,0,1,0,0,1,0,0,7,19.5,100.0
7121,40.39678,-3.74106,4,1.0,1.0,42.0,95.0,10,0.88,568,200,2287.0,47.008319,4.7,2.5,1,0,0,0,0,1,0,1,0,0,1,0,0,6,37.5,50.0
7122,40.41224,-3.71127,5,2.0,3.0,170.0,98.0,3,1.22,742,200,4503.0,68.043894,0.8,2.0,1,0,0,0,0,1,0,1,0,1,1,1,1,8,43.5,200.0
7123,40.40748,-3.69981,4,2.0,2.0,184.0,91.0,62,0.89,438,200,4503.0,68.043894,0.8,2.0,1,0,0,1,0,1,0,1,1,1,1,0,0,5,36.0,200.0
7124,40.41435,-3.70088,7,3.0,6.0,295.0,98.0,2,2.87,326,200,4503.0,68.043894,0.8,3.0,1,0,0,0,0,1,0,1,0,1,0,0,0,4,61.5,200.0
7125,40.4218,-3.68976,4,2.0,3.0,260.0,100.0,7,1.54,234,200,5328.0,74.694253,2.2,2.5,1,0,0,0,0,1,0,1,1,0,0,0,0,6,37.5,200.0
7126,40.42429,-3.6996,2,1.0,1.0,40.0,90.0,2,5.18,355,200,4503.0,68.043894,0.8,1.0,1,0,0,0,0,1,0,1,0,0,0,0,0,5,18.0,50.0
7127,40.44407,-3.58457,2,1.0,1.0,55.0,98.0,1,0.32,422,200,2477.0,70.967532,7.3,1.0,1,0,0,1,0,1,1,1,1,0,1,0,0,6,18.0,100.0
7128,40.42317,-3.70462,2,0.0,1.0,40.0,94.0,1,3.25,308,200,4503.0,68.043894,0.8,1.0,1,0,0,0,0,1,0,1,1,0,1,0,0,4,18.0,50.0
7129,40.42357,-3.70857,3,1.0,2.0,85.0,91.0,1,0.73,429,200,4503.0,68.043894,0.8,1.0,1,0,0,0,0,1,0,1,1,0,1,0,0,8,25.5,100.0
7130,40.41939,-3.71047,4,1.0,2.0,64.0,94.0,1,0.36,362,200,4503.0,68.043894,0.8,1.0,1,0,0,0,0,1,0,1,1,0,1,0,0,4,33.0,100.0
7131,40.42005,-3.70592,7,4.0,5.0,249.0,94.0,1,0.9,502,200,4503.0,68.043894,0.8,2.0,1,0,0,0,0,1,0,1,1,0,1,0,1,4,58.5,200.0
7133,40.43953,-3.65088,1,3.0,1.0,17.0,0.0,1,0.0,156,50,2893.0,50.090625,6.5,1.0,0,0,0,0,0,1,0,0,0,0,1,0,0,4,10.5,50.0
7134,40.41034,-3.69847,2,1.0,1.0,20.0,87.0,3,3.75,326,200,4503.0,68.043894,0.8,1.0,1,0,0,0,0,1,0,0,0,0,1,0,0,0,18.0,50.0
7135,40.46501,-3.70562,1,1.0,1.0,20.0,94.0,11,1.86,372,50,3476.0,60.621287,5.9,1.0,0,0,0,0,0,1,0,0,0,0,1,0,0,7,10.5,50.0
7136,40.45562,-3.70781,5,3.0,4.0,60.0,100.0,1,0.03,313,200,3476.0,60.621287,5.9,1.0,1,0,0,0,0,0,0,0,1,1,0,0,1,6,40.5,100.0
7137,40.41963,-3.70318,4,1.0,3.0,99.0,97.0,11,1.1,309,200,4503.0,68.043894,0.8,1.0,1,0,0,0,0,1,0,1,1,0,0,0,0,7,33.0,100.0
7138,40.40957,-3.70401,4,1.0,2.0,74.0,98.0,1,1.89,392,200,4503.0,68.043894,0.8,1.0,1,0,0,0,0,1,0,1,0,1,1,0,0,0,33.0,100.0
7139,40.46157,-3.57986,2,1.0,1.0,35.0,99.0,1,4.31,354,50,3047.0,56.183432,11.8,1.0,1,0,0,0,1,1,0,0,1,0,0,0,0,8,18.0,50.0
7140,40.42293,-3.70557,2,1.0,1.0,39.0,92.0,2,1.97,441,50,4503.0,68.043894,0.8,1.0,0,0,0,0,0,1,0,1,1,0,1,0,1,6,18.0,50.0
7141,40.40963,-3.70958,2,0.0,2.0,59.0,97.0,2,2.26,261,200,4503.0,68.043894,0.8,1.0,1,0,0,0,0,1,0,1,0,0,1,0,0,5,18.0,100.0
7142,40.42507,-3.66563,4,2.0,2.0,126.0,100.0,3,0.03,285,200,5328.0,74.694253,2.2,1.0,1,0,0,0,0,1,0,1,1,0,1,0,0,0,33.0,150.0
7143,40.4134,-3.72614,7,2.0,4.0,49.0,85.0,6,1.3,516,200,2287.0,47.008319,4.7,1.5,1,0,0,0,0,1,0,1,1,0,1,0,0,7,57.0,50.0
7144,40.41262,-3.71998,2,1.0,1.0,55.0,100.0,1,0.22,214,50,3917.0,55.025641,1.9,2.0,0,0,0,1,0,1,0,0,1,1,1,0,0,7,21.0,100.0
7145,40.42075,-3.69832,2,0.0,1.0,56.0,93.0,1,1.68,542,200,4503.0,68.043894,0.8,1.0,1,0,0,0,1,1,0,1,1,1,0,0,0,4,18.0,100.0
7146,40.40867,-3.6971,5,3.0,3.0,71.0,90.0,2,0.68,375,200,4503.0,68.043894,0.8,2.0,1,0,0,0,0,1,0,0,1,0,1,0,0,8,43.5,100.0
7147,40.38667,-3.74043,4,2.0,2.0,400.0,95.0,1,0.11,173,200,2195.0,47.402837,6.6,1.0,1,0,0,0,0,1,0,1,0,0,1,0,0,7,33.0,200.0
7148,40.46795,-3.68551,4,2.0,3.0,37.0,100.0,1,0.05,159,50,4508.0,67.220486,5.8,1.0,0,0,0,0,0,1,0,1,1,0,1,0,0,4,33.0,50.0
7149,40.49596,-3.71301,7,4.0,8.0,95.0,98.0,1,0.29,457,200,3545.0,57.198083,16.4,2.0,1,0,0,0,0,1,1,0,1,1,1,0,0,4,58.5,100.0
7150,40.41647,-3.67074,6,2.0,4.0,114.0,93.0,1,2.11,493,200,4220.0,63.672727,3.2,1.0,1,0,0,0,0,1,0,1,1,0,1,0,0,5,48.0,150.0
7152,40.43541,-3.71023,2,1.0,2.0,27.0,98.0,1,1.43,172,50,4855.0,64.056634,2.4,2.0,1,0,0,0,0,1,0,0,1,0,1,0,0,4,21.0,50.0
7153,40.40097,-3.69074,2,1.0,1.0,36.0,94.0,1,3.55,364,50,3917.0,55.025641,1.9,1.0,0,0,0,0,0,1,0,0,1,0,0,0,0,6,18.0,50.0
7154,40.404,-3.70435,2,1.0,1.0,40.0,97.0,1,1.94,325,50,3917.0,55.025641,1.9,1.0,0,0,0,0,0,1,0,0,0,1,1,0,0,6,18.0,50.0
7155,40.41378,-3.71879,2,1.0,1.0,64.0,93.0,7,2.64,276,200,3917.0,55.025641,1.9,1.0,1,0,0,0,0,1,0,0,0,0,0,0,0,7,18.0,100.0
7156,40.41091,-3.7017,2,1.0,1.0,33.0,99.0,2,1.93,425,50,4503.0,68.043894,0.8,1.0,0,0,0,0,0,1,0,0,0,1,1,0,0,6,18.0,50.0
7157,40.45227,-3.70346,2,1.0,1.0,36.0,100.0,1,0.25,248,50,3476.0,60.621287,5.9,1.0,0,0,0,0,1,1,0,1,0,0,1,0,0,5,18.0,50.0
7158,40.40961,-3.70456,6,3.0,7.0,519.0,96.0,1,4.01,1256,200,4503.0,68.043894,0.8,2.0,1,0,0,0,0,1,0,1,1,1,1,1,1,8,51.0,200.0
7159,40.42293,-3.69879,2,1.0,1.0,47.0,92.0,1,1.01,329,200,4503.0,68.043894,0.8,1.0,1,0,0,0,0,1,0,1,1,0,1,0,0,6,18.0,50.0
7160,40.40248,-3.67815,4,0.0,2.0,97.0,100.0,3,0.06,279,200,4220.0,63.672727,3.2,1.0,1,0,0,0,0,1,0,1,1,0,1,0,0,0,33.0,100.0
7161,40.41447,-3.69523,4,1.0,1.0,144.0,92.0,3,0.42,492,200,4503.0,68.043894,0.8,1.0,1,0,0,0,0,1,1,1,0,1,1,0,0,4,33.0,150.0
7162,40.40991,-3.6972,2,1.0,2.0,38.0,98.0,1,5.2,728,200,4503.0,68.043894,0.8,1.0,1,0,0,0,0,1,0,0,1,1,1,0,0,4,18.0,50.0
7163,40.41063,-3.70148,5,1.0,2.0,1100.0,100.0,1,0.05,230,200,4503.0,68.043894,0.8,1.0,1,0,0,0,0,1,0,1,0,0,1,0,0,6,40.5,200.0
7164,40.37607,-3.75095,1,1.0,1.0,35.0,0.0,1,0.0,149,50,2195.0,47.402837,6.6,1.0,0,0,0,0,0,1,0,1,0,0,0,0,0,4,10.5,50.0
7165,40.42119,-3.69609,1,1.0,1.0,35.0,99.0,1,0.51,545,50,4503.0,68.043894,0.8,1.0,0,0,0,0,0,1,0,1,1,1,1,0,0,5,10.5,50.0
7166,40.4644,-3.70375,1,1.0,1.0,20.0,98.0,11,0.49,378,50,3476.0,60.621287,5.9,1.0,0,0,0,0,0,1,0,0,0,0,1,0,0,7,10.5,50.0
7167,40.40817,-3.70165,5,2.0,3.0,49.0,90.0,5,7.81,596,200,4503.0,68.043894,0.8,1.0,1,0,0,0,0,1,0,1,0,0,1,0,0,6,40.5,50.0
7168,40.42119,-3.7049,4,1.0,2.0,110.0,0.0,2,0.0,313,200,4503.0,68.043894,0.8,1.0,1,0,0,0,0,1,0,1,0,0,1,0,0,6,33.0,150.0
7169,40.39482,-3.71387,2,1.0,1.0,36.0,85.0,1,0.27,221,50,2195.0,47.402837,6.6,1.0,1,0,0,0,0,1,1,0,0,0,0,0,0,4,18.0,50.0
7170,40.42245,-3.71537,2,1.0,2.0,59.0,99.0,1,0.46,408,200,3555.0,63.451906,5.9,1.0,1,0,0,0,0,1,0,1,1,0,1,0,0,4,18.0,100.0
7171,40.41208,-3.65878,2,1.0,1.0,25.0,96.0,1,1.85,353,50,2547.0,45.581197,5.0,2.5,0,0,0,0,0,1,0,0,1,1,0,0,0,5,22.5,50.0
7172,40.41063,-3.72044,4,1.0,1.0,36.0,80.0,7,0.19,621,50,3917.0,55.025641,1.9,1.5,1,1,1,1,1,1,1,1,1,1,1,1,1,7,34.5,50.0
7173,40.47672,-3.70812,1,1.0,2.0,22.0,98.0,1,2.36,268,50,3545.0,57.198083,16.4,1.0,0,0,0,0,0,1,0,1,1,0,0,0,0,9,10.5,50.0
7174,40.47944,-3.72246,2,1.0,1.0,44.0,90.0,2,0.8,174,200,3545.0,57.198083,16.4,1.0,1,1,1,1,1,1,1,1,1,1,1,1,1,7,18.0,50.0
7175,40.47889,-3.72318,4,0.0,1.0,48.0,80.0,2,0.86,384,200,3545.0,57.198083,16.4,1.0,1,0,0,0,0,1,0,1,0,1,0,0,0,7,33.0,50.0
7176,40.46192,-3.64182,1,0.0,1.0,26.0,0.0,1,0.05,81,50,3312.0,62.061453,9.2,1.0,0,0,0,0,0,1,0,0,1,0,0,0,0,5,10.5,50.0
7177,40.45694,-3.65955,2,2.0,2.0,22.0,96.0,1,0.44,419,50,2893.0,50.090625,6.5,2.0,0,0,0,0,0,1,0,1,1,0,1,0,0,6,21.0,50.0
7178,40.40939,-3.70359,4,1.0,2.0,54.0,84.0,2,1.4,391,200,4503.0,68.043894,0.8,1.0,1,0,0,0,0,1,0,1,0,0,1,0,0,4,33.0,100.0
7179,40.40947,-3.64406,1,1.0,1.0,25.0,0.0,1,0.0,178,50,2547.0,45.581197,5.0,1.5,0,0,0,0,0,1,0,0,0,0,1,0,0,6,12.0,50.0
7180,40.40431,-3.70065,2,1.0,2.0,60.0,94.0,1,0.31,321,50,3917.0,55.025641,1.9,1.0,1,0,0,0,0,1,0,1,1,0,1,0,0,8,18.0,100.0
7181,40.40936,-3.69702,2,1.0,2.0,60.0,100.0,1,0.19,132,200,4503.0,68.043894,0.8,1.0,1,0,0,0,0,1,0,0,0,0,1,0,0,6,18.0,100.0
7182,40.40541,-3.69318,6,3.0,4.0,99.0,91.0,12,1.75,357,200,3917.0,55.025641,1.9,2.0,1,0,0,0,0,1,0,1,1,1,1,0,0,6,51.0,100.0
7183,40.41226,-3.70597,12,5.0,7.0,353.0,95.0,1,1.48,967,200,4503.0,68.043894,0.8,2.0,1,0,0,0,0,1,0,1,1,1,1,1,0,4,96.0,200.0
7184,40.4346,-3.60708,2,1.0,1.0,40.0,94.0,1,3.43,245,50,2477.0,70.967532,7.3,1.0,0,0,0,0,0,1,0,0,0,0,0,0,0,5,18.0,50.0
7185,40.45981,-3.6892,4,2.0,4.0,145.0,100.0,2,1.26,621,200,4508.0,67.220486,5.8,2.0,1,0,0,0,0,1,0,1,1,1,1,0,1,6,36.0,150.0
7186,40.42894,-3.68637,2,1.0,1.0,60.0,95.0,1,0.13,423,50,5328.0,74.694253,2.2,1.0,0,0,0,0,0,1,0,1,1,1,1,0,0,6,18.0,100.0
7187,40.41556,-3.70901,4,2.0,3.0,67.0,87.0,1,2.25,467,200,4503.0,68.043894,0.8,1.0,1,0,0,0,0,1,0,1,0,1,1,0,0,8,33.0,100.0
7188,40.42489,-3.71516,2,1.0,1.0,43.0,0.0,1,0.0,183,200,3555.0,63.451906,5.9,1.0,1,0,0,0,0,1,0,0,0,0,1,0,0,0,18.0,50.0
7189,40.41031,-3.73801,1,1.0,1.0,18.0,0.0,1,0.0,149,50,2287.0,47.008319,4.7,1.0,0,0,0,0,0,1,0,0,0,0,1,0,0,6,10.5,50.0
7190,40.42295,-3.69974,3,1.0,1.0,30.0,98.0,1,3.42,252,200,4503.0,68.043894,0.8,1.0,1,0,0,0,0,1,0,1,1,0,0,0,0,10,25.5,50.0
7191,40.43647,-3.68296,4,2.0,2.0,270.0,96.0,1,1.5,318,200,5328.0,74.694253,2.2,2.0,1,0,0,0,0,1,0,1,1,0,0,0,0,7,36.0,200.0
7192,40.42433,-3.7013,4,1.0,2.0,50.0,97.0,2,2.98,557,200,4503.0,68.043894,0.8,1.0,1,0,0,0,0,1,0,1,0,0,1,0,0,4,33.0,50.0
7193,40.4859,-3.68646,4,2.0,3.0,71.0,98.0,2,2.09,543,200,3545.0,57.198083,16.4,1.0,1,0,0,0,0,1,0,1,0,0,1,0,1,7,33.0,100.0
7194,40.39845,-3.67105,3,1.0,2.0,45.0,96.0,1,1.85,305,50,4220.0,63.672727,3.2,1.0,1,0,0,0,0,1,0,0,0,0,1,0,0,7,25.5,50.0
7195,40.4131,-3.70626,4,2.0,2.0,72.0,95.0,1,2.17,468,200,4503.0,68.043894,0.8,1.0,1,0,0,0,0,1,0,1,1,0,0,0,1,4,33.0,100.0
7196,40.39525,-3.69413,4,2.0,2.0,110.0,98.0,1,1.23,396,200,3917.0,55.025641,1.9,1.0,1,0,0,0,0,1,0,1,1,0,1,0,0,8,33.0,150.0
7197,40.41821,-3.7047,6,3.0,4.0,108.0,99.0,4,5.09,393,200,4503.0,68.043894,0.8,3.0,1,0,0,0,0,1,0,1,1,0,0,0,0,5,54.0,150.0
7198,40.42712,-3.71248,2,1.0,1.0,82.0,96.0,7,1.16,390,200,4503.0,68.043894,0.8,1.0,1,0,0,0,0,1,0,1,1,0,1,0,0,7,18.0,100.0
7199,40.4237,-3.70896,3,1.0,1.0,45.0,92.0,7,1.12,471,50,4503.0,68.043894,0.8,1.0,0,0,0,0,0,1,0,0,0,1,1,0,0,10,25.5,50.0
7200,40.41611,-3.67028,1,1.0,1.0,20.0,68.0,1,0.17,188,50,4220.0,63.672727,3.2,1.0,0,0,0,0,0,1,0,1,1,0,1,0,0,4,10.5,50.0
7201,40.40991,-3.70681,4,3.0,3.0,106.0,96.0,2,1.4,319,200,4503.0,68.043894,0.8,1.0,1,0,0,0,0,1,0,1,1,0,0,0,0,11,33.0,150.0
7202,40.41685,-3.70048,12,4.0,5.0,303.0,94.0,2,1.92,535,200,4503.0,68.043894,0.8,3.0,1,0,0,0,0,1,0,1,0,1,1,1,0,4,99.0,200.0
7203,40.40409,-3.70352,2,1.0,2.0,29.0,97.0,2,0.93,508,50,3917.0,55.025641,1.9,2.0,0,0,0,0,0,1,0,0,0,1,1,0,0,7,21.0,50.0
7204,40.43413,-3.68244,2,1.0,1.0,80.0,96.0,3,1.57,549,50,5328.0,74.694253,2.2,1.0,1,0,0,0,1,1,0,1,0,1,1,0,0,7,18.0,100.0
7205,40.40961,-3.70609,2,1.0,1.0,110.0,97.0,4,1.25,429,50,4503.0,68.043894,0.8,1.0,0,0,0,0,0,1,0,1,0,1,1,0,0,7,18.0,150.0
7206,40.4217,-3.71991,4,2.0,2.0,70.0,0.0,1,0.0,88,200,3555.0,63.451906,5.9,1.5,1,0,0,0,0,1,0,0,0,0,1,0,0,4,34.5,100.0
7207,40.40819,-3.70628,2,1.0,1.0,110.0,99.0,4,1.65,340,50,4503.0,68.043894,0.8,1.0,0,0,0,0,0,1,0,1,0,1,1,0,0,7,18.0,150.0
7208,40.42406,-3.70241,2,1.0,1.0,40.0,99.0,1,3.17,465,50,4503.0,68.043894,0.8,1.0,1,0,0,0,0,1,0,1,1,0,1,0,0,5,18.0,50.0
7209,40.41242,-3.68835,7,4.0,6.0,320.0,80.0,92,0.05,287,200,4220.0,63.672727,3.2,4.5,1,0,0,0,0,1,0,1,1,0,1,0,0,7,66.0,200.0
7210,40.40546,-3.69288,1,1.0,1.0,20.0,94.0,1,5.15,283,50,3917.0,55.025641,1.9,1.0,0,0,0,0,0,1,0,0,0,0,1,0,0,4,10.5,50.0
7211,40.39728,-3.69519,2,0.0,1.0,18.0,96.0,1,0.14,150,50,3917.0,55.025641,1.9,1.0,0,0,0,0,0,1,0,0,1,0,0,0,0,4,18.0,50.0
7212,40.44355,-3.7028,1,1.0,1.0,48.0,0.0,3,0.0,542,50,4855.0,64.056634,2.4,1.0,0,0,0,1,0,1,0,1,1,0,1,0,0,10,10.5,50.0
7215,40.40831,-3.73471,3,2.0,2.0,45.0,100.0,1,0.06,193,200,2287.0,47.008319,4.7,1.0,1,0,0,0,0,1,0,1,0,0,0,0,0,5,25.5,50.0
7216,40.42215,-3.69855,2,1.0,2.0,71.0,100.0,1,0.03,178,50,4503.0,68.043894,0.8,1.0,1,0,0,0,0,1,0,1,0,0,0,0,0,5,18.0,100.0
7217,40.41066,-3.699,3,1.0,2.0,62.0,92.0,3,0.56,533,200,4503.0,68.043894,0.8,1.0,1,0,0,0,0,1,0,1,0,0,1,0,0,6,25.5,100.0
7218,40.41252,-3.71059,6,4.0,4.0,90.0,89.0,18,0.47,429,200,4503.0,68.043894,0.8,2.5,1,0,0,0,0,1,0,0,1,1,1,0,0,9,52.5,100.0
7219,40.38502,-3.72566,7,2.0,6.0,96.0,94.0,2,0.69,312,200,2195.0,47.402837,6.6,1.0,1,0,0,0,0,1,0,1,1,1,0,0,0,4,55.5,100.0
7220,40.39453,-3.69499,2,1.0,1.0,65.0,100.0,1,0.17,325,200,3917.0,55.025641,1.9,1.0,1,0,0,0,0,1,0,1,0,0,1,0,0,10,18.0,100.0
7221,40.41607,-3.70578,4,2.0,2.0,146.0,89.0,1,0.43,475,200,4503.0,68.043894,0.8,1.0,1,0,0,0,0,1,0,1,0,0,1,0,0,4,33.0,150.0
7222,40.39796,-3.71605,5,3.0,4.0,95.0,80.0,24,0.08,352,200,2195.0,47.402837,6.6,1.0,1,0,0,0,0,1,1,1,1,0,1,0,0,6,40.5,100.0
7223,40.48392,-3.68777,1,1.0,1.0,23.0,93.0,1,2.45,383,50,3545.0,57.198083,16.4,1.0,0,0,0,0,0,1,0,1,0,0,0,0,0,6,10.5,50.0
7224,40.42433,-3.70495,2,1.0,1.0,55.0,91.0,1,0.55,329,200,4503.0,68.043894,0.8,1.0,1,0,0,0,0,0,0,1,0,0,0,0,0,7,18.0,100.0
7225,40.3974,-3.69466,4,2.0,2.0,65.0,95.0,1,0.77,443,200,3917.0,55.025641,1.9,1.0,1,0,0,0,0,1,0,1,0,0,1,0,0,4,33.0,100.0
7226,40.40984,-3.69908,7,1.0,6.0,54.0,87.0,2,1.82,513,200,4503.0,68.043894,0.8,1.0,1,0,0,0,0,1,0,1,1,0,1,0,0,8,55.5,100.0
7227,40.42408,-3.69941,2,1.0,1.0,42.0,91.0,12,1.72,354,200,4503.0,68.043894,0.8,1.0,1,1,1,1,1,1,1,1,1,1,1,1,1,7,18.0,50.0
7228,40.46522,-3.70143,2,1.0,2.0,19.0,95.0,1,1.66,364,50,3476.0,60.621287,5.9,1.5,0,0,0,0,0,1,0,1,0,0,1,0,0,4,19.5,50.0
7229,40.4225,-3.6977,4,2.0,3.0,40.0,85.0,2,1.91,260,200,4503.0,68.043894,0.8,1.0,1,0,0,0,0,1,0,1,0,0,0,0,0,5,33.0,50.0
7230,40.38077,-3.73497,1,1.0,1.0,12.0,100.0,2,0.14,262,50,2195.0,47.402837,6.6,1.0,0,0,0,0,0,1,0,1,0,0,0,0,0,5,10.5,50.0
7231,40.42226,-3.69958,5,1.0,2.0,109.0,95.0,4,1.62,400,200,4503.0,68.043894,0.8,1.0,1,0,0,0,0,1,0,1,1,1,1,0,0,5,40.5,150.0
7232,40.4094,-3.70026,4,0.0,2.0,57.0,95.0,1,3.47,483,200,4503.0,68.043894,0.8,1.0,1,0,0,0,0,1,0,0,0,0,1,0,1,8,33.0,100.0
7233,40.40315,-3.69043,5,2.0,4.0,65.0,94.0,2,2.41,513,200,3917.0,55.025641,1.9,1.0,1,0,0,0,0,1,0,1,1,0,1,0,0,6,40.5,100.0
7234,40.39616,-3.71589,4,3.0,4.0,85.0,20.0,24,0.03,393,200,2195.0,47.402837,6.6,1.0,1,0,0,0,0,1,1,1,1,0,1,0,0,6,33.0,100.0
7235,40.41419,-3.70065,6,2.0,3.0,62.0,90.0,3,2.2,323,200,4503.0,68.043894,0.8,1.0,1,0,0,0,0,1,0,1,0,0,1,0,0,9,48.0,100.0
7236,40.42583,-3.71646,2,1.0,1.0,51.0,100.0,1,0.11,334,50,3555.0,63.451906,5.9,1.0,1,0,0,0,0,1,0,1,1,1,0,0,0,5,18.0,100.0
7237,40.39313,-3.72125,3,0.0,2.0,55.0,100.0,1,0.11,216,200,2195.0,47.402837,6.6,1.0,1,0,0,0,0,1,0,1,0,0,1,0,0,10,25.5,100.0
7238,40.45304,-3.68133,2,0.0,1.0,90.0,100.0,1,0.03,346,50,4508.0,67.220486,5.8,1.0,1,0,0,0,0,1,0,1,1,0,1,0,0,0,18.0,100.0
7240,40.40994,-3.69906,4,2.0,3.0,93.0,97.0,5,1.66,277,200,4503.0,68.043894,0.8,1.0,1,0,0,0,0,1,0,1,1,0,0,0,0,4,33.0,100.0
7241,40.42815,-3.67705,6,2.0,2.0,76.0,91.0,1,1.69,376,200,5328.0,74.694253,2.2,1.0,1,0,0,0,0,1,0,0,0,0,0,0,1,4,48.0,100.0
7242,40.41958,-3.71411,7,3.0,5.0,223.0,93.0,5,1.56,344,200,4503.0,68.043894,0.8,2.0,1,0,0,0,0,1,0,1,1,0,0,0,0,4,58.5,200.0
7243,40.40574,-3.69366,4,2.0,2.0,81.0,97.0,5,1.53,370,200,3917.0,55.025641,1.9,1.0,1,0,0,0,0,1,0,1,0,1,0,0,0,4,33.0,100.0
7244,40.42245,-3.69948,2,1.0,2.0,60.0,84.0,1,0.15,308,200,4503.0,68.043894,0.8,1.0,1,0,0,0,0,1,0,1,1,0,1,0,0,5,18.0,100.0
7245,40.45767,-3.67484,3,0.0,3.0,53.0,100.0,1,0.28,484,200,4508.0,67.220486,5.8,1.0,1,0,0,0,0,1,0,0,1,0,1,0,0,8,25.5,100.0
7246,40.41023,-3.71112,5,3.0,4.0,93.0,86.0,1,0.49,165,200,4503.0,68.043894,0.8,2.0,1,0,0,0,0,0,0,0,0,0,0,0,0,4,43.5,100.0
7247,40.41419,-3.70638,1,1.0,1.0,19.0,100.0,31,0.23,465,50,4503.0,68.043894,0.8,1.0,0,0,0,0,0,1,0,0,1,1,1,0,0,5,10.5,50.0
7248,40.42788,-3.70595,1,1.0,1.0,18.0,100.0,1,0.03,79,50,4503.0,68.043894,0.8,1.0,0,0,0,0,0,1,0,0,0,0,0,0,0,4,10.5,50.0
7249,40.41126,-3.69889,2,1.0,1.0,58.0,95.0,5,2.04,237,200,4503.0,68.043894,0.8,1.0,1,0,0,0,0,1,0,1,0,0,0,0,0,4,18.0,100.0
7250,40.4224,-3.70373,2,1.0,1.0,110.0,84.0,24,0.56,196,200,4503.0,68.043894,0.8,1.0,1,0,0,0,0,1,0,0,0,0,0,0,0,5,18.0,150.0
7251,40.42357,-3.69737,3,1.0,1.0,60.0,73.0,1,0.28,99,200,4503.0,68.043894,0.8,1.0,1,0,0,0,0,1,0,0,0,0,1,0,0,6,25.5,100.0
7252,40.41033,-3.71429,6,3.0,6.0,108.0,95.0,1,2.72,399,200,4503.0,68.043894,0.8,2.0,1,0,0,0,0,1,0,1,0,0,1,0,1,4,51.0,150.0
7253,40.40546,-3.69187,2,1.0,1.0,21.0,81.0,8,0.97,395,50,3917.0,55.025641,1.9,1.0,0,0,0,0,0,1,0,0,1,0,1,0,0,4,18.0,50.0
7254,40.42966,-3.71865,1,1.0,1.0,17.0,100.0,31,0.09,425,50,3555.0,63.451906,5.9,2.0,0,0,0,0,0,1,0,1,1,0,1,0,0,5,13.5,50.0
7255,40.41185,-3.69995,4,1.0,2.0,61.0,83.0,1,1.1,337,200,4503.0,68.043894,0.8,1.0,1,0,0,0,0,1,0,0,1,0,1,0,0,7,33.0,100.0
7256,40.42467,-3.70691,2,1.0,1.0,50.0,90.0,3,0.06,293,50,4503.0,68.043894,0.8,1.0,0,0,0,0,0,1,0,1,1,0,1,0,0,5,18.0,50.0
7257,40.39307,-3.72637,5,2.0,4.0,65.0,97.0,1,3.94,579,200,2195.0,47.402837,6.6,2.0,1,0,0,0,0,1,0,1,1,1,1,0,0,4,43.5,100.0
7258,40.41162,-3.69492,2,0.0,1.0,42.0,92.0,15,5.62,380,200,4503.0,68.043894,0.8,1.0,1,0,0,0,0,1,0,1,0,0,0,0,0,9,18.0,50.0
7259,40.46129,-3.66149,6,2.0,3.0,185.0,81.0,33,0.5,405,200,2893.0,50.090625,6.5,1.5,1,0,0,0,0,1,1,1,1,1,1,0,0,1,49.5,200.0
7260,40.42588,-3.70485,1,1.0,1.0,30.0,96.0,9,0.28,644,200,4503.0,68.043894,0.8,1.0,1,0,0,0,0,1,0,1,0,0,1,0,0,10,10.5,50.0
7261,40.4316,-3.71286,2,1.0,1.0,50.0,82.0,2,3.54,244,200,4855.0,64.056634,2.4,1.0,1,1,1,1,1,1,1,1,1,1,1,1,1,5,18.0,50.0
7262,40.41052,-3.69759,6,2.0,4.0,96.0,94.0,9,3.16,463,200,4503.0,68.043894,0.8,1.5,1,0,0,0,0,1,0,1,1,0,1,0,0,8,49.5,100.0
7263,40.41144,-3.73487,2,1.0,1.0,28.0,98.0,1,3.42,482,50,2287.0,47.008319,4.7,1.0,0,0,0,0,0,1,0,0,1,1,1,0,0,7,18.0,50.0
7264,40.41048,-3.69584,4,1.0,2.0,59.0,95.0,1,2.83,598,200,4503.0,68.043894,0.8,1.0,1,0,0,0,0,1,0,1,0,0,1,0,0,4,33.0,100.0
7265,40.4199,-3.67716,2,1.0,1.0,29.0,88.0,1,2.77,264,50,4220.0,63.672727,3.2,1.0,0,0,0,0,0,1,0,0,0,0,1,0,0,4,18.0,50.0
7266,40.41617,-3.70819,2,1.0,1.0,58.0,92.0,88,3.38,310,200,4503.0,68.043894,0.8,1.0,1,0,0,0,0,1,0,1,1,0,1,0,0,6,18.0,100.0
7267,40.42506,-3.70266,3,1.0,2.0,74.0,95.0,2,2.68,327,200,4503.0,68.043894,0.8,1.0,1,0,0,0,0,1,0,1,0,0,0,0,0,4,25.5,100.0
7268,40.40269,-3.72481,1,0.0,1.0,20.0,90.0,2,0.53,197,50,2195.0,47.402837,6.6,1.0,1,0,0,0,0,1,0,0,0,0,1,0,0,9,10.5,50.0
7269,40.42599,-3.70916,8,3.0,5.0,297.0,100.0,3,0.32,364,200,4503.0,68.043894,0.8,2.0,1,0,0,0,0,1,0,1,1,0,0,0,0,5,66.0,200.0
7270,40.39411,-3.7123,4,2.0,2.0,39.0,88.0,1,0.7,347,200,2195.0,47.402837,6.6,1.0,1,0,0,0,0,0,0,0,0,0,1,0,0,11,33.0,50.0
7271,40.39639,-3.71448,6,3.0,4.0,235.0,80.0,24,0.12,393,200,2195.0,47.402837,6.6,1.0,1,0,0,0,0,1,1,1,1,0,1,0,0,6,48.0,200.0
7272,40.41406,-3.69917,5,2.0,4.0,118.0,96.0,7,0.97,429,200,4503.0,68.043894,0.8,2.0,1,0,0,0,0,1,0,1,1,0,1,0,0,11,43.5,150.0
7273,40.41119,-3.70643,5,2.0,3.0,136.0,100.0,1,0.31,191,200,4503.0,68.043894,0.8,1.0,1,0,0,0,0,1,0,1,0,0,1,0,0,4,40.5,150.0
7274,40.43996,-3.64561,2,1.0,1.0,45.0,100.0,3,0.05,151,50,2893.0,50.090625,6.5,1.0,1,0,0,0,0,1,0,1,0,0,1,0,0,6,18.0,50.0
7275,40.44033,-3.67664,1,1.0,1.0,45.0,100.0,1,0.36,370,50,4508.0,67.220486,5.8,1.0,0,0,0,0,0,1,0,1,0,0,1,0,0,4,10.5,50.0
7276,40.39796,-3.7143,3,1.0,2.0,146.0,0.0,31,0.0,849,200,2195.0,47.402837,6.6,1.0,1,0,0,0,0,1,1,1,1,0,1,0,1,8,25.5,150.0
7277,40.4015,-3.71219,3,1.0,2.0,146.0,100.0,31,0.07,863,200,3917.0,55.025641,1.9,1.0,1,0,0,0,0,1,1,1,1,0,1,0,1,8,25.5,150.0
7278,40.39615,-3.71472,2,1.0,2.0,120.0,87.0,31,0.08,726,200,2195.0,47.402837,6.6,1.0,1,0,0,0,0,1,1,1,1,1,1,0,1,8,18.0,150.0
7279,40.39751,-3.71451,1,1.0,2.0,121.0,100.0,31,0.09,723,200,2195.0,47.402837,6.6,1.0,1,0,0,0,0,1,1,1,1,0,1,0,1,8,10.5,150.0
7280,40.43789,-3.66517,4,2.0,3.0,117.0,87.0,72,0.25,215,200,5328.0,74.694253,2.2,1.0,1,0,0,0,0,1,0,1,0,0,1,0,0,6,33.0,150.0
7281,40.40898,-3.70202,4,2.0,3.0,71.0,95.0,88,4.81,352,200,4503.0,68.043894,0.8,1.0,1,0,0,0,0,1,0,1,1,1,1,0,0,6,33.0,100.0
7282,40.38828,-3.69503,4,2.0,3.0,83.0,98.0,1,2.82,1132,200,3917.0,55.025641,1.9,1.0,1,0,0,0,1,1,0,1,1,1,0,1,1,4,33.0,100.0
7283,40.44746,-3.68248,2,1.0,1.0,200.0,0.0,92,0.0,191,200,4508.0,67.220486,5.8,1.0,1,0,0,0,0,1,0,1,0,0,1,0,0,7,18.0,200.0
7284,40.41291,-3.72897,2,1.0,1.0,45.0,100.0,3,0.51,404,50,2287.0,47.008319,4.7,1.0,0,0,0,0,0,1,0,0,1,1,1,0,0,6,18.0,50.0
7285,40.41413,-3.70082,6,2.0,3.0,84.0,96.0,25,4.85,509,200,4503.0,68.043894,0.8,1.0,1,0,0,1,0,1,0,1,0,1,0,0,1,6,48.0,100.0
7286,40.41119,-3.71342,6,4.0,4.0,253.0,86.0,8,1.89,536,200,4503.0,68.043894,0.8,2.0,1,0,0,0,0,1,0,1,0,0,1,0,0,5,51.0,200.0
7287,40.38302,-3.70453,2,1.0,1.0,40.0,0.0,1,0.0,159,50,2316.0,43.910072,4.6,1.0,0,0,0,0,0,1,0,1,0,0,0,0,0,4,18.0,50.0
7288,40.4235,-3.70425,3,1.0,2.0,77.0,90.0,32,0.39,380,200,4503.0,68.043894,0.8,1.0,1,0,0,0,0,1,0,0,0,0,1,0,0,9,25.5,100.0
7289,40.42366,-3.70055,3,0.0,2.0,64.0,95.0,2,0.32,536,200,4503.0,68.043894,0.8,1.0,1,0,0,0,0,1,0,1,0,0,1,0,0,4,25.5,100.0
7290,40.40966,-3.70565,4,1.0,1.0,146.0,97.0,3,1.47,457,200,4503.0,68.043894,0.8,1.5,1,0,0,0,0,1,0,1,1,0,1,0,0,4,34.5,150.0
7291,40.41213,-3.71316,8,3.0,5.0,236.0,88.0,8,2.18,492,200,4503.0,68.043894,0.8,2.0,1,0,0,0,0,1,0,1,0,0,1,0,0,5,66.0,200.0
7292,40.42064,-3.68913,4,1.0,2.0,112.0,94.0,8,0.35,480,200,5328.0,74.694253,2.2,1.0,1,0,0,0,0,1,0,1,1,0,1,0,0,5,33.0,150.0
7293,40.42064,-3.68913,6,2.0,2.0,141.0,88.0,8,0.87,471,200,5328.0,74.694253,2.2,2.5,1,0,0,0,0,1,0,1,1,1,1,0,0,5,52.5,150.0
7294,40.42436,-3.6687,4,1.0,2.0,79.0,98.0,2,3.12,552,200,5328.0,74.694253,2.2,1.0,1,0,0,0,0,1,0,1,0,0,1,0,0,5,33.0,100.0
7295,40.42094,-3.70029,4,1.0,1.0,54.0,84.0,3,2.09,322,200,4503.0,68.043894,0.8,1.0,1,0,0,0,0,1,0,1,0,0,1,0,0,8,33.0,100.0
7296,40.4221,-3.69824,6,3.0,3.0,173.0,97.0,113,0.61,204,200,4503.0,68.043894,0.8,2.0,1,0,0,0,0,1,0,1,1,0,0,0,0,7,51.0,200.0
7297,40.42421,-3.72823,3,2.0,2.0,90.0,99.0,1,0.56,315,50,3555.0,63.451906,5.9,1.0,1,0,0,0,0,1,0,1,0,0,1,0,0,6,25.5,100.0
7298,40.4648,-3.6387,2,1.0,1.0,19.0,92.0,26,4.03,212,50,3312.0,62.061453,9.2,2.0,0,0,0,1,0,1,0,0,0,0,1,0,0,8,21.0,50.0
7299,40.4629,-3.63648,2,1.0,1.0,18.0,90.0,26,1.02,209,50,3312.0,62.061453,9.2,2.0,0,0,0,1,0,1,0,0,0,0,1,0,0,8,21.0,50.0
7300,40.46312,-3.63828,2,1.0,1.0,20.0,92.0,26,2.02,232,50,3312.0,62.061453,9.2,1.0,0,0,0,1,0,1,0,1,0,0,1,0,0,8,18.0,50.0
7301,40.46374,-3.63871,2,1.0,1.0,25.0,98.0,26,0.3,232,50,3312.0,62.061453,9.2,1.0,1,0,0,1,0,1,0,1,0,0,1,0,0,8,18.0,50.0
7303,40.38688,-3.74538,1,1.0,1.0,18.0,96.0,1,0.55,351,50,2195.0,47.402837,6.6,1.0,1,0,0,0,0,1,0,0,1,0,1,0,0,6,10.5,50.0
7304,40.44928,-3.66905,4,1.0,2.0,60.0,87.0,38,2.2,368,200,4508.0,67.220486,5.8,1.0,1,0,0,0,0,1,1,1,1,0,1,0,0,9,33.0,100.0
7305,40.4145,-3.71144,4,1.0,2.0,97.0,100.0,24,0.25,195,200,4503.0,68.043894,0.8,1.0,1,0,0,0,0,1,0,1,0,0,0,0,0,5,33.0,100.0
7306,40.40885,-3.70914,2,1.0,1.0,40.0,96.0,1,1.55,363,50,4503.0,68.043894,0.8,1.0,1,0,0,0,0,1,0,0,1,0,1,0,0,4,18.0,50.0
7308,40.41277,-3.72046,2,1.0,1.0,51.0,100.0,4,0.47,441,50,3917.0,55.025641,1.9,1.5,0,0,0,0,0,1,0,0,1,1,1,0,0,4,19.5,100.0
7309,40.41387,-3.68967,4,1.0,1.0,122.0,100.0,72,0.04,229,200,4220.0,63.672727,3.2,1.0,1,0,0,0,0,1,0,1,1,0,1,0,0,6,33.0,150.0
7310,40.43167,-3.71945,6,2.0,6.0,136.0,63.0,72,0.26,303,200,3555.0,63.451906,5.9,1.0,1,0,0,0,0,1,0,1,1,0,1,0,0,6,48.0,150.0
7311,40.40806,-3.70514,4,1.0,2.0,67.0,86.0,23,1.58,408,200,4503.0,68.043894,0.8,1.0,1,0,0,0,0,1,0,1,1,0,0,0,0,10,33.0,100.0
7312,40.46842,-3.63612,2,0.0,1.0,114.0,0.0,1,0.03,183,200,3312.0,62.061453,9.2,1.0,1,0,0,0,0,1,0,0,1,0,1,0,0,6,18.0,150.0
7313,40.40761,-3.69921,1,1.0,1.0,22.0,100.0,1,0.03,140,50,4503.0,68.043894,0.8,1.0,0,0,0,0,0,1,0,0,0,0,1,0,0,5,10.5,50.0
7314,40.40679,-3.67575,2,1.0,1.0,43.0,89.0,4,1.62,272,200,4220.0,63.672727,3.2,1.0,1,0,0,0,0,1,0,1,1,0,1,0,0,4,18.0,50.0
7315,40.38478,-3.72277,1,1.0,1.0,19.0,96.0,1,0.75,326,50,2195.0,47.402837,6.6,1.5,1,0,0,0,0,1,0,1,1,0,1,0,0,4,12.0,50.0
7316,40.40504,-3.67744,2,1.0,1.0,101.0,88.0,4,1.19,345,200,4220.0,63.672727,3.2,1.0,1,0,0,0,0,1,0,1,1,0,1,0,0,4,18.0,150.0
7317,40.42197,-3.7064,8,3.0,4.0,187.0,80.0,72,0.05,218,200,4503.0,68.043894,0.8,2.0,1,0,0,0,0,1,0,1,1,0,1,0,0,6,66.0,200.0
7318,40.42197,-3.7064,6,2.0,3.0,132.0,87.0,72,0.22,288,200,4503.0,68.043894,0.8,1.0,1,0,0,0,0,1,0,1,1,0,1,0,0,6,48.0,150.0
7319,40.42197,-3.7064,8,3.0,4.0,171.0,71.0,72,0.2,307,200,4503.0,68.043894,0.8,2.0,1,0,0,0,0,1,0,1,1,0,1,0,0,6,66.0,200.0
7320,40.46776,-3.69571,6,2.0,4.0,84.0,90.0,1,0.06,211,200,3476.0,60.621287,5.9,1.0,1,0,0,0,0,1,0,1,1,0,1,0,0,8,48.0,100.0
7321,40.43822,-3.67314,3,1.0,2.0,71.0,100.0,1,0.17,349,200,5328.0,74.694253,2.2,1.0,1,0,0,0,0,1,0,0,0,0,1,0,0,4,25.5,100.0
7322,40.42266,-3.70001,2,1.0,1.0,68.0,0.0,1,0.0,270,50,4503.0,68.043894,0.8,1.0,1,0,0,0,0,1,0,1,1,0,1,0,0,6,18.0,100.0
7323,40.40523,-3.7531,2,1.0,1.0,65.0,93.0,1,0.08,509,200,2287.0,47.008319,4.7,1.0,1,0,0,0,0,1,0,1,1,1,1,0,1,4,18.0,100.0
7324,40.4436,-3.58343,3,1.0,1.0,59.0,84.0,1,0.8,254,200,2477.0,70.967532,7.3,1.0,1,0,0,0,0,1,1,1,1,0,0,0,0,4,25.5,100.0
7325,40.39721,-3.73835,2,1.0,1.0,24.0,84.0,1,0.37,351,50,2287.0,47.008319,4.7,1.0,0,0,0,0,0,1,0,0,0,0,1,0,0,6,18.0,50.0
7326,40.45142,-3.70763,3,2.0,5.0,136.0,96.0,31,0.14,589,200,3476.0,60.621287,5.9,1.0,1,0,0,0,0,1,0,1,0,1,1,0,0,8,25.5,150.0
7327,40.40905,-3.69678,1,1.0,1.0,33.0,100.0,3,0.88,459,50,4503.0,68.043894,0.8,1.0,0,0,0,0,0,1,0,0,1,1,1,0,1,7,10.5,50.0
7328,40.41203,-3.70293,3,1.0,1.0,100.0,93.0,2,0.25,354,200,4503.0,68.043894,0.8,1.0,1,0,0,0,0,1,0,0,1,0,0,0,0,7,25.5,100.0
7329,40.40079,-3.69655,2,1.0,1.0,31.0,93.0,1,0.97,398,50,3917.0,55.025641,1.9,1.0,1,0,0,0,0,1,0,1,1,0,0,0,0,7,18.0,50.0
7330,40.44478,-3.67243,4,0.0,3.0,85.0,93.0,12,0.31,736,200,4508.0,67.220486,5.8,1.0,1,0,0,0,0,1,0,1,1,1,0,0,0,5,33.0,100.0
7331,40.45532,-3.70358,2,2.0,5.0,117.0,100.0,31,0.04,609,200,3476.0,60.621287,5.9,1.5,1,0,0,0,0,1,0,1,0,1,1,0,0,8,19.5,150.0
7332,40.39117,-3.65979,4,2.0,3.0,39.0,96.0,2,3.11,329,200,1890.0,41.443535,5.0,1.0,1,0,0,0,0,1,0,1,0,0,0,0,0,7,33.0,50.0
7333,40.41972,-3.70177,4,2.0,5.0,99.0,95.0,4,1.25,503,200,4503.0,68.043894,0.8,1.0,1,0,0,0,0,1,0,1,0,0,1,0,0,5,33.0,100.0
7334,40.4276,-3.70882,4,1.0,1.0,56.0,92.0,1,0.47,510,200,4503.0,68.043894,0.8,1.5,1,0,0,0,0,0,0,1,0,1,1,0,0,4,34.5,100.0
7335,40.40858,-3.71246,4,2.0,2.0,82.0,93.0,1,2.1,346,200,4503.0,68.043894,0.8,1.0,1,0,0,0,0,1,0,1,0,0,1,0,0,4,33.0,100.0
7336,40.44975,-3.78633,6,5.0,4.0,100.0,80.0,1,0.08,264,200,3555.0,63.451906,5.9,4.0,1,0,0,0,0,1,0,1,0,0,0,0,0,10,57.0,100.0
7337,40.38735,-3.6664,2,1.0,1.0,495.0,100.0,1,0.03,319,50,1890.0,41.443535,5.0,1.0,0,0,0,0,0,0,0,1,0,0,1,0,0,5,18.0,200.0
7338,40.42573,-3.70607,4,1.0,2.0,83.0,84.0,1,2.49,397,200,4503.0,68.043894,0.8,1.0,1,0,0,0,0,1,0,1,0,0,1,0,0,4,33.0,100.0
7339,40.41001,-3.70024,1,1.0,1.0,25.0,100.0,1,0.11,269,50,4503.0,68.043894,0.8,1.0,0,0,0,0,0,1,0,0,0,0,1,0,0,10,10.5,50.0
7340,40.41914,-3.70684,4,1.0,1.0,110.0,70.0,72,0.12,271,200,4503.0,68.043894,0.8,1.0,1,0,0,0,0,1,0,1,1,0,1,0,0,6,33.0,150.0
7341,40.41726,-3.67275,6,2.0,3.0,115.0,98.0,3,3.85,532,200,4220.0,63.672727,3.2,2.0,1,0,0,0,0,1,0,1,1,0,1,0,0,0,51.0,150.0
7342,40.40639,-3.67612,5,3.0,4.0,139.0,93.0,4,0.88,218,200,4220.0,63.672727,3.2,1.0,1,0,0,0,0,1,0,1,1,0,1,0,0,4,40.5,150.0
7343,40.42353,-3.70337,4,1.0,1.0,82.0,91.0,1,1.45,311,200,4503.0,68.043894,0.8,1.0,1,0,0,0,0,1,0,1,0,0,1,0,0,4,33.0,100.0
7344,40.40607,-3.67565,5,3.0,4.0,139.0,94.0,4,0.8,403,200,4220.0,63.672727,3.2,1.5,1,0,0,0,0,1,0,1,1,0,1,0,0,4,42.0,150.0
7345,40.39466,-3.67242,2,2.0,2.0,35.0,0.0,1,0.06,157,200,1890.0,41.443535,5.0,1.0,1,0,0,0,0,1,0,0,0,0,1,0,0,6,18.0,50.0
7346,40.42842,-3.69773,3,0.0,1.0,65.0,90.0,3,0.17,178,200,4855.0,64.056634,2.4,1.0,1,0,0,0,0,0,0,0,1,0,1,0,0,8,25.5,100.0
7347,40.43832,-3.67194,4,1.0,1.0,58.0,96.0,2,1.17,561,200,5328.0,74.694253,2.2,1.0,1,0,0,0,0,1,0,1,1,0,1,0,0,4,33.0,100.0
7348,40.46322,-3.69629,1,1.0,1.0,28.0,99.0,3,0.94,481,50,3476.0,60.621287,5.9,1.0,0,0,0,0,0,1,0,1,1,0,1,0,0,4,10.5,50.0
7349,40.42764,-3.70958,1,1.0,1.0,29.0,100.0,2,1.75,434,50,4503.0,68.043894,0.8,1.5,0,0,0,0,0,1,0,1,1,1,1,0,1,4,12.0,50.0
7350,40.43554,-3.7103,2,1.0,1.0,27.0,85.0,4,2.22,242,50,4855.0,64.056634,2.4,1.5,1,1,1,1,1,1,1,1,1,1,1,1,1,4,19.5,50.0
7351,40.42851,-3.67626,2,1.0,1.0,50.0,94.0,1,2.31,418,200,5328.0,74.694253,2.2,1.0,1,0,0,0,0,1,0,1,0,0,1,0,0,6,18.0,50.0
7352,40.40963,-3.71029,6,3.0,4.0,106.0,92.0,25,2.31,397,200,4503.0,68.043894,0.8,1.0,1,0,0,1,1,1,0,1,1,0,0,0,0,6,48.0,150.0
7353,40.38622,-3.67281,3,2.0,2.0,25.0,0.0,1,0.0,250,50,1890.0,41.443535,5.0,2.0,0,0,0,0,0,1,0,1,1,0,0,0,0,4,28.5,50.0
7354,40.40664,-3.69844,4,1.0,1.0,59.0,95.0,1,3.08,436,200,4503.0,68.043894,0.8,1.0,1,0,0,0,0,1,0,1,0,0,1,0,0,9,33.0,100.0
7355,40.45801,-3.70189,5,2.0,3.0,185.0,0.0,4,0.0,215,200,3476.0,60.621287,5.9,2.0,1,0,0,0,0,0,0,1,1,0,0,0,0,5,43.5,200.0
7356,40.41414,-3.70128,6,2.0,2.0,92.0,96.0,8,2.94,617,200,4503.0,68.043894,0.8,1.0,1,0,0,0,1,1,0,1,0,1,1,0,0,8,48.0,100.0
7357,40.41098,-3.72885,4,1.0,2.0,80.0,97.0,2,1.5,370,200,2287.0,47.008319,4.7,1.0,1,0,0,0,0,1,0,0,0,0,1,0,0,8,33.0,100.0
7358,40.42086,-3.70126,1,1.0,1.0,17.0,0.0,18,0.0,467,50,4503.0,68.043894,0.8,1.0,0,0,0,0,0,1,0,0,1,0,1,0,0,7,10.5,50.0
7359,40.41625,-3.69927,4,1.0,2.0,42.0,93.0,18,3.07,470,200,4503.0,68.043894,0.8,1.0,1,0,0,0,0,1,0,1,1,0,1,0,0,6,33.0,50.0
7360,40.43798,-3.67537,2,1.0,1.0,39.0,91.0,1,0.25,173,50,5328.0,74.694253,2.2,1.0,0,0,0,0,0,0,1,0,0,0,0,0,0,4,18.0,50.0
7361,40.4194,-3.71833,6,2.0,3.0,81.0,90.0,67,1.84,351,200,4503.0,68.043894,0.8,2.0,1,0,0,0,0,1,0,1,1,0,1,0,0,7,51.0,100.0
7362,40.40501,-3.7062,6,2.0,3.0,100.0,97.0,5,1.31,199,200,3917.0,55.025641,1.9,2.0,1,0,0,0,0,1,1,1,1,0,0,0,0,9,51.0,100.0
7363,40.40836,-3.68665,6,3.0,5.0,150.0,95.0,67,1.31,245,200,4220.0,63.672727,3.2,2.0,1,0,0,0,0,1,0,1,1,0,1,0,0,7,51.0,150.0
7364,40.38591,-3.72703,1,1.0,1.0,20.0,98.0,1,0.53,417,50,2195.0,47.402837,6.6,1.0,0,0,0,0,0,1,0,0,0,1,1,0,0,8,10.5,50.0
7365,40.42213,-3.71096,2,0.0,1.0,45.0,98.0,2,5.39,401,200,4503.0,68.043894,0.8,1.0,1,0,0,0,0,1,0,1,1,0,1,0,0,7,18.0,50.0
7366,40.4112,-3.70631,4,1.0,2.0,82.0,94.0,1,2.58,440,200,4503.0,68.043894,0.8,1.0,1,0,0,0,0,1,0,1,0,0,1,0,0,8,33.0,100.0
7367,40.46307,-3.63032,1,1.0,1.0,22.0,96.0,1,0.96,284,50,3312.0,62.061453,9.2,1.0,0,0,0,0,0,1,0,1,1,0,1,0,0,8,10.5,50.0
7368,40.4375,-3.6747,5,2.0,3.0,126.0,96.0,1,1.33,379,200,5328.0,74.694253,2.2,2.0,1,0,0,0,0,1,0,1,1,0,1,0,0,4,43.5,150.0
7369,40.42805,-3.70733,2,1.0,1.0,33.0,95.0,2,0.75,445,50,4503.0,68.043894,0.8,1.0,0,0,0,0,0,1,0,0,0,0,1,0,0,9,18.0,50.0
7370,40.40804,-3.70898,1,1.0,1.0,34.0,95.0,1,1.34,316,50,4503.0,68.043894,0.8,1.0,0,0,0,0,0,1,0,0,1,0,1,0,0,6,10.5,50.0
7371,40.41058,-3.70772,4,1.0,1.0,66.0,90.0,7,0.31,130,200,4503.0,68.043894,0.8,1.0,1,0,0,0,0,1,0,1,1,0,0,0,0,8,33.0,100.0
7372,40.41709,-3.70217,3,1.0,2.0,35.0,98.0,3,1.0,255,200,4503.0,68.043894,0.8,1.0,1,0,0,0,0,1,0,1,0,0,1,0,0,4,25.5,50.0
7373,40.41547,-3.70424,8,4.0,7.0,244.0,99.0,1,2.74,457,200,4503.0,68.043894,0.8,3.0,1,0,0,0,0,1,0,1,1,1,1,0,1,4,69.0,200.0
7374,40.41512,-3.70154,6,2.0,2.0,121.0,90.0,25,3.16,442,200,4503.0,68.043894,0.8,2.0,1,0,0,1,0,1,0,1,0,0,0,0,0,6,51.0,150.0
7375,40.41322,-3.69679,3,1.0,2.0,131.0,91.0,1,0.23,466,200,4503.0,68.043894,0.8,1.0,1,0,0,0,0,1,0,1,1,1,1,0,0,6,25.5,150.0
7376,40.39293,-3.76188,2,1.0,1.0,20.0,98.0,1,0.31,136,50,2287.0,47.008319,4.7,1.0,0,0,0,0,0,0,0,0,1,0,1,0,0,4,18.0,50.0
7377,40.41018,-3.70438,3,1.0,1.0,56.0,99.0,1,5.38,265,200,4503.0,68.043894,0.8,1.0,1,0,0,0,0,1,0,1,0,0,0,0,0,4,25.5,100.0
7378,40.41247,-3.70705,1,1.0,1.0,20.0,87.0,12,0.36,118,50,4503.0,68.043894,0.8,2.0,0,0,0,0,0,1,0,0,0,0,1,0,0,4,13.5,50.0
7380,40.42637,-3.70511,3,0.0,1.0,40.0,83.0,1,0.39,284,200,4503.0,68.043894,0.8,1.0,1,0,0,0,0,1,0,1,0,0,0,0,0,6,25.5,50.0
7381,40.42118,-3.70051,8,2.0,1.0,199.0,0.0,4,0.0,246,200,4503.0,68.043894,0.8,2.0,1,0,0,0,0,1,0,1,1,0,1,0,0,5,66.0,200.0
7382,40.4168,-3.70893,3,1.0,2.0,30.0,86.0,10,2.23,363,50,4503.0,68.043894,0.8,1.0,1,0,0,0,0,1,0,1,1,0,0,0,0,7,25.5,50.0
7383,40.50852,-3.69524,2,1.0,2.0,66.0,100.0,1,0.06,387,50,3545.0,57.198083,16.4,1.0,1,0,0,0,0,1,1,0,1,0,1,0,1,5,18.0,100.0
7384,40.41733,-3.67383,6,2.0,2.0,125.0,99.0,3,3.14,498,200,4220.0,63.672727,3.2,2.0,1,0,0,0,0,1,0,1,1,1,1,0,0,0,51.0,150.0
7385,40.41723,-3.67375,4,1.0,1.0,140.0,99.0,3,3.26,524,200,4220.0,63.672727,3.2,1.5,1,0,0,0,0,1,0,1,1,0,1,0,0,0,34.5,150.0
7386,40.47504,-3.7074,2,1.0,1.0,37.0,96.0,2,2.17,363,50,3545.0,57.198083,16.4,1.0,0,0,0,0,0,1,0,0,1,0,1,0,0,4,18.0,50.0
7388,40.41248,-3.70689,1,1.0,1.0,20.0,88.0,12,0.62,107,50,4503.0,68.043894,0.8,2.0,0,0,0,0,0,1,0,0,1,0,0,0,0,4,13.5,50.0
7389,40.41284,-3.70727,2,1.0,1.0,20.0,90.0,12,0.53,119,50,4503.0,68.043894,0.8,2.0,0,0,0,0,0,1,0,0,1,0,1,0,0,4,21.0,50.0
7390,40.429,-3.71978,2,1.0,2.0,65.0,97.0,1,0.2,400,200,3555.0,63.451906,5.9,1.0,1,0,0,0,0,1,0,0,0,0,1,0,0,4,18.0,100.0
7391,40.38459,-3.71418,1,1.0,1.0,25.0,100.0,2,0.12,229,50,2316.0,43.910072,4.6,1.0,0,0,0,0,0,1,0,1,1,0,0,0,0,9,10.5,50.0
7392,40.41501,-3.70025,4,0.0,2.0,73.0,93.0,3,0.17,476,200,4503.0,68.043894,0.8,1.0,1,0,0,0,0,1,0,1,1,1,1,0,0,4,33.0,100.0
7393,40.41865,-3.70963,2,1.0,2.0,24.0,82.0,10,1.26,299,50,4503.0,68.043894,0.8,2.0,0,0,0,0,0,1,0,1,0,0,0,0,0,7,21.0,50.0
7394,40.42028,-3.70507,4,2.0,3.0,99.0,97.0,4,1.39,555,200,4503.0,68.043894,0.8,1.0,1,0,0,0,0,1,0,1,1,1,1,0,0,5,33.0,100.0
7395,40.37751,-3.74555,2,1.0,1.0,30.0,95.0,7,0.36,401,50,2195.0,47.402837,6.6,1.0,1,0,0,0,0,1,0,0,0,1,1,0,0,4,18.0,50.0
7396,40.39618,-3.72024,3,2.0,3.0,45.0,0.0,1,0.0,214,200,2195.0,47.402837,6.6,1.0,1,0,0,0,0,1,0,1,1,0,1,0,0,4,25.5,50.0
7397,40.42854,-3.71639,1,3.0,1.0,91.0,92.0,2,0.34,768,50,3555.0,63.451906,5.9,1.5,0,0,0,0,0,1,0,0,1,1,1,0,0,5,12.0,100.0
7398,40.42527,-3.70728,4,1.0,2.0,175.0,98.0,62,0.24,452,200,4503.0,68.043894,0.8,2.0,1,0,0,1,0,1,0,1,1,1,1,0,0,5,36.0,200.0
7399,40.34683,-3.6779,2,1.0,2.0,55.0,100.0,2,0.03,402,200,1696.0,37.641618,9.0,1.0,1,0,0,0,0,1,1,1,1,0,1,0,0,5,18.0,100.0
7400,40.41661,-3.71,3,1.0,2.0,28.0,88.0,10,3.16,362,50,4503.0,68.043894,0.8,2.5,0,0,0,0,0,1,0,1,1,0,0,0,0,7,30.0,50.0
7401,40.43518,-3.67106,4,3.0,3.0,100.0,0.0,1,0.0,305,200,5328.0,74.694253,2.2,2.0,1,0,0,0,0,1,0,1,1,0,1,0,0,7,36.0,100.0
7403,40.42009,-3.70408,2,1.0,1.0,25.0,88.0,12,0.56,130,50,4503.0,68.043894,0.8,2.0,0,0,0,0,0,1,0,0,1,0,1,0,0,4,21.0,50.0
7406,40.42458,-3.70445,3,2.0,4.0,83.0,97.0,5,0.36,296,200,4503.0,68.043894,0.8,1.0,1,0,0,0,0,1,0,1,0,0,1,0,0,10,25.5,100.0
7407,40.37692,-3.74674,1,1.0,1.0,19.0,96.0,7,0.14,336,50,2195.0,47.402837,6.6,1.0,0,0,0,0,0,1,0,0,0,0,1,0,0,4,10.5,50.0
7408,40.45718,-3.67896,4,1.0,3.0,101.0,100.0,2,0.13,512,200,4508.0,67.220486,5.8,1.0,1,0,0,0,0,1,0,1,0,0,1,0,0,8,33.0,150.0
7409,40.40947,-3.69489,4,1.0,1.0,35.0,86.0,1,3.21,305,200,4503.0,68.043894,0.8,1.0,1,0,0,0,0,1,0,1,0,0,0,0,0,4,33.0,50.0
7410,40.42366,-3.66378,6,2.0,2.0,124.0,60.0,72,0.09,268,200,5328.0,74.694253,2.2,1.0,1,0,0,0,0,1,0,1,0,0,1,0,0,6,48.0,150.0
7411,40.37309,-3.61971,2,1.0,1.0,24.0,94.0,3,2.07,405,50,2382.0,49.659794,11.0,1.5,1,0,0,0,0,1,0,1,1,0,1,0,0,4,19.5,50.0
7412,40.42624,-3.67594,2,1.0,1.0,118.0,20.0,3,0.03,675,50,5328.0,74.694253,2.2,1.0,1,0,0,0,0,1,0,1,1,1,1,0,0,7,18.0,150.0
7415,40.41596,-3.70788,4,1.0,2.0,75.0,98.0,1,3.7,449,200,4503.0,68.043894,0.8,1.0,1,0,0,0,0,1,0,1,0,1,1,0,0,7,33.0,100.0
7417,40.41665,-3.70998,3,1.0,3.0,27.0,86.0,10,2.13,337,50,4503.0,68.043894,0.8,2.0,0,0,0,0,0,1,0,1,1,0,0,0,0,7,28.5,50.0
7418,40.39638,-3.66373,2,1.0,1.0,30.0,100.0,1,0.08,292,50,1890.0,41.443535,5.0,1.0,0,0,0,0,0,1,0,0,1,0,1,0,0,8,18.0,50.0
7419,40.4246,-3.7089,4,2.0,4.0,250.0,0.0,1,0.0,307,200,4503.0,68.043894,0.8,1.5,1,0,0,0,0,1,0,1,1,0,1,0,0,5,34.5,200.0
7420,40.39372,-3.70943,2,1.0,2.0,31.0,100.0,1,0.2,405,50,2195.0,47.402837,6.6,1.0,0,0,0,0,0,1,0,0,1,0,0,0,0,4,18.0,50.0
7421,40.40021,-3.69312,4,1.0,2.0,51.0,98.0,1,2.74,515,200,3917.0,55.025641,1.9,1.0,1,0,0,0,0,1,0,1,1,0,1,0,0,4,33.0,100.0
7422,40.38985,-3.70166,2,1.0,1.0,26.0,98.0,1,1.36,666,50,2316.0,43.910072,4.6,1.0,0,0,0,0,0,1,0,1,1,0,1,1,0,4,18.0,50.0
7423,40.37106,-3.61964,2,1.0,1.0,24.0,96.0,3,1.17,345,50,2382.0,49.659794,11.0,1.5,0,0,0,0,0,1,0,1,1,0,1,0,0,4,19.5,50.0
7424,40.37972,-3.69495,1,1.0,1.0,250.0,97.0,1,0.23,259,50,2316.0,43.910072,4.6,1.0,0,0,0,0,0,1,0,1,1,1,1,0,0,4,10.5,200.0
7425,40.38149,-3.63288,3,1.0,1.0,60.0,95.0,1,1.22,442,200,1890.0,41.443535,5.0,1.0,1,0,0,0,0,1,1,1,1,1,1,0,0,6,25.5,100.0
7426,40.43535,-3.68257,2,0.0,1.0,95.0,100.0,1,0.25,369,200,5328.0,74.694253,2.2,1.0,1,0,0,0,0,1,0,1,1,1,1,0,0,7,18.0,100.0
7427,40.42144,-3.69789,2,1.0,1.0,70.0,97.0,67,2.9,418,200,4503.0,68.043894,0.8,1.0,1,0,0,0,0,1,0,1,0,1,1,0,0,7,18.0,100.0
7428,40.44273,-3.69612,1,1.0,1.0,32.0,95.0,3,0.57,237,50,4855.0,64.056634,2.4,2.0,0,0,0,0,0,1,0,0,1,0,1,0,0,10,13.5,50.0
7429,40.44243,-3.69759,1,1.0,1.0,30.0,95.0,3,0.95,451,50,4855.0,64.056634,2.4,2.0,0,0,0,0,0,1,0,0,1,1,1,0,0,10,13.5,50.0
7430,40.40127,-3.68888,3,1.0,1.0,49.0,89.0,1,2.07,415,200,3917.0,55.025641,1.9,1.0,1,0,0,1,0,1,0,1,0,0,1,0,0,4,25.5,50.0
7431,40.42024,-3.70895,4,1.0,2.0,45.0,83.0,1,2.71,484,200,4503.0,68.043894,0.8,1.0,1,0,0,0,0,1,0,1,1,1,1,0,1,7,33.0,50.0
7432,40.40815,-3.73593,2,1.0,2.0,26.0,96.0,1,0.56,360,50,2287.0,47.008319,4.7,1.0,0,0,0,0,0,1,0,0,0,1,1,0,1,4,18.0,50.0
7433,40.41747,-3.70723,4,1.0,1.0,55.0,95.0,1,0.48,293,200,4503.0,68.043894,0.8,1.0,1,0,0,0,0,1,0,0,0,0,1,0,0,4,33.0,100.0
7434,40.41324,-3.70829,3,1.0,2.0,65.0,96.0,1,2.03,352,200,4503.0,68.043894,0.8,1.0,1,0,0,0,0,1,0,0,1,1,0,0,0,4,25.5,100.0
7435,40.41545,-3.7003,5,2.0,4.0,69.0,100.0,5,0.2,448,200,4503.0,68.043894,0.8,2.0,1,0,0,0,0,1,0,1,1,0,0,0,0,5,43.5,100.0
7436,40.41257,-3.69779,5,2.0,4.0,137.0,99.0,1,2.05,257,200,4503.0,68.043894,0.8,2.0,1,0,0,0,0,1,0,1,0,0,0,0,0,4,43.5,150.0
7437,40.41179,-3.70408,5,4.0,5.0,99.0,0.0,5,0.0,297,200,4503.0,68.043894,0.8,1.5,1,1,1,1,1,1,0,0,0,0,1,0,0,4,42.0,100.0
7438,40.42926,-3.71827,1,1.0,1.0,28.0,89.0,6,0.51,168,50,3555.0,63.451906,5.9,1.5,1,0,0,0,0,1,0,0,0,0,1,0,0,5,12.0,50.0
7439,40.39443,-3.72306,2,1.0,1.0,20.0,89.0,1,0.98,577,50,2195.0,47.402837,6.6,1.0,0,0,0,0,0,1,0,0,0,1,1,1,1,5,18.0,50.0
7440,40.40575,-3.6943,4,2.0,3.0,61.0,96.0,1,1.93,355,200,3917.0,55.025641,1.9,1.0,1,0,0,0,0,1,0,1,1,0,1,0,0,4,33.0,100.0
7441,40.43374,-3.71407,2,1.0,1.0,33.0,92.0,3,1.09,450,50,4855.0,64.056634,2.4,2.0,0,0,0,0,0,1,0,0,1,1,1,0,0,10,21.0,50.0
7442,40.42015,-3.70566,2,1.0,1.0,95.0,0.0,1,0.0,190,200,4503.0,68.043894,0.8,1.0,1,0,0,0,0,1,0,1,1,0,0,0,0,4,18.0,100.0
7443,40.44734,-3.698,2,1.0,1.0,25.0,100.0,1,0.14,91,50,3476.0,60.621287,5.9,1.0,0,0,0,0,0,1,0,0,1,0,0,0,0,4,18.0,50.0
7444,40.39535,-3.69785,3,1.0,2.0,37.0,100.0,2,0.15,463,50,3917.0,55.025641,1.9,1.0,0,0,0,0,0,1,0,1,0,0,1,0,0,5,25.5,50.0
7445,40.42318,-3.69687,1,1.0,1.0,25.0,96.0,1,1.15,452,50,4503.0,68.043894,0.8,1.0,0,0,0,0,0,1,0,1,0,0,1,0,0,8,10.5,50.0
7446,40.38883,-3.70286,1,1.0,1.0,17.0,0.0,1,0.0,224,50,2316.0,43.910072,4.6,1.0,0,0,0,0,0,1,0,1,0,0,1,0,0,4,10.5,50.0
7447,40.45393,-3.65835,2,1.0,1.0,36.0,87.0,2,0.19,281,200,2893.0,50.090625,6.5,1.5,1,1,1,1,1,1,1,1,1,1,1,1,1,7,19.5,50.0
7448,40.3938,-3.69639,4,2.0,3.0,63.0,98.0,3,3.38,582,200,3917.0,55.025641,1.9,1.0,1,0,0,0,0,1,0,1,1,0,1,0,1,5,33.0,100.0
7449,40.4088,-3.70356,1,1.0,1.0,30.0,91.0,2,2.13,348,50,4503.0,68.043894,0.8,1.5,0,0,0,0,0,1,0,0,0,0,1,0,0,7,12.0,50.0
7450,40.40815,-3.70195,1,1.0,1.0,26.0,92.0,2,0.64,203,50,4503.0,68.043894,0.8,1.0,0,0,0,0,0,1,0,0,0,1,0,0,0,7,10.5,50.0
7451,40.41123,-3.70569,2,1.0,1.0,95.0,100.0,3,0.1,201,50,4503.0,68.043894,0.8,0.0,0,0,0,0,0,1,0,0,0,0,0,0,0,6,15.0,100.0
7452,40.44947,-3.7162,6,3.0,5.0,143.0,95.0,1,0.95,264,200,3555.0,63.451906,5.9,2.0,1,0,0,0,0,1,0,1,1,0,0,0,0,4,51.0,150.0
7453,40.41378,-3.71177,2,1.0,1.0,35.0,97.0,2,3.46,384,50,4503.0,68.043894,0.8,1.0,0,0,0,0,0,1,0,0,0,1,1,0,0,4,18.0,50.0
7454,40.43083,-3.69765,6,2.0,4.0,131.0,99.0,1,0.81,786,200,4855.0,64.056634,2.4,2.0,1,0,0,0,0,1,0,1,1,0,1,1,0,8,51.0,150.0
7455,40.41416,-3.70428,1,1.0,1.0,19.0,95.0,1,1.27,303,50,4503.0,68.043894,0.8,1.0,0,0,0,0,0,1,0,0,0,0,1,0,0,6,10.5,50.0
7456,40.40975,-3.70786,2,1.0,1.0,20.0,95.0,1,0.58,657,50,4503.0,68.043894,0.8,1.0,0,0,0,0,0,1,0,0,1,0,0,0,0,4,18.0,50.0
7457,40.45871,-3.6947,2,1.0,1.0,69.0,93.0,1,0.2,456,200,3476.0,60.621287,5.9,1.0,1,0,0,0,0,1,1,1,1,0,1,0,0,10,18.0,100.0
7458,40.4161,-3.69615,2,0.0,1.0,63.0,93.0,1,0.43,265,200,4503.0,68.043894,0.8,1.0,1,0,0,0,0,0,0,1,1,0,0,0,0,9,18.0,100.0
7459,40.41904,-3.70137,2,1.0,1.0,69.0,95.0,2,2.28,507,200,4503.0,68.043894,0.8,1.0,1,0,0,0,0,1,0,1,0,0,1,0,1,6,18.0,100.0
7460,40.42424,-3.70166,1,1.0,1.0,39.0,98.0,1,0.31,364,50,4503.0,68.043894,0.8,1.0,1,0,0,0,0,1,0,0,1,1,1,0,0,4,10.5,50.0
7461,40.43375,-3.7149,1,1.0,1.0,35.0,94.0,19,0.47,420,50,4855.0,64.056634,2.4,5.0,1,1,1,1,1,1,1,1,1,1,1,1,1,6,22.5,50.0
7462,40.40973,-3.70636,6,2.0,4.0,50.0,100.0,3,3.94,570,200,4503.0,68.043894,0.8,1.0,1,0,0,0,0,1,0,1,1,1,1,0,0,5,48.0,50.0
7463,40.38256,-3.66667,2,0.0,2.0,25.0,96.0,1,0.62,284,200,1890.0,41.443535,5.0,1.0,1,0,0,0,0,0,0,1,1,0,1,0,0,6,18.0,50.0
7464,40.36838,-3.69648,1,1.0,1.0,38.0,83.0,2,0.28,261,50,2316.0,43.910072,4.6,1.0,0,0,0,0,0,1,0,1,1,0,1,0,0,4,10.5,50.0
7465,40.40382,-3.67448,5,2.0,3.0,70.0,93.0,1,0.18,590,200,4220.0,63.672727,3.2,1.0,1,0,0,0,0,1,0,1,1,1,1,0,0,7,40.5,100.0
7466,40.41143,-3.73822,1,1.0,2.0,28.0,100.0,1,0.22,545,50,3555.0,63.451906,5.9,1.0,0,0,0,0,0,1,0,1,0,1,1,0,0,4,10.5,50.0
7467,40.42064,-3.68913,9,3.0,3.0,233.0,97.0,8,1.6,390,200,5328.0,74.694253,2.2,2.5,1,0,0,0,0,1,0,1,1,0,1,0,0,5,75.0,200.0
7468,40.3942,-3.72038,5,3.0,5.0,100.0,94.0,1,1.17,449,200,2195.0,47.402837,6.6,1.0,1,0,0,0,0,1,0,0,0,1,0,0,0,6,40.5,100.0
7469,40.39008,-3.70108,2,1.0,1.0,26.0,96.0,4,0.26,136,50,2316.0,43.910072,4.6,1.0,0,0,0,0,0,0,0,0,1,0,1,0,0,5,18.0,50.0
7470,40.42396,-3.70408,4,2.0,2.0,60.0,88.0,2,1.48,285,200,4503.0,68.043894,0.8,1.0,1,0,0,0,0,1,0,1,1,0,1,0,0,4,33.0,100.0
7471,40.42263,-3.70054,3,1.0,1.0,87.0,97.0,1,2.69,298,200,4503.0,68.043894,0.8,1.0,1,0,0,0,0,1,0,1,1,0,0,0,0,4,25.5,100.0
7472,40.43379,-3.71484,1,1.0,1.0,39.0,0.0,19,0.0,285,50,4855.0,64.056634,2.4,8.0,0,0,0,0,0,1,0,1,1,0,0,0,0,6,31.5,50.0
7473,40.44526,-3.69725,6,3.0,5.0,179.0,94.0,16,0.53,424,200,4855.0,64.056634,2.4,2.0,1,0,0,0,0,1,0,1,1,0,1,0,0,6,51.0,200.0
7474,40.43539,-3.71673,1,0.0,1.0,38.0,0.0,19,0.0,361,50,4855.0,64.056634,2.4,8.0,0,0,0,0,0,1,0,1,1,1,1,0,0,6,31.5,50.0
7475,40.43554,-3.71705,1,1.0,1.0,39.0,100.0,19,0.09,273,50,4855.0,64.056634,2.4,8.0,0,0,0,0,0,1,0,1,1,0,1,0,0,6,31.5,50.0
7476,40.4094,-3.71214,2,0.0,1.0,37.0,96.0,2,5.17,389,200,4503.0,68.043894,0.8,1.0,1,0,0,0,0,1,0,1,1,0,1,0,0,7,18.0,50.0
7477,40.43348,-3.71675,1,1.0,1.0,39.0,0.0,19,0.0,308,50,4855.0,64.056634,2.4,8.0,0,0,0,0,0,1,0,1,1,0,1,0,0,6,31.5,50.0
7478,40.48095,-3.63578,2,1.0,1.0,500.0,100.0,2,0.06,283,50,3312.0,62.061453,9.2,1.0,0,0,0,0,0,1,0,1,0,0,1,0,0,10,18.0,200.0
7479,40.41297,-3.70059,4,1.0,2.0,65.0,99.0,2,3.36,452,200,4503.0,68.043894,0.8,1.0,1,0,0,0,0,1,0,1,0,0,1,0,0,5,33.0,100.0
7480,40.41338,-3.69761,6,3.0,4.0,397.0,0.0,2,0.0,266,200,4503.0,68.043894,0.8,2.0,1,0,0,0,0,1,0,1,1,1,0,0,0,5,51.0,200.0
7481,40.44736,-3.67593,4,2.0,2.0,89.0,98.0,1,0.37,587,200,4508.0,67.220486,5.8,2.0,1,0,0,0,0,1,0,1,1,0,1,0,1,7,36.0,100.0
7482,40.42356,-3.65269,2,1.0,1.0,20.0,96.0,2,1.82,205,50,2893.0,50.090625,6.5,1.0,0,0,0,0,0,1,0,0,0,0,1,0,0,9,18.0,50.0
7483,40.42457,-3.66837,4,1.0,2.0,96.0,87.0,24,0.62,178,200,5328.0,74.694253,2.2,1.0,1,0,0,0,0,1,0,1,0,0,0,0,0,5,33.0,100.0
7484,40.4182,-3.71016,2,1.0,2.0,16.0,80.0,10,0.87,342,50,4503.0,68.043894,0.8,2.0,0,0,0,0,0,1,0,0,1,0,0,0,0,7,21.0,50.0
7485,40.4308,-3.71046,7,4.0,6.0,170.0,96.0,2,2.56,402,200,4855.0,64.056634,2.4,2.5,1,0,0,0,0,1,0,1,1,0,1,0,0,6,60.0,200.0
7486,40.44523,-3.69938,2,1.0,1.0,78.0,94.0,1,0.46,431,200,4855.0,64.056634,2.4,1.0,1,0,0,0,0,1,0,1,0,0,1,0,0,9,18.0,100.0
7487,40.41468,-3.70068,6,0.0,3.0,828.0,90.0,2,0.68,404,200,4503.0,68.043894,0.8,1.0,1,0,0,0,0,1,0,1,1,0,0,0,0,5,48.0,200.0
7488,40.40549,-3.75199,2,1.0,2.0,24.0,0.0,1,0.0,274,50,2287.0,47.008319,4.7,2.0,0,0,0,0,0,1,0,0,1,0,1,0,0,8,21.0,50.0
7489,40.39507,-3.69344,1,1.0,1.0,28.0,100.0,1,0.15,402,50,3917.0,55.025641,1.9,1.0,1,1,1,1,1,1,1,1,1,1,1,1,1,11,10.5,50.0
7490,40.42453,-3.69891,4,2.0,2.0,500.0,83.0,1,0.17,373,200,4503.0,68.043894,0.8,1.5,1,0,0,1,0,1,0,1,1,0,1,0,0,4,34.5,200.0
7491,40.45867,-3.69536,2,1.0,1.0,41.0,0.0,1,0.0,198,50,3476.0,60.621287,5.9,2.0,0,0,0,0,0,1,0,0,1,0,1,0,0,10,21.0,50.0
7492,40.4334,-3.71256,3,3.0,1.0,85.0,97.0,1,0.17,186,200,4855.0,64.056634,2.4,1.0,1,1,1,1,1,1,1,1,1,1,1,1,1,5,25.5,100.0
7493,40.42942,-3.71885,1,1.0,1.0,17.0,100.0,31,0.09,412,50,3555.0,63.451906,5.9,2.0,0,0,0,0,0,1,0,1,1,1,1,0,0,5,13.5,50.0
7494,40.42564,-3.62939,1,1.0,1.0,18.0,96.0,1,1.6,188,50,2893.0,50.090625,6.5,1.0,0,0,0,0,0,1,0,0,0,0,0,0,0,4,10.5,50.0
7495,40.39532,-3.74415,2,1.0,1.0,28.0,0.0,1,0.03,143,50,2287.0,47.008319,4.7,1.0,0,0,0,0,0,0,0,0,1,0,1,0,0,6,18.0,50.0
7496,40.4012,-3.64727,1,1.0,1.0,16.0,0.0,1,0.0,375,50,2547.0,45.581197,5.0,1.0,0,0,0,0,0,1,0,0,0,0,1,0,0,4,10.5,50.0
7497,40.41591,-3.67635,1,1.0,1.0,18.0,93.0,4,1.02,532,50,4220.0,63.672727,3.2,1.0,0,0,0,0,0,1,0,0,1,0,1,0,0,5,10.5,50.0
7498,40.40955,-3.6961,1,1.0,1.0,22.0,90.0,2,0.23,509,50,4503.0,68.043894,0.8,1.0,0,0,0,1,0,1,0,0,0,0,1,0,1,9,10.5,50.0
7499,40.43089,-3.70974,2,1.0,1.0,92.0,100.0,1,0.07,174,50,4855.0,64.056634,2.4,1.0,1,1,1,1,1,1,1,1,1,1,1,1,1,8,18.0,100.0
7500,40.41054,-3.6955,4,1.0,3.0,74.0,92.0,6,4.25,411,200,4503.0,68.043894,0.8,1.0,1,0,0,0,0,1,0,1,1,0,1,0,0,6,33.0,100.0
7504,40.39849,-3.6992,4,1.0,2.0,53.0,95.0,6,1.34,443,200,3917.0,55.025641,1.9,1.0,1,0,0,0,0,1,0,1,1,0,1,0,0,0,33.0,100.0
7505,40.42343,-3.69864,4,2.0,2.0,108.0,92.0,1,1.75,388,200,4503.0,68.043894,0.8,1.0,1,0,0,0,0,1,0,1,1,0,1,0,0,4,33.0,150.0
7506,40.4078,-3.70963,7,3.0,5.0,167.0,96.0,1,1.09,477,200,4503.0,68.043894,0.8,2.0,1,0,0,0,0,1,0,1,1,1,1,0,0,4,58.5,200.0
7507,40.42893,-3.68396,3,0.0,2.0,150.0,100.0,3,0.18,498,200,5328.0,74.694253,2.2,1.0,1,0,0,0,0,1,0,1,1,0,1,0,1,0,25.5,150.0
7508,40.41004,-3.70118,2,1.0,1.0,43.0,83.0,2,3.69,130,200,4503.0,68.043894,0.8,1.0,1,0,0,0,0,1,0,1,0,0,0,0,0,5,18.0,50.0
7509,40.39297,-3.70799,2,1.0,1.0,23.0,97.0,1,0.66,533,50,2195.0,47.402837,6.6,1.0,1,0,0,0,1,1,0,1,1,0,1,0,0,6,18.0,50.0
7510,40.41317,-3.72476,6,3.0,5.0,163.0,0.0,1,0.0,176,200,2287.0,47.008319,4.7,2.0,1,0,0,0,0,1,0,1,1,0,1,0,0,6,51.0,200.0
7511,40.40752,-3.72008,2,1.0,1.0,35.0,89.0,1,0.8,529,200,3917.0,55.025641,1.9,1.0,1,0,0,0,0,1,0,1,1,0,1,0,0,6,18.0,50.0
7512,40.41735,-3.70805,6,2.0,4.0,68.0,99.0,1,2.95,1070,200,4503.0,68.043894,0.8,1.0,1,0,0,0,1,0,0,0,1,1,0,1,1,4,48.0,100.0
7513,40.42147,-3.71813,3,1.0,2.0,85.0,99.0,1,1.32,570,200,3555.0,63.451906,5.9,1.0,1,0,0,0,0,1,0,1,1,0,1,0,1,4,25.5,100.0
7514,40.36814,-3.69477,1,1.0,1.0,38.0,80.0,2,0.1,262,50,2316.0,43.910072,4.6,1.0,0,0,0,0,0,1,1,1,1,0,1,0,0,4,10.5,50.0
7515,40.39154,-3.74245,2,1.0,1.0,21.0,99.0,2,0.44,388,50,2195.0,47.402837,6.6,1.0,0,0,0,0,0,1,0,0,0,0,1,0,0,6,18.0,50.0
7517,40.47742,-3.70314,1,1.0,1.0,21.0,96.0,1,0.48,284,50,3545.0,57.198083,16.4,1.0,0,0,0,0,0,1,0,0,1,1,1,0,0,6,10.5,50.0
7518,40.40812,-3.69973,4,2.0,2.0,194.0,100.0,48,0.03,156,200,4503.0,68.043894,0.8,1.0,1,0,0,0,0,1,0,1,0,0,0,0,0,5,33.0,200.0
7519,40.37819,-3.74443,2,1.0,1.0,25.0,100.0,7,0.09,345,50,2195.0,47.402837,6.6,1.5,0,0,0,0,0,1,0,0,0,0,1,0,0,4,19.5,50.0
7520,40.42186,-3.69792,6,2.0,5.0,142.0,94.0,1,1.78,483,200,4503.0,68.043894,0.8,2.0,1,0,0,0,0,1,0,1,0,1,1,0,0,0,51.0,150.0
7521,40.46761,-3.72094,1,1.0,1.0,13.0,100.0,2,0.22,162,50,3555.0,63.451906,5.9,1.0,0,0,0,0,0,1,0,0,1,0,1,0,0,8,10.5,50.0
7522,40.42643,-3.6321,1,1.0,1.0,20.0,100.0,1,0.03,233,50,2893.0,50.090625,6.5,1.0,0,1,1,1,1,1,0,1,1,0,0,0,0,5,10.5,50.0
7523,40.41059,-3.72679,2,1.0,1.0,26.0,0.0,1,0.0,198,50,2287.0,47.008319,4.7,1.0,0,0,0,0,0,1,0,0,0,0,1,0,0,5,18.0,50.0
7524,40.40911,-3.69279,8,3.0,4.0,197.0,99.0,3,2.9,339,200,4503.0,68.043894,0.8,2.0,1,0,0,0,0,1,0,1,0,0,0,0,0,5,66.0,200.0
7525,40.4478,-3.70384,4,0.0,2.0,68.0,95.0,1,2.53,514,200,3476.0,60.621287,5.9,1.5,1,0,0,0,0,1,0,1,1,1,1,0,1,8,34.5,100.0
7526,40.46832,-3.68837,3,1.0,3.0,67.0,88.0,2,0.14,345,200,4508.0,67.220486,5.8,1.0,1,0,0,0,0,1,0,1,1,0,1,0,0,4,25.5,100.0
7527,40.39287,-3.75833,2,1.0,1.0,60.0,98.0,1,0.57,337,50,2287.0,47.008319,4.7,1.0,1,0,0,0,1,1,0,1,1,0,1,0,0,7,18.0,100.0
7528,40.38497,-3.68699,4,1.0,4.0,36.0,93.0,9,3.64,531,200,3917.0,55.025641,1.9,1.0,1,0,0,0,0,1,0,1,1,0,1,0,0,5,33.0,50.0
7529,40.38545,-3.68701,4,1.0,3.0,32.0,93.0,9,5.27,531,200,3917.0,55.025641,1.9,1.0,1,0,0,0,0,1,0,1,1,0,1,0,0,5,33.0,50.0
7530,40.4149,-3.70631,8,3.0,4.0,197.0,99.0,3,2.45,307,200,4503.0,68.043894,0.8,1.0,1,0,0,0,0,1,0,1,0,0,0,0,0,5,63.0,200.0
7531,40.41221,-3.70705,6,3.0,4.0,140.0,97.0,2,2.38,458,200,4503.0,68.043894,0.8,1.5,1,0,0,0,0,1,0,1,1,1,1,0,0,10,49.5,150.0
7532,40.41022,-3.65048,1,1.0,1.0,22.0,98.0,1,2.29,107,50,2547.0,45.581197,5.0,1.0,0,0,0,0,0,1,0,0,1,0,1,0,0,0,10.5,50.0
7533,40.45351,-3.70076,7,3.0,7.0,181.0,93.0,31,0.2,728,200,3476.0,60.621287,5.9,1.5,1,0,0,0,0,1,0,1,0,1,1,0,0,8,57.0,200.0
7534,40.44954,-3.70869,3,3.0,4.0,146.0,87.0,31,0.12,677,200,3476.0,60.621287,5.9,2.0,1,0,0,0,0,1,0,1,0,1,1,0,0,8,28.5,150.0
7535,40.37417,-3.62595,2,1.0,1.0,25.0,100.0,1,0.06,184,50,2382.0,49.659794,11.0,1.0,1,0,0,0,0,1,0,0,1,0,1,0,0,5,18.0,50.0
7536,40.41988,-3.69908,6,3.0,3.0,207.0,94.0,113,0.72,417,200,4503.0,68.043894,0.8,2.0,1,0,0,0,0,1,0,1,1,0,1,0,1,7,51.0,200.0
7537,40.4003,-3.69969,4,2.0,2.0,390.0,0.0,1,0.0,204,50,3917.0,55.025641,1.9,2.0,1,0,0,1,0,1,0,0,1,0,1,0,0,10,36.0,200.0
7538,40.42139,-3.71031,6,3.0,3.0,250.0,95.0,3,3.41,460,200,4503.0,68.043894,0.8,2.0,1,0,0,0,0,1,0,1,1,1,1,0,0,5,51.0,200.0
7539,40.42774,-3.65855,2,1.0,1.0,20.0,100.0,1,0.14,159,50,2893.0,50.090625,6.5,1.0,0,0,0,0,0,1,0,0,1,0,1,0,0,6,18.0,50.0
7540,40.41905,-3.70094,2,0.0,1.0,55.0,93.0,20,3.35,349,200,4503.0,68.043894,0.8,1.0,1,0,0,0,0,1,0,1,0,0,1,0,0,9,18.0,100.0
7541,40.43658,-3.66731,4,1.0,1.0,61.0,96.0,3,2.82,567,200,5328.0,74.694253,2.2,1.0,1,0,0,0,0,1,0,1,1,1,1,0,0,5,33.0,100.0
7542,40.4135,-3.70298,5,2.0,4.0,95.0,90.0,18,0.8,444,200,4503.0,68.043894,0.8,1.0,1,0,0,0,0,1,0,1,1,0,1,0,0,4,40.5,100.0
7543,40.4149,-3.70154,2,1.0,1.0,75.0,76.0,1,0.15,476,200,4503.0,68.043894,0.8,1.0,1,1,1,1,1,1,1,1,1,1,1,1,1,0,18.0,100.0
7544,40.42503,-3.70722,6,3.0,4.0,207.0,100.0,8,1.32,548,200,4503.0,68.043894,0.8,2.0,1,0,0,0,0,1,0,1,0,1,1,1,0,8,51.0,200.0
7545,40.4181,-3.7097,2,0.0,2.0,42.0,96.0,1,3.27,406,200,4503.0,68.043894,0.8,1.0,1,0,0,0,0,1,0,1,0,0,1,0,0,4,18.0,50.0
7546,40.43143,-3.65086,1,1.0,1.0,19.0,98.0,1,0.27,312,50,2893.0,50.090625,6.5,1.0,0,0,0,0,0,1,0,1,0,0,1,0,0,6,10.5,50.0
7547,40.41041,-3.73613,2,1.0,1.0,25.0,100.0,1,0.23,102,50,2287.0,47.008319,4.7,1.0,1,0,0,0,0,1,0,0,0,0,0,0,1,6,18.0,50.0
7548,40.42088,-3.69652,4,1.0,1.0,55.0,94.0,1,2.29,435,200,4503.0,68.043894,0.8,1.0,1,0,0,0,0,1,0,1,0,1,1,0,0,4,33.0,100.0
7549,40.38005,-3.70681,2,1.0,1.0,52.0,0.0,1,0.0,162,50,2316.0,43.910072,4.6,1.0,0,0,0,0,0,1,0,0,0,0,1,0,0,4,18.0,100.0
7550,40.39555,-3.75936,1,1.0,1.0,18.0,100.0,1,0.07,343,50,2287.0,47.008319,4.7,1.0,0,0,0,0,0,1,0,0,1,1,0,0,0,4,10.5,50.0
7551,40.42592,-3.7081,4,1.0,1.0,56.0,95.0,1,5.35,693,200,4503.0,68.043894,0.8,1.0,1,0,0,1,0,1,0,1,1,0,1,0,0,4,33.0,100.0
7552,40.38888,-3.66882,1,1.0,1.0,23.0,0.0,1,0.03,190,50,1890.0,41.443535,5.0,1.0,0,0,0,0,0,1,0,0,1,0,1,0,0,5,10.5,50.0
7553,40.42156,-3.68008,3,1.0,2.0,143.0,98.0,1,1.14,519,200,4220.0,63.672727,3.2,2.0,1,0,0,0,0,1,0,1,1,0,1,0,0,4,28.5,150.0
7554,40.42335,-3.61946,2,1.0,1.0,18.0,87.0,4,0.4,349,50,2477.0,70.967532,7.3,1.0,0,0,0,0,0,1,0,1,0,0,1,0,0,7,18.0,50.0
7555,40.42931,-3.67658,1,1.0,2.0,35.0,100.0,7,0.03,204,50,5328.0,74.694253,2.2,2.0,0,0,0,0,0,1,0,0,1,0,1,0,0,6,13.5,50.0
7556,40.43208,-3.6744,4,2.0,3.0,140.0,0.0,1,0.0,419,200,5328.0,74.694253,2.2,2.5,1,0,0,0,0,1,0,1,1,1,1,0,0,4,37.5,150.0
7557,40.42061,-3.70824,4,1.0,2.0,185.0,100.0,62,0.39,418,200,4503.0,68.043894,0.8,2.0,1,0,0,1,0,1,0,1,1,0,1,0,0,5,36.0,200.0
7558,40.39195,-3.69619,4,2.0,2.0,74.0,93.0,1,1.29,390,200,3917.0,55.025641,1.9,1.0,1,0,0,0,0,1,0,1,1,0,1,0,0,4,33.0,100.0
7559,40.41954,-3.70364,9,6.0,6.0,247.0,84.0,1,0.6,455,200,4503.0,68.043894,0.8,2.0,1,0,0,0,0,1,0,0,1,0,1,0,0,4,73.5,200.0
7560,40.43262,-3.65749,2,1.0,1.0,60.0,0.0,1,0.0,326,200,2893.0,50.090625,6.5,1.0,1,0,0,0,0,0,0,1,1,0,1,0,0,6,18.0,100.0
7561,40.45805,-3.69779,2,1.0,1.0,63.0,92.0,4,0.41,291,50,3476.0,60.621287,5.9,1.0,0,0,0,0,0,1,0,0,0,0,0,0,0,10,18.0,100.0
7562,40.45508,-3.71297,6,3.0,3.0,100.0,0.0,1,0.0,279,200,3555.0,63.451906,5.9,1.5,1,0,0,0,0,1,1,0,1,0,1,0,0,7,49.5,100.0
7563,40.42114,-3.69787,3,1.0,2.0,58.0,80.0,1,0.34,456,200,4503.0,68.043894,0.8,1.0,1,0,0,0,0,1,0,1,1,0,1,0,0,4,25.5,100.0
7565,40.41973,-3.69781,2,0.0,1.0,45.0,90.0,2,0.77,365,200,4503.0,68.043894,0.8,1.0,1,0,0,0,0,1,0,1,0,0,1,0,0,4,18.0,50.0
7566,40.3894,-3.69235,4,1.0,2.0,115.0,96.0,1,2.94,449,200,3917.0,55.025641,1.9,1.0,1,0,0,0,0,1,0,1,1,1,1,0,0,5,33.0,150.0
7567,40.41607,-3.69969,2,1.0,1.0,42.0,0.0,48,0.0,92,200,4503.0,68.043894,0.8,1.0,1,0,0,0,0,1,0,0,0,0,0,0,0,5,18.0,50.0
7568,40.4054,-3.70533,2,1.0,1.0,25.0,90.0,1,0.06,132,200,3917.0,55.025641,1.9,1.0,1,0,0,0,0,1,0,0,1,0,0,0,0,6,18.0,50.0
7569,40.40658,-3.70257,2,1.0,1.0,62.0,100.0,1,0.2,400,200,4503.0,68.043894,0.8,1.0,1,0,0,0,0,1,0,1,1,0,1,0,0,8,18.0,100.0
7570,40.42017,-3.70223,6,2.0,3.0,73.0,94.0,18,1.46,500,200,4503.0,68.043894,0.8,1.0,1,0,0,0,0,1,0,1,1,0,1,0,0,9,48.0,100.0
7571,40.45048,-3.70557,2,1.0,1.0,41.0,93.0,1,1.53,395,200,3476.0,60.621287,5.9,1.0,1,0,0,0,0,1,0,1,0,1,1,0,0,9,18.0,50.0
7572,40.4135,-3.70298,5,2.0,4.0,68.0,90.0,18,1.55,421,200,4503.0,68.043894,0.8,1.0,1,0,0,0,0,1,0,1,1,0,0,0,0,4,40.5,100.0
7573,40.43352,-3.69134,1,1.0,1.0,66.0,87.0,22,0.09,411,200,4855.0,64.056634,2.4,1.0,1,0,0,0,0,1,0,1,1,0,0,0,0,6,10.5,100.0
7574,40.42868,-3.71791,4,2.0,3.0,99.0,96.0,7,0.15,324,200,3555.0,63.451906,5.9,2.0,1,0,0,0,0,1,0,1,1,0,0,0,0,6,36.0,100.0
7575,40.42653,-3.71042,2,1.0,1.0,41.0,94.0,1,0.82,361,200,4503.0,68.043894,0.8,1.5,1,0,0,0,0,1,0,1,0,0,1,0,0,5,19.5,50.0
7576,40.43892,-3.69762,2,0.0,1.0,65.0,95.0,2,0.12,154,200,4855.0,64.056634,2.4,1.0,1,0,0,0,0,1,0,1,0,0,1,0,0,8,18.0,100.0
7577,40.4254,-3.69988,2,1.0,1.0,55.0,97.0,1,3.22,493,50,4503.0,68.043894,0.8,1.0,0,0,0,0,0,1,0,1,0,1,1,0,0,10,18.0,100.0
7578,40.41996,-3.70165,2,1.0,2.0,74.0,99.0,3,3.16,276,200,4503.0,68.043894,0.8,1.0,1,0,0,0,0,1,0,1,1,0,0,0,0,4,18.0,100.0
7579,40.39626,-3.6638,2,1.0,2.0,18.0,100.0,1,0.03,135,50,1890.0,41.443535,5.0,1.0,0,0,0,0,0,1,0,0,1,0,0,0,0,4,18.0,50.0
7580,40.46097,-3.69624,2,1.0,1.0,29.0,96.0,3,0.94,445,50,3476.0,60.621287,5.9,1.0,0,0,0,0,0,1,0,1,1,0,1,0,0,4,18.0,50.0
7581,40.42192,-3.70263,3,1.0,1.0,117.0,100.0,3,0.29,478,200,4503.0,68.043894,0.8,1.0,1,0,0,0,0,1,0,1,1,1,0,0,1,4,25.5,150.0
7582,40.41263,-3.70609,2,1.0,1.0,20.0,81.0,25,0.45,130,50,4503.0,68.043894,0.8,2.0,0,0,0,0,0,1,0,0,1,0,1,0,0,4,21.0,50.0
7583,40.42216,-3.70238,2,1.0,1.0,94.0,100.0,3,0.26,431,200,4503.0,68.043894,0.8,1.0,1,0,0,0,0,1,0,1,1,0,1,0,0,4,18.0,100.0
7585,40.4541,-3.70976,10,1.0,1.0,750.0,0.0,1,0.03,212,200,3476.0,60.621287,5.9,3.0,1,0,0,0,0,1,0,1,0,0,1,0,0,7,84.0,200.0
7587,40.42005,-3.70227,3,1.0,2.0,117.0,100.0,3,0.2,480,200,4503.0,68.043894,0.8,1.0,1,0,0,0,0,1,0,1,1,1,1,0,0,4,25.5,150.0
7589,40.44757,-3.70099,2,1.0,1.0,44.0,99.0,2,1.26,625,50,3476.0,60.621287,5.9,1.0,0,0,0,0,0,1,0,1,0,1,1,0,0,6,18.0,50.0
7590,40.43063,-3.64789,2,1.0,1.0,35.0,87.0,1,0.09,266,50,2893.0,50.090625,6.5,1.0,0,0,0,0,0,1,0,0,0,1,1,0,0,4,18.0,50.0
7591,40.41254,-3.7054,1,1.0,1.0,20.0,90.0,25,0.42,130,50,4503.0,68.043894,0.8,1.0,0,0,0,0,0,1,0,0,1,0,1,0,0,4,10.5,50.0
7592,40.40859,-3.71218,7,2.0,3.0,139.0,70.0,2,0.06,160,200,4503.0,68.043894,0.8,1.0,1,0,0,0,0,1,0,1,0,0,0,0,0,4,55.5,150.0
7593,40.39182,-3.71708,5,2.0,6.0,175.0,94.0,31,0.38,893,200,2195.0,47.402837,6.6,2.0,1,0,0,0,0,1,1,1,1,1,1,0,1,8,43.5,200.0
7594,40.34368,-3.68405,1,1.0,1.0,19.0,95.0,2,0.69,364,50,1696.0,37.641618,9.0,1.0,0,0,0,0,0,1,0,0,1,0,1,0,0,6,10.5,50.0
7596,40.34326,-3.6875,1,1.0,1.0,19.0,100.0,2,0.23,288,50,1696.0,37.641618,9.0,1.0,0,0,0,0,0,1,0,0,1,0,1,0,0,6,10.5,50.0
7597,40.40893,-3.71133,2,1.0,1.0,49.0,100.0,1,0.12,343,50,4503.0,68.043894,0.8,1.0,0,0,0,0,0,1,0,0,0,0,1,0,0,7,18.0,50.0
7599,40.42849,-3.71684,1,1.0,1.0,35.0,99.0,1,1.21,296,50,3555.0,63.451906,5.9,0.0,0,0,0,0,0,1,0,1,1,0,0,0,0,4,7.5,50.0
7603,40.44478,-3.67243,2,0.0,2.0,65.0,0.0,12,0.0,568,200,4508.0,67.220486,5.8,1.0,1,0,0,0,0,1,0,1,1,1,1,0,0,5,18.0,100.0
7604,40.41041,-3.71203,7,0.0,4.0,175.0,88.0,1,0.31,109,200,4503.0,68.043894,0.8,1.0,1,0,0,0,0,1,0,0,0,0,0,0,0,4,55.5,200.0
7605,40.42622,-3.63564,5,2.0,3.0,160.0,100.0,1,0.04,193,200,2893.0,50.090625,6.5,1.0,1,0,0,0,0,1,0,1,0,0,1,0,0,5,40.5,200.0
7606,40.38655,-3.74674,4,2.0,2.0,75.0,97.0,1,0.8,451,200,2195.0,47.402837,6.6,1.0,1,0,0,0,0,1,0,0,0,0,1,0,0,6,33.0,100.0
7607,40.41783,-3.6775,3,1.0,1.0,75.0,0.0,3,0.0,310,200,4220.0,63.672727,3.2,1.0,1,0,0,0,0,1,0,1,1,0,0,0,0,7,25.5,100.0
7608,40.41818,-3.7103,2,1.0,2.0,26.0,87.0,10,1.88,380,50,4503.0,68.043894,0.8,2.0,0,0,0,0,0,1,0,1,1,0,0,0,0,7,21.0,50.0
7609,40.44017,-3.67927,6,0.0,1.0,250.0,0.0,1,0.0,153,200,4508.0,67.220486,5.8,2.0,1,0,0,0,0,1,0,1,1,0,1,0,0,5,51.0,200.0
7610,40.4468,-3.70349,1,1.0,1.0,25.0,0.0,1,0.0,137,50,4855.0,64.056634,2.4,1.0,0,0,0,0,0,1,0,1,0,0,0,0,0,8,10.5,50.0
7611,40.43415,-3.71805,2,0.0,1.0,80.0,100.0,1,0.06,357,50,3555.0,63.451906,5.9,1.0,1,0,0,0,0,0,0,1,0,0,0,0,1,5,18.0,100.0
7612,40.40474,-3.69061,15,2.0,7.0,101.0,97.0,2,3.68,392,200,3917.0,55.025641,1.9,2.0,1,0,0,0,0,1,0,1,1,0,1,0,0,9,118.5,150.0
7613,40.42351,-3.69877,4,1.0,3.0,80.0,0.0,2,0.0,297,200,4503.0,68.043894,0.8,1.5,1,0,0,0,0,1,0,0,0,0,1,0,0,5,34.5,100.0
7614,40.42892,-3.67524,4,2.0,3.0,85.0,92.0,1,1.1,454,200,5328.0,74.694253,2.2,1.0,1,0,0,0,0,1,0,1,1,1,1,0,0,4,33.0,100.0
7615,40.44495,-3.70262,4,1.0,4.0,97.0,97.0,5,0.55,264,200,4855.0,64.056634,2.4,1.0,1,0,0,0,0,0,0,1,1,0,0,0,0,6,33.0,100.0
7616,40.42821,-3.70697,4,2.0,3.0,71.0,0.0,2,0.0,446,200,4503.0,68.043894,0.8,2.0,1,0,0,0,0,1,0,1,0,0,1,0,0,10,36.0,100.0
7617,40.42651,-3.69777,2,3.0,1.0,100.0,0.0,1,0.0,286,50,4503.0,68.043894,0.8,1.0,0,0,0,0,0,1,0,0,1,0,1,0,0,7,18.0,100.0
7618,40.45476,-3.69296,4,1.0,1.0,70.0,99.0,1,1.12,535,200,3476.0,60.621287,5.9,1.0,1,0,0,0,0,1,0,1,1,0,1,0,0,4,33.0,100.0
7619,40.41232,-3.70074,10,4.0,6.0,325.0,97.0,1,1.17,338,200,4503.0,68.043894,0.8,5.0,1,0,0,0,0,1,0,1,0,0,0,0,0,4,90.0,200.0
7620,40.42105,-3.70247,3,0.0,2.0,129.0,98.0,4,4.31,284,200,4503.0,68.043894,0.8,1.0,1,0,0,0,0,1,0,1,1,0,0,0,0,4,25.5,150.0
7621,40.42746,-3.67307,4,2.0,2.0,160.0,92.0,1,1.65,513,200,5328.0,74.694253,2.2,2.0,1,0,0,0,0,1,0,1,1,0,1,0,1,4,36.0,200.0
7622,40.42145,-3.67994,2,1.0,4.0,40.0,0.0,1,0.0,577,50,4220.0,63.672727,3.2,1.0,1,0,0,0,0,1,0,1,1,0,1,0,0,6,18.0,50.0
7623,40.42044,-3.70317,2,1.0,1.0,50.0,97.0,1,0.87,289,50,4503.0,68.043894,0.8,1.0,0,0,0,0,0,1,0,0,1,1,1,0,0,4,18.0,50.0
7624,40.43743,-3.70201,2,1.0,1.0,44.0,0.0,1,0.0,141,50,4855.0,64.056634,2.4,1.0,1,0,0,0,0,1,0,0,1,0,1,0,0,8,18.0,50.0
7625,40.43312,-3.69964,4,2.0,3.0,43.0,97.0,1,1.76,290,200,4855.0,64.056634,2.4,1.0,1,0,0,0,0,1,0,1,1,0,0,0,0,4,33.0,50.0
7626,40.4434,-3.70141,1,1.0,1.0,39.0,95.0,1,1.37,314,50,4855.0,64.056634,2.4,1.0,0,0,0,0,0,1,0,1,1,0,1,0,0,8,10.5,50.0
7627,40.37701,-3.74474,1,1.0,1.0,15.0,96.0,7,0.31,349,50,2195.0,47.402837,6.6,1.5,0,0,0,0,0,1,0,0,0,0,1,0,0,4,12.0,50.0
7628,40.42261,-3.6977,3,1.0,2.0,35.0,100.0,1,0.06,221,50,4503.0,68.043894,0.8,1.0,0,0,0,0,0,1,0,0,1,0,1,0,0,4,25.5,50.0
7629,40.42606,-3.73227,6,3.0,3.0,200.0,0.0,2,0.05,129,200,3555.0,63.451906,5.9,2.0,1,0,0,0,0,1,0,0,1,0,0,0,0,8,51.0,200.0
7632,40.40916,-3.703,1,1.0,1.0,35.0,100.0,1,0.06,192,200,4503.0,68.043894,0.8,1.0,1,0,0,0,0,1,0,1,0,0,1,0,0,7,10.5,50.0
7633,40.45816,-3.68113,6,2.0,4.0,99.0,97.0,1,1.49,368,200,4508.0,67.220486,5.8,2.0,1,0,0,0,0,1,0,0,1,0,1,0,0,5,51.0,100.0
7634,40.42776,-3.69936,6,3.0,4.0,129.0,100.0,1,0.3,462,200,4503.0,68.043894,0.8,3.0,1,0,0,0,0,1,0,1,1,1,1,0,0,7,54.0,150.0
7635,40.41577,-3.70425,1,1.0,1.0,19.0,93.0,2,0.09,188,50,4503.0,68.043894,0.8,1.5,0,0,0,0,0,1,0,1,1,0,1,0,0,8,12.0,50.0
7636,40.41165,-3.70733,4,1.0,2.0,62.0,92.0,3,3.85,369,200,4503.0,68.043894,0.8,1.0,1,0,0,0,0,1,0,1,1,0,1,0,0,4,33.0,100.0
7637,40.41153,-3.70767,6,2.0,3.0,76.0,94.0,3,4.17,479,200,4503.0,68.043894,0.8,1.0,1,0,0,0,0,1,0,1,1,0,1,0,0,4,48.0,100.0
7638,40.40019,-3.6962,8,2.0,5.0,106.0,92.0,2,0.18,257,200,3917.0,55.025641,1.9,2.0,1,0,0,0,0,1,0,1,1,0,1,0,0,6,66.0,150.0
7641,40.41336,-3.70883,2,0.0,1.0,115.0,89.0,24,0.41,243,200,4503.0,68.043894,0.8,1.0,1,0,0,0,0,1,0,1,0,0,0,0,0,5,18.0,150.0
7642,40.40825,-3.7126,3,2.0,2.0,32.0,90.0,6,2.46,338,200,4503.0,68.043894,0.8,1.0,1,0,0,0,0,1,0,1,0,0,0,0,0,10,25.5,50.0
7643,40.426,-3.66875,1,1.0,1.0,16.0,96.0,1,0.66,367,50,5328.0,74.694253,2.2,1.0,0,0,0,0,0,1,0,1,1,0,1,0,0,8,10.5,50.0
7644,40.44022,-3.65148,1,1.0,1.0,25.0,100.0,1,0.92,188,50,2893.0,50.090625,6.5,1.0,0,0,0,1,0,1,0,1,1,0,1,0,0,4,10.5,50.0
7645,40.38102,-3.62677,5,3.0,3.0,373.0,97.0,1,2.96,490,200,2382.0,49.659794,11.0,2.5,1,0,0,0,0,1,0,1,1,0,1,0,0,7,45.0,200.0
7646,40.41045,-3.70453,2,1.0,1.0,53.0,100.0,1,0.06,300,50,4503.0,68.043894,0.8,1.0,1,0,0,0,0,1,0,1,0,0,1,0,0,5,18.0,100.0
7647,40.44716,-3.67302,2,1.0,1.0,65.0,100.0,1,0.12,268,200,4508.0,67.220486,5.8,1.0,1,0,0,0,0,1,0,1,1,0,1,0,0,6,18.0,100.0
7648,40.41974,-3.70285,2,0.0,1.0,49.0,94.0,3,3.13,377,200,4503.0,68.043894,0.8,1.0,1,0,0,0,0,1,0,1,1,1,1,0,0,8,18.0,50.0
7649,40.41188,-3.70557,4,1.0,2.0,76.0,93.0,18,1.04,418,200,4503.0,68.043894,0.8,1.5,1,0,0,0,0,1,0,1,0,0,0,0,0,4,34.5,100.0
7650,40.41503,-3.7061,4,1.0,1.0,58.0,88.0,18,0.24,411,200,4503.0,68.043894,0.8,1.0,1,0,0,0,0,1,0,1,0,0,1,0,0,4,33.0,100.0
7651,40.42215,-3.70757,7,3.0,4.0,127.0,94.0,66,7.31,416,200,4503.0,68.043894,0.8,2.0,1,0,0,0,0,1,0,0,0,0,1,0,0,6,58.5,150.0
7652,40.42282,-3.70077,3,1.0,2.0,116.0,100.0,1,2.46,562,200,4503.0,68.043894,0.8,1.5,1,0,0,0,0,1,0,1,0,1,1,1,0,4,27.0,150.0
7653,40.43494,-3.67761,2,0.0,1.0,60.0,20.0,1,0.06,186,200,5328.0,74.694253,2.2,1.0,1,0,0,1,0,1,0,1,1,0,1,0,0,0,18.0,100.0
7654,40.4078,-3.68386,4,1.0,3.0,66.0,97.0,1,2.4,840,200,4220.0,63.672727,3.2,1.0,1,0,0,0,1,1,0,1,0,1,1,0,0,8,33.0,100.0
7655,40.39663,-3.69483,2,1.0,1.0,16.0,80.0,1,0.06,82,50,3917.0,55.025641,1.9,1.0,0,0,0,0,0,1,0,0,1,0,0,0,0,8,18.0,50.0
7656,40.42849,-3.70101,4,1.0,1.0,250.0,0.0,1,0.03,286,200,4503.0,68.043894,0.8,1.0,1,0,0,0,0,0,0,1,1,0,1,0,0,7,33.0,200.0
7657,40.42545,-3.66642,1,1.0,1.0,30.0,0.0,1,0.0,213,50,5328.0,74.694253,2.2,1.0,0,0,0,0,0,1,0,0,1,0,1,0,0,6,10.5,50.0
7658,40.46699,-3.7001,2,1.0,1.0,48.0,70.0,1,0.06,265,200,3476.0,60.621287,5.9,1.0,1,0,0,0,0,1,0,1,0,0,0,0,0,7,18.0,50.0
7659,40.41654,-3.70643,4,2.0,2.0,87.0,0.0,1,0.0,228,200,4503.0,68.043894,0.8,1.0,1,0,0,0,0,1,0,1,1,0,1,0,0,6,33.0,100.0
7660,40.40446,-3.67723,4,1.0,2.0,50.0,96.0,1,2.48,388,200,4220.0,63.672727,3.2,1.0,1,0,0,0,0,1,0,1,1,0,1,0,0,4,33.0,50.0
7662,40.40995,-3.70109,2,1.0,1.0,45.0,98.0,1,3.03,416,200,4503.0,68.043894,0.8,1.5,1,0,0,0,0,1,0,0,0,0,1,0,0,5,19.5,50.0
7663,40.43112,-3.67166,1,1.0,1.0,14.0,0.0,2,0.0,197,50,5328.0,74.694253,2.2,2.0,0,0,0,0,0,1,0,0,1,0,1,0,0,8,13.5,50.0
7664,40.442,-3.69607,1,1.0,1.0,46.0,90.0,1,0.19,198,50,4855.0,64.056634,2.4,1.0,1,0,0,0,0,1,0,0,1,0,1,0,0,4,10.5,50.0
7665,40.39667,-3.73502,2,1.0,1.0,46.0,100.0,1,0.37,268,200,2195.0,47.402837,6.6,1.0,1,0,0,0,0,1,0,0,1,0,1,0,0,0,18.0,50.0
7666,40.42929,-3.70354,2,1.0,1.0,53.0,80.0,3,0.03,126,50,4855.0,64.056634,2.4,1.0,0,0,0,0,0,1,0,1,0,0,1,0,0,11,18.0,100.0
7667,40.42006,-3.70346,4,1.0,1.0,79.0,96.0,67,1.15,346,200,4503.0,68.043894,0.8,1.0,1,0,0,0,0,1,0,1,0,0,1,0,0,7,33.0,100.0
7668,40.39372,-3.661,1,1.0,1.0,13.0,90.0,2,0.07,323,50,1890.0,41.443535,5.0,1.0,0,0,0,0,0,1,1,0,0,0,0,0,0,4,10.5,50.0
7669,40.42416,-3.69644,4,1.0,1.0,78.0,98.0,3,3.31,282,200,4503.0,68.043894,0.8,1.0,1,0,0,0,1,1,0,1,0,0,0,0,0,9,33.0,100.0
7670,40.44701,-3.64362,4,1.0,2.0,66.0,90.0,11,0.07,335,200,2477.0,70.967532,7.3,1.0,1,0,0,0,0,1,0,1,1,0,1,0,0,5,33.0,100.0
7671,40.42349,-3.70267,2,1.0,1.0,120.0,100.0,1,0.66,302,200,4503.0,68.043894,0.8,1.0,1,0,0,0,0,1,0,1,1,0,1,0,0,4,18.0,150.0
7672,40.41493,-3.70685,8,3.0,4.0,400.0,99.0,1,0.44,467,200,4503.0,68.043894,0.8,1.5,1,0,0,0,0,1,0,1,1,0,1,0,0,7,64.5,200.0
7673,40.40671,-3.7095,4,2.0,3.0,130.0,95.0,1,0.24,454,200,4503.0,68.043894,0.8,1.0,1,0,0,0,0,1,0,1,1,1,1,0,0,10,33.0,150.0
7674,40.39877,-3.71715,5,2.0,2.0,67.0,89.0,1,0.53,297,200,2195.0,47.402837,6.6,1.0,1,0,0,0,0,1,0,1,1,0,1,0,0,6,40.5,100.0
7675,40.38938,-3.69263,3,1.0,2.0,27.0,99.0,1,2.19,698,50,3917.0,55.025641,1.9,1.0,1,0,0,0,0,1,1,1,1,0,1,0,0,7,25.5,50.0
7676,40.4326,-3.70159,2,1.0,1.0,40.0,0.0,1,0.0,168,50,4855.0,64.056634,2.4,1.0,1,0,0,0,0,1,0,0,1,0,1,0,0,5,18.0,50.0
7677,40.42597,-3.69743,4,0.0,2.0,73.0,95.0,1,2.5,450,200,4503.0,68.043894,0.8,1.0,1,0,0,0,0,1,0,1,1,0,1,0,0,7,33.0,100.0
7678,40.41303,-3.70956,5,2.0,5.0,145.0,93.0,1,0.23,261,200,4503.0,68.043894,0.8,1.0,1,0,0,0,0,1,0,1,1,0,1,0,0,9,40.5,150.0
7679,40.39269,-3.66176,1,1.0,1.0,30.0,82.0,2,0.5,404,50,1890.0,41.443535,5.0,1.0,0,0,0,0,0,1,0,0,0,1,1,0,0,5,10.5,50.0
7680,40.42078,-3.70386,4,1.0,1.0,99.0,95.0,2,1.28,474,200,4503.0,68.043894,0.8,1.0,1,0,0,0,0,1,0,1,0,1,1,0,0,6,33.0,100.0
7681,40.40924,-3.71035,6,4.0,1.0,200.0,0.0,1,0.0,190,200,4503.0,68.043894,0.8,1.5,1,0,0,0,0,1,0,1,0,0,1,0,0,7,49.5,200.0
7682,40.40331,-3.69321,2,0.0,1.0,40.0,100.0,3,0.06,107,50,3917.0,55.025641,1.9,1.5,0,0,0,0,0,1,0,0,0,0,1,0,0,7,19.5,50.0
7683,40.41127,-3.70331,4,2.0,3.0,80.0,93.0,1,0.36,453,200,4503.0,68.043894,0.8,2.0,1,0,0,0,0,1,0,1,1,1,1,0,1,4,36.0,100.0
7684,40.40334,-3.69542,1,1.0,1.0,35.0,100.0,3,0.06,177,50,3917.0,55.025641,1.9,1.5,0,0,0,0,0,1,0,0,1,0,1,0,0,7,12.0,50.0
7685,40.45148,-3.64354,2,1.0,1.0,260.0,100.0,3,0.1,797,50,3312.0,62.061453,9.2,1.5,1,0,0,0,0,1,1,1,1,1,1,0,0,7,19.5,200.0
7686,40.39565,-3.62264,1,1.0,1.0,18.0,0.0,1,0.0,463,50,2246.0,55.472222,11.2,2.0,0,0,0,0,0,1,0,0,1,0,1,0,1,7,13.5,50.0
7687,40.41601,-3.70348,2,1.0,1.0,44.0,97.0,2,2.73,382,50,4503.0,68.043894,0.8,1.0,1,0,0,0,0,1,0,1,0,0,1,0,0,5,18.0,50.0
7688,40.40613,-3.69294,2,1.0,2.0,44.0,84.0,1,0.44,362,50,3917.0,55.025641,1.9,1.0,0,0,0,0,0,1,1,1,0,0,1,0,0,4,18.0,50.0
7689,40.39816,-3.76117,2,1.0,1.0,18.0,98.0,1,0.29,138,50,2287.0,47.008319,4.7,1.0,0,0,0,0,0,1,0,0,1,0,1,0,0,5,18.0,50.0
7690,40.40888,-3.70628,4,1.0,3.0,107.0,97.0,3,0.42,339,200,4503.0,68.043894,0.8,1.0,1,0,0,0,0,1,0,1,0,0,0,0,0,4,33.0,150.0
7691,40.41365,-3.70516,4,1.0,1.0,78.0,97.0,1,0.79,297,200,4503.0,68.043894,0.8,1.5,1,0,0,0,0,1,0,0,1,0,1,0,0,10,34.5,100.0
7692,40.40208,-3.67698,4,2.0,2.0,61.0,93.0,2,1.97,376,200,4220.0,63.672727,3.2,1.0,1,0,0,0,0,1,0,1,1,0,1,0,0,0,33.0,100.0
7693,40.42298,-3.70154,2,1.0,1.0,82.0,95.0,59,3.77,439,200,4503.0,68.043894,0.8,1.0,1,0,0,0,0,1,0,1,1,1,1,0,0,7,18.0,100.0
7694,40.41694,-3.71047,2,1.0,1.0,42.0,94.0,7,2.87,311,200,4503.0,68.043894,0.8,1.0,1,0,0,0,0,1,0,1,0,0,1,0,0,5,18.0,50.0
7695,40.41401,-3.69486,3,1.0,1.0,60.0,90.0,1,1.39,387,200,4503.0,68.043894,0.8,1.0,1,0,0,0,0,1,0,1,0,0,1,0,0,4,25.5,100.0
7696,40.41092,-3.70777,3,1.0,2.0,30.0,85.0,2,0.97,455,200,4503.0,68.043894,0.8,1.5,1,0,0,0,0,1,0,0,0,0,1,0,0,4,27.0,50.0
7697,40.43779,-3.67452,3,2.0,2.0,91.0,90.0,1,0.12,355,200,5328.0,74.694253,2.2,2.0,1,0,0,0,0,0,0,1,1,0,1,0,0,7,28.5,100.0
7698,40.4148,-3.71255,1,1.0,2.0,17.0,0.0,4,0.0,470,50,4503.0,68.043894,0.8,1.0,1,0,0,0,0,1,0,1,1,1,0,0,1,5,10.5,50.0
7699,40.41429,-3.71086,2,1.0,1.0,32.0,0.0,4,0.0,460,50,4503.0,68.043894,0.8,1.0,1,0,0,0,0,1,0,1,1,0,0,0,1,5,18.0,50.0
7701,40.42159,-3.67874,1,1.0,1.0,25.0,100.0,1,0.06,532,50,4220.0,63.672727,3.2,1.0,0,0,0,0,0,1,0,1,1,0,1,0,0,4,10.5,50.0
7702,40.47901,-3.63135,2,1.0,1.0,40.0,97.0,1,3.0,588,50,3312.0,62.061453,9.2,1.0,1,0,0,0,0,1,1,0,1,0,1,0,0,6,18.0,50.0
7703,40.43771,-3.64373,1,1.0,1.0,12.0,99.0,2,0.57,379,50,2893.0,50.090625,6.5,1.0,0,0,0,0,0,1,0,0,0,0,0,0,0,5,10.5,50.0
7704,40.4381,-3.68813,2,0.0,1.0,64.0,92.0,16,1.65,211,200,4508.0,67.220486,5.8,1.0,1,0,0,0,0,0,0,1,1,0,0,0,0,6,18.0,100.0
7705,40.40818,-3.69806,2,1.0,1.0,82.0,94.0,2,3.04,192,200,4503.0,68.043894,0.8,1.0,1,0,0,0,0,1,0,1,0,0,0,0,0,6,18.0,100.0
7706,40.39025,-3.71505,6,2.0,5.0,148.0,80.0,31,0.15,879,200,2195.0,47.402837,6.6,2.0,1,0,0,0,0,1,1,1,1,1,1,0,1,8,51.0,150.0
7707,40.39178,-3.71546,4,1.0,2.0,122.0,100.0,31,0.16,761,200,2195.0,47.402837,6.6,1.0,1,0,0,0,0,1,1,1,1,0,1,0,1,8,33.0,150.0
7709,40.36093,-3.754,5,3.0,6.0,72.0,97.0,1,0.55,629,200,2195.0,47.402837,6.6,2.0,1,0,0,0,0,1,1,1,1,0,1,0,1,4,43.5,100.0
7710,40.45442,-3.70456,4,2.0,5.0,127.0,100.0,31,0.03,688,200,3476.0,60.621287,5.9,1.5,1,0,0,0,0,1,0,1,0,0,1,0,0,8,34.5,150.0
7711,40.40582,-3.67544,1,1.0,1.0,20.0,84.0,2,0.15,346,50,4220.0,63.672727,3.2,1.0,0,0,0,0,0,1,0,1,1,0,1,0,0,10,10.5,50.0
7712,40.42049,-3.70733,1,1.0,1.0,38.0,90.0,1,0.36,266,50,4503.0,68.043894,0.8,1.0,0,0,0,0,0,1,0,1,1,0,0,0,0,5,10.5,50.0
7713,40.40925,-3.72952,2,1.0,1.0,33.0,95.0,1,1.25,392,200,2287.0,47.008319,4.7,1.5,1,0,0,0,0,1,0,1,1,0,1,0,0,6,19.5,50.0
7714,40.4193,-3.71043,1,1.0,1.0,29.0,87.0,1,0.09,216,50,4503.0,68.043894,0.8,1.0,0,0,0,0,0,0,0,0,1,0,0,0,0,4,10.5,50.0
7715,40.37079,-3.76093,4,1.0,2.0,64.0,93.0,2,0.47,305,200,2195.0,47.402837,6.6,1.0,1,0,0,0,0,1,0,1,1,0,0,0,0,4,33.0,100.0
7716,40.40865,-3.69734,4,2.0,3.0,60.0,100.0,1,0.1,173,200,4503.0,68.043894,0.8,1.0,1,0,0,1,0,1,0,0,0,0,0,0,0,4,33.0,100.0
7717,40.41208,-3.70698,6,2.0,3.0,151.0,97.0,1,1.89,554,200,4503.0,68.043894,0.8,1.0,1,0,0,0,0,1,0,1,1,0,1,0,0,4,48.0,200.0
7718,40.40534,-3.68086,1,1.0,2.0,17.0,96.0,2,4.03,856,200,4220.0,63.672727,3.2,1.0,1,0,0,0,0,1,0,0,1,1,1,0,0,4,10.5,50.0
7719,40.41786,-3.7102,2,1.0,1.0,30.0,100.0,3,0.3,316,50,4503.0,68.043894,0.8,1.0,0,0,0,0,0,1,0,0,1,0,1,0,0,12,18.0,50.0
7720,40.41092,-3.70169,4,2.0,2.0,120.0,100.0,1,0.17,218,200,4503.0,68.043894,0.8,1.0,1,0,0,0,0,1,0,1,1,0,0,0,0,8,33.0,150.0
7721,40.40539,-3.69967,2,1.0,1.0,36.0,0.0,1,0.0,163,50,3917.0,55.025641,1.9,1.0,0,1,1,1,1,1,0,1,1,0,0,0,0,5,18.0,50.0
7722,40.43237,-3.66543,4,2.0,2.0,70.0,0.0,1,0.0,183,200,5328.0,74.694253,2.2,1.5,1,0,0,0,0,1,0,1,0,0,1,0,0,4,34.5,100.0
7723,40.41114,-3.71337,3,1.0,1.0,70.0,93.0,2,1.52,326,200,4503.0,68.043894,0.8,1.0,1,0,0,0,0,1,0,1,0,0,1,0,0,6,25.5,100.0
7724,40.47905,-3.70565,1,1.0,1.0,20.0,99.0,1,0.41,377,50,3545.0,57.198083,16.4,1.0,0,1,1,1,1,1,0,0,1,0,1,0,0,5,10.5,50.0
7725,40.47231,-3.64343,7,3.0,4.0,100.0,96.0,7,0.94,403,200,3312.0,62.061453,9.2,2.0,1,0,0,1,0,1,0,1,1,1,0,0,0,6,58.5,100.0
7726,40.45814,-3.67894,4,2.0,2.0,350.0,0.0,1,0.0,264,200,4508.0,67.220486,5.8,1.0,1,0,0,0,0,1,1,1,1,0,1,0,0,8,33.0,200.0
7727,40.42146,-3.69927,3,1.0,2.0,35.0,100.0,4,0.03,282,50,4503.0,68.043894,0.8,1.5,0,0,0,0,0,1,0,0,0,0,1,0,0,4,27.0,50.0
7728,40.39312,-3.69107,4,1.0,1.0,43.0,80.0,2,1.66,323,200,3917.0,55.025641,1.9,1.0,1,0,0,0,0,1,0,1,0,0,0,0,0,5,33.0,50.0
7729,40.41114,-3.70187,6,2.0,3.0,94.0,97.0,1,2.43,385,200,4503.0,68.043894,0.8,1.0,1,0,0,0,0,1,0,1,1,0,1,0,0,4,48.0,100.0
7730,40.42102,-3.66643,2,1.0,1.0,23.0,97.0,4,0.26,489,50,5328.0,74.694253,2.2,1.5,0,0,0,0,0,1,0,1,0,0,1,0,0,9,19.5,50.0
7732,40.38465,-3.64177,7,3.0,3.0,77.0,95.0,1,2.45,510,200,1890.0,41.443535,5.0,1.0,1,0,0,0,0,1,0,1,1,1,1,0,0,6,55.5,100.0
7733,40.42315,-3.67771,2,1.0,1.0,51.0,100.0,1,0.23,392,50,5328.0,74.694253,2.2,1.0,1,0,0,0,0,1,0,0,1,1,0,0,0,7,18.0,100.0
7734,40.43016,-3.69994,3,1.0,2.0,219.0,40.0,48,0.03,100,200,4855.0,64.056634,2.4,1.0,1,0,0,0,0,1,0,0,0,0,0,0,0,5,25.5,200.0
7735,40.39816,-3.69452,3,1.0,1.0,60.0,96.0,1,0.65,283,200,3917.0,55.025641,1.9,1.0,1,0,0,0,0,1,0,1,0,0,1,0,0,9,25.5,100.0
7736,40.44424,-3.70164,1,1.0,1.0,18.0,0.0,31,0.0,396,50,4855.0,64.056634,2.4,2.0,0,0,0,0,0,1,0,0,1,0,1,0,0,5,13.5,50.0
7737,40.44569,-3.70343,1,1.0,1.0,19.0,0.0,31,0.0,296,50,4855.0,64.056634,2.4,2.0,0,0,0,0,0,1,0,0,1,0,1,0,0,5,13.5,50.0
7738,40.41161,-3.69676,2,1.0,1.0,34.0,98.0,1,0.82,232,50,4503.0,68.043894,0.8,1.0,0,0,0,0,0,1,0,1,0,0,0,0,0,9,18.0,50.0
7739,40.42093,-3.70409,6,2.0,4.0,153.0,98.0,2,2.07,311,200,4503.0,68.043894,0.8,1.5,1,0,0,0,1,1,0,1,1,0,0,0,0,4,49.5,200.0
7740,40.42346,-3.70276,2,1.0,1.0,25.0,85.0,8,2.29,261,50,4503.0,68.043894,0.8,1.0,0,0,0,0,0,1,0,0,0,0,1,0,0,10,18.0,50.0
7741,40.40968,-3.71399,5,1.0,3.0,56.0,98.0,1,2.17,471,200,4503.0,68.043894,0.8,1.0,1,0,0,0,0,1,0,1,0,1,1,0,0,4,40.5,100.0
7742,40.4237,-3.69786,6,2.0,3.0,66.0,84.0,12,2.0,460,200,4503.0,68.043894,0.8,1.0,1,0,0,0,0,1,0,1,1,0,1,0,0,7,48.0,100.0
7743,40.41254,-3.71856,2,0.0,1.0,46.0,84.0,1,1.94,458,200,3917.0,55.025641,1.9,1.5,1,0,0,0,0,1,0,0,0,0,1,0,0,4,19.5,50.0
7744,40.42349,-3.66606,2,1.0,2.0,29.0,94.0,4,0.21,443,50,5328.0,74.694253,2.2,1.0,1,0,0,0,0,1,0,1,0,0,1,0,0,9,18.0,50.0
7745,40.40103,-3.70264,3,1.0,1.0,61.0,100.0,1,0.42,381,200,3917.0,55.025641,1.9,1.5,1,0,0,0,0,1,0,1,1,0,1,0,0,4,27.0,100.0
7746,40.41049,-3.72414,1,1.0,1.0,15.0,0.0,2,0.0,221,50,2287.0,47.008319,4.7,1.0,1,0,0,0,0,1,0,1,1,0,1,0,0,6,10.5,50.0
7747,40.47282,-3.69187,2,1.0,1.0,25.0,89.0,2,1.05,134,50,3476.0,60.621287,5.9,1.0,0,0,0,0,0,1,0,0,0,0,1,0,0,6,18.0,50.0
7748,40.41059,-3.70147,4,1.0,2.0,145.0,95.0,7,0.15,215,200,4503.0,68.043894,0.8,1.0,1,0,0,0,0,1,0,1,0,0,1,0,0,4,33.0,150.0
7749,40.40786,-3.70609,5,2.0,2.0,221.0,100.0,4,0.13,449,50,4503.0,68.043894,0.8,1.0,0,0,0,0,0,1,0,1,0,1,1,0,0,7,40.5,200.0
7750,40.40882,-3.69563,5,2.0,2.0,59.0,93.0,2,1.17,499,200,4503.0,68.043894,0.8,1.0,1,0,0,0,0,1,0,1,0,0,1,0,0,4,40.5,100.0
7751,40.3975,-3.66813,2,1.0,1.0,45.0,96.0,2,2.24,437,200,1890.0,41.443535,5.0,1.0,1,0,0,0,0,1,0,1,0,0,1,0,1,4,18.0,50.0
7752,40.45275,-3.70655,1,1.0,1.0,42.0,94.0,1,2.03,467,50,3476.0,60.621287,5.9,1.0,1,0,0,0,0,1,0,1,1,0,1,0,0,6,10.5,50.0
7753,40.42718,-3.70147,1,1.0,1.0,39.0,99.0,2,0.71,399,200,4503.0,68.043894,0.8,1.0,1,0,0,0,0,1,0,1,1,0,1,0,0,4,10.5,50.0
7754,40.41566,-3.70423,1,1.0,1.0,39.0,100.0,2,0.09,187,200,4503.0,68.043894,0.8,1.0,1,0,0,0,0,1,0,1,1,0,1,0,0,4,10.5,50.0
7755,40.40543,-3.65406,2,1.0,1.0,40.0,98.0,3,0.24,415,50,2547.0,45.581197,5.0,1.5,0,0,0,0,0,1,0,1,1,0,1,0,0,4,19.5,50.0
7756,40.4123,-3.70692,10,5.0,5.0,229.0,96.0,1,2.87,251,200,4503.0,68.043894,0.8,3.0,1,0,0,0,0,1,0,0,1,0,0,0,0,4,84.0,200.0
7757,40.38671,-3.75562,3,1.0,1.0,12.0,100.0,1,1.31,508,50,2287.0,47.008319,4.7,1.0,0,0,0,0,0,1,0,0,0,1,1,0,0,4,25.5,50.0
7758,40.39848,-3.69712,1,1.0,1.0,21.0,94.0,1,5.98,532,50,3917.0,55.025641,1.9,1.0,0,0,0,0,0,1,0,1,1,0,1,0,1,8,10.5,50.0
7759,40.41262,-3.67642,6,3.0,5.0,296.0,100.0,1,0.24,197,200,4220.0,63.672727,3.2,2.0,1,0,0,0,0,1,1,1,1,0,1,0,0,4,51.0,200.0
7760,40.43751,-3.71286,4,1.0,1.0,60.0,80.0,4,0.06,163,200,4855.0,64.056634,2.4,1.0,1,0,0,0,0,1,0,1,0,0,1,0,0,4,33.0,100.0
7761,40.42076,-3.70921,2,0.0,1.0,120.0,0.0,1,0.09,174,200,4503.0,68.043894,0.8,1.0,1,0,0,0,0,1,0,1,0,0,1,0,0,6,18.0,150.0
7762,40.42422,-3.70715,2,1.0,1.0,69.0,98.0,2,2.82,482,200,4503.0,68.043894,0.8,1.0,1,0,0,0,0,1,0,1,0,0,1,0,1,8,18.0,100.0
7763,40.40694,-3.65571,1,2.0,2.0,20.0,99.0,3,0.44,494,50,2547.0,45.581197,5.0,1.5,1,1,1,1,1,1,0,1,1,0,1,0,0,4,12.0,50.0
7764,40.40694,-3.70873,2,1.0,2.0,60.0,87.0,4,0.09,374,50,4503.0,68.043894,0.8,1.0,0,0,0,0,0,1,0,0,1,1,1,0,0,5,18.0,100.0
7765,40.41052,-3.70744,4,2.0,2.0,45.0,94.0,1,0.44,279,200,4503.0,68.043894,0.8,1.0,1,0,0,0,0,1,0,0,0,0,1,0,0,4,33.0,50.0
7767,40.41951,-3.69951,3,1.0,2.0,35.0,80.0,4,0.03,296,50,4503.0,68.043894,0.8,1.5,0,0,0,0,0,1,0,0,0,0,1,0,0,4,27.0,50.0
7768,40.42181,-3.70035,2,1.0,2.0,26.0,60.0,4,0.03,387,50,4503.0,68.043894,0.8,1.5,0,0,0,0,0,1,0,0,0,0,1,0,0,4,19.5,50.0
7769,40.40663,-3.73909,1,1.0,1.0,22.0,100.0,1,0.09,183,50,2287.0,47.008319,4.7,1.5,0,0,0,0,0,1,0,0,0,0,1,0,0,6,12.0,50.0
7770,40.42182,-3.70032,3,1.0,2.0,27.0,93.0,4,0.09,296,50,4503.0,68.043894,0.8,1.5,0,0,0,0,0,1,0,0,0,0,1,0,0,4,27.0,50.0
7771,40.45427,-3.7165,1,1.0,1.0,30.0,98.0,1,0.61,241,50,3555.0,63.451906,5.9,2.0,0,0,0,0,0,1,0,0,1,1,1,0,0,9,13.5,50.0
7772,40.42433,-3.699,4,2.0,3.0,151.0,99.0,113,0.82,192,200,4503.0,68.043894,0.8,2.0,1,0,0,0,0,1,0,1,0,0,0,0,0,7,36.0,200.0
7773,40.44319,-3.70093,4,2.0,3.0,80.0,100.0,1,0.06,271,200,4855.0,64.056634,2.4,1.5,1,0,0,0,0,1,0,1,1,0,1,0,0,4,34.5,100.0
7774,40.45751,-3.67477,7,4.0,4.0,300.0,100.0,4,0.06,216,200,4508.0,67.220486,5.8,2.0,1,0,0,0,0,1,0,1,1,0,1,0,0,4,58.5,200.0
7775,40.41708,-3.7097,4,1.0,4.0,30.0,84.0,10,0.15,308,50,4503.0,68.043894,0.8,2.0,0,0,0,0,0,1,0,1,1,0,0,0,0,7,36.0,50.0
7776,40.4479,-3.67077,2,1.0,1.0,25.0,83.0,1,0.2,427,50,4508.0,67.220486,5.8,1.0,0,0,0,0,0,1,0,0,1,0,1,0,0,5,18.0,50.0
7777,40.40975,-3.70359,2,1.0,1.0,150.0,0.0,1,0.0,109,50,4503.0,68.043894,0.8,1.0,0,0,0,0,0,1,0,0,0,0,0,0,0,5,18.0,150.0
7778,40.41596,-3.70852,4,1.0,2.0,50.0,88.0,5,0.24,407,200,4503.0,68.043894,0.8,2.0,1,0,0,0,0,1,0,0,1,0,1,0,0,10,36.0,50.0
7779,40.43254,-3.70281,3,1.0,2.0,73.0,96.0,1,0.8,617,200,4855.0,64.056634,2.4,1.0,1,0,0,0,0,1,0,1,1,0,1,0,1,4,25.5,100.0
7781,40.40571,-3.69432,4,2.0,2.0,69.0,86.0,1,1.47,231,200,3917.0,55.025641,1.9,1.0,1,0,0,0,0,1,0,0,1,0,1,0,0,6,33.0,100.0
7782,40.42132,-3.71064,1,1.0,1.0,65.0,97.0,2,1.03,348,50,4503.0,68.043894,0.8,2.0,0,0,0,0,0,1,0,0,0,0,1,0,0,4,13.5,100.0
7783,40.45047,-3.70769,2,1.0,1.0,25.0,94.0,1,0.34,556,50,3476.0,60.621287,5.9,1.5,0,0,0,0,0,1,0,1,0,0,1,0,0,7,19.5,50.0
7784,40.42182,-3.69944,3,1.0,3.0,110.0,100.0,1,0.09,485,200,4503.0,68.043894,0.8,1.0,1,0,0,0,0,1,0,1,1,0,1,0,0,0,25.5,150.0
7785,40.41092,-3.69726,3,1.0,2.0,1139.0,95.0,11,0.14,197,200,4503.0,68.043894,0.8,1.0,1,1,1,1,1,1,0,1,0,0,0,0,0,4,25.5,200.0
7786,40.40974,-3.69879,3,0.0,2.0,1139.0,75.0,11,0.12,225,200,4503.0,68.043894,0.8,1.0,1,0,0,0,0,1,0,1,0,0,0,0,0,4,25.5,200.0
7787,40.41291,-3.70936,4,2.0,2.0,70.0,99.0,1,0.57,435,200,4503.0,68.043894,0.8,2.0,1,0,0,0,0,1,0,0,0,1,1,0,0,9,36.0,100.0
7788,40.41111,-3.69927,3,0.0,2.0,1139.0,60.0,11,0.1,209,200,4503.0,68.043894,0.8,1.0,1,1,1,1,1,1,0,1,0,0,0,0,0,4,25.5,200.0
7789,40.40986,-3.69727,3,0.0,3.0,1139.0,60.0,11,0.06,232,200,4503.0,68.043894,0.8,1.0,1,1,1,1,1,1,0,1,0,0,1,0,0,4,25.5,200.0
7790,40.43595,-3.66932,4,1.0,2.0,52.0,94.0,3,2.81,429,200,5328.0,74.694253,2.2,1.0,1,0,0,0,0,1,0,1,1,0,1,0,0,5,33.0,100.0
7791,40.42493,-3.70411,3,2.0,2.0,111.0,88.0,1,1.21,361,200,4503.0,68.043894,0.8,1.0,1,0,0,0,0,1,0,1,1,0,1,0,0,4,25.5,150.0
7792,40.45519,-3.71132,1,3.0,1.0,47.0,0.0,2,0.0,250,50,3476.0,60.621287,5.9,2.0,0,0,0,0,0,1,0,0,1,0,1,0,0,8,13.5,50.0
7793,40.36471,-3.75551,1,1.0,1.0,16.0,96.0,1,0.19,527,50,2195.0,47.402837,6.6,1.5,1,0,0,0,0,1,0,1,1,0,1,0,0,4,12.0,50.0
7794,40.46597,-3.69194,2,0.0,1.0,28.0,80.0,1,0.03,266,200,3476.0,60.621287,5.9,1.0,1,0,0,0,0,1,0,1,0,0,1,0,0,0,18.0,50.0
7796,40.42247,-3.69841,4,2.0,3.0,210.0,100.0,11,0.39,510,200,4503.0,68.043894,0.8,2.5,1,0,0,0,0,1,0,1,0,1,1,0,0,9,37.5,200.0
7797,40.42651,-3.6839,6,2.0,3.0,607.0,97.0,2,1.15,485,200,5328.0,74.694253,2.2,2.5,1,0,0,0,0,1,1,1,1,1,1,0,0,4,52.5,200.0
7798,40.42297,-3.70095,2,0.0,1.0,70.0,100.0,1,0.03,186,200,4503.0,68.043894,0.8,1.0,1,0,0,0,0,0,0,1,1,0,0,0,0,4,18.0,100.0
7799,40.40653,-3.60481,1,1.0,1.0,12.0,100.0,1,0.06,299,50,2246.0,55.472222,11.2,1.0,0,0,0,0,0,1,0,1,0,0,1,0,0,4,10.5,50.0
7800,40.45129,-3.69051,5,2.0,2.0,150.0,0.0,2,0.04,134,200,4508.0,67.220486,5.8,2.0,1,0,0,0,0,1,0,0,1,0,0,0,0,9,43.5,150.0
7801,40.40788,-3.7017,4,1.0,2.0,56.0,83.0,1,1.05,376,200,4503.0,68.043894,0.8,1.0,1,0,0,0,0,1,0,0,0,0,1,0,0,4,33.0,100.0
7802,40.41201,-3.69748,4,1.0,2.0,154.0,100.0,48,0.06,137,200,4503.0,68.043894,0.8,1.0,1,0,0,0,0,1,0,1,1,0,0,0,0,5,33.0,200.0
7803,40.42995,-3.70566,8,4.0,8.0,51.0,97.0,2,2.89,450,200,4855.0,64.056634,2.4,2.0,1,0,0,0,0,1,0,1,1,1,1,0,0,7,66.0,100.0
7804,40.41808,-3.69992,2,1.0,1.0,75.0,82.0,15,0.39,338,200,4503.0,68.043894,0.8,1.0,1,1,1,1,1,1,1,1,1,1,1,1,1,7,18.0,100.0
7805,40.41593,-3.70487,8,3.0,4.0,75.0,67.0,15,0.3,292,200,4503.0,68.043894,0.8,2.0,1,0,0,0,0,1,0,1,1,0,0,0,0,7,66.0,100.0
7806,40.49483,-3.68965,2,1.0,1.0,65.0,0.0,1,0.03,182,200,3545.0,57.198083,16.4,1.0,1,1,1,1,1,1,0,0,1,0,0,0,0,7,18.0,100.0
7808,40.43633,-3.63911,6,2.0,3.0,160.0,100.0,1,0.07,163,200,2893.0,50.090625,6.5,2.0,1,0,0,0,0,1,0,1,1,0,0,0,0,4,51.0,200.0
7809,40.42209,-3.6989,3,1.0,2.0,63.0,92.0,88,4.16,308,200,4503.0,68.043894,0.8,1.0,1,0,0,0,0,1,0,1,0,1,1,0,0,6,25.5,100.0
7810,40.39567,-3.69862,4,2.0,2.0,99.0,98.0,2,0.24,474,200,3917.0,55.025641,1.9,1.0,1,0,0,0,0,1,0,1,0,0,1,0,0,5,33.0,100.0
7811,40.42172,-3.68958,6,3.0,5.0,364.0,99.0,2,1.78,710,200,5328.0,74.694253,2.2,3.5,1,0,0,0,0,1,0,1,1,0,1,0,0,8,55.5,200.0
7812,40.39456,-3.66,2,0.0,1.0,30.0,0.0,1,0.0,106,50,1890.0,41.443535,5.0,1.0,0,0,0,0,0,1,0,0,0,0,0,0,0,4,18.0,50.0
7813,40.41058,-3.70377,3,1.0,2.0,31.0,97.0,1,4.44,685,200,4503.0,68.043894,0.8,1.0,1,0,0,0,1,1,0,1,0,1,1,0,0,6,25.5,50.0
7814,40.42703,-3.68762,4,2.0,3.0,180.0,100.0,1,1.25,288,200,5328.0,74.694253,2.2,2.5,1,0,0,0,0,1,0,1,1,0,1,0,0,7,37.5,200.0
7815,40.46918,-3.69465,1,1.0,1.0,22.0,97.0,1,0.94,541,50,3476.0,60.621287,5.9,1.0,1,0,0,0,0,1,0,0,1,0,1,0,1,8,10.5,50.0
7816,40.46698,-3.69905,1,1.0,1.0,30.0,0.0,1,0.0,259,50,3476.0,60.621287,5.9,1.5,1,0,0,0,0,1,0,1,0,0,1,0,0,6,12.0,50.0
7817,40.40969,-3.69726,3,0.0,2.0,1139.0,93.0,11,0.21,236,200,4503.0,68.043894,0.8,1.0,1,0,0,0,0,1,0,1,0,0,0,0,0,4,25.5,200.0
7818,40.40788,-3.70282,4,1.0,1.0,42.0,96.0,1,4.99,438,200,4503.0,68.043894,0.8,1.0,1,0,0,0,0,1,0,1,1,1,0,0,0,8,33.0,50.0
7819,40.40968,-3.69923,3,1.0,3.0,1139.0,83.0,11,0.7,236,200,4503.0,68.043894,0.8,1.0,1,0,0,0,0,1,0,1,0,0,0,0,0,4,25.5,200.0
7820,40.40984,-3.69747,4,1.0,3.0,1139.0,93.0,11,0.27,184,200,4503.0,68.043894,0.8,1.0,1,1,1,1,1,1,0,1,0,0,0,0,0,4,33.0,200.0
7821,40.4099,-3.69902,4,1.0,3.0,1139.0,80.0,11,0.03,198,200,4503.0,68.043894,0.8,1.0,1,1,1,1,1,1,0,1,0,0,0,0,0,4,33.0,200.0
7824,40.42199,-3.66476,1,1.0,1.0,22.0,100.0,4,0.12,926,50,5328.0,74.694253,2.2,1.0,0,0,0,0,0,0,0,1,0,0,0,0,0,9,10.5,50.0
7825,40.45653,-3.68123,4,2.0,2.0,150.0,97.0,1,0.51,277,200,4508.0,67.220486,5.8,2.0,1,0,0,0,0,1,0,1,1,0,1,0,0,5,36.0,150.0
7826,40.4275,-3.70798,4,1.0,2.0,60.0,97.0,1,0.18,300,200,4503.0,68.043894,0.8,1.0,1,0,0,0,0,1,0,1,1,0,1,0,0,7,33.0,100.0
7828,40.35841,-3.59572,2,1.0,1.0,18.0,97.0,1,0.31,440,50,2382.0,49.659794,11.0,1.0,1,0,0,0,0,1,1,1,1,1,1,0,0,7,18.0,50.0
7829,40.43034,-3.68713,4,2.0,3.0,148.0,97.0,1,1.06,412,200,5328.0,74.694253,2.2,1.5,1,0,0,0,0,1,0,1,1,1,1,0,0,4,34.5,150.0
7830,40.42024,-3.72269,4,0.0,2.0,57.0,87.0,1,0.12,319,200,3555.0,63.451906,5.9,1.0,1,0,0,0,0,1,0,1,1,0,1,0,0,4,33.0,100.0
7831,40.41974,-3.69805,4,1.0,2.0,106.0,0.0,1,0.0,164,200,4503.0,68.043894,0.8,2.0,1,0,0,0,0,0,0,1,1,0,1,0,0,4,36.0,150.0
7832,40.42282,-3.69796,2,0.0,1.0,54.0,87.0,1,2.1,246,200,4503.0,68.043894,0.8,1.0,1,0,0,0,0,1,0,1,0,0,1,0,0,6,18.0,100.0
7833,40.41503,-3.70919,3,1.0,2.0,69.0,97.0,3,1.47,456,200,4503.0,68.043894,0.8,1.0,1,0,0,0,0,1,0,1,1,0,0,0,0,4,25.5,100.0
7834,40.40342,-3.66314,2,1.0,1.0,22.0,97.0,1,0.66,392,50,1890.0,41.443535,5.0,1.0,0,0,0,0,0,1,0,1,0,1,0,0,0,6,18.0,50.0
7835,40.41238,-3.69925,2,1.0,1.0,20.0,100.0,1,0.06,209,50,4503.0,68.043894,0.8,1.0,0,0,0,0,0,1,0,1,1,0,0,0,0,4,18.0,50.0
7836,40.43247,-3.71154,6,2.0,3.0,50.0,87.0,1,1.8,243,200,4855.0,64.056634,2.4,1.0,1,0,0,0,0,0,0,0,0,0,0,0,0,4,48.0,50.0
7837,40.41171,-3.70069,12,3.0,5.0,170.0,99.0,67,2.49,431,200,4503.0,68.043894,0.8,3.0,1,1,1,1,1,1,0,1,0,0,1,0,0,7,99.0,200.0
7838,40.43597,-3.67676,6,3.0,4.0,139.0,100.0,1,0.03,312,200,5328.0,74.694253,2.2,2.5,1,0,0,0,0,1,0,1,1,0,1,0,0,4,52.5,150.0
7839,40.44476,-3.67245,4,1.0,3.0,73.0,0.0,12,0.0,591,200,4508.0,67.220486,5.8,1.0,1,0,0,0,0,1,0,1,1,1,1,0,0,5,33.0,100.0
7840,40.4177,-3.71037,2,1.0,1.0,40.0,99.0,13,0.63,267,200,4503.0,68.043894,0.8,1.0,1,0,0,0,0,1,0,1,1,0,0,0,0,4,18.0,50.0
7841,40.47585,-3.65931,4,3.0,4.0,89.0,94.0,1,0.64,693,200,3312.0,62.061453,9.2,1.0,1,0,0,0,0,1,0,0,0,1,1,0,0,6,33.0,100.0
7842,40.43605,-3.67178,2,1.0,1.0,53.0,96.0,1,0.23,524,50,5328.0,74.694253,2.2,1.0,0,0,0,0,0,1,0,1,1,1,1,0,0,4,18.0,100.0
7843,40.4071,-3.70076,6,2.0,6.0,210.0,94.0,3,1.76,328,200,4503.0,68.043894,0.8,2.0,1,0,0,0,0,1,0,1,0,0,0,0,0,9,51.0,200.0
7844,40.39698,-3.69781,1,1.0,1.0,25.0,95.0,2,1.13,285,50,3917.0,55.025641,1.9,1.0,0,0,0,0,0,1,0,0,1,1,1,0,0,5,10.5,50.0
7845,40.41901,-3.69861,2,1.0,2.0,120.0,98.0,1,2.34,650,200,4503.0,68.043894,0.8,1.0,1,0,0,0,0,1,0,1,1,1,1,0,0,5,18.0,150.0
7846,40.41872,-3.67676,7,3.0,5.0,180.0,98.0,6,0.92,540,200,4220.0,63.672727,3.2,2.0,1,0,0,0,0,1,0,1,1,1,1,0,0,9,58.5,200.0
7847,40.42305,-3.70148,4,2.0,2.0,105.0,96.0,8,0.68,369,200,4503.0,68.043894,0.8,2.0,1,0,0,0,0,1,0,1,0,1,1,0,0,6,36.0,150.0
7848,40.42261,-3.70381,4,2.0,2.0,130.0,100.0,8,1.69,384,200,4503.0,68.043894,0.8,2.0,1,0,0,0,0,1,0,1,0,1,1,0,0,6,36.0,150.0
7849,40.42114,-3.70224,4,2.0,2.0,105.0,97.0,8,1.43,385,200,4503.0,68.043894,0.8,2.0,1,0,0,0,0,1,0,1,0,1,1,0,0,6,36.0,150.0
7850,40.42322,-3.70169,4,2.0,2.0,130.0,94.0,8,0.47,349,200,4503.0,68.043894,0.8,2.0,1,0,0,0,0,1,0,1,0,0,1,0,0,6,36.0,150.0
7851,40.42319,-3.70231,3,1.0,3.0,110.0,100.0,8,0.09,390,200,4503.0,68.043894,0.8,1.5,1,0,0,0,0,1,0,1,0,0,1,0,0,6,27.0,150.0
7852,40.42179,-3.7036,4,2.0,2.0,130.0,99.0,8,0.81,399,200,4503.0,68.043894,0.8,2.5,1,0,0,0,0,1,0,1,0,1,1,0,0,6,37.5,150.0
7853,40.43246,-3.66481,2,0.0,1.0,61.0,99.0,1,2.54,388,200,5328.0,74.694253,2.2,1.0,1,0,0,0,0,1,0,1,1,0,0,0,0,6,18.0,100.0
7854,40.41165,-3.72778,1,1.0,1.0,45.0,0.0,2,0.0,137,50,2287.0,47.008319,4.7,1.0,0,1,1,1,1,1,0,0,1,0,0,0,0,6,10.5,50.0
7855,40.41071,-3.70107,3,1.0,2.0,54.0,99.0,1,3.87,652,200,4503.0,68.043894,0.8,1.0,1,0,0,0,0,1,0,1,1,0,1,0,1,7,25.5,100.0
7856,40.42671,-3.70204,8,3.0,3.0,85.0,96.0,1,1.0,156,200,4503.0,68.043894,0.8,2.0,1,0,0,0,0,1,0,1,0,0,1,0,0,4,66.0,100.0
7857,40.44082,-3.6741,3,2.0,2.0,78.0,98.0,1,0.26,204,200,4508.0,67.220486,5.8,1.0,1,0,0,0,0,1,0,1,0,0,1,0,0,4,25.5,100.0
7858,40.42596,-3.68708,4,2.0,2.0,180.0,100.0,1,0.06,445,200,5328.0,74.694253,2.2,2.0,1,0,0,0,0,1,0,1,1,1,1,0,0,5,36.0,200.0
7859,40.42679,-3.70536,2,0.0,1.0,15.0,98.0,1,0.62,275,200,4503.0,68.043894,0.8,0.0,1,0,0,0,0,1,0,1,0,0,1,0,0,5,15.0,50.0
7860,40.42155,-3.70483,3,1.0,1.0,79.0,95.0,1,2.02,300,200,4503.0,68.043894,0.8,1.0,1,0,0,0,0,1,0,1,0,0,0,0,0,4,25.5,100.0
7861,40.42226,-3.70085,3,1.0,3.0,52.0,94.0,2,2.94,326,200,4503.0,68.043894,0.8,1.0,1,0,0,0,0,1,0,0,0,0,0,0,0,5,25.5,100.0
7862,40.43927,-3.69892,1,1.0,1.0,24.0,86.0,2,1.45,298,50,4855.0,64.056634,2.4,1.0,0,0,0,0,0,1,0,0,1,0,0,0,0,6,10.5,50.0
7863,40.42172,-3.68958,6,3.0,5.0,271.0,99.0,2,1.62,340,200,5328.0,74.694253,2.2,3.5,1,0,0,0,1,1,0,1,0,0,0,0,0,8,55.5,200.0
7864,40.43098,-3.7185,1,1.0,1.0,18.0,100.0,31,0.06,233,50,3555.0,63.451906,5.9,2.0,0,1,1,1,1,1,0,1,1,0,1,0,0,5,13.5,50.0
7865,40.42667,-3.7005,2,1.0,2.0,45.0,99.0,5,2.35,508,50,4503.0,68.043894,0.8,2.0,0,0,0,0,0,1,0,1,1,0,1,0,0,5,21.0,50.0
7866,40.41314,-3.70639,1,1.0,2.0,17.0,100.0,31,0.03,200,50,4503.0,68.043894,0.8,1.0,0,1,1,1,1,1,0,0,1,0,1,0,0,5,10.5,50.0
7868,40.47849,-3.65933,3,2.0,2.0,80.0,80.0,2,0.03,207,200,3312.0,62.061453,9.2,1.0,1,0,0,0,0,1,0,0,1,0,1,0,0,5,25.5,100.0
7869,40.41635,-3.70066,8,4.0,4.0,67.0,89.0,7,0.63,370,200,4503.0,68.043894,0.8,4.0,1,0,0,0,0,1,0,1,1,0,1,0,0,6,72.0,100.0
7870,40.4037,-3.69774,6,2.0,4.0,96.0,85.0,33,0.56,538,200,3917.0,55.025641,1.9,1.0,1,0,0,0,0,1,0,0,1,0,0,0,0,1,48.0,100.0
7871,40.4235,-3.70425,4,2.0,3.0,121.0,85.0,32,0.39,379,200,4503.0,68.043894,0.8,2.0,1,0,0,0,0,1,0,1,0,0,1,0,0,9,36.0,150.0
7872,40.42312,-3.7125,5,5.0,5.0,53.0,100.0,1,0.12,173,200,3555.0,63.451906,5.9,2.0,1,0,0,0,0,1,0,1,1,0,1,0,0,4,43.5,100.0
7873,40.48672,-3.61275,3,1.0,3.0,41.0,94.0,3,0.32,314,50,3047.0,56.183432,11.8,1.0,1,0,0,0,0,1,1,0,1,0,0,0,0,6,25.5,50.0
7874,40.40998,-3.7032,3,0.0,4.0,71.0,76.0,2,0.15,369,200,4503.0,68.043894,0.8,1.0,1,0,0,0,0,1,0,1,1,0,1,0,0,7,25.5,100.0
7875,40.4138,-3.72624,6,2.0,3.0,104.0,93.0,24,1.29,438,200,2287.0,47.008319,4.7,2.0,1,0,0,0,0,1,0,1,1,1,1,0,0,7,51.0,150.0
7876,40.38139,-3.62212,2,1.0,1.0,23.0,99.0,1,1.65,271,50,2382.0,49.659794,11.0,1.0,0,0,0,0,0,1,0,0,0,0,1,0,0,8,18.0,50.0
7877,40.39406,-3.72469,1,1.0,1.0,30.0,0.0,1,0.0,132,50,2195.0,47.402837,6.6,1.0,0,0,0,0,0,1,0,1,0,0,1,0,0,4,10.5,50.0
7878,40.41012,-3.70864,3,1.0,1.0,75.0,88.0,1,1.36,317,200,4503.0,68.043894,0.8,1.0,1,0,0,0,0,1,0,1,1,0,0,0,1,4,25.5,100.0
7879,40.42708,-3.70114,6,3.0,3.0,100.0,90.0,5,1.66,362,200,4503.0,68.043894,0.8,2.0,1,0,0,0,0,1,0,1,0,0,1,0,0,9,51.0,100.0
7880,40.41932,-3.70216,5,2.0,4.0,179.0,0.0,7,0.0,355,200,4503.0,68.043894,0.8,2.0,1,0,0,0,0,1,0,1,1,0,0,0,0,9,43.5,200.0
7881,40.41118,-3.72735,1,1.0,1.0,100.0,87.0,2,0.36,92,50,2287.0,47.008319,4.7,1.0,0,0,0,0,0,1,0,0,0,0,0,0,0,9,10.5,100.0
7882,40.40808,-3.71066,2,0.0,2.0,80.0,99.0,2,0.6,235,200,4503.0,68.043894,0.8,1.0,1,1,1,1,1,1,0,1,0,0,1,0,0,10,18.0,100.0
7883,40.42582,-3.69399,5,2.0,1.0,121.0,92.0,1,0.36,482,200,4503.0,68.043894,0.8,1.0,1,1,1,1,1,1,1,1,1,1,1,1,1,4,40.5,150.0
7884,40.41822,-3.70647,1,1.0,1.0,25.0,88.0,26,0.53,107,50,4503.0,68.043894,0.8,1.5,0,0,0,0,0,1,0,0,1,0,0,0,0,4,12.0,50.0
7885,40.41999,-3.70525,1,1.0,1.0,25.0,80.0,26,0.57,130,50,4503.0,68.043894,0.8,1.5,0,0,0,0,0,1,0,0,1,0,1,0,0,4,12.0,50.0
7886,40.42331,-3.70674,6,2.0,3.0,146.0,87.0,8,0.16,281,200,4503.0,68.043894,0.8,1.0,1,0,0,0,0,1,0,1,1,0,1,0,0,6,48.0,150.0
7887,40.42838,-3.67015,2,1.0,1.0,58.0,0.0,1,0.0,135,50,5328.0,74.694253,2.2,1.0,0,0,0,0,0,1,0,0,1,0,0,0,0,5,18.0,100.0
7888,40.41935,-3.70877,1,1.0,1.0,25.0,92.0,2,0.78,158,50,4503.0,68.043894,0.8,2.0,0,0,0,0,0,1,0,0,0,0,0,0,0,4,13.5,50.0
7889,40.39312,-3.65816,2,1.0,1.0,28.0,87.0,2,0.09,205,50,1890.0,41.443535,5.0,1.0,0,0,0,0,0,1,0,0,0,0,1,0,0,4,18.0,50.0
7890,40.39784,-3.76434,1,4.0,4.0,24.0,100.0,4,0.04,301,50,2287.0,47.008319,4.7,1.0,0,0,0,0,0,1,0,0,0,0,0,0,0,7,10.5,50.0
7891,40.39623,-3.76402,1,4.0,4.0,20.0,100.0,4,0.03,228,50,2287.0,47.008319,4.7,1.0,0,0,0,0,0,0,0,0,0,0,1,0,0,7,10.5,50.0
7892,40.41012,-3.67626,2,1.0,1.0,60.0,89.0,2,0.21,384,200,4220.0,63.672727,3.2,1.0,1,0,0,0,0,1,0,1,1,0,1,0,0,10,18.0,100.0
7893,40.40322,-3.60723,1,1.0,1.0,17.0,100.0,1,0.04,320,50,2246.0,55.472222,11.2,1.0,0,0,0,0,0,1,0,0,0,1,1,0,0,4,10.5,50.0
7894,40.42639,-3.68074,5,2.0,2.0,240.0,100.0,3,0.04,313,200,5328.0,74.694253,2.2,2.0,1,0,0,0,0,1,0,1,1,0,0,0,0,0,43.5,200.0
7895,40.41655,-3.70418,4,3.0,3.0,181.0,96.0,14,2.72,332,200,4503.0,68.043894,0.8,1.0,1,0,0,0,0,1,0,1,0,1,0,0,0,10,33.0,200.0
7896,40.41317,-3.71848,6,2.0,2.0,248.0,93.0,1,3.69,464,200,3917.0,55.025641,1.9,1.0,1,0,0,0,0,1,0,1,0,0,1,0,0,9,48.0,200.0
7897,40.42417,-3.69144,4,1.0,1.0,80.0,98.0,4,0.78,562,200,4503.0,68.043894,0.8,1.0,1,0,0,0,0,1,0,1,1,0,1,0,0,0,33.0,100.0
7898,40.38393,-3.71069,2,1.0,1.0,121.0,60.0,48,0.03,56,200,2316.0,43.910072,4.6,1.0,1,0,0,0,0,1,0,0,0,0,0,0,0,5,18.0,150.0
7899,40.41107,-3.70011,2,1.0,1.0,40.0,0.0,1,0.0,176,200,4503.0,68.043894,0.8,1.0,1,0,0,0,0,1,0,1,1,0,1,0,0,10,18.0,50.0
7900,40.42163,-3.69237,4,1.0,2.0,79.0,93.0,4,3.31,545,200,4503.0,68.043894,0.8,1.0,1,0,0,0,0,1,0,1,1,0,1,0,0,0,33.0,100.0
7901,40.38574,-3.72991,7,3.0,8.0,78.0,97.0,2,0.38,318,200,2195.0,47.402837,6.6,1.0,1,0,0,0,0,1,0,1,0,0,0,0,0,4,55.5,100.0
7902,40.38851,-3.76858,2,1.0,1.0,19.0,0.0,1,0.0,311,50,2287.0,47.008319,4.7,1.5,1,0,0,0,0,1,0,0,1,0,1,0,0,6,19.5,50.0
7903,40.43107,-3.71962,8,6.0,6.0,115.0,0.0,1,0.0,127,200,3555.0,63.451906,5.9,2.0,1,1,1,1,1,1,0,0,1,0,1,0,0,4,66.0,150.0
7904,40.41203,-3.71561,1,0.0,1.0,35.0,100.0,1,0.03,201,50,4503.0,68.043894,0.8,1.0,1,1,1,1,1,1,0,1,0,0,1,0,0,4,10.5,50.0
7905,40.42321,-3.7108,2,1.0,1.0,35.0,100.0,26,0.06,382,50,4503.0,68.043894,0.8,3.0,0,0,0,0,0,1,0,0,1,0,1,0,0,4,24.0,50.0
7906,40.42483,-3.70189,1,1.0,1.0,15.0,100.0,1,0.03,112,50,4503.0,68.043894,0.8,1.0,0,0,0,0,0,1,0,0,0,0,1,0,0,4,10.5,50.0
7907,40.43939,-3.7101,2,2.0,2.0,50.0,0.0,1,0.04,271,50,4855.0,64.056634,2.4,1.0,0,0,0,0,0,1,0,1,1,0,1,0,0,5,18.0,50.0
7908,40.44963,-3.67164,2,1.0,2.0,57.0,60.0,2,0.05,229,50,4508.0,67.220486,5.8,1.0,1,0,0,0,0,1,0,0,0,0,1,0,0,6,18.0,100.0
7909,40.5069,-3.65573,4,1.0,2.0,72.0,97.0,4,2.07,604,200,3312.0,62.061453,9.2,1.5,1,0,0,0,0,1,1,1,1,0,1,0,0,7,34.5,100.0
7910,40.42211,-3.71104,2,1.0,1.0,38.0,100.0,26,0.06,220,50,4503.0,68.043894,0.8,2.0,0,0,0,0,0,1,0,0,1,0,1,0,0,4,21.0,50.0
7911,40.42274,-3.71026,4,1.0,2.0,89.0,96.0,14,1.18,527,200,4503.0,68.043894,0.8,1.0,1,0,0,0,0,1,0,1,1,0,1,0,0,10,33.0,100.0
7912,40.42608,-3.65352,6,2.0,3.0,94.0,94.0,2,3.04,590,200,2893.0,50.090625,6.5,2.0,1,0,0,0,1,1,0,1,0,0,1,0,1,10,51.0,100.0
7913,40.42126,-3.70993,2,1.0,1.0,40.0,93.0,26,0.09,359,50,4503.0,68.043894,0.8,3.0,0,0,0,0,0,1,0,0,1,0,1,0,0,4,24.0,50.0
7914,40.4468,-3.57502,3,2.0,3.0,200.0,0.0,1,0.0,228,200,2477.0,70.967532,7.3,2.0,1,0,0,0,0,0,1,1,1,0,0,0,0,4,28.5,200.0
7919,40.37726,-3.78179,2,1.0,1.0,15.0,100.0,1,0.18,358,50,2287.0,47.008319,4.7,1.0,0,0,0,0,0,1,0,1,0,0,1,0,0,5,18.0,50.0
7920,40.42889,-3.70556,2,1.0,1.0,20.0,100.0,3,0.06,105,50,4503.0,68.043894,0.8,1.0,0,0,0,0,0,1,0,0,0,0,0,0,0,4,18.0,50.0
7921,40.42397,-3.69942,2,0.0,2.0,250.0,0.0,1,0.0,49,50,4503.0,68.043894,0.8,1.0,0,1,1,1,1,0,0,0,0,0,0,0,0,4,18.0,200.0
7922,40.43372,-3.71755,2,2.0,3.0,850.0,88.0,1,0.62,256,50,4855.0,64.056634,2.4,1.0,1,0,0,0,0,1,0,0,0,0,0,0,0,4,18.0,200.0
7923,40.42134,-3.70899,2,1.0,1.0,35.0,0.0,26,0.0,354,50,4503.0,68.043894,0.8,2.0,0,0,0,0,0,1,0,0,1,0,1,0,0,4,21.0,50.0
7925,40.42127,-3.70902,2,1.0,1.0,40.0,80.0,26,0.03,198,50,4503.0,68.043894,0.8,3.0,0,0,0,0,0,1,0,0,1,0,1,0,0,4,24.0,50.0
7926,40.43993,-3.69611,2,1.0,1.0,37.0,70.0,8,0.18,332,50,4855.0,64.056634,2.4,1.5,0,0,0,0,0,1,0,0,1,0,1,0,0,7,19.5,50.0
7927,40.42446,-3.70938,3,2.0,2.0,100.0,0.0,1,0.0,155,200,4503.0,68.043894,0.8,1.0,1,0,0,0,0,1,0,0,1,0,1,0,0,6,25.5,100.0
7928,40.33968,-3.68455,1,1.0,1.0,9.0,95.0,1,0.14,518,50,1696.0,37.641618,9.0,1.5,0,0,0,0,0,1,0,1,1,1,1,0,0,7,12.0,50.0
7929,40.41048,-3.70545,2,1.0,1.0,40.0,100.0,3,0.03,144,50,4503.0,68.043894,0.8,1.0,0,0,0,0,0,0,0,0,1,0,1,0,0,7,18.0,50.0
7930,40.42061,-3.70168,10,3.0,7.0,226.0,88.0,72,0.18,227,200,4503.0,68.043894,0.8,2.0,1,0,0,0,0,1,0,1,0,0,1,0,0,6,81.0,200.0
7931,40.42217,-3.70058,4,1.0,2.0,101.0,97.0,72,0.2,292,200,4503.0,68.043894,0.8,1.0,1,0,0,0,0,1,0,1,0,0,1,0,0,6,33.0,150.0
7932,40.41678,-3.70681,7,2.0,5.0,144.0,94.0,72,0.48,235,200,4503.0,68.043894,0.8,1.0,1,0,0,0,0,1,0,1,0,0,1,0,0,6,55.5,150.0
7933,40.42433,-3.71355,8,3.0,4.0,177.0,100.0,72,0.07,218,200,3555.0,63.451906,5.9,2.0,1,0,0,0,0,1,0,1,1,0,1,0,0,6,66.0,200.0
7934,40.41776,-3.70344,1,1.0,1.0,16.0,93.0,18,0.35,344,50,4503.0,68.043894,0.8,3.0,0,1,1,1,1,1,0,0,1,0,1,0,0,7,16.5,50.0
7935,40.42818,-3.71817,2,1.0,1.0,40.0,0.0,1,0.03,125,50,3555.0,63.451906,5.9,1.0,0,1,1,1,1,1,0,0,1,0,1,0,0,4,18.0,50.0
7936,40.39831,-3.67159,1,1.0,1.0,39.0,100.0,1,0.43,220,50,4220.0,63.672727,3.2,1.5,1,0,0,0,0,1,0,1,1,0,0,0,0,7,12.0,50.0
7937,40.41411,-3.69597,3,1.0,2.0,100.0,100.0,1,0.46,722,200,4503.0,68.043894,0.8,1.0,1,0,0,0,0,1,0,1,1,0,1,0,1,9,25.5,100.0
7938,40.40146,-3.69031,2,1.0,1.0,47.0,96.0,1,2.05,330,200,3917.0,55.025641,1.9,1.0,1,1,1,1,1,1,1,1,1,1,1,1,1,10,18.0,50.0
7939,40.40298,-3.74181,4,2.0,3.0,58.0,91.0,1,1.71,296,200,2287.0,47.008319,4.7,1.0,1,0,0,0,0,1,0,1,0,0,1,0,0,4,33.0,100.0
7940,40.42884,-3.68237,10,5.0,8.0,243.0,99.0,5,1.3,587,200,5328.0,74.694253,2.2,3.0,1,0,0,0,0,1,0,1,1,0,1,0,0,4,84.0,200.0
7941,40.42603,-3.70283,2,1.0,1.0,33.0,100.0,1,0.03,245,50,4503.0,68.043894,0.8,1.0,0,0,0,0,0,1,0,0,0,0,1,0,0,7,18.0,50.0
7942,40.41546,-3.7038,4,1.0,4.0,39.0,85.0,1,3.44,365,200,4503.0,68.043894,0.8,1.0,1,0,0,0,0,1,0,1,1,0,0,0,0,0,33.0,50.0
7943,40.46585,-3.69699,2,1.0,1.0,9.0,87.0,1,0.39,254,50,3476.0,60.621287,5.9,1.0,0,0,0,0,0,1,0,0,0,0,1,0,0,4,18.0,50.0
7944,40.44564,-3.7091,1,1.0,1.0,39.0,94.0,3,0.65,465,50,4855.0,64.056634,2.4,1.0,1,1,1,1,1,1,1,1,1,1,1,1,1,0,10.5,50.0
7945,40.4209,-3.70724,15,5.0,13.0,343.0,99.0,5,1.14,548,200,4503.0,68.043894,0.8,3.0,1,0,0,0,0,1,0,1,1,1,1,0,0,4,121.5,200.0
7946,40.4238,-3.69874,2,1.0,1.0,34.0,95.0,1,2.33,341,50,4503.0,68.043894,0.8,1.0,0,0,0,0,0,1,0,0,0,1,0,0,0,5,18.0,50.0
7947,40.41284,-3.69981,2,1.0,1.0,87.0,90.0,2,0.06,173,200,4503.0,68.043894,0.8,1.0,1,0,0,0,0,1,0,1,1,0,1,0,0,5,18.0,100.0
7948,40.42151,-3.71107,2,1.0,1.0,35.0,100.0,26,0.06,228,50,4503.0,68.043894,0.8,2.0,0,0,0,0,0,1,0,0,0,0,1,0,0,4,21.0,50.0
7949,40.43855,-3.68286,4,2.0,2.0,100.0,100.0,1,0.22,396,200,4508.0,67.220486,5.8,1.0,1,0,0,0,0,0,0,0,1,0,1,0,1,6,33.0,100.0
7950,40.42312,-3.71078,9,5.0,5.0,175.0,100.0,26,0.06,174,200,4503.0,68.043894,0.8,2.0,1,0,0,0,0,1,0,0,1,0,1,0,0,4,73.5,200.0
7951,40.41111,-3.70604,2,1.0,1.0,38.0,70.0,3,0.06,144,50,4503.0,68.043894,0.8,2.0,0,0,0,0,0,0,0,0,1,0,1,0,0,7,21.0,50.0
7952,40.4716,-3.69105,2,1.0,1.0,33.0,88.0,1,0.24,397,50,3476.0,60.621287,5.9,1.0,0,0,0,0,0,1,0,0,0,1,1,0,0,0,18.0,50.0
7953,40.40421,-3.75022,1,1.0,1.0,16.0,93.0,1,0.22,180,50,2287.0,47.008319,4.7,1.5,0,0,0,0,0,1,0,0,0,0,0,0,0,4,12.0,50.0
7954,40.44349,-3.58368,3,1.0,2.0,150.0,0.0,1,0.0,199,200,2477.0,70.967532,7.3,1.0,1,1,1,1,1,0,1,1,1,0,1,0,0,5,25.5,150.0
7955,40.46547,-3.69493,2,1.0,1.0,50.0,0.0,1,0.0,205,50,3476.0,60.621287,5.9,1.0,0,0,0,0,0,1,0,1,0,0,1,0,0,8,18.0,50.0
7956,40.41868,-3.71199,4,2.0,2.0,69.0,97.0,10,1.66,579,200,4503.0,68.043894,0.8,1.0,1,0,0,0,0,1,0,1,1,0,1,0,0,9,33.0,100.0
7957,40.4488,-3.70626,4,1.0,3.0,65.0,90.0,8,0.36,194,200,3476.0,60.621287,5.9,1.0,1,1,1,1,1,1,0,0,0,0,1,0,0,4,33.0,100.0
7958,40.4173,-3.70698,4,0.0,2.0,80.0,96.0,2,2.24,290,200,4503.0,68.043894,0.8,1.0,1,0,0,0,0,1,0,0,1,0,1,0,0,0,33.0,100.0
7959,40.42135,-3.69729,3,1.0,2.0,49.0,96.0,4,0.46,409,200,4503.0,68.043894,0.8,1.0,1,0,0,0,0,1,0,1,1,0,1,0,1,7,25.5,50.0
7960,40.4339,-3.67484,2,1.0,1.0,30.0,96.0,2,2.82,524,50,5328.0,74.694253,2.2,1.0,1,0,0,0,0,1,0,0,1,1,1,0,0,4,18.0,50.0
7961,40.41105,-3.70615,2,1.0,1.0,38.0,100.0,3,0.06,133,50,4503.0,68.043894,0.8,1.0,0,0,0,0,0,0,0,0,1,0,1,0,0,7,18.0,50.0
7962,40.41675,-3.70686,3,0.0,2.0,60.0,93.0,2,1.88,322,200,4503.0,68.043894,0.8,1.0,1,0,0,0,0,1,0,0,1,0,1,0,0,0,25.5,100.0
7963,40.42566,-3.70146,4,2.0,3.0,49.0,98.0,4,0.35,409,200,4503.0,68.043894,0.8,1.0,1,0,0,0,0,1,0,1,1,0,0,0,1,7,33.0,50.0
7964,40.43583,-3.70335,1,1.0,1.0,20.0,80.0,4,0.06,121,50,4855.0,64.056634,2.4,1.0,0,0,0,0,0,1,0,0,0,0,1,0,0,6,10.5,50.0
7965,40.43587,-3.70146,1,0.0,1.0,15.0,0.0,4,0.0,110,50,4855.0,64.056634,2.4,1.0,0,0,0,0,0,1,0,0,0,0,1,0,0,6,10.5,50.0
7966,40.39501,-3.71625,2,1.0,1.0,35.0,97.0,1,0.77,448,50,2195.0,47.402837,6.6,1.5,0,0,0,0,0,1,0,1,1,1,0,0,0,6,19.5,50.0
7967,40.39841,-3.72259,4,2.0,2.0,113.0,0.0,5,0.0,228,200,2195.0,47.402837,6.6,2.0,1,1,1,1,1,1,0,1,0,0,1,0,0,4,36.0,150.0
7968,40.39842,-3.71847,4,2.0,2.0,113.0,0.0,5,0.0,196,200,2195.0,47.402837,6.6,2.0,1,0,0,0,0,1,0,1,0,0,1,0,0,4,36.0,150.0
7969,40.40879,-3.69229,7,3.0,5.0,125.0,98.0,4,0.66,535,200,4503.0,68.043894,0.8,2.0,1,0,0,0,0,1,0,1,1,1,0,0,1,10,58.5,150.0
7970,40.41293,-3.72044,2,1.0,2.0,80.0,80.0,1,0.03,284,200,3917.0,55.025641,1.9,2.0,1,0,0,0,0,1,0,1,1,0,1,0,0,7,21.0,100.0
7971,40.39895,-3.66279,1,1.0,1.0,14.0,100.0,1,0.06,95,50,1890.0,41.443535,5.0,1.0,0,1,1,1,1,1,0,0,0,0,0,0,0,8,10.5,50.0
7972,40.43462,-3.70658,1,1.0,1.0,19.0,0.0,1,0.0,126,50,4855.0,64.056634,2.4,1.0,0,0,0,0,0,1,0,0,0,0,1,0,0,4,10.5,50.0
7974,40.43391,-3.70955,4,2.0,3.0,50.0,87.0,1,0.45,266,200,4855.0,64.056634,2.4,1.0,1,0,0,0,0,0,0,0,0,0,0,0,0,7,33.0,50.0
7975,40.39838,-3.69447,2,1.0,1.0,35.0,0.0,6,0.0,349,200,3917.0,55.025641,1.9,1.5,1,0,0,0,0,1,0,0,1,0,1,0,0,4,19.5,50.0
7976,40.41164,-3.69747,4,2.0,2.0,120.0,0.0,1,0.0,98,50,4503.0,68.043894,0.8,1.0,0,0,0,0,0,1,0,0,0,0,0,0,0,4,33.0,150.0
7977,40.42041,-3.69794,2,1.0,1.0,38.0,96.0,1,0.27,127,50,4503.0,68.043894,0.8,1.0,1,0,0,0,0,1,0,0,1,0,1,0,0,6,18.0,50.0
7978,40.4034,-3.69466,3,1.0,1.0,45.0,80.0,6,0.07,147,50,3917.0,55.025641,1.9,1.5,1,0,0,0,0,1,0,0,1,0,1,0,0,4,27.0,50.0
7979,40.41014,-3.70127,2,2.0,2.0,49.0,87.0,2,1.46,306,200,4503.0,68.043894,0.8,1.0,1,0,0,0,0,1,0,1,0,0,0,0,0,4,18.0,50.0
7980,40.41854,-3.70297,2,1.0,1.0,58.0,98.0,1,0.24,398,50,4503.0,68.043894,0.8,1.0,1,0,0,0,0,1,0,1,1,0,0,0,0,10,18.0,100.0
7981,40.40045,-3.60579,1,1.0,1.0,22.0,0.0,1,0.0,159,50,2246.0,55.472222,11.2,1.0,0,1,1,1,1,1,0,0,0,0,0,0,0,6,10.5,50.0
7982,40.42303,-3.71121,10,5.0,5.0,300.0,100.0,26,0.03,435,200,4503.0,68.043894,0.8,2.0,1,0,0,0,0,1,0,1,1,0,1,0,0,4,81.0,200.0
7983,40.422,-3.71093,2,1.0,1.0,38.0,100.0,26,0.03,420,50,4503.0,68.043894,0.8,2.0,0,0,0,0,0,1,0,1,1,0,1,0,0,4,21.0,50.0
7984,40.42111,-3.70884,2,1.0,1.0,40.0,80.0,26,0.06,198,50,4503.0,68.043894,0.8,2.0,0,0,0,0,0,1,0,0,1,0,1,0,0,4,21.0,50.0
7985,40.421,-3.70941,4,2.0,2.0,80.0,100.0,26,0.03,198,50,4503.0,68.043894,0.8,3.0,0,0,0,0,0,1,0,0,1,0,1,0,0,4,39.0,100.0
7986,40.4165,-3.69664,6,2.0,4.0,159.0,94.0,4,1.82,309,200,4503.0,68.043894,0.8,2.0,1,0,0,0,0,1,0,1,0,0,1,0,0,6,51.0,200.0
7987,40.43709,-3.68167,6,2.0,3.0,135.0,95.0,6,1.11,370,200,5328.0,74.694253,2.2,2.0,1,0,0,0,0,1,0,1,1,0,1,0,0,5,51.0,150.0
7988,40.41441,-3.72643,4,2.0,2.0,134.0,60.0,48,0.06,60,200,2287.0,47.008319,4.7,1.0,1,0,0,0,0,1,0,0,0,0,0,0,0,5,33.0,150.0
7989,40.42141,-3.67328,4,1.0,1.0,52.0,0.0,2,0.0,278,200,5328.0,74.694253,2.2,1.5,1,0,0,0,0,1,0,1,0,0,1,0,0,9,34.5,100.0
7990,40.41843,-3.69855,2,1.0,1.0,39.0,94.0,1,0.63,341,50,4503.0,68.043894,0.8,1.0,1,0,0,0,0,1,0,1,1,0,1,0,0,6,18.0,50.0
7991,40.46007,-3.69661,4,1.0,2.0,40.0,94.0,1,0.89,374,200,3476.0,60.621287,5.9,1.0,1,0,0,0,0,1,0,1,1,0,1,0,0,5,33.0,50.0
7992,40.41273,-3.72553,4,2.0,2.0,148.0,40.0,48,0.03,186,200,2287.0,47.008319,4.7,1.0,1,0,0,0,0,1,0,0,0,0,0,0,0,5,33.0,150.0
7994,40.44391,-3.58362,4,1.0,2.0,77.0,94.0,1,0.87,959,200,2477.0,70.967532,7.3,1.0,1,0,0,0,0,1,1,1,1,1,1,0,0,7,33.0,100.0
7997,40.4136,-3.7059,2,1.0,1.0,20.0,0.0,6,0.0,71,50,4503.0,68.043894,0.8,1.0,0,1,1,1,1,1,0,0,0,0,0,0,0,7,18.0,50.0
8003,40.42659,-3.67761,1,1.0,1.0,55.0,95.0,1,2.06,326,50,5328.0,74.694253,2.2,1.0,0,1,1,1,1,1,0,0,1,0,1,0,0,4,10.5,100.0
8004,40.4929,-3.61987,1,1.0,1.0,46.0,0.0,1,0.0,308,50,3312.0,62.061453,9.2,1.0,1,0,0,0,0,1,0,1,1,0,1,0,0,7,10.5,50.0
8005,40.42475,-3.65828,2,1.0,2.0,25.0,100.0,1,0.06,354,50,2893.0,50.090625,6.5,1.0,0,0,0,0,0,1,0,0,1,1,1,0,1,4,18.0,50.0
8006,40.41151,-3.70318,1,1.0,1.0,16.0,0.0,1,0.0,185,50,4503.0,68.043894,0.8,1.0,0,0,0,0,0,1,0,0,0,0,1,0,0,8,10.5,50.0
8007,40.46726,-3.71658,4,1.0,2.0,45.0,95.0,1,1.52,545,50,3555.0,63.451906,5.9,1.5,1,0,0,0,0,1,0,1,1,1,1,0,0,4,34.5,50.0
8008,40.41867,-3.71018,5,3.0,4.0,166.0,100.0,1,0.28,584,200,4503.0,68.043894,0.8,2.0,1,0,0,0,0,1,0,1,1,1,1,0,0,6,43.5,200.0
8009,40.39112,-3.70747,4,2.0,2.0,50.0,73.0,1,0.09,218,200,2316.0,43.910072,4.6,1.0,1,1,1,1,1,1,0,1,0,0,1,0,0,8,33.0,50.0
8010,40.40825,-3.70748,2,1.0,1.0,39.0,87.0,1,1.05,433,200,4503.0,68.043894,0.8,1.0,1,0,0,0,0,1,0,0,0,0,1,0,0,10,18.0,50.0
8011,40.42071,-3.71211,3,1.0,1.0,70.0,95.0,1,1.17,518,200,4503.0,68.043894,0.8,1.0,1,0,0,0,0,1,0,1,1,0,1,0,0,4,25.5,100.0
8012,40.41997,-3.71154,3,2.0,3.0,49.0,96.0,1,1.72,517,200,4503.0,68.043894,0.8,1.0,1,0,0,0,0,1,0,1,1,0,1,0,1,4,25.5,50.0
8013,40.41093,-3.69779,3,1.0,1.0,45.0,83.0,1,0.21,201,200,4503.0,68.043894,0.8,1.0,1,1,1,1,1,1,0,0,1,0,0,0,0,9,25.5,50.0
8014,40.42962,-3.70287,4,2.0,2.0,63.0,98.0,1,2.23,427,200,4855.0,64.056634,2.4,1.0,1,0,0,0,0,1,0,1,1,1,1,0,0,0,33.0,100.0
8015,40.47839,-3.67068,2,1.0,2.0,58.0,100.0,1,1.67,603,50,2893.0,50.090625,6.5,1.0,0,0,0,1,0,1,0,0,1,0,1,0,0,4,18.0,100.0
8016,40.42356,-3.70473,7,5.0,5.0,75.0,100.0,1,0.03,206,200,4503.0,68.043894,0.8,1.0,1,0,0,0,0,1,0,0,0,0,1,0,0,6,55.5,100.0
8017,40.42286,-3.71075,4,2.0,2.0,80.0,0.0,26,0.0,345,50,4503.0,68.043894,0.8,3.0,0,0,0,0,0,1,0,0,1,0,1,0,0,4,39.0,100.0
8018,40.4213,-3.70928,2,1.0,1.0,38.0,80.0,26,0.03,184,50,4503.0,68.043894,0.8,3.0,0,0,0,0,0,1,0,0,1,0,1,0,0,4,24.0,50.0
8019,40.40993,-3.70486,2,1.0,1.0,120.0,0.0,1,0.0,155,200,4503.0,68.043894,0.8,1.0,1,0,0,0,0,1,0,1,0,0,1,0,0,7,18.0,150.0
8020,40.43664,-3.70356,1,1.0,1.0,14.0,70.0,4,0.09,99,50,4855.0,64.056634,2.4,1.0,1,1,1,1,1,1,1,1,1,1,1,1,1,6,10.5,50.0
8021,40.39917,-3.66785,4,1.0,1.0,43.0,92.0,10,1.47,650,200,1890.0,41.443535,5.0,1.0,1,0,0,0,0,1,0,1,0,1,1,0,0,6,33.0,50.0
8022,40.4239,-3.69973,3,1.0,2.0,54.0,92.0,12,1.85,503,200,4503.0,68.043894,0.8,1.0,1,0,0,0,0,1,0,1,1,1,1,0,0,7,25.5,100.0
8023,40.43363,-3.69136,3,1.0,2.0,84.0,0.0,22,0.0,575,200,4855.0,64.056634,2.4,1.0,1,0,0,0,0,1,0,1,1,1,1,0,0,6,25.5,100.0
8024,40.41945,-3.70926,2,1.0,1.0,30.0,98.0,1,0.27,255,50,4503.0,68.043894,0.8,1.0,0,0,0,0,0,1,0,0,0,0,0,0,0,7,18.0,50.0
8025,40.4263,-3.67891,4,2.0,2.0,240.0,0.0,92,0.0,203,200,5328.0,74.694253,2.2,2.0,1,0,0,0,0,1,0,1,1,0,1,0,0,7,36.0,200.0
8026,40.39792,-3.70161,6,3.0,6.0,72.0,88.0,1,0.99,174,200,3917.0,55.025641,1.9,1.0,1,0,0,0,0,1,0,1,0,0,1,0,0,4,48.0,100.0
8027,40.46567,-3.69556,4,1.0,1.0,51.0,91.0,1,1.73,258,200,3476.0,60.621287,5.9,1.0,1,0,0,0,0,1,0,1,0,0,0,0,0,4,33.0,100.0
8028,40.4526,-3.70853,4,3.0,3.0,41.0,96.0,1,0.3,186,200,3476.0,60.621287,5.9,1.0,1,0,0,0,0,1,0,1,0,0,1,0,0,8,33.0,50.0
8029,40.43076,-3.68522,1,1.0,1.0,39.0,90.0,2,0.8,576,50,5328.0,74.694253,2.2,2.0,0,1,1,1,1,1,0,0,1,1,1,0,0,8,13.5,50.0
8030,40.40744,-3.70829,3,1.0,2.0,78.0,99.0,3,2.4,466,200,4503.0,68.043894,0.8,1.0,1,0,0,0,0,1,0,1,0,1,1,0,0,6,25.5,100.0
8031,40.42318,-3.71056,3,2.0,2.0,60.0,100.0,26,0.03,398,50,4503.0,68.043894,0.8,3.0,0,0,0,0,0,1,0,0,1,0,1,0,0,4,31.5,100.0
8032,40.42303,-3.71078,2,1.0,1.0,35.0,100.0,26,0.03,398,50,4503.0,68.043894,0.8,3.0,0,0,0,0,0,1,0,0,1,0,1,0,0,4,24.0,50.0
8033,40.42102,-3.70954,2,1.0,1.0,40.0,100.0,26,0.03,384,50,4503.0,68.043894,0.8,2.0,0,0,0,0,0,1,0,0,1,0,1,0,0,4,21.0,50.0
8034,40.38945,-3.64918,1,1.0,1.0,15.0,95.0,1,2.83,305,50,1890.0,41.443535,5.0,1.0,1,1,1,1,1,1,1,1,1,1,1,1,1,7,10.5,50.0
8035,40.47202,-3.6365,2,1.0,1.0,15.0,97.0,1,3.6,267,50,3312.0,62.061453,9.2,1.0,0,0,0,0,0,1,0,0,1,0,0,0,0,4,18.0,50.0
8036,40.40215,-3.67499,1,1.0,1.0,19.0,97.0,1,3.87,291,50,4220.0,63.672727,3.2,1.0,0,0,0,0,0,1,0,0,1,0,1,0,0,5,10.5,50.0
8037,40.42269,-3.67849,4,1.0,2.0,56.0,90.0,1,3.83,390,200,5328.0,74.694253,2.2,1.0,1,0,0,0,0,1,0,1,0,0,1,0,0,4,33.0,100.0
8038,40.40824,-3.6102,1,1.0,1.0,280.0,1.0,1,1.0,137,50,2246.0,55.472222,11.2,1.0,1,1,1,1,1,1,1,1,1,1,1,1,1,6,10.5,200.0
8039,40.41902,-3.70513,2,1.0,1.0,13.0,84.0,9,4.42,196,50,4503.0,68.043894,0.8,2.0,0,0,0,0,0,1,0,0,0,0,0,0,0,3,21.0,50.0
8040,40.41809,-3.7044,2,1.0,1.0,16.0,84.0,9,4.75,198,50,4503.0,68.043894,0.8,2.0,0,0,0,0,0,1,0,0,0,1,0,0,0,3,21.0,50.0
8041,40.41635,-3.70269,2,1.0,1.0,11.0,80.0,9,3.65,235,50,4503.0,68.043894,0.8,2.0,0,0,0,0,0,1,0,0,0,0,0,0,0,3,21.0,50.0
8042,40.41655,-3.70305,1,1.0,1.0,11.0,80.0,9,2.7,208,50,4503.0,68.043894,0.8,2.0,0,0,0,0,0,1,0,0,0,0,0,0,0,3,13.5,50.0
8044,40.41839,-3.70323,2,1.0,2.0,14.0,82.0,9,4.15,193,50,4503.0,68.043894,0.8,2.0,0,0,0,0,0,1,0,0,0,0,0,0,0,3,21.0,50.0
8045,40.41038,-3.69547,4,2.0,2.0,207.0,96.0,1,1.79,488,200,4503.0,68.043894,0.8,1.0,1,0,0,0,0,1,0,1,0,0,0,0,0,9,33.0,200.0
8046,40.41035,-3.70586,2,1.0,1.0,72.0,96.0,1,1.25,203,200,4503.0,68.043894,0.8,1.0,1,0,0,0,0,1,0,0,0,0,1,0,0,8,18.0,100.0
8047,40.4672,-3.70798,1,1.0,1.0,20.0,0.0,1,0.0,101,50,3476.0,60.621287,5.9,1.0,0,0,0,0,0,1,0,0,1,0,0,0,0,8,10.5,50.0
8048,40.43076,-3.67675,2,1.0,1.0,20.0,100.0,15,0.06,402,50,5328.0,74.694253,2.2,2.0,0,0,0,1,0,1,0,1,1,0,1,0,0,6,21.0,50.0
8049,40.40523,-3.71232,4,1.0,1.0,59.0,95.0,1,2.16,234,200,3917.0,55.025641,1.9,1.0,1,0,0,0,0,1,0,1,0,0,0,0,0,4,33.0,100.0
8050,40.40487,-3.70352,1,1.0,1.0,22.0,100.0,3,0.12,367,50,3917.0,55.025641,1.9,2.0,0,0,0,0,0,1,0,0,1,0,1,0,1,5,13.5,50.0
8051,40.42365,-3.62196,1,2.0,2.0,350.0,0.0,1,0.0,73,50,2477.0,70.967532,7.3,1.0,0,0,0,0,0,1,0,0,0,0,0,0,0,4,10.5,200.0
8052,40.37048,-3.68848,1,1.0,1.0,32.0,100.0,1,0.12,618,50,2316.0,43.910072,4.6,1.0,0,0,0,0,0,1,0,0,0,1,1,0,1,8,10.5,50.0
8053,40.43227,-3.71436,4,1.0,2.0,82.0,83.0,24,1.35,439,200,4855.0,64.056634,2.4,1.0,1,0,0,0,0,1,0,1,1,0,1,0,0,7,33.0,100.0
8054,40.47786,-3.64567,3,1.0,1.0,80.0,94.0,7,0.58,430,200,3312.0,62.061453,9.2,1.0,1,0,0,1,0,1,0,1,1,1,1,0,0,6,25.5,100.0
8055,40.45084,-3.70605,4,1.0,2.0,70.0,80.0,8,0.36,123,200,3476.0,60.621287,5.9,1.0,1,1,1,1,1,1,0,0,0,0,0,0,0,4,33.0,100.0
8056,40.43237,-3.67104,4,1.0,1.0,87.0,98.0,25,0.51,618,200,5328.0,74.694253,2.2,1.0,1,0,0,0,0,1,0,1,0,0,1,1,0,11,33.0,100.0
8057,40.41299,-3.70358,5,2.0,3.0,88.0,97.0,3,0.91,384,200,4503.0,68.043894,0.8,1.0,1,0,0,0,0,1,0,1,0,0,1,0,0,4,40.5,100.0
8058,40.42969,-3.70207,2,0.0,1.0,125.0,80.0,48,0.03,98,200,4855.0,64.056634,2.4,1.0,1,0,0,0,0,1,0,1,0,0,0,0,0,5,18.0,150.0
8059,40.41981,-3.70611,6,2.0,3.0,208.0,96.0,62,0.36,389,200,4503.0,68.043894,0.8,2.0,1,0,0,1,0,1,0,1,1,1,1,0,0,5,51.0,200.0
8060,40.39542,-3.71867,4,1.0,2.0,66.0,95.0,1,1.73,415,200,2195.0,47.402837,6.6,1.0,1,0,0,0,0,1,0,1,0,0,1,0,0,7,33.0,100.0
8061,40.407,-3.74072,1,1.0,1.0,15.0,0.0,2,0.0,244,50,2287.0,47.008319,4.7,1.0,0,1,1,1,1,1,0,1,0,0,1,0,0,5,10.5,50.0
8062,40.42439,-3.70045,2,1.0,1.0,36.0,94.0,35,3.98,551,50,4503.0,68.043894,0.8,1.0,1,0,0,0,0,1,0,1,1,0,1,0,0,5,18.0,50.0
8064,40.40358,-3.70174,1,1.0,1.0,25.0,100.0,3,0.05,367,50,3917.0,55.025641,1.9,2.0,0,0,0,0,0,1,0,0,1,0,1,0,1,5,13.5,50.0
8065,40.40535,-3.70615,6,2.0,3.0,100.0,94.0,5,0.84,288,200,3917.0,55.025641,1.9,2.0,1,0,0,0,0,1,0,1,1,0,0,0,0,9,51.0,100.0
8067,40.41981,-3.70611,6,2.0,3.0,227.0,100.0,62,0.06,386,200,4503.0,68.043894,0.8,2.0,1,0,0,1,0,1,0,1,1,1,1,0,0,5,51.0,200.0
8068,40.42607,-3.65323,2,1.0,1.0,35.0,96.0,1,1.32,311,50,2893.0,50.090625,6.5,1.5,0,0,0,0,0,1,0,1,0,0,0,0,0,7,19.5,50.0
8069,40.38939,-3.74093,2,1.0,1.0,120.0,0.0,1,0.0,33,50,2195.0,47.402837,6.6,1.0,0,0,0,0,0,1,0,0,0,0,0,0,0,7,18.0,150.0
8070,40.42103,-3.70801,4,1.0,1.0,234.0,95.0,1,0.12,523,200,4503.0,68.043894,0.8,1.0,1,0,0,0,0,1,0,0,0,0,1,1,0,4,33.0,200.0
8071,40.38589,-3.71274,4,1.0,3.0,84.0,0.0,1,0.04,200,200,2316.0,43.910072,4.6,1.0,1,0,0,0,0,1,0,1,0,0,0,0,0,10,33.0,100.0
8072,40.41094,-3.70807,2,1.0,1.0,50.0,93.0,1,0.21,192,200,4503.0,68.043894,0.8,1.0,1,0,0,0,0,1,0,1,0,0,1,0,0,6,18.0,50.0
8073,40.43082,-3.71749,2,1.0,2.0,95.0,0.0,2,0.0,216,200,3555.0,63.451906,5.9,1.0,1,0,0,0,0,1,0,1,1,0,1,0,0,8,18.0,100.0
8074,40.442,-3.64176,3,1.0,2.0,19.0,98.0,1,0.3,405,50,2893.0,50.090625,6.5,1.0,0,0,0,0,1,1,0,1,0,1,1,0,0,4,25.5,50.0
8075,40.41917,-3.69721,2,1.0,1.0,37.0,93.0,1,5.03,271,200,4503.0,68.043894,0.8,1.0,1,0,0,0,0,1,0,1,1,0,0,0,0,5,18.0,50.0
8076,40.39323,-3.71615,3,3.0,4.0,99.0,0.0,24,0.0,286,200,2195.0,47.402837,6.6,1.0,1,0,0,0,0,1,1,1,1,0,1,0,0,6,25.5,100.0
8078,40.39042,-3.72148,1,1.0,1.0,23.0,99.0,1,0.82,372,50,2195.0,47.402837,6.6,1.5,0,0,0,0,0,1,0,1,0,0,1,0,0,5,12.0,50.0
8079,40.42906,-3.72111,2,1.0,1.0,35.0,96.0,2,0.15,181,50,3555.0,63.451906,5.9,1.0,0,0,0,0,0,1,0,0,1,0,1,0,0,6,18.0,50.0
8080,40.41827,-3.69884,1,1.0,1.0,71.0,1.0,2,1.0,287,200,4503.0,68.043894,0.8,1.0,1,1,1,1,1,1,1,1,1,1,1,1,1,9,10.5,100.0
8081,40.42755,-3.70374,10,5.0,5.0,238.0,83.0,24,1.88,347,200,4503.0,68.043894,0.8,3.0,1,0,0,0,0,1,0,0,1,0,1,0,0,7,84.0,200.0
8082,40.40999,-3.70582,12,4.0,8.0,314.0,95.0,1,1.15,519,200,4503.0,68.043894,0.8,2.0,1,0,0,0,0,1,0,1,1,1,1,0,0,4,96.0,200.0
8083,40.41204,-3.70772,2,1.0,1.0,26.0,94.0,1,0.94,337,200,4503.0,68.043894,0.8,1.5,1,0,0,0,0,1,0,1,1,0,1,0,0,6,19.5,50.0
8084,40.40377,-3.69656,1,1.0,1.0,29.0,98.0,1,0.43,390,50,3917.0,55.025641,1.9,1.5,0,0,0,1,0,1,1,1,1,0,1,0,0,6,12.0,50.0
8085,40.42843,-3.70993,3,1.0,1.0,60.0,100.0,1,0.1,275,200,4503.0,68.043894,0.8,1.5,1,0,0,0,0,1,0,1,1,0,1,0,0,4,27.0,100.0
8086,40.39535,-3.71612,3,3.0,4.0,95.0,80.0,24,0.06,321,200,2195.0,47.402837,6.6,1.0,1,0,0,0,0,1,1,1,1,1,1,0,0,6,25.5,100.0
8087,40.39343,-3.715,4,3.0,4.0,115.0,0.0,24,0.03,297,200,2195.0,47.402837,6.6,1.0,1,0,0,0,0,1,1,1,1,0,1,0,0,6,33.0,150.0
8089,40.41418,-3.72768,2,1.0,1.0,41.0,0.0,48,0.0,70,200,2287.0,47.008319,4.7,1.0,1,0,0,0,0,1,0,0,0,0,0,0,0,5,18.0,50.0
8090,40.35118,-3.68738,12,3.0,10.0,103.0,70.0,13,0.13,528,200,1696.0,37.641618,9.0,1.0,1,0,0,0,0,1,0,0,0,1,1,0,0,5,93.0,150.0
8091,40.40665,-3.69271,2,1.0,1.0,69.0,88.0,59,2.36,497,200,3917.0,55.025641,1.9,1.0,1,0,0,0,0,1,0,1,1,1,1,0,0,7,18.0,100.0
8092,40.41221,-3.70156,1,1.0,1.0,30.0,80.0,3,0.03,279,50,4503.0,68.043894,0.8,1.0,0,0,0,0,0,1,0,1,1,0,1,0,0,0,10.5,50.0
8093,40.4035,-3.69183,2,1.0,1.0,21.0,87.0,8,1.44,411,50,3917.0,55.025641,1.9,1.0,0,0,0,0,0,1,0,0,1,0,1,0,0,4,18.0,50.0
8096,40.42608,-3.6995,2,1.0,1.0,70.0,96.0,10,0.18,195,50,4503.0,68.043894,0.8,1.0,1,0,0,0,1,1,0,1,1,0,1,0,0,4,18.0,100.0
8097,40.41329,-3.70942,3,1.0,1.0,70.0,90.0,1,0.35,210,200,4503.0,68.043894,0.8,1.5,1,0,0,0,0,1,0,1,0,0,1,0,0,4,27.0,100.0
8098,40.45446,-3.67741,2,1.0,2.0,70.0,80.0,3,0.06,205,50,4508.0,67.220486,5.8,1.0,0,0,0,0,0,1,0,1,1,0,1,0,0,4,18.0,100.0
8099,40.43442,-3.66938,4,1.0,2.0,51.0,94.0,3,2.34,494,200,5328.0,74.694253,2.2,1.0,1,0,0,0,0,1,0,1,1,0,1,0,0,5,33.0,100.0
8100,40.47345,-3.70832,5,2.0,3.0,65.0,99.0,1,1.8,751,200,3545.0,57.198083,16.4,1.0,1,0,0,0,1,1,0,1,0,0,1,0,0,7,40.5,100.0
8101,40.39469,-3.68372,1,1.0,1.0,55.0,0.0,1,0.0,166,50,3917.0,55.025641,1.9,1.0,1,0,0,0,0,1,1,1,0,0,0,0,0,6,10.5,100.0
8102,40.36625,-3.58427,4,1.0,2.0,50.0,84.0,1,0.15,239,200,2382.0,49.659794,11.0,1.0,1,0,0,0,0,1,1,0,1,0,1,0,0,4,33.0,50.0
8103,40.40963,-3.70074,5,2.0,3.0,29.0,89.0,2,4.64,242,200,4503.0,68.043894,0.8,1.0,1,0,0,0,0,1,0,0,1,0,1,0,0,4,40.5,50.0
8104,40.42963,-3.70502,7,4.0,5.0,95.0,88.0,1,2.43,214,200,4855.0,64.056634,2.4,2.0,1,0,0,0,0,1,0,1,1,0,1,0,0,4,58.5,100.0
8105,40.42859,-3.69932,3,2.0,2.0,63.0,90.0,1,0.06,152,200,4855.0,64.056634,2.4,1.0,1,1,1,1,1,1,0,1,1,0,0,0,0,10,25.5,100.0
8106,40.39855,-3.69817,1,1.0,1.0,30.0,99.0,2,1.12,482,50,3917.0,55.025641,1.9,1.5,0,0,0,0,0,1,0,1,1,1,1,0,0,5,12.0,50.0
8107,40.40263,-3.69396,4,2.0,2.0,55.0,80.0,1,0.03,297,200,3917.0,55.025641,1.9,2.0,1,0,0,0,0,1,0,0,1,0,1,0,0,5,36.0,100.0
8108,40.46347,-3.65028,4,2.0,3.0,75.0,93.0,1,0.5,266,200,3312.0,62.061453,9.2,1.5,1,0,0,0,0,1,0,0,0,0,1,0,0,7,34.5,100.0
8109,40.46634,-3.6917,2,1.0,1.0,81.0,89.0,2,0.62,597,200,3476.0,60.621287,5.9,1.0,1,0,0,0,0,1,0,1,0,1,1,0,1,7,18.0,100.0
8110,40.4413,-3.67751,8,3.0,5.0,202.0,90.0,72,0.08,197,200,4508.0,67.220486,5.8,1.5,1,0,0,0,0,1,0,1,1,0,1,0,0,6,64.5,200.0
8112,40.38557,-3.71568,6,2.0,3.0,43.0,90.0,1,2.85,404,200,2316.0,43.910072,4.6,1.0,1,0,0,0,0,1,0,1,1,0,1,0,0,4,48.0,50.0
8113,40.39739,-3.71711,2,1.0,1.0,17.0,0.0,1,0.0,82,50,2195.0,47.402837,6.6,1.0,1,1,1,1,1,1,0,0,1,0,0,0,0,4,18.0,50.0
8114,40.4252,-3.65086,6,2.0,3.0,94.0,94.0,2,3.45,583,200,2893.0,50.090625,6.5,2.0,1,0,0,0,0,1,0,1,1,0,1,0,0,10,51.0,100.0
8115,40.42502,-3.70497,1,1.0,1.0,31.0,0.0,2,0.0,360,200,4503.0,68.043894,0.8,1.0,1,0,0,0,0,1,0,0,0,0,1,0,0,11,10.5,50.0
8116,40.42148,-3.70914,2,1.0,1.0,35.0,100.0,26,0.03,165,50,4503.0,68.043894,0.8,2.0,0,0,0,0,0,1,0,0,1,0,1,0,0,4,21.0,50.0
8117,40.41533,-3.70675,2,1.0,1.0,20.0,100.0,31,0.1,180,50,4503.0,68.043894,0.8,1.0,0,1,1,1,1,1,0,0,1,0,0,0,0,5,18.0,50.0
8118,40.42367,-3.70076,2,2.0,2.0,18.0,100.0,1,0.03,88,50,4503.0,68.043894,0.8,1.0,0,0,0,0,0,1,0,0,0,0,0,0,0,8,18.0,50.0
8119,40.41311,-3.70505,4,1.0,2.0,173.0,96.0,62,0.19,431,200,4503.0,68.043894,0.8,1.0,1,0,0,1,0,1,0,1,1,1,1,0,0,5,33.0,200.0
8120,40.42333,-3.6994,2,1.0,1.0,46.0,97.0,1,1.93,472,50,4503.0,68.043894,0.8,1.0,1,0,0,0,0,1,0,0,0,1,1,0,0,4,18.0,50.0
8121,40.43915,-3.7152,2,1.0,1.0,700.0,93.0,1,0.09,172,50,4855.0,64.056634,2.4,1.0,0,1,1,1,1,1,0,1,1,0,1,0,0,7,18.0,200.0
8122,40.41926,-3.6967,4,1.0,2.0,52.0,94.0,1,6.63,241,200,4503.0,68.043894,0.8,1.0,1,0,0,0,0,1,0,1,0,0,0,0,0,4,33.0,100.0
8123,40.45666,-3.58318,6,2.0,4.0,79.0,99.0,1,2.08,632,200,3047.0,56.183432,11.8,2.0,1,0,0,0,0,1,1,1,1,1,1,0,0,4,51.0,100.0
8124,40.44166,-3.70064,5,3.0,3.0,97.0,88.0,12,0.91,333,200,4855.0,64.056634,2.4,2.0,1,0,0,0,0,1,0,1,0,0,1,0,0,7,43.5,100.0
8125,40.41016,-3.70197,3,0.0,2.0,32.0,92.0,2,4.36,278,200,4503.0,68.043894,0.8,1.0,1,0,0,0,0,1,0,1,1,0,1,0,0,5,25.5,50.0
8126,40.41499,-3.70232,4,1.0,2.0,73.0,96.0,13,5.36,644,200,4503.0,68.043894,0.8,1.0,1,0,0,0,0,1,0,1,1,1,1,0,1,9,33.0,100.0
8127,40.43251,-3.65137,5,3.0,3.0,70.0,95.0,1,0.75,481,200,2893.0,50.090625,6.5,1.5,1,0,0,0,0,1,0,0,0,0,1,0,0,9,42.0,100.0
8128,40.43232,-3.70572,4,1.0,1.0,114.0,83.0,72,0.24,289,200,4855.0,64.056634,2.4,1.5,1,0,0,0,0,1,0,0,1,0,1,0,0,6,34.5,150.0
8130,40.42312,-3.70852,4,1.0,2.0,176.0,96.0,62,0.6,452,200,4503.0,68.043894,0.8,2.0,1,0,0,1,0,1,0,1,1,1,1,0,0,5,36.0,200.0
8131,40.42367,-3.69837,4,1.0,1.0,79.0,99.0,1,1.14,383,200,4503.0,68.043894,0.8,1.0,1,0,0,0,0,1,0,1,1,0,1,0,0,4,33.0,100.0
8132,40.42847,-3.721,1,1.0,1.0,30.0,100.0,2,0.06,265,50,3555.0,63.451906,5.9,1.0,0,0,0,0,0,1,0,0,1,0,1,0,0,6,10.5,50.0
8134,40.41353,-3.70013,4,1.0,3.0,64.0,0.0,20,0.0,481,50,4503.0,68.043894,0.8,2.5,0,0,0,0,0,1,0,1,1,0,1,0,0,6,37.5,100.0
8135,40.40813,-3.69946,5,2.0,2.0,95.0,100.0,1,1.2,297,200,4503.0,68.043894,0.8,1.0,1,0,0,0,0,1,0,1,0,0,1,0,0,7,40.5,100.0
8136,40.41181,-3.70282,4,2.0,3.0,150.0,97.0,1,2.23,323,200,4503.0,68.043894,0.8,2.0,1,0,0,0,0,1,0,1,0,0,0,0,0,7,36.0,150.0
8137,40.45782,-3.70085,1,1.0,1.0,25.0,100.0,1,0.16,411,50,3476.0,60.621287,5.9,1.0,0,0,0,0,0,0,0,1,1,0,1,0,0,7,10.5,50.0
8138,40.41859,-3.70231,3,1.0,2.0,35.0,91.0,1,2.28,254,200,4503.0,68.043894,0.8,1.0,1,0,0,0,0,1,0,0,0,0,0,0,0,4,25.5,50.0
8147,40.41098,-3.69991,6,3.0,3.0,80.0,88.0,12,2.76,309,200,4503.0,68.043894,0.8,3.0,1,0,0,0,1,1,0,0,1,0,1,0,0,6,54.0,100.0
8148,40.42658,-3.69958,3,1.0,2.0,93.0,0.0,10,0.0,204,50,4503.0,68.043894,0.8,1.0,1,0,0,0,1,1,0,1,1,0,1,0,0,4,25.5,100.0
8149,40.41286,-3.70513,16,5.0,8.0,343.0,96.0,5,0.97,531,200,4503.0,68.043894,0.8,4.0,1,0,0,0,0,1,0,1,1,0,1,0,0,10,132.0,200.0
8150,40.41504,-3.71238,5,2.0,2.0,45.0,89.0,3,2.8,320,200,4503.0,68.043894,0.8,1.0,1,0,0,0,0,1,0,0,0,0,1,0,0,3,40.5,50.0
8151,40.41211,-3.70245,2,1.0,1.0,60.0,100.0,1,0.56,396,50,4503.0,68.043894,0.8,1.0,1,0,0,0,0,1,0,0,1,0,1,0,0,7,18.0,100.0
8152,40.42457,-3.70399,4,2.0,2.0,91.0,98.0,3,3.77,249,200,4503.0,68.043894,0.8,1.0,1,0,0,0,0,1,0,1,0,0,0,0,0,5,33.0,100.0
8153,40.46813,-3.70362,4,1.0,2.0,83.0,0.0,1,0.0,552,200,3476.0,60.621287,5.9,1.0,1,0,0,0,0,1,0,0,1,1,1,0,0,6,33.0,100.0
8154,40.48901,-3.65665,1,1.0,2.0,25.0,100.0,1,0.34,303,50,3312.0,62.061453,9.2,1.0,0,0,0,0,0,1,1,1,1,0,1,0,0,4,10.5,50.0
8155,40.43087,-3.67851,1,1.0,1.0,21.0,80.0,7,0.06,287,50,5328.0,74.694253,2.2,2.0,0,0,0,0,0,1,0,0,1,0,1,0,0,6,13.5,50.0
8156,40.45966,-3.70214,6,2.0,3.0,46.0,89.0,4,4.39,409,200,3476.0,60.621287,5.9,1.0,1,0,0,0,0,1,0,1,0,1,1,0,0,4,48.0,50.0
8157,40.42078,-3.70433,3,1.0,2.0,99.0,100.0,4,0.06,708,50,4503.0,68.043894,0.8,1.0,1,0,0,0,0,1,1,1,0,1,1,0,0,4,25.5,100.0
8158,40.38798,-3.75834,2,1.0,1.0,20.0,95.0,1,3.51,309,50,2287.0,47.008319,4.7,1.5,0,0,0,1,0,1,0,1,0,0,0,0,0,6,19.5,50.0
8159,40.42598,-3.70473,1,1.0,1.0,30.0,93.0,9,0.35,434,200,4503.0,68.043894,0.8,1.0,1,0,0,0,0,1,0,1,0,0,1,0,0,10,10.5,50.0
8160,40.40403,-3.68204,1,1.0,1.0,23.0,99.0,1,1.78,262,50,4220.0,63.672727,3.2,1.0,0,0,0,0,0,1,1,0,1,0,1,0,0,10,10.5,50.0
8161,40.41523,-3.70814,2,1.0,1.0,48.0,96.0,3,2.48,416,200,4503.0,68.043894,0.8,1.0,1,1,1,1,1,1,0,1,0,0,1,0,0,6,18.0,50.0
8162,40.41556,-3.70756,2,1.0,1.0,37.0,96.0,3,2.25,439,200,4503.0,68.043894,0.8,1.0,1,1,1,1,1,1,0,1,0,0,1,0,0,6,18.0,50.0
8163,40.40513,-3.69343,2,1.0,1.0,48.0,95.0,2,2.07,434,200,3917.0,55.025641,1.9,1.0,1,0,0,0,0,1,0,1,1,1,1,0,0,8,18.0,50.0
8164,40.3885,-3.70095,2,1.0,1.0,19.0,80.0,1,0.09,81,50,2316.0,43.910072,4.6,1.0,1,0,0,0,0,0,0,0,0,0,0,0,0,4,18.0,50.0
8165,40.41583,-3.70378,12,4.0,9.0,271.0,97.0,5,1.39,363,200,4503.0,68.043894,0.8,3.0,1,0,0,0,0,1,0,1,0,0,1,0,0,4,99.0,200.0
8166,40.4152,-3.70315,2,1.0,3.0,54.0,99.0,10,2.92,639,200,4503.0,68.043894,0.8,1.0,1,0,0,0,0,1,0,0,0,1,1,1,0,6,18.0,100.0
8167,40.4152,-3.70315,2,1.0,3.0,52.0,98.0,10,3.57,442,200,4503.0,68.043894,0.8,1.0,1,0,0,0,0,1,0,1,0,1,1,0,0,6,18.0,100.0
8168,40.43094,-3.70115,2,1.0,1.0,77.0,96.0,4,0.32,393,50,4855.0,64.056634,2.4,1.0,1,0,0,0,0,1,0,1,1,0,1,0,0,4,18.0,100.0
8169,40.43027,-3.70017,2,1.0,1.0,87.0,83.0,4,0.19,409,50,4855.0,64.056634,2.4,1.0,1,0,0,0,0,1,0,1,1,1,1,0,0,4,18.0,100.0
8170,40.43027,-3.70017,2,1.0,1.0,113.0,93.0,4,0.11,409,50,4855.0,64.056634,2.4,1.0,1,0,0,0,0,1,0,1,1,1,1,0,0,4,18.0,150.0
8171,40.43027,-3.70017,2,1.0,1.0,157.0,100.0,4,1.0,356,50,4855.0,64.056634,2.4,1.0,1,0,0,0,0,1,0,1,1,0,1,0,0,4,18.0,200.0
8173,40.4132,-3.70957,2,1.0,1.0,71.0,97.0,2,4.07,438,200,4503.0,68.043894,0.8,1.0,1,0,0,0,0,1,0,1,0,1,1,0,0,9,18.0,100.0
8174,40.39743,-3.69308,2,1.0,2.0,35.0,0.0,4,0.0,371,50,3917.0,55.025641,1.9,1.0,1,0,0,0,0,1,0,0,1,1,1,0,0,5,18.0,50.0
8175,40.40695,-3.71072,2,1.0,2.0,35.0,0.0,4,0.0,371,50,4503.0,68.043894,0.8,1.0,1,0,0,0,0,1,0,0,1,1,1,0,0,5,18.0,50.0
8176,40.41289,-3.69755,3,1.0,1.0,75.0,97.0,1,2.24,354,200,4503.0,68.043894,0.8,1.0,1,0,0,0,0,1,0,1,1,0,0,0,0,4,25.5,100.0
8177,40.43217,-3.66837,4,1.0,2.0,53.0,94.0,1,2.31,383,200,5328.0,74.694253,2.2,1.0,1,0,0,0,0,1,0,1,0,0,1,0,0,4,33.0,100.0
8178,40.42389,-3.69924,4,2.0,3.0,77.0,88.0,1,2.31,239,200,4503.0,68.043894,0.8,1.0,1,0,0,0,0,1,0,0,0,0,1,0,0,6,33.0,100.0
8179,40.4227,-3.68306,4,2.0,3.0,218.0,99.0,8,0.83,574,200,5328.0,74.694253,2.2,2.0,1,0,0,0,0,1,0,1,1,0,1,1,0,8,36.0,200.0
8180,40.39412,-3.70081,4,1.0,2.0,65.0,93.0,1,0.67,141,200,3917.0,55.025641,1.9,1.0,1,0,0,0,0,1,0,1,1,0,0,0,0,6,33.0,100.0
8181,40.42786,-3.70181,2,0.0,1.0,130.0,0.0,48,0.0,173,200,4503.0,68.043894,0.8,1.0,1,0,0,0,0,1,0,1,1,0,1,0,0,5,18.0,150.0
8182,40.41132,-3.69952,7,3.0,6.0,61.0,90.0,1,0.62,220,200,4503.0,68.043894,0.8,1.0,1,0,0,0,0,1,0,1,0,0,1,0,0,4,55.5,100.0
8183,40.3831,-3.73149,1,0.0,1.0,300.0,0.0,1,0.0,115,50,2195.0,47.402837,6.6,1.0,0,0,0,0,0,1,0,0,0,0,1,0,0,4,10.5,200.0
8184,40.41115,-3.70923,4,1.0,2.0,62.0,96.0,7,3.64,852,200,4503.0,68.043894,0.8,1.0,1,0,0,0,0,1,0,1,1,0,1,0,0,8,33.0,100.0
8185,40.40941,-3.7077,4,1.0,2.0,50.0,94.0,1,3.68,734,200,4503.0,68.043894,0.8,1.0,1,0,0,0,0,1,0,1,1,0,1,0,0,8,33.0,50.0
8186,40.40519,-3.6932,4,2.0,3.0,101.0,85.0,6,0.88,415,200,3917.0,55.025641,1.9,1.0,1,0,0,0,0,1,0,0,0,1,1,0,0,8,33.0,150.0
8187,40.41287,-3.72896,2,1.0,1.0,50.0,80.0,4,0.03,101,50,2287.0,47.008319,4.7,1.0,0,0,0,0,0,1,0,0,0,0,1,0,0,7,18.0,50.0
8188,40.40958,-3.73856,1,1.0,1.0,40.0,0.0,4,0.05,164,50,2287.0,47.008319,4.7,1.0,0,0,0,0,0,1,0,1,0,0,1,0,0,7,10.5,50.0
8190,40.42757,-3.63773,1,2.0,2.0,50.0,73.0,4,0.1,129,50,2893.0,50.090625,6.5,1.0,0,0,0,0,0,1,0,1,0,0,1,0,0,7,10.5,50.0
8191,40.40513,-3.69081,4,0.0,3.0,78.0,93.0,1,0.29,226,200,3917.0,55.025641,1.9,1.0,1,0,0,0,0,1,0,1,0,0,1,0,0,4,33.0,100.0
8192,40.40482,-3.69581,3,2.0,2.0,125.0,90.0,1,0.07,298,200,3917.0,55.025641,1.9,1.0,1,0,0,0,0,1,0,1,1,0,1,0,0,6,25.5,150.0
8193,40.4205,-3.70129,2,1.0,2.0,50.0,89.0,2,4.4,465,200,4503.0,68.043894,0.8,1.5,1,0,0,0,0,1,0,0,1,0,1,0,0,4,19.5,50.0
8194,40.43502,-3.66907,2,1.0,1.0,65.0,94.0,1,0.72,410,200,5328.0,74.694253,2.2,1.0,1,0,0,0,0,1,0,1,1,1,0,0,0,4,18.0,100.0
8195,40.42787,-3.70574,1,1.0,1.0,20.0,1.0,1,0.03,92,50,4503.0,68.043894,0.8,1.0,1,1,1,1,1,1,1,1,1,1,1,1,1,6,10.5,50.0
8196,40.39467,-3.6982,2,1.0,1.0,46.0,99.0,2,3.12,305,50,3917.0,55.025641,1.9,1.0,1,0,0,0,0,1,0,0,1,0,1,0,0,7,18.0,50.0
8197,40.41695,-3.70495,4,1.0,2.0,104.0,89.0,17,1.02,291,200,4503.0,68.043894,0.8,1.0,1,0,0,0,0,0,0,1,0,1,0,0,0,8,33.0,150.0
8198,40.41045,-3.70543,3,2.0,3.0,55.0,96.0,1,0.52,224,200,4503.0,68.043894,0.8,1.0,1,0,0,0,0,1,0,0,1,1,0,0,0,10,25.5,100.0
8199,40.40848,-3.69874,2,1.0,1.0,48.0,81.0,1,0.77,199,200,4503.0,68.043894,0.8,1.0,1,0,0,0,0,1,0,1,0,0,0,0,0,4,18.0,50.0
8201,40.41639,-3.70233,4,1.0,1.0,90.0,100.0,2,0.21,273,200,4503.0,68.043894,0.8,1.0,1,0,0,0,0,1,0,1,1,0,1,0,0,4,33.0,100.0
8202,40.38623,-3.7015,2,1.0,1.0,147.0,0.0,48,0.0,112,200,2316.0,43.910072,4.6,1.0,1,0,0,0,0,1,0,1,0,0,0,0,0,5,18.0,150.0
8203,40.42967,-3.70003,2,1.0,1.0,162.0,0.0,48,0.0,88,200,4855.0,64.056634,2.4,1.0,1,0,0,0,0,1,0,1,1,0,0,0,0,5,18.0,200.0
8204,40.45331,-3.70968,2,1.0,1.0,147.0,0.0,48,0.0,56,200,3476.0,60.621287,5.9,1.0,1,0,0,0,0,1,0,0,0,0,0,0,0,5,18.0,150.0
8205,40.41302,-3.72571,3,1.0,2.0,151.0,0.0,48,0.0,81,200,2287.0,47.008319,4.7,1.0,1,0,0,0,0,1,0,0,0,0,0,0,0,5,25.5,200.0
8206,40.42893,-3.69987,6,2.0,2.0,194.0,0.0,48,0.0,96,200,4855.0,64.056634,2.4,1.0,1,0,0,0,0,1,0,1,0,0,0,0,0,5,48.0,200.0
8207,40.38568,-3.71146,2,1.0,1.0,146.0,0.0,48,0.0,56,200,2316.0,43.910072,4.6,1.0,1,0,0,0,0,1,0,0,0,0,0,0,0,5,18.0,150.0
8208,40.46502,-3.70005,4,1.0,1.0,159.0,0.0,48,0.0,56,200,3476.0,60.621287,5.9,1.0,1,0,0,0,0,1,0,0,0,0,0,0,0,5,33.0,200.0
8209,40.41441,-3.72646,2,0.0,1.0,146.0,0.0,48,0.0,70,200,2287.0,47.008319,4.7,1.0,1,0,0,0,0,1,0,0,0,0,0,0,0,5,18.0,150.0
8210,40.41433,-3.72754,2,0.0,1.0,146.0,0.0,48,0.0,56,200,2287.0,47.008319,4.7,1.0,1,0,0,0,0,1,0,0,0,0,0,0,0,5,18.0,150.0
8211,40.41401,-3.72754,5,2.0,3.0,173.0,0.0,48,0.0,56,200,2287.0,47.008319,4.7,1.0,1,0,0,0,0,1,0,0,0,0,0,0,0,5,40.5,200.0
8212,40.46613,-3.6999,2,1.0,1.0,148.0,0.0,48,0.0,70,200,3476.0,60.621287,5.9,1.0,1,0,0,0,0,1,0,0,0,0,0,0,0,5,18.0,150.0
8213,40.4036,-3.74245,3,1.0,1.0,162.0,0.0,48,0.0,121,200,2287.0,47.008319,4.7,1.0,1,0,0,0,0,1,0,0,0,0,1,0,0,5,25.5,200.0
8214,40.45035,-3.70634,6,2.0,3.0,194.0,0.0,48,0.0,64,200,3476.0,60.621287,5.9,2.0,1,0,0,0,0,1,0,0,0,0,0,0,0,5,51.0,200.0
8215,40.41301,-3.7258,4,2.0,2.0,161.0,0.0,48,0.0,76,200,2287.0,47.008319,4.7,1.0,1,0,0,0,0,1,0,1,0,0,0,0,0,5,33.0,200.0
8216,40.41359,-3.6997,2,1.0,1.0,176.0,0.0,48,0.0,56,200,4503.0,68.043894,0.8,1.0,1,0,0,0,0,1,0,0,0,0,0,0,0,5,18.0,200.0
8217,40.44783,-3.70497,4,2.0,2.0,216.0,0.0,48,0.0,96,200,3476.0,60.621287,5.9,2.0,1,0,0,0,0,0,0,0,0,0,1,0,0,5,36.0,200.0
8218,40.46631,-3.69847,3,1.0,1.0,153.0,0.0,48,0.0,56,200,3476.0,60.621287,5.9,1.0,1,0,0,0,0,1,0,0,0,0,0,0,0,5,25.5,200.0
8219,40.3862,-3.70151,2,1.0,1.0,150.0,0.0,48,0.0,101,200,2316.0,43.910072,4.6,1.0,1,0,0,0,0,1,0,1,0,0,0,0,0,5,18.0,150.0
8221,40.46469,-3.69946,2,1.0,1.0,149.0,0.0,48,0.0,115,200,3476.0,60.621287,5.9,1.0,1,0,0,0,0,1,0,0,0,0,1,0,0,5,18.0,150.0
8222,40.41392,-3.72764,3,1.0,1.0,156.0,0.0,48,0.0,56,200,2287.0,47.008319,4.7,1.0,1,0,0,0,0,1,0,0,0,0,0,0,0,5,25.5,200.0
8223,40.41383,-3.72759,3,1.0,1.0,144.0,0.0,48,0.0,115,200,2287.0,47.008319,4.7,1.0,1,0,0,0,0,1,0,0,0,0,1,0,0,5,25.5,150.0
8224,40.46626,-3.69845,3,1.0,1.0,154.0,0.0,48,0.0,56,200,3476.0,60.621287,5.9,1.0,1,0,0,0,0,1,0,0,0,0,0,0,0,5,25.5,200.0
8225,40.4646,-3.69924,2,1.0,1.0,150.0,0.0,48,0.0,56,200,3476.0,60.621287,5.9,1.0,1,0,0,0,0,1,0,0,0,0,0,0,0,5,18.0,150.0
8226,40.41247,-3.72634,2,0.0,1.0,38.0,0.0,48,0.0,60,200,2287.0,47.008319,4.7,1.0,1,0,0,0,0,1,0,0,0,0,0,0,0,5,18.0,50.0
8227,40.46586,-3.69987,2,1.0,1.0,38.0,0.0,48,0.0,115,200,3476.0,60.621287,5.9,1.0,1,0,0,0,0,1,0,0,0,0,1,0,0,5,18.0,50.0
8228,40.41407,-3.72609,2,1.0,1.0,153.0,0.0,48,0.0,46,200,2287.0,47.008319,4.7,1.0,1,0,0,0,0,1,0,0,0,0,0,0,0,5,18.0,200.0
8229,40.45509,-3.71027,2,1.0,1.0,140.0,0.0,48,0.0,70,200,3476.0,60.621287,5.9,1.0,1,0,0,0,0,1,0,0,0,0,0,0,0,5,18.0,150.0
8230,40.41223,-3.72603,2,1.0,1.0,40.0,0.0,48,0.0,56,200,2287.0,47.008319,4.7,1.0,1,0,0,0,0,1,0,0,0,0,0,0,0,5,18.0,50.0
8231,40.45469,-3.70998,2,1.0,1.0,151.0,0.0,48,0.0,56,200,3476.0,60.621287,5.9,1.0,1,0,0,0,0,1,0,0,0,0,0,0,0,5,18.0,200.0
8232,40.44554,-3.66992,2,1.0,1.0,216.0,0.0,48,0.0,127,200,4508.0,67.220486,5.8,1.0,1,0,0,0,0,0,0,1,0,0,1,0,0,5,18.0,200.0
8233,40.41431,-3.72775,2,1.0,1.0,147.0,0.0,48,0.0,56,200,2287.0,47.008319,4.7,1.0,1,0,0,0,0,1,0,0,0,0,0,0,0,5,18.0,150.0
8234,40.42729,-3.7139,2,0.0,1.0,27.0,0.0,48,0.0,70,200,3555.0,63.451906,5.9,1.0,1,0,0,0,0,1,0,0,0,0,0,0,0,5,18.0,50.0
8235,40.40536,-3.68154,2,2.0,2.0,324.0,0.0,48,0.0,113,200,4220.0,63.672727,3.2,1.0,1,0,0,0,0,0,0,0,0,0,1,0,0,5,18.0,200.0
8237,40.41362,-3.72769,5,2.0,3.0,216.0,0.0,48,0.0,70,200,2287.0,47.008319,4.7,2.0,1,0,0,0,0,1,0,0,0,0,0,0,0,5,43.5,200.0
8238,40.42397,-3.70595,3,1.0,2.0,227.0,0.0,48,0.0,66,200,4503.0,68.043894,0.8,1.0,1,0,0,0,0,1,0,1,0,0,0,0,0,5,25.5,200.0
8239,40.42311,-3.71049,8,4.0,4.0,150.0,0.0,26,0.0,120,200,4503.0,68.043894,0.8,2.0,1,0,0,0,0,1,0,0,0,0,1,0,0,4,66.0,150.0
8240,40.4736,-3.58308,1,1.0,1.0,25.0,0.0,2,0.0,314,50,3047.0,56.183432,11.8,1.0,0,0,0,0,0,1,0,0,1,0,1,0,1,8,10.5,50.0
8241,40.38898,-3.69905,2,2.0,2.0,17.0,100.0,1,0.06,399,50,2316.0,43.910072,4.6,2.0,1,0,0,0,0,1,0,1,1,0,1,0,0,4,21.0,50.0
8246,40.44219,-3.67501,2,1.0,1.0,50.0,98.0,1,0.29,145,200,4508.0,67.220486,5.8,1.0,1,0,0,0,0,1,0,1,1,0,0,0,0,7,18.0,50.0
8248,40.40175,-3.69267,3,1.0,1.0,45.0,100.0,6,0.1,191,200,3917.0,55.025641,1.9,1.0,1,0,0,0,0,1,0,0,1,0,1,0,0,4,25.5,50.0
8249,40.41437,-3.70267,4,1.0,2.0,147.0,85.0,62,0.13,452,200,4503.0,68.043894,0.8,1.0,1,0,0,1,0,1,0,1,1,1,1,0,0,5,33.0,150.0
8250,40.42502,-3.67504,2,1.0,1.0,129.0,100.0,113,0.18,208,200,5328.0,74.694253,2.2,1.0,1,0,0,0,0,1,0,1,1,0,0,0,0,7,18.0,150.0
8251,40.44538,-3.70527,2,0.0,1.0,60.0,96.0,1,1.7,372,200,4855.0,64.056634,2.4,1.0,1,0,0,0,0,1,0,1,1,0,0,0,1,6,18.0,100.0
8252,40.42417,-3.69019,4,1.0,1.0,77.0,94.0,11,3.44,585,200,5328.0,74.694253,2.2,1.0,1,0,0,0,0,1,0,1,1,0,1,0,0,7,33.0,100.0
8253,40.40948,-3.72915,4,2.0,3.0,34.0,98.0,1,0.27,471,200,2287.0,47.008319,4.7,1.0,1,0,0,0,0,1,0,1,0,1,1,0,0,0,33.0,50.0
8255,40.40903,-3.7409,6,2.0,4.0,56.0,97.0,4,2.72,418,200,2287.0,47.008319,4.7,1.0,1,0,0,0,0,1,0,1,0,1,1,0,0,4,48.0,100.0
8256,40.46476,-3.58548,2,1.0,1.0,33.0,98.0,2,8.8,235,50,3047.0,56.183432,11.8,1.0,1,0,0,0,0,1,0,1,0,0,0,0,0,4,18.0,50.0
8257,40.39747,-3.69571,2,1.0,1.0,30.0,100.0,1,0.09,172,50,3917.0,55.025641,1.9,1.0,0,0,0,0,0,1,0,0,1,0,0,0,0,8,18.0,50.0
8258,40.41964,-3.7009,3,1.0,2.0,532.0,0.0,19,0.03,296,200,4503.0,68.043894,0.8,1.0,1,0,0,0,0,1,0,0,1,0,1,0,0,5,25.5,200.0
8259,40.38669,-3.69978,1,0.0,1.0,20.0,0.0,1,0.0,132,50,2316.0,43.910072,4.6,1.0,1,1,1,1,1,1,0,0,1,0,0,0,0,4,10.5,50.0
8260,40.41916,-3.70959,8,4.0,5.0,84.0,97.0,7,5.42,345,200,4503.0,68.043894,0.8,2.5,1,0,0,0,0,1,0,1,1,0,1,0,0,6,67.5,100.0
8261,40.42301,-3.68187,6,3.0,5.0,250.0,99.0,5,1.72,363,200,5328.0,74.694253,2.2,2.0,1,1,1,1,1,1,0,1,0,0,1,0,0,4,51.0,200.0
8262,40.44628,-3.67449,2,1.0,2.0,40.0,98.0,2,1.96,300,50,4508.0,67.220486,5.8,1.0,0,0,0,0,0,1,0,1,1,1,0,0,0,7,18.0,50.0
8263,40.41024,-3.69974,5,2.0,3.0,55.0,0.0,1,0.0,301,200,4503.0,68.043894,0.8,1.0,1,0,0,0,0,1,0,1,0,0,0,0,0,7,40.5,100.0
8264,40.41998,-3.70149,2,1.0,1.0,29.0,90.0,1,0.06,102,50,4503.0,68.043894,0.8,1.0,1,1,1,1,1,1,0,0,0,0,1,0,0,7,18.0,50.0
8265,40.40605,-3.69532,2,1.0,2.0,44.0,92.0,6,4.25,433,200,3917.0,55.025641,1.9,1.0,1,0,0,0,0,1,0,1,1,1,0,0,0,0,18.0,50.0
8266,40.4062,-3.69541,2,1.0,2.0,43.0,92.0,6,4.09,420,200,3917.0,55.025641,1.9,1.0,1,0,0,0,0,1,0,1,1,1,0,0,0,0,18.0,50.0
8267,40.40425,-3.6955,2,1.0,1.0,45.0,89.0,6,4.51,420,200,3917.0,55.025641,1.9,1.0,1,0,0,0,0,1,0,1,1,1,0,0,0,0,18.0,50.0
8268,40.40587,-3.69552,2,1.0,1.0,42.0,90.0,6,4.42,380,200,3917.0,55.025641,1.9,1.0,1,0,0,0,0,1,0,1,0,0,0,0,0,0,18.0,50.0
8269,40.40399,-3.69733,2,1.0,1.0,42.0,90.0,6,3.84,400,200,3917.0,55.025641,1.9,1.0,1,0,0,0,0,1,0,1,1,0,0,0,0,0,18.0,50.0
8270,40.40602,-3.69588,2,1.0,1.0,44.0,92.0,6,3.95,386,200,3917.0,55.025641,1.9,1.0,1,0,0,0,0,1,0,1,1,0,0,0,0,0,18.0,50.0
8271,40.43304,-3.67373,3,2.0,2.0,123.0,89.0,24,1.36,250,200,5328.0,74.694253,2.2,1.0,1,0,0,0,0,1,0,1,0,1,0,0,0,5,25.5,150.0
8272,40.45551,-3.7148,2,1.0,1.0,20.0,96.0,2,0.15,165,50,3555.0,63.451906,5.9,2.0,0,0,0,0,0,1,0,0,1,0,1,0,0,0,21.0,50.0
8273,40.41042,-3.70359,5,2.0,2.0,79.0,100.0,1,0.39,273,200,4503.0,68.043894,0.8,1.0,1,0,0,0,0,1,0,1,0,1,1,0,0,10,40.5,100.0
8274,40.40624,-3.67446,1,1.0,1.0,33.0,93.0,1,0.81,255,50,4220.0,63.672727,3.2,1.0,0,0,0,0,0,1,0,1,1,0,1,0,0,9,10.5,50.0
8275,40.4613,-3.69475,1,1.0,1.0,20.0,0.0,1,0.0,91,50,3476.0,60.621287,5.9,1.0,0,1,1,1,1,0,0,0,1,0,0,0,0,8,10.5,50.0
8276,40.42325,-3.69441,2,0.0,1.0,133.0,100.0,5,0.37,277,200,4503.0,68.043894,0.8,1.0,1,0,0,0,0,1,0,1,1,0,0,0,0,9,18.0,150.0
8277,40.42347,-3.69462,4,1.0,2.0,148.0,40.0,5,0.45,257,200,4503.0,68.043894,0.8,2.0,1,0,0,0,0,1,0,1,1,0,0,0,0,9,36.0,150.0
8278,40.42174,-3.69264,6,2.0,3.0,196.0,95.0,5,0.95,331,200,4503.0,68.043894,0.8,2.0,1,0,0,0,0,1,0,1,1,0,0,0,0,9,51.0,200.0
8279,40.3824,-3.70295,1,1.0,1.0,25.0,0.0,1,0.0,334,50,2316.0,43.910072,4.6,1.0,0,0,0,0,0,1,0,0,0,1,1,0,0,5,10.5,50.0
8280,40.3943,-3.69727,2,1.0,1.0,41.0,98.0,2,1.1,259,50,3917.0,55.025641,1.9,1.0,0,0,0,0,0,1,0,0,1,1,0,0,0,7,18.0,50.0
8282,40.40714,-3.71029,2,1.0,2.0,35.0,0.0,4,0.0,240,50,4503.0,68.043894,0.8,1.0,0,1,1,1,1,1,0,0,1,0,1,0,0,5,18.0,50.0
8283,40.41041,-3.71515,1,1.0,1.0,465.0,0.0,1,0.0,27,50,4503.0,68.043894,0.8,1.0,1,0,0,0,0,0,0,0,0,0,0,0,0,6,10.5,200.0
8284,40.48512,-3.66696,5,2.0,4.0,122.0,94.0,4,0.68,435,200,3312.0,62.061453,9.2,1.0,1,0,0,0,0,1,1,0,1,0,1,0,0,6,40.5,150.0
8285,40.42007,-3.70817,2,1.0,1.0,26.0,100.0,1,0.06,97,50,4503.0,68.043894,0.8,1.0,0,0,0,0,0,1,0,0,0,0,1,0,0,5,18.0,50.0
8286,40.4064,-3.67638,2,1.0,1.0,24.0,96.0,1,3.75,481,50,4220.0,63.672727,3.2,1.0,0,0,0,0,0,1,0,0,1,1,1,0,0,4,18.0,50.0
8287,40.39728,-3.69982,4,1.0,1.0,48.0,94.0,1,0.58,189,200,3917.0,55.025641,1.9,1.0,1,0,0,0,0,1,0,1,0,0,1,0,0,4,33.0,50.0
8288,40.43011,-3.70124,4,1.0,2.0,216.0,0.0,48,0.0,121,200,4855.0,64.056634,2.4,1.0,1,0,0,0,0,1,0,1,1,0,0,0,0,5,33.0,200.0
8289,40.44786,-3.67118,1,1.0,1.0,40.0,99.0,1,0.89,273,50,4508.0,67.220486,5.8,1.0,1,0,0,0,0,1,0,1,0,0,0,0,0,8,10.5,50.0
8290,40.4663,-3.69943,2,1.0,1.0,55.0,91.0,1,0.22,327,200,3476.0,60.621287,5.9,1.0,1,0,0,0,0,1,0,1,0,0,1,0,0,4,18.0,100.0
8291,40.3926,-3.6713,2,1.0,1.0,28.0,98.0,1,3.87,350,50,1890.0,41.443535,5.0,1.0,0,0,0,0,0,1,0,0,0,1,0,0,1,4,18.0,50.0
8292,40.3786,-3.65534,2,1.0,1.0,28.0,96.0,1,1.26,430,50,1890.0,41.443535,5.0,1.0,0,0,0,0,0,1,1,0,1,0,1,0,0,10,18.0,50.0
8293,40.41941,-3.70378,2,1.0,1.0,117.0,98.0,59,1.78,492,200,4503.0,68.043894,0.8,1.5,1,0,0,0,0,1,0,1,1,1,0,0,0,7,19.5,150.0
8294,40.41562,-3.70416,2,1.0,2.0,50.0,0.0,1,0.0,193,200,4503.0,68.043894,0.8,1.0,1,1,1,1,1,1,0,1,0,0,0,0,0,4,18.0,50.0
8295,40.40819,-3.69994,6,2.0,3.0,213.0,99.0,62,0.72,452,200,4503.0,68.043894,0.8,2.0,1,0,0,1,0,1,0,1,1,1,1,0,0,5,51.0,200.0
8296,40.41801,-3.66918,2,1.0,1.0,28.0,100.0,1,0.03,167,50,4220.0,63.672727,3.2,1.0,0,0,0,0,0,1,0,0,0,0,1,0,0,7,18.0,50.0
8297,40.46824,-3.7018,2,0.0,2.0,40.0,60.0,1,0.03,131,200,3476.0,60.621287,5.9,1.0,1,1,1,1,1,1,0,1,0,0,0,0,0,4,18.0,50.0
8298,40.42705,-3.67736,8,4.0,5.0,978.0,0.0,1,0.04,111,200,5328.0,74.694253,2.2,2.0,1,0,0,0,0,0,0,1,1,0,0,0,0,4,66.0,200.0
8299,40.40828,-3.70124,2,1.0,1.0,40.0,0.0,1,0.0,169,50,4503.0,68.043894,0.8,1.0,0,1,1,1,1,1,0,1,0,0,1,0,0,6,18.0,50.0
8300,40.42419,-3.65574,4,2.0,3.0,50.0,0.0,1,0.0,272,200,2893.0,50.090625,6.5,1.0,1,0,0,0,0,1,0,0,0,0,1,0,0,6,33.0,50.0
8301,40.42161,-3.69302,5,2.0,2.0,186.0,100.0,5,0.48,289,200,4503.0,68.043894,0.8,1.0,1,0,0,0,0,1,0,1,1,0,0,0,0,9,40.5,200.0
8302,40.42626,-3.6991,2,1.0,2.0,63.0,100.0,10,0.07,250,50,4503.0,68.043894,0.8,1.0,1,0,0,0,1,1,0,1,1,0,1,0,0,4,18.0,100.0
8303,40.42656,-3.69922,2,1.0,1.0,100.0,100.0,10,0.03,210,50,4503.0,68.043894,0.8,1.0,1,0,0,0,1,1,0,1,1,0,1,0,0,4,18.0,100.0
8304,40.42607,-3.69927,4,1.0,3.0,123.0,0.0,10,0.0,204,50,4503.0,68.043894,0.8,1.0,1,0,0,0,1,1,0,1,1,0,1,0,0,4,33.0,150.0
8305,40.42522,-3.70109,2,1.0,2.0,38.0,99.0,5,2.24,508,50,4503.0,68.043894,0.8,2.0,0,0,0,0,0,1,0,1,1,0,1,0,0,5,21.0,50.0
8306,40.41393,-3.69864,2,1.0,1.0,40.0,87.0,1,1.6,318,50,4503.0,68.043894,0.8,1.0,0,0,0,0,0,1,0,1,1,0,0,0,0,5,18.0,50.0
8307,40.42647,-3.69937,6,1.0,6.0,108.0,100.0,10,0.07,204,50,4503.0,68.043894,0.8,1.0,1,0,0,0,1,1,0,1,1,0,1,0,0,4,48.0,150.0
8308,40.42645,-3.70064,4,1.0,4.0,84.0,0.0,10,0.0,204,50,4503.0,68.043894,0.8,1.0,1,0,0,0,1,1,0,1,1,0,1,0,0,4,33.0,100.0
8309,40.40424,-3.70282,4,2.0,3.0,69.0,92.0,25,2.28,500,200,3917.0,55.025641,1.9,1.0,1,0,0,0,0,1,0,1,1,1,1,0,0,9,33.0,100.0
8310,40.42522,-3.71381,8,4.0,6.0,388.0,100.0,113,0.67,462,200,3555.0,63.451906,5.9,4.0,1,0,0,0,0,1,0,1,1,1,1,0,1,7,72.0,200.0
8311,40.42737,-3.70058,2,1.0,2.0,42.0,99.0,5,1.87,508,50,4503.0,68.043894,0.8,2.0,0,0,0,0,0,1,0,1,1,0,1,0,0,5,21.0,50.0
8312,40.38647,-3.65289,2,1.0,1.0,60.0,95.0,1,1.08,369,200,1890.0,41.443535,5.0,1.0,1,0,0,0,0,1,0,0,0,1,0,0,0,7,18.0,100.0
8313,40.42653,-3.70042,1,1.0,1.0,28.0,100.0,5,1.4,508,50,4503.0,68.043894,0.8,2.0,0,0,0,0,0,1,0,1,1,0,1,0,0,5,13.5,50.0
8314,40.41362,-3.71183,2,1.0,1.0,65.0,96.0,1,0.57,439,50,4503.0,68.043894,0.8,1.0,1,0,0,0,0,1,0,0,1,0,1,0,0,5,18.0,100.0
8315,40.36692,-3.69513,2,1.0,1.0,20.0,0.0,1,0.0,131,50,2316.0,43.910072,4.6,2.0,1,0,0,0,0,1,0,0,1,0,1,0,0,8,21.0,50.0
8316,40.44,-3.71202,3,3.0,3.0,135.0,0.0,24,0.0,207,200,4855.0,64.056634,2.4,1.0,1,0,0,0,0,1,0,1,1,0,1,0,0,6,25.5,150.0
8317,40.46607,-3.69506,4,2.0,2.0,96.0,98.0,8,5.22,940,200,3476.0,60.621287,5.9,1.0,1,0,0,0,0,1,0,0,1,0,1,1,1,6,33.0,100.0
8318,40.45737,-3.70283,5,3.0,3.0,45.0,0.0,1,0.0,163,200,3476.0,60.621287,5.9,1.0,1,0,0,0,0,1,0,1,1,0,1,0,0,7,40.5,50.0
8319,40.46765,-3.68686,4,2.0,2.0,90.0,0.0,1,0.0,76,200,4508.0,67.220486,5.8,1.0,1,1,1,1,1,0,0,0,1,0,1,0,0,4,33.0,100.0
8320,40.41066,-3.69352,6,1.0,3.0,75.0,96.0,1,1.43,228,200,4503.0,68.043894,0.8,1.0,1,0,0,0,0,1,0,1,0,0,0,0,0,11,48.0,100.0
8321,40.41996,-3.70914,2,1.0,1.0,30.0,100.0,1,0.03,288,50,4503.0,68.043894,0.8,1.0,0,0,0,0,0,1,0,0,1,0,1,0,0,4,18.0,50.0
8322,40.42164,-3.70242,4,1.0,2.0,89.0,82.0,15,1.13,313,200,4503.0,68.043894,0.8,1.0,1,0,0,0,0,1,0,1,1,0,0,0,0,4,33.0,100.0
8323,40.4098,-3.70913,4,1.0,3.0,88.0,90.0,6,0.07,173,200,4503.0,68.043894,0.8,1.0,1,0,0,0,0,1,0,1,1,0,1,0,0,4,33.0,100.0
8324,40.40813,-3.71073,3,1.0,2.0,80.0,0.0,6,0.0,176,200,4503.0,68.043894,0.8,1.0,1,0,0,0,0,1,0,1,1,0,1,0,0,4,25.5,100.0
8325,40.40807,-3.71058,4,1.0,3.0,93.0,80.0,6,0.07,184,200,4503.0,68.043894,0.8,1.0,1,0,0,0,0,1,0,1,1,0,1,0,0,4,33.0,100.0
8326,40.40842,-3.70868,4,1.0,3.0,99.0,91.0,6,0.36,184,200,4503.0,68.043894,0.8,1.0,1,0,0,0,0,1,0,1,1,0,1,0,0,4,33.0,100.0
8327,40.4098,-3.70875,6,1.0,4.0,130.0,100.0,6,0.07,184,200,4503.0,68.043894,0.8,1.0,1,0,0,0,0,1,0,1,1,0,1,0,0,4,48.0,150.0
8328,40.40773,-3.70925,6,2.0,5.0,158.0,100.0,6,0.09,184,200,4503.0,68.043894,0.8,1.0,1,0,0,0,0,1,0,1,1,0,1,0,0,4,48.0,200.0
8329,40.45378,-3.67941,4,1.0,3.0,96.0,78.0,3,0.44,143,50,4508.0,67.220486,5.8,1.0,1,0,0,0,0,1,0,1,1,0,0,0,0,4,33.0,100.0
8330,40.45473,-3.67936,2,1.0,2.0,63.0,76.0,3,0.25,182,50,4508.0,67.220486,5.8,1.0,1,0,0,0,0,1,0,1,1,0,0,0,0,4,18.0,100.0
8331,40.42899,-3.70513,5,1.0,4.0,107.0,90.0,8,0.08,171,200,4503.0,68.043894,0.8,1.0,1,0,0,0,0,1,0,1,1,0,0,0,0,4,40.5,150.0
8332,40.41251,-3.69758,3,1.0,1.0,77.0,98.0,3,2.54,308,200,4503.0,68.043894,0.8,1.0,1,0,0,0,0,1,0,1,0,0,0,0,0,6,25.5,100.0
8333,40.40459,-3.68301,2,1.0,1.0,51.0,98.0,3,3.25,453,200,4220.0,63.672727,3.2,1.0,1,0,0,0,0,1,0,1,1,0,1,0,0,7,18.0,100.0
8334,40.42934,-3.70724,4,3.0,4.0,145.0,96.0,1,0.98,333,200,4503.0,68.043894,0.8,2.0,1,0,0,0,0,1,0,1,0,0,1,0,0,0,36.0,150.0
8335,40.41312,-3.70084,5,2.0,3.0,105.0,0.0,1,0.0,464,200,4503.0,68.043894,0.8,1.0,1,0,0,0,0,1,0,1,1,0,1,0,0,4,40.5,150.0
8336,40.40903,-3.70294,2,1.0,1.0,35.0,80.0,2,0.09,274,50,4503.0,68.043894,0.8,1.0,0,1,1,1,1,1,0,1,1,0,1,0,0,5,18.0,50.0
8337,40.4106,-3.70948,3,1.0,2.0,158.0,97.0,62,0.72,432,200,4503.0,68.043894,0.8,1.0,1,0,0,0,0,1,0,1,1,0,1,0,0,5,25.5,200.0
8338,40.39857,-3.69883,1,1.0,1.0,15.0,0.0,1,0.0,149,50,3917.0,55.025641,1.9,1.0,0,0,0,0,0,1,0,0,1,0,1,0,0,4,10.5,50.0
8339,40.42742,-3.66019,2,0.0,1.0,50.0,0.0,1,0.03,84,200,5328.0,74.694253,2.2,1.0,1,0,0,1,0,1,0,0,0,0,0,0,0,9,18.0,50.0
8340,40.40649,-3.73206,4,2.0,2.0,61.0,100.0,1,0.09,153,200,2287.0,47.008319,4.7,1.0,1,0,0,0,0,1,0,0,0,0,1,0,0,6,33.0,100.0
8341,40.43851,-3.64569,1,1.0,1.0,18.0,94.0,2,1.47,194,50,2893.0,50.090625,6.5,1.0,1,0,0,1,0,1,0,0,0,0,1,0,0,6,10.5,50.0
8342,40.41928,-3.70827,2,1.0,1.0,28.0,84.0,29,0.17,237,50,4503.0,68.043894,0.8,2.0,0,0,0,0,0,1,0,1,1,0,0,0,0,4,21.0,50.0
8343,40.41876,-3.70864,3,1.0,3.0,29.0,95.0,29,0.12,218,50,4503.0,68.043894,0.8,2.0,0,0,0,0,0,1,0,1,1,0,0,0,0,4,28.5,50.0
8344,40.39659,-3.76892,2,1.0,1.0,19.0,0.0,2,0.0,67,50,2287.0,47.008319,4.7,1.0,0,0,0,0,0,1,0,0,0,0,0,0,0,4,18.0,50.0
8345,40.4076,-3.69999,4,1.0,3.0,74.0,93.0,1,2.46,457,200,4503.0,68.043894,0.8,1.0,1,0,0,0,0,1,0,1,1,0,1,0,0,0,33.0,100.0
8346,40.41638,-3.67819,4,2.0,2.0,200.0,94.0,1,0.23,480,200,4220.0,63.672727,3.2,1.0,1,0,0,0,0,1,0,1,1,0,1,0,0,8,33.0,200.0
8348,40.41877,-3.70996,2,1.0,2.0,25.0,80.0,29,0.18,147,50,4503.0,68.043894,0.8,2.0,0,0,0,0,0,1,0,1,1,0,0,0,0,4,21.0,50.0
8349,40.41897,-3.70203,7,2.0,5.0,75.0,82.0,4,0.41,293,200,4503.0,68.043894,0.8,1.0,1,0,0,0,0,1,0,0,0,0,1,0,0,4,55.5,100.0
8350,40.44272,-3.71333,6,3.0,3.0,129.0,87.0,1,2.5,303,200,4855.0,64.056634,2.4,2.0,1,0,0,0,0,1,0,1,1,0,1,0,0,6,51.0,150.0
8351,40.41654,-3.70955,6,2.0,2.0,118.0,96.0,3,2.21,227,200,4503.0,68.043894,0.8,1.0,1,0,0,0,0,1,0,1,0,0,0,0,0,5,48.0,150.0
8352,40.43185,-3.65466,1,1.0,1.0,35.0,0.0,2,0.0,277,50,2893.0,50.090625,6.5,1.0,0,0,0,0,0,1,1,1,1,0,1,0,0,9,10.5,50.0
8353,40.44324,-3.58412,4,1.0,3.0,69.0,92.0,1,0.46,243,200,2477.0,70.967532,7.3,1.0,1,0,0,0,0,1,1,1,1,0,0,0,0,4,33.0,100.0
8354,40.41146,-3.70254,2,1.0,1.0,30.0,98.0,2,1.85,411,50,4503.0,68.043894,0.8,1.0,0,0,0,0,0,1,0,0,0,1,1,0,0,6,18.0,50.0
8355,40.41039,-3.71115,4,1.0,1.0,40.0,100.0,1,0.06,231,200,4503.0,68.043894,0.8,1.0,1,0,0,0,0,1,0,0,0,0,1,0,0,7,33.0,50.0
8356,40.47071,-3.58686,1,1.0,1.0,40.0,98.0,2,0.34,149,50,3047.0,56.183432,11.8,1.0,0,0,0,0,0,1,0,1,0,0,1,0,0,4,10.5,50.0
8357,40.47974,-3.64677,3,1.0,2.0,70.0,99.0,7,0.61,430,200,3312.0,62.061453,9.2,1.0,1,0,0,1,0,1,0,1,1,1,1,0,0,6,25.5,100.0
8358,40.40514,-3.70643,2,1.0,2.0,95.0,90.0,2,0.06,204,200,3917.0,55.025641,1.9,1.0,1,0,0,0,0,0,0,0,1,0,0,0,0,6,18.0,100.0
8359,40.41865,-3.70846,2,1.0,2.0,20.0,67.0,29,0.19,308,50,4503.0,68.043894,0.8,1.0,0,0,0,0,0,1,0,1,1,0,0,0,0,4,18.0,50.0
8360,40.41866,-3.71028,4,1.0,4.0,21.0,70.0,29,1.0,208,50,4503.0,68.043894,0.8,2.0,0,0,0,0,0,1,0,1,1,0,0,0,0,4,36.0,50.0
8361,40.42123,-3.69609,2,2.0,2.0,50.0,0.0,1,0.03,167,50,4503.0,68.043894,0.8,1.5,0,0,0,0,0,1,0,0,1,0,1,0,0,6,19.5,50.0
8362,40.42742,-3.68544,2,1.0,1.0,180.0,0.0,92,0.0,216,200,5328.0,74.694253,2.2,1.0,1,0,0,0,0,1,0,1,1,0,1,0,0,7,18.0,200.0
8363,40.4354,-3.71635,5,3.0,5.0,92.0,96.0,20,2.73,784,200,4855.0,64.056634,2.4,2.0,1,0,0,0,0,1,0,0,1,0,0,0,0,9,43.5,100.0
8364,40.41863,-3.67554,3,2.0,2.0,50.0,100.0,5,0.29,287,200,4220.0,63.672727,3.2,1.0,1,0,0,0,0,1,0,1,1,0,1,0,0,7,25.5,50.0
8365,40.39737,-3.71827,2,1.0,2.0,27.0,98.0,1,1.89,395,50,2195.0,47.402837,6.6,1.5,0,0,0,0,0,1,0,0,1,0,1,0,0,8,19.5,50.0
8366,40.44885,-3.68883,4,1.0,2.0,97.0,96.0,59,2.56,467,200,4508.0,67.220486,5.8,1.0,1,0,0,0,0,1,0,1,1,1,1,0,0,7,33.0,100.0
8367,40.41474,-3.70098,4,1.0,2.0,40.0,92.0,18,0.82,347,200,4503.0,68.043894,0.8,1.0,1,0,0,0,0,1,0,1,1,0,1,0,0,6,33.0,50.0
8368,40.4452,-3.70927,2,1.0,1.0,30.0,0.0,1,0.0,109,200,4855.0,64.056634,2.4,1.0,1,0,0,0,0,1,0,0,1,0,1,0,0,4,18.0,50.0
8369,40.41866,-3.70843,2,1.0,2.0,18.0,77.0,29,0.19,232,50,4503.0,68.043894,0.8,2.0,0,0,0,0,0,1,0,1,1,0,0,0,0,4,21.0,50.0
8370,40.41145,-3.69865,2,0.0,1.0,1139.0,87.0,27,0.94,163,200,4503.0,68.043894,0.8,1.0,1,0,0,0,0,1,0,1,1,0,0,0,0,7,18.0,200.0
8371,40.42459,-3.7132,2,0.0,1.0,1139.0,84.0,27,0.4,151,200,3555.0,63.451906,5.9,1.0,1,0,0,0,0,1,0,1,0,0,0,0,0,7,18.0,200.0
8372,40.42186,-3.70232,3,1.0,1.0,88.0,80.0,15,0.58,281,200,4503.0,68.043894,0.8,1.0,1,0,0,0,0,1,0,1,1,0,0,0,0,4,25.5,100.0
8373,40.42696,-3.6773,8,4.0,1.0,1139.0,83.0,27,0.62,216,200,5328.0,74.694253,2.2,2.0,1,0,0,0,0,1,0,1,1,0,0,0,0,7,66.0,200.0
8374,40.43398,-3.71568,2,1.0,2.0,250.0,0.0,1,0.0,190,50,4855.0,64.056634,2.4,1.5,0,1,1,1,1,1,0,0,1,0,0,0,0,4,19.5,200.0
8375,40.4179,-3.71034,3,1.0,2.0,25.0,67.0,29,0.19,361,50,4503.0,68.043894,0.8,1.0,1,0,0,0,0,1,0,1,1,0,0,0,0,4,25.5,50.0
8376,40.40806,-3.75026,2,0.0,1.0,30.0,0.0,2,0.0,130,50,2287.0,47.008319,4.7,1.0,0,0,0,0,0,1,0,1,0,0,1,0,0,4,18.0,50.0
8377,40.40971,-3.72158,1,1.0,1.0,27.0,100.0,1,0.27,314,50,3917.0,55.025641,1.9,1.0,0,0,0,0,0,1,0,0,1,0,1,0,0,4,10.5,50.0
8378,40.42379,-3.69733,6,3.0,4.0,86.0,98.0,2,2.8,505,200,4503.0,68.043894,0.8,2.0,1,0,0,0,0,1,0,1,1,1,1,0,1,4,51.0,100.0
8379,40.43444,-3.69158,2,1.0,1.0,60.0,80.0,1,0.06,189,200,4855.0,64.056634,2.4,1.0,1,0,0,0,0,1,0,1,0,0,1,0,0,6,18.0,100.0
8380,40.42845,-3.70708,1,1.0,1.0,18.0,100.0,1,0.11,276,50,4503.0,68.043894,0.8,1.0,0,0,0,0,0,1,0,1,1,0,1,0,0,11,10.5,50.0
8381,40.41099,-3.69947,2,1.0,1.0,48.0,100.0,1,0.03,129,200,4503.0,68.043894,0.8,1.0,1,0,0,0,0,0,0,1,0,0,0,0,0,6,18.0,50.0
8382,40.47593,-3.57718,2,1.0,1.0,40.0,90.0,1,4.82,304,50,3047.0,56.183432,11.8,2.0,1,0,0,0,0,1,0,0,1,0,1,0,0,4,21.0,50.0
8383,40.42363,-3.66906,2,1.0,1.0,30.0,100.0,1,0.03,294,50,5328.0,74.694253,2.2,1.0,1,0,0,0,0,1,0,0,1,0,1,0,0,6,18.0,50.0
8384,40.40773,-3.71129,3,1.0,5.0,135.0,85.0,15,0.96,419,200,4503.0,68.043894,0.8,1.0,1,0,0,0,0,1,0,1,1,0,0,0,1,4,25.5,150.0
8385,40.43016,-3.70161,4,1.0,1.0,66.0,97.0,67,1.08,245,200,4855.0,64.056634,2.4,1.0,1,0,0,0,0,1,0,1,1,0,1,0,0,7,33.0,100.0
8386,40.41757,-3.70002,3,1.0,1.0,600.0,82.0,4,1.14,268,200,4503.0,68.043894,0.8,1.0,1,1,1,1,1,1,1,1,1,1,1,1,1,4,25.5,200.0
8387,40.35556,-3.68095,4,1.0,1.0,69.0,0.0,1,0.0,103,200,1696.0,37.641618,9.0,1.0,1,0,0,0,0,0,0,0,1,0,0,0,0,8,33.0,100.0
8390,40.42143,-3.7009,4,1.0,1.0,532.0,80.0,19,0.15,208,200,4503.0,68.043894,0.8,1.0,1,0,0,0,0,1,0,0,1,0,1,0,0,5,33.0,200.0
8391,40.38231,-3.70043,4,0.0,2.0,905.0,0.0,1,0.0,224,50,2316.0,43.910072,4.6,1.0,1,0,0,1,0,1,1,1,1,0,1,0,0,5,33.0,200.0
8392,40.41126,-3.71096,6,2.0,2.0,171.0,96.0,113,0.7,188,200,4503.0,68.043894,0.8,2.0,1,0,0,0,0,1,0,1,1,0,0,0,0,7,51.0,200.0
8393,40.41719,-3.71008,4,2.0,4.0,103.0,100.0,113,0.18,403,200,4503.0,68.043894,0.8,2.0,1,0,0,0,0,1,0,1,1,1,1,0,1,7,36.0,150.0
8394,40.45419,-3.70616,6,2.0,3.0,75.0,80.0,8,0.09,119,200,3476.0,60.621287,5.9,1.0,1,0,0,0,0,1,0,0,0,0,1,0,0,4,48.0,100.0
8395,40.4972,-3.68903,1,0.0,1.0,450.0,0.0,1,0.0,88,200,3545.0,57.198083,16.4,1.0,1,0,0,0,0,1,0,1,1,0,0,0,0,4,10.5,200.0
8396,40.42992,-3.72209,2,1.0,1.0,86.0,95.0,1,0.51,255,50,3555.0,63.451906,5.9,1.0,0,0,0,0,0,0,0,0,1,0,1,0,0,5,18.0,100.0
8398,40.41083,-3.69991,4,1.0,2.0,51.0,89.0,2,1.8,508,200,4503.0,68.043894,0.8,1.0,1,0,0,0,0,1,0,1,1,0,1,0,0,4,33.0,100.0
8399,40.43132,-3.70373,1,1.0,1.0,22.0,97.0,1,0.25,176,50,4855.0,64.056634,2.4,2.5,0,0,0,0,0,1,0,1,0,0,1,0,0,6,15.0,50.0
8401,40.38708,-3.69972,1,1.0,1.0,31.0,98.0,1,0.68,386,50,2316.0,43.910072,4.6,1.0,1,0,0,0,0,1,0,0,1,0,1,0,0,7,10.5,50.0
8402,40.45714,-3.59266,2,1.0,1.0,99.0,0.0,1,0.03,167,200,3047.0,56.183432,11.8,1.0,1,0,0,0,0,1,0,0,0,0,1,0,0,9,18.0,100.0
8403,40.42438,-3.66685,2,1.0,1.0,40.0,96.0,1,1.62,519,50,5328.0,74.694253,2.2,1.0,0,0,0,0,0,1,0,0,1,0,1,0,0,8,18.0,50.0
8404,40.41148,-3.69984,4,1.0,2.0,72.0,92.0,2,2.21,543,200,4503.0,68.043894,0.8,1.0,1,0,0,0,0,1,0,1,1,0,1,0,1,4,33.0,100.0
8405,40.42251,-3.69896,4,2.0,2.0,111.0,0.0,1,0.0,718,200,4503.0,68.043894,0.8,1.0,1,0,0,0,0,0,0,1,0,0,1,1,0,4,33.0,150.0
8406,40.42396,-3.70533,4,1.0,2.0,81.0,100.0,2,0.13,503,200,4503.0,68.043894,0.8,1.0,1,0,0,0,0,1,0,1,1,1,1,0,0,9,33.0,100.0
8407,40.3931,-3.72591,3,2.0,2.0,73.0,0.0,1,0.06,399,200,2195.0,47.402837,6.6,2.0,1,0,0,0,0,1,0,0,1,0,1,0,0,8,28.5,100.0
8408,40.4272,-3.69296,7,3.0,6.0,233.0,90.0,25,0.25,647,200,4855.0,64.056634,2.4,3.0,1,0,0,0,0,1,0,1,1,1,1,0,0,11,61.5,200.0
8409,40.36507,-3.76099,1,1.0,1.0,18.0,96.0,1,0.76,269,50,2195.0,47.402837,6.6,1.0,0,0,0,0,0,1,0,0,1,0,0,0,0,4,10.5,50.0
8410,40.41281,-3.70879,3,1.0,2.0,127.0,80.0,72,0.1,185,200,4503.0,68.043894,0.8,1.0,1,0,0,0,0,1,0,1,0,0,1,0,0,6,25.5,150.0
8411,40.41281,-3.70879,6,2.0,3.0,137.0,88.0,72,0.27,298,200,4503.0,68.043894,0.8,1.0,1,0,0,0,0,1,0,1,1,1,1,0,0,6,48.0,150.0
8412,40.40954,-3.7,4,1.0,2.0,70.0,88.0,12,0.83,345,200,4503.0,68.043894,0.8,1.0,1,0,0,0,0,1,0,1,0,0,1,0,0,7,33.0,100.0
8413,40.41156,-3.70789,2,1.0,1.0,38.0,94.0,1,1.31,410,50,4503.0,68.043894,0.8,1.0,0,0,0,0,0,1,0,0,0,0,0,0,0,7,18.0,50.0
8414,40.41708,-3.70306,2,1.0,2.0,26.0,87.0,2,0.09,179,50,4503.0,68.043894,0.8,1.0,1,0,0,0,0,1,0,1,0,0,1,0,0,4,18.0,50.0
8415,40.42367,-3.69972,2,1.0,2.0,60.0,95.0,2,1.29,302,200,4503.0,68.043894,0.8,2.0,1,0,0,0,0,1,0,0,1,0,1,0,0,5,21.0,100.0
8418,40.41028,-3.70316,4,1.0,2.0,133.0,100.0,1,0.12,284,50,4503.0,68.043894,0.8,1.0,1,0,0,0,0,1,0,1,0,1,1,0,0,7,33.0,150.0
8419,40.35848,-3.68515,2,1.0,1.0,14.0,99.0,2,2.46,403,50,1696.0,37.641618,9.0,2.0,0,0,0,0,0,1,0,0,1,0,1,0,0,4,21.0,50.0
8420,40.4202,-3.70149,6,2.0,3.0,64.0,99.0,2,2.48,483,200,4503.0,68.043894,0.8,1.0,1,0,0,0,1,1,0,1,1,1,1,0,0,4,48.0,100.0
8421,40.38954,-3.73846,1,1.0,2.0,24.0,97.0,2,0.22,249,50,2195.0,47.402837,6.6,1.5,0,0,0,0,0,1,0,0,0,0,1,0,0,4,12.0,50.0
8422,40.40647,-3.70349,2,1.0,2.0,50.0,95.0,1,1.17,161,50,4503.0,68.043894,0.8,2.0,1,0,0,0,0,1,0,0,1,0,0,0,0,4,21.0,50.0
8423,40.42793,-3.70973,6,2.0,4.0,103.0,96.0,1,5.49,903,200,4503.0,68.043894,0.8,2.0,1,0,0,0,0,1,0,1,1,1,1,0,0,4,51.0,150.0
8424,40.43,-3.66327,1,1.0,1.0,24.0,97.0,1,0.82,239,50,5328.0,74.694253,2.2,1.0,0,0,0,0,0,1,0,0,0,1,0,0,0,7,10.5,50.0
8425,40.3922,-3.70937,2,1.0,2.0,35.0,93.0,2,1.38,429,50,2195.0,47.402837,6.6,1.0,0,0,0,0,0,1,0,0,0,0,1,0,1,4,18.0,50.0
8426,40.4117,-3.70653,6,2.0,2.0,71.0,91.0,5,1.48,168,200,4503.0,68.043894,0.8,1.0,1,0,0,0,0,1,0,0,0,0,0,0,0,5,48.0,100.0
8427,40.40794,-3.69995,2,1.0,1.0,69.0,100.0,2,0.13,518,200,4503.0,68.043894,0.8,1.0,1,0,0,0,0,1,0,1,1,0,1,0,0,4,18.0,100.0
8428,40.40985,-3.71215,2,1.0,1.0,70.0,89.0,11,0.5,471,200,4503.0,68.043894,0.8,1.0,1,0,0,0,0,1,0,1,1,1,1,0,0,7,18.0,100.0
8429,40.41373,-3.70002,2,1.0,2.0,60.0,100.0,20,0.04,430,50,4503.0,68.043894,0.8,2.0,0,0,0,0,0,1,0,1,1,0,0,0,0,6,21.0,100.0
8430,40.40099,-3.69184,4,1.0,1.0,66.0,89.0,1,1.72,216,200,3917.0,55.025641,1.9,1.0,1,0,0,0,0,1,0,1,0,0,0,0,0,4,33.0,100.0
8431,40.41354,-3.70059,1,0.0,3.0,51.0,0.0,20,0.0,494,50,4503.0,68.043894,0.8,2.0,0,0,0,0,0,1,0,1,1,0,1,0,0,6,13.5,100.0
8432,40.41367,-3.69833,2,1.0,2.0,49.0,0.0,20,0.0,393,50,4503.0,68.043894,0.8,2.0,0,0,0,0,0,1,0,1,1,0,1,0,0,6,21.0,50.0
8436,40.41399,-3.69997,4,1.0,4.0,58.0,80.0,20,0.13,412,50,4503.0,68.043894,0.8,3.0,0,0,0,0,0,1,0,0,1,0,0,0,0,6,39.0,100.0
8437,40.41237,-3.70943,2,0.0,1.0,51.0,98.0,1,2.93,502,200,4503.0,68.043894,0.8,1.0,1,0,0,0,0,1,0,1,1,0,1,0,1,6,18.0,100.0
8438,40.41727,-3.70055,5,2.0,5.0,69.0,87.0,4,0.1,130,200,4503.0,68.043894,0.8,1.0,1,1,1,1,1,1,0,0,0,0,0,0,0,4,40.5,100.0
8440,40.36987,-3.6999,2,1.0,1.0,24.0,94.0,1,1.13,579,50,2316.0,43.910072,4.6,1.5,0,0,0,0,0,1,0,1,0,1,1,0,1,4,19.5,50.0
8441,40.42288,-3.71061,4,1.0,1.0,64.0,88.0,9,2.36,319,200,4503.0,68.043894,0.8,1.0,1,0,0,0,0,1,0,1,0,0,1,0,0,7,33.0,100.0
8442,40.40971,-3.71212,6,1.0,3.0,40.0,88.0,38,2.8,335,200,4503.0,68.043894,0.8,1.0,1,0,0,0,0,1,0,1,1,0,0,0,0,9,48.0,50.0
8443,40.38607,-3.72915,1,1.0,1.0,35.0,100.0,2,0.11,125,50,2195.0,47.402837,6.6,1.5,0,0,0,0,0,1,0,0,1,0,0,0,0,5,12.0,50.0
8444,40.41204,-3.7083,4,1.0,2.0,62.0,87.0,7,0.84,304,200,4503.0,68.043894,0.8,1.0,1,0,0,0,0,1,0,0,0,0,0,0,0,5,33.0,100.0
8445,40.41184,-3.70634,4,2.0,2.0,69.0,98.0,1,3.33,357,200,4503.0,68.043894,0.8,1.0,1,0,0,0,0,1,0,1,0,0,1,0,0,4,33.0,100.0
8446,40.34772,-3.71019,2,2.0,1.0,600.0,0.0,1,0.0,131,50,1696.0,37.641618,9.0,1.0,0,0,0,0,0,1,0,0,0,0,1,0,0,4,18.0,200.0
8447,40.38141,-3.65699,2,1.0,1.0,600.0,100.0,1,0.06,314,200,1890.0,41.443535,5.0,1.0,1,0,0,0,0,1,0,1,0,0,1,0,0,4,18.0,200.0
8448,40.43523,-3.64276,4,2.0,2.0,40.0,84.0,3,0.81,192,200,2893.0,50.090625,6.5,1.0,1,0,0,0,0,1,0,0,0,0,1,0,0,5,33.0,50.0
8449,40.39604,-3.66432,2,1.0,2.0,33.0,99.0,1,0.45,421,50,1890.0,41.443535,5.0,1.0,1,0,0,0,0,1,0,1,1,1,1,0,0,5,18.0,50.0
8450,40.42047,-3.71775,1,1.0,1.0,55.0,100.0,1,0.06,157,200,3555.0,63.451906,5.9,1.0,1,0,0,0,0,1,0,1,1,0,0,0,0,4,10.5,100.0
8451,40.4121,-3.70777,8,4.0,5.0,179.0,96.0,67,2.18,457,200,4503.0,68.043894,0.8,4.0,1,0,0,0,0,1,0,1,1,0,1,0,0,7,72.0,200.0
8452,40.42074,-3.70851,3,1.0,3.0,80.0,100.0,1,0.41,525,200,4503.0,68.043894,0.8,1.0,1,0,0,0,0,1,0,1,1,0,1,0,1,4,25.5,100.0
8453,40.39159,-3.66296,2,1.0,1.0,46.0,100.0,1,0.13,239,200,1890.0,41.443535,5.0,1.0,1,0,0,0,0,1,0,1,0,0,1,0,0,8,18.0,50.0
8454,40.46912,-3.70416,1,0.0,1.0,21.0,87.0,2,0.21,306,50,3476.0,60.621287,5.9,1.0,0,0,0,0,0,1,0,0,1,0,1,0,0,4,10.5,50.0
8455,40.38494,-3.72388,4,1.0,1.0,60.0,92.0,2,0.33,179,200,2195.0,47.402837,6.6,1.0,1,0,0,0,0,1,0,1,0,0,0,0,0,7,33.0,100.0
8456,40.4379,-3.70871,1,1.0,1.0,27.0,100.0,2,0.19,139,50,4855.0,64.056634,2.4,1.0,0,0,0,0,0,1,0,1,0,0,1,0,0,4,10.5,50.0
8458,40.42545,-3.70514,2,1.0,1.0,30.0,100.0,1,0.07,117,50,4503.0,68.043894,0.8,2.0,0,0,0,0,0,0,0,0,0,0,0,0,0,8,21.0,50.0
8471,40.41081,-3.705,2,0.0,2.0,30.0,91.0,1,2.97,398,200,4503.0,68.043894,0.8,1.0,1,0,0,0,0,1,0,0,1,0,1,0,1,4,18.0,50.0
8472,40.42317,-3.7019,2,1.0,1.0,35.0,87.0,2,1.8,158,50,4503.0,68.043894,0.8,1.0,0,0,0,0,0,1,0,1,0,0,0,0,0,6,18.0,50.0
8473,40.41338,-3.70227,3,1.0,1.0,67.0,96.0,3,1.55,382,200,4503.0,68.043894,0.8,1.5,1,0,0,0,0,1,0,1,1,0,1,0,0,8,27.0,100.0
8474,40.41358,-3.66096,7,2.0,7.0,89.0,81.0,1,2.07,551,200,2547.0,45.581197,5.0,3.0,1,0,0,0,0,1,0,1,1,1,1,0,0,4,61.5,100.0
8475,40.4213,-3.71016,8,3.0,5.0,67.0,95.0,1,4.05,461,200,4503.0,68.043894,0.8,3.0,1,0,0,0,0,1,0,0,0,1,1,0,0,7,69.0,100.0
8478,40.47063,-3.69366,2,1.0,2.0,38.0,94.0,1,1.22,81,50,3476.0,60.621287,5.9,1.0,1,0,0,0,0,1,0,0,0,0,1,0,0,5,18.0,50.0
8479,40.41014,-3.70147,2,1.0,2.0,32.0,100.0,1,0.65,190,50,4503.0,68.043894,0.8,1.0,0,0,0,0,0,1,0,0,0,0,0,0,0,6,18.0,50.0
8480,40.45006,-3.69647,6,2.0,4.0,96.0,97.0,2,0.62,555,200,3476.0,60.621287,5.9,2.0,1,0,0,0,0,1,0,1,1,0,1,0,0,4,51.0,100.0
8481,40.42105,-3.69642,2,1.0,1.0,65.0,90.0,5,0.54,313,50,4503.0,68.043894,0.8,1.0,0,0,0,0,0,1,0,1,1,0,0,0,0,9,18.0,100.0
8482,40.48998,-3.65491,5,1.0,1.0,400.0,100.0,1,0.03,229,200,3312.0,62.061453,9.2,1.0,1,1,1,1,1,1,1,1,1,1,1,1,1,0,40.5,200.0
8483,40.40309,-3.67717,1,1.0,2.0,40.0,0.0,1,0.0,181,50,4220.0,63.672727,3.2,1.0,0,0,0,0,0,1,0,0,1,0,1,0,0,4,10.5,50.0
8484,40.40019,-3.6393,2,1.0,1.0,35.0,98.0,1,0.75,315,50,2547.0,45.581197,5.0,1.0,1,0,0,0,0,1,0,1,0,0,0,0,0,8,18.0,50.0
8485,40.41471,-3.69964,3,1.0,2.0,51.0,88.0,2,2.23,206,50,4503.0,68.043894,0.8,2.0,1,0,0,0,0,1,0,0,0,0,0,0,0,4,28.5,100.0
8486,40.41666,-3.69702,2,1.0,1.0,33.0,88.0,22,0.84,254,50,4503.0,68.043894,0.8,3.0,1,0,0,0,0,1,0,0,0,0,0,0,0,11,24.0,50.0
8487,40.41746,-3.69763,2,1.0,3.0,25.0,87.0,22,0.42,423,50,4503.0,68.043894,0.8,1.0,0,0,0,0,0,1,0,0,0,0,1,0,0,11,18.0,50.0
8488,40.41933,-3.6978,2,1.0,1.0,51.0,97.0,11,1.67,661,50,4503.0,68.043894,0.8,1.0,1,0,0,0,0,1,0,1,1,1,1,0,0,7,18.0,100.0
8489,40.4093,-3.70204,3,1.0,2.0,79.0,87.0,1,0.13,259,200,4503.0,68.043894,0.8,1.0,1,0,0,0,0,1,0,1,0,0,1,0,0,6,25.5,100.0
8490,40.4248,-3.70436,2,0.0,1.0,62.0,94.0,1,0.46,309,200,4503.0,68.043894,0.8,1.0,1,0,0,0,0,1,0,0,0,0,1,0,0,4,18.0,100.0
8491,40.46705,-3.69392,1,1.0,1.0,20.0,96.0,3,2.53,570,50,3476.0,60.621287,5.9,1.0,0,0,0,0,0,1,0,1,0,0,1,0,0,7,10.5,50.0
8492,40.4257,-3.6606,2,4.0,1.0,29.0,100.0,1,0.05,214,50,5328.0,74.694253,2.2,1.5,0,0,0,0,0,1,0,0,1,0,1,0,0,6,19.5,50.0
8493,40.45552,-3.71632,2,1.0,1.0,20.0,75.0,2,0.25,149,50,3555.0,63.451906,5.9,1.0,0,0,0,0,0,1,0,0,1,0,1,0,0,0,18.0,50.0
8494,40.42256,-3.70375,4,1.0,4.0,52.0,88.0,1,2.2,353,200,4503.0,68.043894,0.8,1.0,1,1,1,1,1,1,0,0,1,0,1,0,0,6,33.0,100.0
8495,40.39182,-3.75669,2,1.0,1.0,60.0,0.0,2,0.0,514,50,2287.0,47.008319,4.7,1.0,0,0,0,0,0,1,0,0,0,1,1,0,0,11,18.0,100.0
8496,40.42278,-3.69595,6,2.0,3.0,121.0,99.0,3,2.06,500,200,4503.0,68.043894,0.8,2.0,1,0,0,0,0,1,0,1,1,0,1,0,0,8,51.0,150.0
8497,40.45468,-3.60362,4,1.0,2.0,121.0,100.0,6,0.04,200,200,3047.0,56.183432,11.8,1.0,1,0,0,0,0,0,0,1,0,0,0,0,0,4,33.0,150.0
8498,40.38717,-3.66377,2,1.0,1.0,40.0,60.0,2,0.11,369,50,1890.0,41.443535,5.0,1.0,0,0,0,0,0,1,0,0,0,0,1,0,0,4,18.0,50.0
8499,40.38742,-3.66398,2,1.0,1.0,24.0,97.0,2,0.23,300,50,1890.0,41.443535,5.0,1.0,0,0,0,0,0,1,0,0,0,0,0,0,0,4,18.0,50.0
8500,40.39084,-3.71108,3,1.0,3.0,33.0,94.0,2,2.01,384,50,2195.0,47.402837,6.6,1.0,0,0,0,0,0,1,0,0,0,0,0,0,0,4,25.5,50.0
8501,40.42363,-3.6341,2,1.0,1.0,25.0,92.0,1,0.41,273,50,2893.0,50.090625,6.5,1.0,0,0,0,0,0,1,0,0,1,0,1,0,0,4,18.0,50.0
8502,40.41718,-3.70425,6,3.0,4.0,190.0,93.0,14,1.44,704,200,4503.0,68.043894,0.8,2.0,1,0,0,0,0,1,0,1,1,1,1,1,1,8,51.0,200.0
8503,40.41993,-3.68874,8,3.0,4.0,194.0,96.0,8,1.09,423,200,4220.0,63.672727,3.2,2.5,1,0,0,0,0,1,0,1,1,0,1,0,0,5,67.5,200.0
8504,40.41144,-3.70085,4,2.0,2.0,147.0,94.0,1,1.66,323,200,4503.0,68.043894,0.8,2.0,1,0,0,0,0,1,0,1,1,0,1,0,0,4,36.0,150.0
8505,40.42929,-3.6355,2,1.0,1.0,33.0,97.0,1,0.77,530,50,2893.0,50.090625,6.5,1.0,0,0,0,0,0,1,0,1,1,1,1,0,0,7,18.0,50.0
8506,40.46416,-3.69276,4,1.0,2.0,80.0,91.0,1,0.22,332,200,3476.0,60.621287,5.9,1.0,1,0,0,0,0,0,0,1,1,1,1,0,0,4,33.0,100.0
8507,40.45894,-3.7064,4,2.0,3.0,129.0,97.0,8,4.09,721,200,3476.0,60.621287,5.9,2.0,1,0,0,0,0,1,1,1,1,1,1,0,0,6,36.0,150.0
8508,40.38879,-3.66846,1,0.0,1.0,35.0,0.0,1,0.0,86,50,1890.0,41.443535,5.0,1.0,0,1,1,1,1,1,0,1,0,0,0,0,0,4,10.5,50.0
8510,40.4219,-3.70794,12,5.0,10.0,500.0,97.0,6,2.04,404,200,4503.0,68.043894,0.8,2.0,1,0,0,0,0,1,0,1,1,1,1,0,1,7,96.0,200.0
8513,40.43373,-3.70817,1,1.0,1.0,21.0,80.0,1,0.05,324,50,4855.0,64.056634,2.4,1.5,0,0,0,0,0,1,0,0,1,0,1,0,0,6,12.0,50.0
8521,40.4134,-3.70788,4,1.0,2.0,116.0,99.0,12,1.15,735,200,4503.0,68.043894,0.8,1.0,1,0,0,0,0,1,0,1,1,0,1,0,1,4,33.0,150.0
8522,40.398,-3.66781,2,1.0,1.0,52.0,89.0,1,0.69,218,200,1890.0,41.443535,5.0,1.0,1,0,0,0,0,1,0,1,0,0,1,0,0,9,18.0,100.0
8523,40.44033,-3.69521,1,1.0,1.0,35.0,92.0,2,0.38,184,50,4855.0,64.056634,2.4,1.0,0,0,0,0,0,1,0,0,1,0,0,0,0,6,10.5,50.0
8524,40.45237,-3.7085,1,1.0,1.0,25.0,90.0,1,0.22,65,50,3476.0,60.621287,5.9,1.0,0,0,0,0,0,1,0,0,0,0,0,0,0,7,10.5,50.0
8525,40.40899,-3.69471,1,1.0,1.0,26.0,90.0,3,1.24,494,50,4503.0,68.043894,0.8,1.0,1,0,0,0,0,1,0,0,1,1,1,0,1,7,10.5,50.0
8527,40.43629,-3.69335,6,2.0,1.0,169.0,83.0,72,0.24,233,200,4855.0,64.056634,2.4,1.0,1,1,1,1,1,1,1,1,1,1,1,1,1,6,48.0,200.0
8528,40.42146,-3.70971,4,1.0,1.0,79.0,100.0,14,0.29,530,200,4503.0,68.043894,0.8,1.5,1,0,0,0,0,1,0,1,1,1,1,0,0,10,34.5,100.0
8529,40.41241,-3.69729,2,0.0,2.0,50.0,93.0,1,0.11,188,200,4503.0,68.043894,0.8,1.0,1,0,0,0,0,1,0,0,0,0,1,0,0,4,18.0,50.0
8530,40.46425,-3.74852,1,1.0,1.0,300.0,0.0,1,0.0,66,50,3555.0,63.451906,5.9,1.0,1,0,0,0,0,1,0,1,0,0,0,0,0,5,10.5,200.0
8531,40.41417,-3.69939,2,1.0,1.0,32.0,94.0,2,1.75,207,50,4503.0,68.043894,0.8,1.0,0,0,0,0,0,1,0,0,0,0,0,0,0,4,18.0,50.0
8532,40.42316,-3.71738,1,1.0,1.0,21.0,98.0,3,2.19,327,50,3555.0,63.451906,5.9,1.0,0,0,0,0,0,1,0,0,1,0,1,0,0,7,10.5,50.0
8533,40.42401,-3.64022,3,1.0,2.0,40.0,83.0,4,1.97,149,200,2893.0,50.090625,6.5,1.0,1,0,0,0,0,1,0,1,0,0,0,0,0,4,25.5,50.0
8535,40.41616,-3.6991,5,3.0,4.0,298.0,0.0,4,0.0,701,200,4503.0,68.043894,0.8,1.5,1,0,0,0,0,1,0,1,1,0,0,0,0,4,42.0,200.0
8536,40.41527,-3.69915,4,1.0,3.0,238.0,0.0,4,0.0,727,200,4503.0,68.043894,0.8,1.0,1,0,0,0,0,1,0,1,1,0,0,0,1,4,33.0,200.0
8538,40.40909,-3.74306,7,3.0,4.0,53.0,91.0,8,0.26,454,200,2287.0,47.008319,4.7,1.0,1,0,0,0,1,1,0,1,1,0,1,0,0,8,55.5,100.0
8539,40.41798,-3.70062,3,1.0,1.0,55.0,0.0,1,0.09,316,200,4503.0,68.043894,0.8,2.0,1,0,0,0,0,1,0,1,1,0,1,0,0,7,28.5,100.0
8541,40.40947,-3.65544,2,1.0,1.0,30.0,100.0,1,0.1,65,50,2547.0,45.581197,5.0,1.0,0,0,0,0,0,1,0,0,0,0,0,0,0,4,18.0,50.0
8542,40.39177,-3.71002,3,1.0,1.0,59.0,86.0,1,1.03,365,50,2195.0,47.402837,6.6,1.0,0,0,0,0,0,1,0,0,1,0,1,0,0,4,25.5,100.0
8543,40.45468,-3.67702,1,1.0,1.0,25.0,100.0,1,0.26,321,50,4508.0,67.220486,5.8,1.0,0,0,0,0,0,1,0,0,1,1,1,0,0,9,10.5,50.0
8544,40.41365,-3.69662,3,1.0,3.0,70.0,100.0,2,0.27,389,200,4503.0,68.043894,0.8,1.0,1,0,0,0,0,1,0,1,1,0,1,0,0,4,25.5,100.0
8545,40.45603,-3.69911,2,0.0,1.0,42.0,100.0,2,0.09,295,200,3476.0,60.621287,5.9,1.0,1,0,0,0,0,0,1,1,1,0,1,0,0,4,18.0,50.0
8546,40.42665,-3.70895,8,2.0,5.0,112.0,90.0,28,2.7,571,200,4503.0,68.043894,0.8,1.0,1,0,0,0,0,1,0,1,0,1,1,0,0,7,63.0,150.0
8547,40.41677,-3.67588,2,1.0,1.0,49.0,100.0,1,0.13,204,50,4220.0,63.672727,3.2,1.0,0,0,0,0,0,1,0,0,1,0,0,0,0,4,18.0,50.0
8548,40.44633,-3.67606,1,1.0,1.0,29.0,100.0,1,0.03,168,50,4508.0,67.220486,5.8,1.0,0,0,0,0,0,1,0,1,1,0,1,0,0,7,10.5,50.0
8550,40.4114,-3.69821,1,1.0,1.0,42.0,100.0,2,0.06,179,50,4503.0,68.043894,0.8,1.0,1,1,1,1,1,1,1,1,1,1,1,1,1,9,10.5,50.0
8551,40.4697,-3.5854,2,1.0,1.0,49.0,95.0,1,3.18,182,50,3047.0,56.183432,11.8,1.0,0,0,0,0,0,1,0,0,1,0,0,0,0,4,18.0,50.0
8552,40.42219,-3.71842,1,1.0,1.0,21.0,97.0,3,0.73,462,50,3555.0,63.451906,5.9,1.0,0,0,0,0,0,1,0,0,1,1,1,0,0,7,10.5,50.0
8553,40.46046,-3.70248,2,1.0,1.0,33.0,94.0,2,2.5,357,200,3476.0,60.621287,5.9,1.0,1,0,0,0,0,1,0,1,1,0,1,0,0,5,18.0,50.0
8554,40.47369,-3.58161,2,1.0,1.0,33.0,99.0,1,11.67,238,50,3047.0,56.183432,11.8,1.0,1,0,0,0,0,1,0,1,0,0,0,0,0,7,18.0,50.0
8556,40.36818,-3.71628,6,4.0,4.0,110.0,100.0,1,0.04,229,200,2316.0,43.910072,4.6,1.0,1,0,0,0,0,0,0,1,0,0,1,0,0,6,48.0,150.0
8557,40.43563,-3.68306,4,2.0,2.0,129.0,89.0,88,3.6,338,200,5328.0,74.694253,2.2,1.0,1,0,0,0,1,1,0,1,0,1,1,0,0,6,33.0,150.0
8561,40.34428,-3.70919,1,0.0,1.0,25.0,89.0,1,0.44,313,50,1696.0,37.641618,9.0,1.0,0,1,1,1,1,1,0,0,0,0,1,0,0,4,10.5,50.0
8578,40.41085,-3.69718,4,1.0,2.0,112.0,95.0,1,2.61,701,200,4503.0,68.043894,0.8,1.0,1,0,0,0,0,1,0,1,0,1,1,0,0,6,33.0,150.0
8579,40.42617,-3.7038,3,1.0,2.0,87.0,97.0,1,3.25,376,200,4503.0,68.043894,0.8,1.0,1,0,0,0,0,1,0,1,0,0,0,0,0,4,25.5,100.0
8580,40.42492,-3.70798,7,2.0,4.0,86.0,92.0,28,2.31,510,200,4503.0,68.043894,0.8,1.0,1,0,0,0,0,1,0,1,0,1,1,0,0,7,55.5,100.0
8581,40.40947,-3.74311,2,1.0,1.0,22.0,100.0,8,0.11,424,50,2287.0,47.008319,4.7,1.5,0,0,0,0,1,1,0,1,1,0,1,0,0,8,19.5,50.0
8582,40.42606,-3.70763,6,2.0,3.0,89.0,89.0,28,1.17,437,200,4503.0,68.043894,0.8,1.0,1,0,0,0,0,1,0,1,0,0,1,0,0,7,48.0,100.0
8583,40.40954,-3.7411,2,1.0,1.0,29.0,85.0,8,0.16,424,50,2287.0,47.008319,4.7,1.0,0,0,0,0,1,1,0,1,1,0,1,0,0,8,18.0,50.0
8584,40.40766,-3.74304,2,1.0,2.0,18.0,95.0,8,0.16,449,50,2287.0,47.008319,4.7,1.0,0,0,0,0,1,1,0,1,1,0,1,0,0,8,18.0,50.0
8585,40.38486,-3.71306,2,4.0,1.0,26.0,95.0,9,0.61,455,50,2316.0,43.910072,4.6,2.0,0,0,0,0,0,1,0,1,1,1,1,0,0,7,21.0,50.0
8587,40.42642,-3.70913,4,1.0,2.0,68.0,91.0,28,1.17,459,200,4503.0,68.043894,0.8,1.0,1,0,0,0,0,1,0,1,0,1,1,0,0,7,33.0,100.0
8588,40.42352,-3.70818,5,2.0,3.0,150.0,96.0,2,1.34,564,200,4503.0,68.043894,0.8,2.0,1,0,0,0,0,1,0,1,1,1,1,0,0,4,43.5,150.0
8589,40.42338,-3.70037,1,1.0,1.0,31.0,90.0,1,2.91,522,50,4503.0,68.043894,0.8,1.0,1,0,0,0,0,1,0,0,0,0,0,0,0,4,10.5,50.0
8590,40.4443,-3.69819,4,2.0,3.0,145.0,100.0,1,0.45,671,200,4855.0,64.056634,2.4,2.0,1,0,0,0,0,1,0,1,1,1,1,0,0,4,36.0,150.0
8591,40.42466,-3.66925,2,1.0,1.0,82.0,100.0,1,0.6,307,50,5328.0,74.694253,2.2,1.0,1,0,0,0,0,1,0,1,1,0,0,0,0,9,18.0,100.0
8592,40.42108,-3.65469,2,1.0,1.0,16.0,88.0,1,0.25,123,50,2893.0,50.090625,6.5,1.0,0,0,0,0,0,1,0,0,0,0,1,0,0,4,18.0,50.0
8593,40.42138,-3.70784,5,2.0,3.0,140.0,98.0,1,2.27,479,200,4503.0,68.043894,0.8,2.5,1,0,0,0,0,1,0,1,1,1,1,0,0,4,45.0,150.0
8594,40.41343,-3.7079,4,1.0,2.0,121.0,100.0,12,1.98,627,200,4503.0,68.043894,0.8,1.0,1,0,0,0,0,1,0,1,1,0,1,0,0,4,33.0,150.0
8595,40.41344,-3.70784,4,1.0,2.0,126.0,98.0,12,2.06,352,200,4503.0,68.043894,0.8,1.0,1,0,0,0,0,1,0,1,1,0,0,0,0,4,33.0,150.0
8596,40.4134,-3.7079,4,1.0,2.0,126.0,97.0,12,1.15,717,200,4503.0,68.043894,0.8,1.0,1,0,0,0,0,1,0,1,1,0,1,0,0,4,33.0,150.0
8597,40.41339,-3.70789,4,1.0,2.0,119.0,99.0,12,0.97,678,200,4503.0,68.043894,0.8,1.0,1,0,0,0,0,1,0,1,1,0,1,0,0,4,33.0,150.0
8598,40.41684,-3.70867,4,0.0,2.0,81.0,92.0,3,2.33,237,200,4503.0,68.043894,0.8,1.0,1,0,0,0,0,1,0,1,1,0,0,0,0,4,33.0,100.0
8599,40.41231,-3.70985,16,6.0,16.0,179.0,91.0,1,1.46,292,200,4503.0,68.043894,0.8,2.0,1,0,0,0,0,1,0,1,0,0,1,0,0,6,126.0,200.0
8600,40.41746,-3.70931,6,2.0,4.0,131.0,96.0,3,2.61,228,200,4503.0,68.043894,0.8,3.0,1,0,0,0,0,1,0,1,0,0,0,0,0,4,54.0,150.0
8601,40.44479,-3.67894,4,1.0,1.0,58.0,0.0,1,0.0,378,200,4508.0,67.220486,5.8,1.0,1,0,0,0,0,1,0,0,1,0,0,0,0,4,33.0,100.0
8602,40.41726,-3.70903,8,2.0,6.0,116.0,93.0,3,2.39,217,200,4503.0,68.043894,0.8,2.0,1,0,0,0,0,1,0,1,0,0,0,0,0,4,66.0,150.0
8603,40.41034,-3.70177,2,0.0,1.0,32.0,81.0,8,4.07,303,200,4503.0,68.043894,0.8,1.0,1,0,0,0,0,1,0,1,0,0,1,0,0,6,18.0,50.0
8604,40.39349,-3.71702,2,2.0,5.0,124.0,60.0,31,0.03,816,200,2195.0,47.402837,6.6,2.0,1,0,0,0,0,1,1,1,1,1,1,0,1,8,21.0,150.0
8605,40.41673,-3.70872,4,2.0,3.0,149.0,98.0,1,2.78,264,200,4503.0,68.043894,0.8,2.0,1,0,0,0,0,1,0,1,1,0,0,0,0,4,36.0,150.0
8606,40.4292,-3.70535,2,1.0,1.0,79.0,83.0,8,0.19,171,200,4503.0,68.043894,0.8,1.0,1,0,0,0,0,1,0,1,1,0,0,0,0,4,18.0,100.0
8607,40.42742,-3.7066,5,1.0,4.0,136.0,60.0,8,0.04,171,200,4503.0,68.043894,0.8,1.0,1,0,0,0,0,1,0,1,1,0,0,0,0,4,40.5,150.0
8608,40.42183,-3.70676,3,1.0,1.0,60.0,70.0,53,0.11,658,200,4503.0,68.043894,0.8,1.0,1,0,0,0,0,1,0,0,0,0,1,0,1,9,25.5,100.0
8609,40.42138,-3.70312,6,3.0,5.0,68.0,84.0,53,3.33,703,200,4503.0,68.043894,0.8,1.5,1,0,0,0,0,1,0,0,1,1,1,0,0,9,49.5,100.0
8610,40.42761,-3.70608,10,5.0,10.0,209.0,80.0,8,0.46,171,200,4503.0,68.043894,0.8,2.0,1,0,0,0,0,1,0,1,1,0,0,0,0,4,81.0,200.0
8611,40.43594,-3.68309,4,2.0,2.0,84.0,80.0,1,0.1,448,200,5328.0,74.694253,2.2,1.0,1,0,0,0,0,1,0,1,1,1,1,0,0,9,33.0,100.0
8612,40.42753,-3.70459,2,1.0,1.0,41.0,89.0,88,2.49,311,200,4503.0,68.043894,0.8,1.0,1,0,0,0,0,1,0,1,0,0,1,0,0,6,18.0,50.0
8613,40.4124,-3.69986,4,2.0,3.0,220.0,94.0,1,1.56,402,200,4503.0,68.043894,0.8,2.0,1,0,0,0,0,1,0,1,1,0,1,0,0,4,36.0,200.0
8614,40.4207,-3.70961,8,4.0,4.0,271.0,86.0,2,0.8,311,200,4503.0,68.043894,0.8,4.0,1,0,0,0,0,1,0,1,0,0,0,0,0,5,72.0,200.0
8615,40.42563,-3.69928,4,1.0,1.0,87.0,94.0,2,1.15,453,200,4503.0,68.043894,0.8,1.0,1,0,0,0,0,1,0,1,1,0,0,0,0,4,33.0,100.0
8616,40.42414,-3.70006,4,1.0,1.0,91.0,85.0,2,0.99,483,200,4503.0,68.043894,0.8,1.0,1,0,0,0,0,1,0,1,1,0,0,0,0,4,33.0,100.0
8617,40.42815,-3.70398,4,1.0,2.0,55.0,89.0,1,0.51,266,200,4503.0,68.043894,0.8,1.0,1,0,0,0,0,1,0,1,0,0,0,0,0,4,33.0,100.0
8618,40.39498,-3.71466,6,2.0,3.0,131.0,100.0,31,0.16,816,200,2195.0,47.402837,6.6,2.0,1,0,0,0,0,1,1,1,1,1,1,0,1,8,51.0,150.0
8619,40.41912,-3.70238,4,2.0,2.0,1000.0,0.0,2,0.0,327,200,4503.0,68.043894,0.8,2.5,1,0,0,0,0,1,0,1,1,0,1,0,0,4,37.5,200.0
8620,40.4211,-3.7033,2,1.0,1.0,900.0,0.0,2,0.0,337,200,4503.0,68.043894,0.8,1.5,1,0,0,0,0,1,0,1,1,0,1,0,0,4,19.5,200.0
8621,40.40934,-3.69801,1,1.0,1.0,26.0,85.0,8,3.31,290,50,4503.0,68.043894,0.8,1.5,0,0,0,0,0,1,0,0,1,0,0,0,0,8,12.0,50.0
8622,40.40782,-3.71099,6,2.0,3.0,77.0,60.0,1,0.04,193,200,4503.0,68.043894,0.8,2.0,1,0,0,0,0,1,0,1,0,0,1,0,0,4,51.0,100.0
8623,40.42721,-3.69847,2,1.0,1.0,30.0,93.0,1,0.19,177,50,4503.0,68.043894,0.8,1.0,0,0,0,0,0,1,0,0,0,0,1,0,0,7,18.0,50.0
8624,40.42311,-3.70106,2,1.0,1.0,45.0,0.0,1,0.0,176,200,4503.0,68.043894,0.8,1.0,1,0,0,0,0,1,0,1,0,0,1,0,0,6,18.0,50.0
8625,40.41924,-3.67408,1,1.0,1.0,25.0,100.0,1,0.07,139,50,4220.0,63.672727,3.2,1.0,0,0,0,0,0,1,0,0,1,0,1,0,0,6,10.5,50.0
8626,40.42326,-3.69956,5,2.0,2.0,85.0,96.0,1,1.9,534,200,4503.0,68.043894,0.8,1.0,1,0,0,0,0,1,0,1,0,0,0,0,0,4,40.5,100.0
8627,40.41017,-3.70931,5,2.0,3.0,85.0,98.0,1,2.98,307,200,4503.0,68.043894,0.8,1.0,1,0,0,0,0,1,0,1,1,0,1,0,0,4,40.5,100.0
8628,40.42076,-3.70037,16,7.0,15.0,736.0,100.0,10,0.17,669,200,4503.0,68.043894,0.8,5.0,1,0,0,0,0,1,0,1,1,1,1,0,1,9,135.0,200.0
8629,40.41269,-3.69557,2,1.0,2.0,46.0,100.0,2,0.19,519,50,4503.0,68.043894,0.8,1.0,1,0,0,0,0,1,0,1,1,0,1,0,0,12,18.0,50.0
8630,40.38536,-3.64136,2,1.0,2.0,59.0,0.0,1,0.06,123,50,1890.0,41.443535,5.0,1.5,0,0,0,0,0,1,0,0,0,0,0,0,0,4,19.5,100.0
8631,40.4061,-3.72059,1,1.0,1.0,35.0,97.0,1,2.01,400,50,3917.0,55.025641,1.9,1.5,1,0,0,0,0,1,0,0,1,0,1,0,0,4,12.0,50.0
8632,40.42572,-3.70327,2,1.0,1.0,80.0,93.0,1,0.22,307,200,4503.0,68.043894,0.8,1.0,1,1,1,1,1,1,0,1,1,0,1,0,0,8,18.0,100.0
8633,40.42247,-3.69743,2,1.0,1.0,75.0,98.0,1,0.29,126,50,4503.0,68.043894,0.8,1.0,0,0,0,0,0,1,0,0,1,0,1,0,0,7,18.0,100.0
8634,40.4134,-3.7079,6,2.0,4.0,216.0,97.0,12,1.41,722,200,4503.0,68.043894,0.8,2.0,1,0,0,0,0,1,0,1,1,0,1,0,0,4,51.0,200.0
8635,40.41552,-3.70223,1,1.0,1.0,29.0,100.0,4,0.11,164,50,4503.0,68.043894,0.8,1.0,1,0,0,0,0,1,0,1,1,0,1,0,0,4,10.5,50.0
8636,40.41573,-3.70075,2,1.0,1.0,37.0,95.0,4,4.0,164,50,4503.0,68.043894,0.8,1.0,1,0,0,0,0,1,0,1,1,0,1,0,0,4,18.0,50.0
8637,40.41566,-3.70224,2,1.0,2.0,37.0,97.0,4,0.31,164,50,4503.0,68.043894,0.8,1.0,1,0,0,0,0,1,0,1,1,0,1,0,0,4,18.0,50.0
8638,40.41746,-3.70128,3,1.0,3.0,52.0,80.0,4,0.34,164,50,4503.0,68.043894,0.8,1.0,1,0,0,0,0,1,0,1,1,0,1,0,0,4,25.5,100.0
8639,40.39978,-3.6961,4,1.0,2.0,120.0,81.0,1,0.65,316,200,3917.0,55.025641,1.9,1.0,1,0,0,0,0,1,0,1,1,0,0,0,0,4,33.0,150.0
8640,40.46614,-3.69919,2,1.0,1.0,30.0,98.0,1,0.45,384,50,3476.0,60.621287,5.9,1.0,0,0,0,0,0,1,0,1,1,0,1,0,0,6,18.0,50.0
8641,40.43167,-3.71951,1,1.0,1.0,30.0,93.0,1,1.61,322,50,3555.0,63.451906,5.9,1.0,1,1,1,1,1,1,1,1,1,1,1,1,1,4,10.5,50.0
8642,40.4064,-3.69303,2,1.0,1.0,35.0,97.0,1,1.55,289,50,3917.0,55.025641,1.9,1.0,0,0,0,0,0,1,0,1,1,0,0,0,0,8,18.0,50.0
8643,40.40078,-3.69343,8,3.0,4.0,153.0,92.0,20,2.21,576,200,3917.0,55.025641,1.9,2.0,1,0,0,0,0,1,0,1,1,1,1,0,1,8,66.0,200.0
8644,40.40267,-3.69965,1,1.0,1.0,49.0,97.0,2,0.28,274,200,3917.0,55.025641,1.9,1.0,1,0,0,1,0,1,0,1,1,0,1,0,0,9,10.5,50.0
8645,40.46464,-3.69966,4,1.0,2.0,96.0,90.0,1,0.14,368,200,3476.0,60.621287,5.9,1.0,1,0,0,0,0,1,0,1,1,0,1,0,0,4,33.0,100.0
8646,40.44184,-3.64597,2,1.0,2.0,50.0,98.0,1,0.35,174,50,2893.0,50.090625,6.5,1.0,0,0,0,0,0,1,0,1,0,0,0,0,0,6,18.0,50.0
8647,40.41339,-3.70788,4,1.0,1.0,126.0,99.0,12,1.79,399,200,4503.0,68.043894,0.8,1.0,1,0,0,0,0,1,0,1,1,0,0,0,0,4,33.0,150.0
8648,40.40981,-3.70353,2,1.0,1.0,40.0,95.0,3,2.05,436,50,4503.0,68.043894,0.8,1.0,0,0,0,0,0,1,0,1,0,1,1,0,0,4,18.0,50.0
8649,40.41343,-3.70786,4,1.0,2.0,116.0,96.0,12,1.38,721,200,4503.0,68.043894,0.8,1.0,1,0,0,0,0,1,0,1,1,0,1,0,1,4,33.0,150.0
8650,40.41981,-3.68879,6,2.0,3.0,141.0,92.0,8,0.49,467,200,4220.0,63.672727,3.2,2.5,1,0,0,0,0,1,0,1,1,0,1,0,0,5,52.5,150.0
8651,40.4134,-3.70788,4,1.0,2.0,126.0,97.0,12,2.37,382,200,4503.0,68.043894,0.8,1.0,1,0,0,0,0,1,0,1,1,0,0,0,0,4,33.0,150.0
8652,40.43183,-3.6548,1,1.0,1.0,25.0,100.0,1,0.26,366,50,2893.0,50.090625,6.5,1.0,1,1,1,1,1,1,1,1,1,1,1,1,1,4,10.5,50.0
8653,40.40426,-3.71471,4,2.0,3.0,85.0,96.0,1,0.5,360,200,3917.0,55.025641,1.9,1.0,1,0,0,0,0,1,0,0,1,0,1,0,0,5,33.0,100.0
8654,40.40941,-3.7089,6,3.0,6.0,89.0,89.0,14,1.66,275,200,4503.0,68.043894,0.8,1.0,1,1,1,1,1,1,0,1,1,0,0,0,0,6,48.0,100.0
8655,40.40195,-3.76045,6,1.0,4.0,125.0,96.0,6,0.35,410,200,2287.0,47.008319,4.7,1.0,1,0,0,0,0,1,0,1,0,0,1,0,1,0,48.0,150.0
8656,40.42587,-3.70164,4,1.0,2.0,80.0,90.0,4,0.07,199,200,4503.0,68.043894,0.8,1.0,1,0,0,0,0,1,1,1,1,0,1,0,0,4,33.0,100.0
8657,40.47597,-3.71543,1,1.0,1.0,15.0,97.0,1,0.51,432,50,3545.0,57.198083,16.4,1.0,0,0,0,0,0,1,0,0,1,0,1,0,1,9,10.5,50.0
8658,40.46856,-3.72281,1,1.0,1.0,12.0,94.0,1,1.32,187,50,3555.0,63.451906,5.9,1.0,0,0,0,0,0,1,0,0,1,0,1,0,0,7,10.5,50.0
8659,40.425,-3.70569,6,2.0,2.0,101.0,94.0,2,2.38,370,200,4503.0,68.043894,0.8,2.0,1,0,0,0,0,1,0,1,0,1,1,0,0,4,51.0,150.0
8662,40.39838,-3.66792,2,2.0,2.0,52.0,100.0,1,0.12,304,200,1890.0,41.443535,5.0,1.0,1,0,0,0,0,1,0,1,0,0,0,0,0,7,18.0,100.0
8663,40.40506,-3.67437,4,1.0,2.0,107.0,98.0,1,0.42,483,200,4220.0,63.672727,3.2,1.0,1,0,0,0,1,1,0,1,1,1,1,0,0,4,33.0,150.0
8664,40.40045,-3.70086,2,1.0,1.0,53.0,94.0,1,1.7,489,200,3917.0,55.025641,1.9,1.0,1,0,0,1,1,1,0,1,1,1,1,0,1,4,18.0,100.0
8665,40.42469,-3.70049,2,1.0,1.0,50.0,100.0,2,0.52,333,50,4503.0,68.043894,0.8,1.0,0,0,0,0,0,1,0,1,1,0,1,0,0,5,18.0,50.0
8666,40.42134,-3.70639,4,1.0,1.0,60.0,96.0,2,2.93,206,200,4503.0,68.043894,0.8,1.0,1,0,0,0,0,1,0,1,0,0,0,0,0,7,33.0,100.0
8667,40.4066,-3.68034,1,1.0,1.0,19.0,99.0,2,1.53,324,50,4220.0,63.672727,3.2,1.0,0,0,0,0,0,1,0,1,1,0,0,0,0,4,10.5,50.0
8668,40.42742,-3.70721,3,1.0,3.0,86.0,80.0,8,0.03,157,200,4503.0,68.043894,0.8,1.0,1,0,0,0,0,1,0,1,1,0,0,0,0,4,25.5,100.0
8669,40.42771,-3.70513,4,1.0,3.0,101.0,95.0,8,0.18,171,200,4503.0,68.043894,0.8,1.0,1,0,0,0,0,1,0,1,1,0,0,0,0,4,33.0,150.0
8670,40.42775,-3.70586,4,1.0,3.0,104.0,0.0,8,0.0,180,200,4503.0,68.043894,0.8,1.0,1,0,0,0,0,1,0,1,1,0,0,0,0,4,33.0,150.0
8671,40.42773,-3.70516,4,1.0,3.0,105.0,65.0,8,0.21,216,200,4503.0,68.043894,0.8,1.0,1,0,0,0,0,1,0,1,1,0,1,0,0,4,33.0,150.0
8672,40.42122,-3.71746,1,1.0,1.0,26.0,98.0,3,0.51,402,50,3555.0,63.451906,5.9,1.0,0,0,0,0,0,1,0,0,1,0,1,0,0,7,10.5,50.0
8673,40.42771,-3.70488,4,1.0,2.0,58.0,93.0,1,1.2,338,200,4503.0,68.043894,0.8,1.0,1,0,0,0,0,1,0,1,1,0,1,0,0,4,33.0,100.0
8674,40.40636,-3.70648,2,1.0,1.0,18.0,84.0,3,5.38,332,50,4503.0,68.043894,0.8,1.0,0,0,0,0,0,1,0,0,0,0,0,0,0,6,18.0,50.0
8675,40.40998,-3.70736,6,2.0,3.0,121.0,92.0,2,1.61,311,200,4503.0,68.043894,0.8,2.0,1,0,0,0,1,1,0,1,0,1,0,0,0,4,51.0,150.0
8676,40.42628,-3.70386,4,1.0,1.0,96.0,97.0,1,0.39,327,200,4503.0,68.043894,0.8,1.0,1,0,0,0,0,1,0,1,0,0,1,0,0,4,33.0,100.0
8678,40.41847,-3.70501,3,1.0,1.0,40.0,91.0,3,0.29,180,50,4503.0,68.043894,0.8,1.0,1,0,0,0,0,1,0,1,1,0,0,0,0,8,25.5,50.0
8679,40.41589,-3.70029,4,1.0,2.0,78.0,96.0,18,2.33,500,200,4503.0,68.043894,0.8,1.0,1,0,0,0,0,1,0,1,1,1,1,0,0,6,33.0,100.0
8680,40.47766,-3.65034,1,1.0,1.0,30.0,100.0,2,0.06,330,50,3312.0,62.061453,9.2,1.0,0,0,0,0,0,1,0,1,1,0,1,0,0,4,10.5,50.0
8681,40.41252,-3.72593,3,1.0,2.0,46.0,92.0,1,3.4,414,200,2287.0,47.008319,4.7,1.0,1,0,0,0,0,1,0,1,0,1,0,0,0,4,25.5,50.0
8682,40.41098,-3.70205,10,3.0,4.0,172.0,0.0,1,0.0,298,200,4503.0,68.043894,0.8,1.0,1,0,0,0,0,1,0,0,0,0,1,0,0,4,78.0,200.0
8683,40.41974,-3.70355,2,1.0,1.0,60.0,94.0,3,0.54,336,50,4503.0,68.043894,0.8,2.0,0,0,0,0,0,1,0,1,0,0,1,0,0,8,21.0,100.0
8684,40.40928,-3.70547,4,0.0,2.0,36.0,82.0,38,2.45,331,200,4503.0,68.043894,0.8,1.0,1,0,0,0,0,1,0,1,1,0,0,0,0,9,33.0,50.0
8685,40.4148,-3.70225,4,0.0,3.0,828.0,88.0,1,1.24,400,200,4503.0,68.043894,0.8,1.0,1,0,0,0,0,1,0,1,1,0,1,0,0,4,33.0,200.0
8687,40.37991,-3.64817,1,1.0,1.0,19.0,98.0,1,0.51,360,50,1890.0,41.443535,5.0,1.0,0,0,0,0,0,1,1,0,1,1,0,0,0,6,10.5,50.0
8688,40.40622,-3.68412,4,1.0,2.0,105.0,0.0,1,0.1,261,200,4220.0,63.672727,3.2,1.0,1,1,1,1,1,0,0,1,1,0,1,0,0,4,33.0,150.0
8689,40.42753,-3.6548,1,1.0,1.0,16.0,98.0,2,2.33,288,50,2893.0,50.090625,6.5,1.0,0,0,0,0,0,1,0,0,1,0,1,0,0,4,10.5,50.0
8690,40.42156,-3.7019,7,3.0,3.0,124.0,100.0,1,1.42,571,200,4503.0,68.043894,0.8,2.0,1,0,0,0,0,1,0,1,1,0,0,0,0,6,58.5,150.0
8691,40.42916,-3.65488,1,1.0,1.0,16.0,99.0,2,0.96,292,50,2893.0,50.090625,6.5,1.0,0,0,0,0,0,1,0,0,1,0,1,0,0,4,10.5,50.0
8692,40.45459,-3.69576,2,1.0,1.0,52.0,100.0,1,0.12,385,200,3476.0,60.621287,5.9,1.5,1,0,0,0,0,1,0,1,1,0,1,0,0,0,19.5,100.0
8693,40.41144,-3.70097,2,1.0,1.0,43.0,96.0,1,1.87,315,50,4503.0,68.043894,0.8,1.0,1,0,0,0,0,1,0,0,0,0,1,0,0,5,18.0,50.0
8694,40.47585,-3.5787,2,1.0,1.0,70.0,100.0,1,0.3,268,200,3047.0,56.183432,11.8,1.0,1,0,0,0,0,1,0,0,0,0,1,0,0,4,18.0,100.0
8695,40.40658,-3.70232,4,2.0,2.0,70.0,87.0,1,0.59,386,200,4503.0,68.043894,0.8,2.0,1,0,0,0,0,1,0,0,0,0,1,0,0,0,36.0,100.0
8696,40.42537,-3.69892,3,1.0,1.0,72.0,100.0,2,0.11,560,200,4503.0,68.043894,0.8,1.0,1,0,0,0,0,1,0,0,1,1,1,0,0,0,25.5,100.0
8697,40.41231,-3.70811,4,2.0,2.0,55.0,93.0,1,0.1,218,50,4503.0,68.043894,0.8,1.0,0,0,0,0,0,1,0,1,0,1,1,0,0,8,33.0,100.0
8698,40.39705,-3.76014,4,2.0,3.0,55.0,98.0,1,1.07,374,200,2287.0,47.008319,4.7,1.0,1,0,0,0,0,1,0,0,0,0,1,0,0,7,33.0,100.0
8699,40.48556,-3.66758,2,1.0,1.0,101.0,95.0,4,0.52,435,200,3312.0,62.061453,9.2,1.0,1,0,0,0,0,1,1,0,1,0,1,0,0,6,18.0,150.0
8700,40.42314,-3.70504,6,2.0,4.0,98.0,94.0,24,1.89,467,200,4503.0,68.043894,0.8,1.0,1,0,0,0,0,1,0,1,1,0,1,0,0,7,48.0,100.0
8701,40.45475,-3.60302,7,1.0,5.0,143.0,0.0,6,0.0,154,200,3047.0,56.183432,11.8,1.0,1,0,0,0,0,0,0,1,0,0,0,0,0,4,55.5,150.0
8702,40.43758,-3.69754,4,1.0,3.0,75.0,87.0,1,0.94,224,200,4855.0,64.056634,2.4,1.0,1,0,0,0,0,0,0,0,1,0,0,0,0,4,33.0,100.0
8703,40.37968,-3.6224,4,2.0,3.0,59.0,98.0,1,1.83,473,200,2382.0,49.659794,11.0,1.0,1,0,0,0,0,1,0,1,1,0,1,0,0,4,33.0,100.0
8704,40.4069,-3.681,2,1.0,1.0,48.0,98.0,1,2.08,429,50,4220.0,63.672727,3.2,1.0,1,0,0,0,0,1,0,1,1,0,1,0,0,8,18.0,50.0
8705,40.4199,-3.70457,9,4.0,5.0,289.0,99.0,4,1.02,284,200,4503.0,68.043894,0.8,2.5,1,0,0,0,0,1,0,1,1,0,0,0,0,5,75.0,200.0
8706,40.41374,-3.70102,6,3.0,3.0,250.0,70.0,12,0.12,263,200,4503.0,68.043894,0.8,2.0,1,0,0,0,0,1,0,0,1,0,1,0,0,4,51.0,200.0
8707,40.41916,-3.70303,9,2.0,7.0,299.0,93.0,3,2.19,425,200,4503.0,68.043894,0.8,2.0,1,0,0,0,0,1,0,1,1,0,1,0,0,7,73.5,200.0
8708,40.38686,-3.71172,2,4.0,1.0,16.0,90.0,9,0.81,188,50,2316.0,43.910072,4.6,2.0,0,0,0,0,0,1,0,0,1,0,1,0,0,7,21.0,50.0
8709,40.41341,-3.70787,4,1.0,2.0,116.0,96.0,12,0.84,670,200,4503.0,68.043894,0.8,1.0,1,0,0,0,0,1,0,1,1,0,1,0,0,4,33.0,150.0
8710,40.38696,-3.71118,2,4.0,2.0,16.0,100.0,9,0.23,188,50,2316.0,43.910072,4.6,2.0,0,0,0,0,0,1,0,0,1,0,1,0,0,7,21.0,50.0
8711,40.41339,-3.7079,4,1.0,2.0,116.0,99.0,12,1.24,700,200,4503.0,68.043894,0.8,1.0,1,0,0,0,0,1,0,1,1,0,1,0,0,4,33.0,150.0
8712,40.38709,-3.71101,2,4.0,1.0,26.0,97.0,9,0.19,243,50,2316.0,43.910072,4.6,2.0,1,0,0,0,0,1,0,0,1,0,1,0,0,7,21.0,50.0
8713,40.41364,-3.72421,5,2.0,4.0,122.0,90.0,7,0.81,317,200,2287.0,47.008319,4.7,1.0,1,0,0,0,0,1,0,1,0,0,1,0,0,4,40.5,150.0
8714,40.43133,-3.67769,4,2.0,3.0,165.0,100.0,1,0.07,196,200,5328.0,74.694253,2.2,2.0,1,0,0,0,0,1,0,1,1,0,1,0,0,4,36.0,200.0
8715,40.42968,-3.71508,2,1.0,2.0,130.0,90.0,10,0.15,352,200,4503.0,68.043894,0.8,1.0,1,0,0,0,0,1,0,1,1,0,1,0,0,4,18.0,150.0
8716,40.41954,-3.70393,2,1.0,1.0,38.0,91.0,4,8.2,337,200,4503.0,68.043894,0.8,1.0,1,0,0,0,0,1,0,1,0,0,0,0,0,0,18.0,50.0
8717,40.41149,-3.70925,6,2.0,3.0,46.0,93.0,1,2.25,291,200,4503.0,68.043894,0.8,1.0,1,0,0,0,0,1,0,0,1,0,0,0,0,8,48.0,50.0
8718,40.40701,-3.70221,3,1.0,1.0,59.0,81.0,24,1.69,400,200,4503.0,68.043894,0.8,1.0,1,0,0,0,0,1,0,1,1,0,0,0,0,7,25.5,100.0
8719,40.39007,-3.69364,7,4.0,4.0,79.0,88.0,1,1.92,295,200,3917.0,55.025641,1.9,2.0,1,0,0,0,0,1,0,1,1,0,0,0,0,0,58.5,100.0
8721,40.41742,-3.69908,4,2.0,2.0,154.0,0.0,12,0.1,277,200,4503.0,68.043894,0.8,1.0,1,0,0,0,0,1,0,1,0,1,1,0,0,4,33.0,200.0
8722,40.42401,-3.6914,4,1.0,2.0,116.0,94.0,13,2.34,468,200,4503.0,68.043894,0.8,1.0,1,0,0,0,0,1,0,1,1,0,1,0,1,4,33.0,150.0
8723,40.41586,-3.71113,2,1.0,1.0,36.0,93.0,7,0.56,241,50,4503.0,68.043894,0.8,1.5,1,0,0,0,0,1,0,1,0,0,1,0,0,5,19.5,50.0
8724,40.47504,-3.72798,2,0.0,1.0,98.0,0.0,1,0.0,236,50,3545.0,57.198083,16.4,1.0,1,1,1,1,1,1,0,1,0,0,1,0,0,4,18.0,100.0
8725,40.41491,-3.69094,3,1.0,2.0,110.0,93.0,3,0.4,229,200,4220.0,63.672727,3.2,1.5,1,0,0,0,0,1,0,1,1,0,1,0,0,7,27.0,150.0
8726,40.41511,-3.69064,4,1.0,3.0,130.0,60.0,3,0.12,186,200,4220.0,63.672727,3.2,1.5,1,0,0,0,0,1,0,1,1,0,1,0,0,7,34.5,150.0
8727,40.44281,-3.67421,4,1.0,2.0,54.0,67.0,2,0.12,364,200,4508.0,67.220486,5.8,1.0,1,0,0,0,0,1,0,0,0,0,1,0,0,4,33.0,100.0
8730,40.46905,-3.72189,1,1.0,2.0,22.0,97.0,1,2.0,430,50,3555.0,63.451906,5.9,1.5,0,0,0,0,0,1,0,1,1,0,1,0,0,4,12.0,50.0
8731,40.44316,-3.68064,2,1.0,1.0,60.0,80.0,1,0.1,163,200,4508.0,67.220486,5.8,1.0,1,0,0,0,0,1,0,1,0,0,1,0,0,7,18.0,100.0
8732,40.40989,-3.70771,2,1.0,1.0,33.0,87.0,1,0.35,158,50,4503.0,68.043894,0.8,1.0,0,0,0,0,0,1,0,0,1,0,0,0,0,4,18.0,50.0
8735,40.42711,-3.70641,1,1.0,1.0,40.0,100.0,9,0.09,343,50,4503.0,68.043894,0.8,0.0,1,0,0,0,0,1,0,1,0,0,0,0,0,4,7.5,50.0
8737,40.42517,-3.7049,1,1.0,1.0,45.0,100.0,9,0.07,382,50,4503.0,68.043894,0.8,1.0,1,0,0,0,1,1,0,1,0,0,1,0,0,4,10.5,50.0
8738,40.42502,-3.7061,2,1.0,1.0,100.0,80.0,9,0.03,382,50,4503.0,68.043894,0.8,1.0,1,0,0,0,1,1,0,1,0,0,1,0,0,4,18.0,100.0
8740,40.41431,-3.70417,2,0.0,1.0,48.0,96.0,1,3.03,314,200,4503.0,68.043894,0.8,1.0,1,0,0,0,0,1,0,1,1,0,1,0,0,4,18.0,50.0
8741,40.42078,-3.6996,3,1.0,2.0,53.0,93.0,1,3.37,363,200,4503.0,68.043894,0.8,1.0,1,0,0,0,0,1,0,1,0,0,0,0,1,4,25.5,100.0
8742,40.48041,-3.67588,6,3.0,4.0,90.0,100.0,1,0.25,349,200,4508.0,67.220486,5.8,2.0,1,0,0,0,0,1,0,0,1,0,1,0,0,5,51.0,100.0
8743,40.40297,-3.6894,2,1.0,1.0,27.0,95.0,1,0.26,229,50,3917.0,55.025641,1.9,1.0,0,0,0,0,0,1,0,0,0,0,1,0,0,4,18.0,50.0
8744,40.39225,-3.69784,1,1.0,1.0,17.0,95.0,2,2.14,538,50,3917.0,55.025641,1.9,1.5,0,0,0,0,0,1,0,1,1,0,1,0,0,4,12.0,50.0
8745,40.46475,-3.58547,1,1.0,1.0,22.0,97.0,2,4.7,286,50,3047.0,56.183432,11.8,1.0,0,0,0,0,0,1,0,0,0,0,0,0,0,4,10.5,50.0
8746,40.42843,-3.68384,1,1.0,1.0,25.0,91.0,2,0.45,321,50,5328.0,74.694253,2.2,1.0,1,0,0,0,0,1,0,1,1,0,0,0,0,7,10.5,50.0
8747,40.41996,-3.69745,3,1.0,1.0,77.0,92.0,12,2.39,418,200,4503.0,68.043894,0.8,1.0,1,0,0,0,0,1,0,1,1,0,1,0,0,7,25.5,100.0
8748,40.43255,-3.65629,1,1.0,1.0,30.0,94.0,1,0.52,527,50,2893.0,50.090625,6.5,1.0,0,0,0,0,0,1,0,0,0,0,1,0,0,4,10.5,50.0
8749,40.4325,-3.71631,1,1.0,1.0,16.0,95.0,1,0.71,165,50,4855.0,64.056634,2.4,1.0,1,0,0,0,0,1,0,0,1,0,1,0,0,11,10.5,50.0
8750,40.35509,-3.68282,2,1.0,1.0,15.0,94.0,2,4.0,153,50,1696.0,37.641618,9.0,1.5,0,0,0,0,0,1,0,0,0,0,1,0,0,4,19.5,50.0
8751,40.36446,-3.58981,2,1.0,1.0,143.0,100.0,3,0.16,227,50,2382.0,49.659794,11.0,1.0,1,0,0,0,0,1,0,1,1,0,1,0,0,7,18.0,150.0
8752,40.42194,-3.70003,2,0.0,2.0,101.0,97.0,1,0.45,478,200,4503.0,68.043894,0.8,1.0,1,0,0,0,0,1,0,1,1,0,1,0,0,0,18.0,150.0
8753,40.36261,-3.59034,2,1.0,1.0,64.0,100.0,3,0.04,398,50,2382.0,49.659794,11.0,1.0,0,0,0,0,0,1,0,1,1,0,1,0,0,7,18.0,100.0
8755,40.42523,-3.70249,2,1.0,1.0,80.0,97.0,1,0.24,293,200,4503.0,68.043894,0.8,1.0,1,0,0,0,0,1,0,0,0,1,1,0,0,8,18.0,100.0
8756,40.40967,-3.70848,6,1.0,1.0,168.0,0.0,6,0.0,556,200,4503.0,68.043894,0.8,1.0,1,0,0,0,0,1,0,1,0,1,1,0,0,8,48.0,200.0
8757,40.45458,-3.59062,1,1.0,1.0,40.0,100.0,1,0.2,331,50,3047.0,56.183432,11.8,1.0,1,0,0,0,0,1,0,1,1,1,1,0,0,9,10.5,50.0
8758,40.40802,-3.7086,2,1.0,1.0,49.0,0.0,6,0.0,556,50,4503.0,68.043894,0.8,1.0,0,0,0,0,0,1,0,1,0,1,1,0,0,8,18.0,50.0
8759,40.40979,-3.69825,3,1.0,2.0,100.0,90.0,1,0.1,146,200,4503.0,68.043894,0.8,1.0,1,0,0,0,0,1,0,1,1,0,1,0,0,10,25.5,100.0
8760,40.41283,-3.72717,2,1.0,1.0,168.0,0.0,6,0.0,669,50,2287.0,47.008319,4.7,1.0,0,0,0,0,0,1,0,1,0,1,1,0,1,8,18.0,200.0
8761,40.41331,-3.72756,2,1.0,1.0,42.0,0.0,6,0.0,669,50,2287.0,47.008319,4.7,1.0,0,0,0,0,0,1,0,1,0,1,1,0,1,8,18.0,50.0
8762,40.42438,-3.70174,3,0.0,2.0,115.0,90.0,1,1.04,287,200,4503.0,68.043894,0.8,1.0,1,0,0,0,0,1,0,1,1,0,0,0,0,4,25.5,150.0
8763,40.45269,-3.65549,4,1.0,2.0,99.0,80.0,1,0.39,247,200,2893.0,50.090625,6.5,1.0,1,0,0,0,0,1,0,1,1,0,1,0,0,6,33.0,100.0
8764,40.41532,-3.71011,3,0.0,2.0,42.0,78.0,1,0.82,258,200,4503.0,68.043894,0.8,1.0,1,0,0,0,0,1,0,0,0,0,0,0,0,4,25.5,50.0
8765,40.42537,-3.68188,4,2.0,2.0,130.0,88.0,15,1.11,508,200,5328.0,74.694253,2.2,2.0,1,0,0,0,0,1,0,1,0,0,1,0,0,6,36.0,150.0
8766,40.42279,-3.70241,2,1.0,1.0,59.0,98.0,1,0.78,388,200,4503.0,68.043894,0.8,1.0,1,0,0,0,0,1,0,1,0,0,1,0,0,4,18.0,100.0
8767,40.42139,-3.68572,2,1.0,1.0,86.0,95.0,1,1.64,410,200,5328.0,74.694253,2.2,1.0,1,0,0,0,0,1,0,1,1,1,0,0,0,6,18.0,100.0
8768,40.42488,-3.71303,15,7.0,8.0,401.0,92.0,3,1.35,326,200,3555.0,63.451906,5.9,4.0,1,0,0,0,0,1,0,0,1,0,0,0,0,7,124.5,200.0
8769,40.41529,-3.70411,7,0.0,6.0,300.0,92.0,25,1.43,139,200,4503.0,68.043894,0.8,1.0,1,0,0,0,0,1,0,1,1,0,0,0,0,7,55.5,200.0
8770,40.39591,-3.70029,5,3.0,5.0,126.0,98.0,1,1.79,380,200,3917.0,55.025641,1.9,1.0,1,0,0,1,0,1,0,1,1,0,0,0,0,4,40.5,150.0
8771,40.42236,-3.69909,4,1.0,1.0,38.0,98.0,1,1.27,314,200,4503.0,68.043894,0.8,1.0,1,0,0,0,0,1,0,1,1,0,0,0,0,8,33.0,50.0
8772,40.47169,-3.72802,1,1.0,1.0,21.0,90.0,2,0.16,383,50,3555.0,63.451906,5.9,1.0,0,0,0,0,0,1,1,1,1,0,1,0,0,4,10.5,50.0
8773,40.47315,-3.72855,1,1.0,1.0,16.0,100.0,2,0.19,330,50,3545.0,57.198083,16.4,1.5,0,0,0,0,0,1,0,1,1,0,1,0,0,4,12.0,50.0
8774,40.40798,-3.69929,2,0.0,1.0,67.0,90.0,1,2.13,123,200,4503.0,68.043894,0.8,1.0,1,0,0,0,0,1,0,0,1,0,0,0,0,4,18.0,100.0
8775,40.45967,-3.78436,6,4.0,5.0,151.0,86.0,1,1.06,632,200,3555.0,63.451906,5.9,3.0,1,0,0,0,0,1,1,1,0,1,1,0,0,4,54.0,200.0
8777,40.42236,-3.70768,4,1.0,2.0,48.0,89.0,14,0.88,344,200,4503.0,68.043894,0.8,1.0,1,0,0,0,0,1,0,1,1,1,0,0,0,10,33.0,50.0
8780,40.42215,-3.62008,2,1.0,2.0,36.0,97.0,2,0.38,288,50,2477.0,70.967532,7.3,1.0,0,0,0,0,0,1,0,0,0,0,1,0,0,5,18.0,50.0
8781,40.41933,-3.6978,3,1.0,2.0,51.0,92.0,11,0.75,670,50,4503.0,68.043894,0.8,1.0,1,0,0,0,0,1,0,1,1,1,1,0,0,7,25.5,100.0
8782,40.4322,-3.6526,2,1.0,1.0,26.0,95.0,3,2.56,396,50,2893.0,50.090625,6.5,1.0,0,0,0,0,0,1,0,1,0,0,1,0,0,6,18.0,50.0
8783,40.43696,-3.70658,4,2.0,2.0,57.0,95.0,1,0.55,397,200,4855.0,64.056634,2.4,1.0,1,0,0,0,0,1,0,1,1,0,1,0,0,4,33.0,100.0
8784,40.45728,-3.6953,2,1.0,2.0,150.0,100.0,1,0.39,580,200,3476.0,60.621287,5.9,1.0,1,0,0,0,0,1,1,1,0,1,1,0,0,4,18.0,150.0
8785,40.42424,-3.71464,2,1.0,1.0,21.0,86.0,1,0.32,255,50,3555.0,63.451906,5.9,1.0,0,0,0,0,0,1,0,1,1,0,1,0,0,4,18.0,50.0
8787,40.41468,-3.69809,1,1.0,1.0,31.0,98.0,1,0.59,137,50,4503.0,68.043894,0.8,1.0,0,0,0,0,0,1,0,1,0,0,0,0,0,4,10.5,50.0
8788,40.43847,-3.62865,4,1.0,1.0,82.0,99.0,2,1.22,308,200,2477.0,70.967532,7.3,1.5,1,0,0,0,0,1,0,1,1,0,0,0,0,4,34.5,100.0
8789,40.41904,-3.70022,4,0.0,1.0,60.0,90.0,67,1.39,262,200,4503.0,68.043894,0.8,1.0,1,0,0,0,0,1,0,1,0,0,1,0,0,7,33.0,100.0
8791,40.41099,-3.70857,3,1.0,3.0,59.0,94.0,6,5.52,552,200,4503.0,68.043894,0.8,1.0,1,0,0,0,0,1,0,1,1,0,1,0,0,4,25.5,100.0
8792,40.46421,-3.69356,2,1.0,1.0,39.0,90.0,1,0.75,208,200,3476.0,60.621287,5.9,1.0,1,0,0,0,0,1,0,1,0,0,0,0,0,4,18.0,50.0
8793,40.40581,-3.69221,3,1.0,3.0,60.0,94.0,6,6.34,552,200,3917.0,55.025641,1.9,1.0,1,0,0,0,0,1,0,1,1,0,1,0,0,4,25.5,100.0
8794,40.4058,-3.69229,4,1.0,4.0,60.0,94.0,6,6.51,611,200,3917.0,55.025641,1.9,1.0,1,0,0,0,0,1,0,1,1,1,1,0,0,4,33.0,100.0
8795,40.40716,-3.69366,4,1.0,4.0,39.0,95.0,6,6.35,541,200,3917.0,55.025641,1.9,1.0,1,0,0,0,0,1,0,1,1,0,1,0,0,4,33.0,50.0
8796,40.40705,-3.6918,3,1.0,3.0,39.0,96.0,6,6.29,561,200,3917.0,55.025641,1.9,1.0,1,0,0,0,0,1,0,1,1,1,1,0,0,4,25.5,50.0
8797,40.40569,-3.69156,3,1.0,3.0,35.0,91.0,6,5.45,541,200,3917.0,55.025641,1.9,1.0,1,0,0,0,0,1,0,1,1,0,1,0,0,4,25.5,50.0
8798,40.40754,-3.6555,2,1.0,1.0,55.0,100.0,3,0.2,605,50,2547.0,45.581197,5.0,1.0,1,0,0,0,0,1,0,1,1,0,1,0,0,4,18.0,100.0
8799,40.34982,-3.68636,2,1.0,1.0,140.0,0.0,2,0.0,162,50,1696.0,37.641618,9.0,1.0,0,0,0,0,0,1,0,0,0,0,1,0,0,4,18.0,150.0
8800,40.4174,-3.69593,3,1.0,2.0,29.0,95.0,22,0.31,420,50,4503.0,68.043894,0.8,1.0,0,0,0,0,0,1,0,0,0,1,1,0,0,11,25.5,50.0
8801,40.42378,-3.69822,2,1.0,1.0,28.0,98.0,3,4.47,285,50,4503.0,68.043894,0.8,1.0,0,0,0,0,0,1,0,1,1,0,0,0,0,7,18.0,50.0
8802,40.41057,-3.72649,2,1.0,1.0,41.0,99.0,1,5.51,290,50,2287.0,47.008319,4.7,1.0,1,0,0,0,0,1,0,1,0,0,1,0,0,4,18.0,50.0
8804,40.44445,-3.6825,4,2.0,3.0,250.0,100.0,2,0.07,537,200,4508.0,67.220486,5.8,2.0,1,0,0,0,0,1,0,1,1,0,0,0,1,5,36.0,200.0
8805,40.41933,-3.6978,5,1.0,3.0,46.0,97.0,11,0.82,670,50,4503.0,68.043894,0.8,2.0,0,0,0,0,0,1,0,1,1,1,1,0,0,7,43.5,50.0
8806,40.47966,-3.64808,1,2.0,2.0,30.0,100.0,2,0.12,348,50,3312.0,62.061453,9.2,2.0,1,0,0,0,0,1,0,0,1,0,1,0,0,4,13.5,50.0
8807,40.41602,-3.70959,2,1.0,1.0,70.0,0.0,2,0.0,115,50,4503.0,68.043894,0.8,1.0,0,0,0,0,0,1,0,1,0,0,0,0,0,6,18.0,100.0
8808,40.47847,-3.7253,8,4.0,8.0,300.0,0.0,2,0.0,571,200,3545.0,57.198083,16.4,1.5,1,0,0,0,0,1,0,1,0,1,1,0,1,4,64.5,200.0
8809,40.42691,-3.67535,2,1.0,1.0,103.0,100.0,1,0.17,404,200,5328.0,74.694253,2.2,1.0,1,0,0,0,0,0,0,1,0,0,0,0,0,8,18.0,150.0
8810,40.45396,-3.67995,10,1.0,2.0,69.0,91.0,1,1.08,399,200,4508.0,67.220486,5.8,1.0,1,0,0,0,0,1,0,1,1,0,1,0,0,7,78.0,100.0
8811,40.41933,-3.6978,2,1.0,2.0,46.0,95.0,11,0.87,645,50,4503.0,68.043894,0.8,2.0,0,0,0,0,0,1,0,1,1,1,1,0,0,7,21.0,50.0
8813,40.41636,-3.70756,4,1.0,1.0,90.0,92.0,2,0.2,495,200,4503.0,68.043894,0.8,1.0,1,0,0,0,0,1,0,1,0,1,1,0,0,4,33.0,100.0
8814,40.39613,-3.70119,5,3.0,4.0,114.0,92.0,1,0.17,393,200,3917.0,55.025641,1.9,1.0,1,0,0,0,1,1,0,1,1,0,1,0,0,6,40.5,150.0
8815,40.4331,-3.71518,4,1.0,1.0,88.0,88.0,1,0.27,529,200,4855.0,64.056634,2.4,1.0,1,1,1,1,1,1,1,1,1,1,1,1,1,4,33.0,100.0
8816,40.40807,-3.70149,2,1.0,1.0,68.0,86.0,1,0.31,472,200,4503.0,68.043894,0.8,1.0,1,0,0,0,0,1,0,0,0,0,1,0,0,4,18.0,100.0
8817,40.3865,-3.71779,2,1.0,1.0,22.0,100.0,1,0.24,361,50,2195.0,47.402837,6.6,1.0,0,0,0,0,0,1,0,0,0,1,1,0,0,6,18.0,50.0
8818,40.40281,-3.70281,1,1.0,1.0,26.0,0.0,1,0.03,143,50,3917.0,55.025641,1.9,1.5,0,0,0,0,0,1,0,0,1,0,1,0,0,6,12.0,50.0
8819,40.3551,-3.69022,2,1.0,2.0,16.0,93.0,1,1.59,411,50,1696.0,37.641618,9.0,1.0,0,0,0,0,0,1,0,1,1,0,0,0,0,4,18.0,50.0
8820,40.40274,-3.6887,4,2.0,4.0,79.0,96.0,2,2.19,576,200,3917.0,55.025641,1.9,1.0,1,0,0,0,0,1,0,1,0,0,1,0,0,6,33.0,100.0
8821,40.40778,-3.70505,1,1.0,1.0,30.0,96.0,1,1.63,322,50,4503.0,68.043894,0.8,1.0,0,0,0,0,0,1,0,0,1,1,1,0,0,4,10.5,50.0
8822,40.42012,-3.70268,2,1.0,1.0,82.0,0.0,1,0.0,233,200,4503.0,68.043894,0.8,1.0,1,0,0,0,0,1,0,1,1,0,1,0,0,4,18.0,100.0
8823,40.46849,-3.66743,2,1.0,1.0,54.0,91.0,1,0.29,361,200,2893.0,50.090625,6.5,1.0,1,1,1,1,1,1,1,1,1,0,1,0,0,7,18.0,100.0
8824,40.39332,-3.6683,8,3.0,5.0,123.0,92.0,40,1.01,412,200,1890.0,41.443535,5.0,2.0,1,0,0,0,0,1,0,1,0,1,1,0,0,5,66.0,150.0
8825,40.39174,-3.66848,8,3.0,5.0,105.0,95.0,40,1.66,412,200,1890.0,41.443535,5.0,2.0,1,0,0,0,0,1,0,1,0,1,1,0,0,5,66.0,150.0
8826,40.45342,-3.70557,2,1.0,1.0,50.0,96.0,7,1.17,577,200,3476.0,60.621287,5.9,1.0,1,0,0,0,0,1,0,1,1,0,1,0,0,4,18.0,50.0
8827,40.4091,-3.69908,1,1.0,1.0,18.0,89.0,3,4.17,185,50,4503.0,68.043894,0.8,1.0,1,0,0,0,0,1,0,0,0,0,0,0,0,6,10.5,50.0
8828,40.41523,-3.70137,5,1.0,1.0,35.0,88.0,3,2.1,372,200,4503.0,68.043894,0.8,1.0,1,0,0,0,0,1,0,1,1,0,1,0,1,8,40.5,50.0
8829,40.40951,-3.70862,4,1.0,2.0,60.0,96.0,2,1.43,368,200,4503.0,68.043894,0.8,1.0,1,0,0,0,0,1,0,1,1,0,1,0,0,7,33.0,100.0
8830,40.40766,-3.6981,2,1.0,1.0,49.0,0.0,2,0.16,160,50,4503.0,68.043894,0.8,1.0,1,0,0,0,0,1,0,1,1,0,1,0,0,9,18.0,50.0
8831,40.3743,-3.69033,2,1.0,1.0,39.0,95.0,1,1.17,251,50,2316.0,43.910072,4.6,1.0,0,0,0,0,0,1,0,0,1,0,0,0,0,6,18.0,50.0
8832,40.44496,-3.70199,6,2.0,3.0,64.0,92.0,4,3.95,434,200,4855.0,64.056634,2.4,1.0,1,0,0,0,0,1,0,0,1,0,1,0,0,4,48.0,100.0
8833,40.41427,-3.70505,8,2.0,6.0,86.0,95.0,7,1.47,297,200,4503.0,68.043894,0.8,2.0,1,0,0,0,0,1,0,1,0,0,0,0,0,10,66.0,100.0
8834,40.42662,-3.60745,1,1.0,1.0,27.0,80.0,2,0.07,317,50,2477.0,70.967532,7.3,1.0,0,0,0,1,0,1,0,0,1,0,1,0,0,11,10.5,50.0
8836,40.4109,-3.71005,2,1.0,1.0,50.0,86.0,2,0.23,273,200,4503.0,68.043894,0.8,1.0,1,0,0,0,0,1,0,1,0,0,1,0,0,10,18.0,50.0
8837,40.41484,-3.70059,4,1.0,2.0,57.0,94.0,8,0.44,210,200,4503.0,68.043894,0.8,1.0,1,0,0,0,0,1,0,1,0,1,0,0,0,10,33.0,100.0
8838,40.38909,-3.72159,2,1.0,1.0,24.0,96.0,2,0.94,395,50,2195.0,47.402837,6.6,1.0,0,0,0,0,0,1,0,0,0,0,1,0,0,4,18.0,50.0
8839,40.41239,-3.70523,4,1.0,2.0,64.0,96.0,7,2.6,468,200,4503.0,68.043894,0.8,1.0,1,0,0,0,0,1,0,1,1,1,1,0,0,8,33.0,100.0
8840,40.40918,-3.71317,4,1.0,1.0,44.0,98.0,2,2.17,311,200,4503.0,68.043894,0.8,1.0,1,0,0,0,0,1,0,1,0,0,1,0,0,7,33.0,50.0
8841,40.42502,-3.70409,4,2.0,2.0,75.0,94.0,1,1.82,320,200,4503.0,68.043894,0.8,2.0,1,0,0,0,0,1,0,0,0,0,0,0,0,4,36.0,100.0
8842,40.49082,-3.70069,4,3.0,3.0,100.0,0.0,3,0.0,138,200,3545.0,57.198083,16.4,1.0,1,0,0,0,0,1,1,1,0,0,0,0,0,6,33.0,100.0
8843,40.40781,-3.71399,1,1.0,1.0,20.0,93.0,3,0.35,261,50,4503.0,68.043894,0.8,1.0,0,0,0,0,0,1,0,0,1,0,1,0,0,9,10.5,50.0
8844,40.43603,-3.69893,1,1.0,1.0,38.0,0.0,1,0.0,140,50,4855.0,64.056634,2.4,1.0,1,1,1,1,1,1,0,1,1,0,0,0,0,8,10.5,50.0
8845,40.42175,-3.70798,2,1.0,1.0,36.0,94.0,20,5.12,259,50,4503.0,68.043894,0.8,1.0,1,0,0,0,0,1,0,0,0,1,1,0,0,8,18.0,50.0
8846,40.4592,-3.68039,4,1.0,2.0,100.0,87.0,1,0.1,259,200,4508.0,67.220486,5.8,1.0,1,0,0,0,0,1,1,1,1,0,1,0,0,7,33.0,100.0
8847,40.43942,-3.67271,2,1.0,1.0,39.0,92.0,1,2.01,255,200,4508.0,67.220486,5.8,1.0,1,0,0,0,0,1,0,0,1,0,1,0,0,7,18.0,50.0
8848,40.41232,-3.70536,4,1.0,2.0,76.0,96.0,7,2.97,757,200,4503.0,68.043894,0.8,1.0,1,0,0,0,0,1,0,1,1,1,0,0,0,6,33.0,100.0
8849,40.42686,-3.70244,2,1.0,1.0,38.0,99.0,5,1.51,508,50,4503.0,68.043894,0.8,2.0,0,0,0,0,0,1,0,1,1,0,1,0,0,5,21.0,50.0
8850,40.4374,-3.67287,2,1.0,1.0,60.0,100.0,1,0.1,283,200,5328.0,74.694253,2.2,1.0,1,1,1,1,1,1,0,1,1,0,1,0,0,5,18.0,100.0
8851,40.38417,-3.76639,2,1.0,1.0,30.0,93.0,1,0.19,330,50,2287.0,47.008319,4.7,1.0,0,0,0,0,0,1,0,0,0,0,0,0,0,4,18.0,50.0
8852,40.41074,-3.69983,5,2.0,4.0,62.0,96.0,17,1.79,390,200,4503.0,68.043894,0.8,2.0,1,0,0,0,0,1,0,1,1,0,1,0,0,9,43.5,100.0
8853,40.40958,-3.70609,4,1.0,2.0,28.0,80.0,2,0.22,335,200,4503.0,68.043894,0.8,1.5,1,0,0,0,0,1,0,1,1,1,0,0,0,4,34.5,50.0
8854,40.38968,-3.66541,2,1.0,1.0,22.0,92.0,1,2.45,287,50,1890.0,41.443535,5.0,1.0,0,0,0,0,0,1,0,0,1,0,1,0,0,4,18.0,50.0
8855,40.47645,-3.72517,5,2.0,5.0,250.0,0.0,2,0.0,454,200,3545.0,57.198083,16.4,2.0,1,0,0,0,0,1,0,1,0,1,1,0,0,4,43.5,200.0
8856,40.43673,-3.64174,5,2.0,2.0,55.0,95.0,1,4.65,420,200,2893.0,50.090625,6.5,2.0,1,0,0,0,0,1,0,1,1,1,0,1,0,4,43.5,100.0
8857,40.43179,-3.65254,2,1.0,1.0,24.0,98.0,3,1.97,437,50,2893.0,50.090625,6.5,1.0,0,0,0,0,0,1,0,1,0,1,1,0,0,6,18.0,50.0
8858,40.42503,-3.70625,5,2.0,3.0,105.0,94.0,1,4.05,402,200,4503.0,68.043894,0.8,1.0,1,0,0,0,0,1,0,1,0,0,1,0,0,7,40.5,150.0
8859,40.42139,-3.70105,4,2.0,2.0,200.0,100.0,2,0.03,166,200,4503.0,68.043894,0.8,1.0,1,0,0,0,0,1,0,1,1,0,1,0,0,4,33.0,200.0
8860,40.39998,-3.70097,2,1.0,1.0,35.0,100.0,2,0.3,335,50,3917.0,55.025641,1.9,1.0,1,0,0,0,0,1,0,1,1,0,0,0,0,6,18.0,50.0
8861,40.42643,-3.70749,4,1.0,2.0,54.0,92.0,1,1.65,307,200,4503.0,68.043894,0.8,1.0,1,0,0,0,0,1,0,1,1,0,0,0,0,10,33.0,100.0
8862,40.42228,-3.70557,2,1.0,1.0,130.0,100.0,1,0.54,247,200,4503.0,68.043894,0.8,1.0,1,0,0,0,0,1,0,1,1,0,0,0,0,7,18.0,150.0
8863,40.45118,-3.70584,2,1.0,1.0,49.0,93.0,7,0.2,419,50,3476.0,60.621287,5.9,1.0,1,0,0,0,0,1,0,1,1,0,1,0,0,4,18.0,50.0
8864,40.42079,-3.70266,2,1.0,1.0,65.0,85.0,2,0.13,156,50,4503.0,68.043894,0.8,1.0,0,0,0,0,0,1,0,1,1,0,1,0,0,4,18.0,100.0
8865,40.40561,-3.69154,5,3.0,3.0,118.0,95.0,8,2.2,408,200,3917.0,55.025641,1.9,2.0,1,0,0,0,0,1,0,1,1,1,1,0,0,0,43.5,150.0
8866,40.42314,-3.70966,3,1.0,2.0,35.0,0.0,2,0.0,488,50,4503.0,68.043894,0.8,1.0,1,0,0,0,0,1,0,1,1,0,1,0,0,4,25.5,50.0
8867,40.42151,-3.69759,2,1.0,1.0,56.0,100.0,1,0.03,164,50,4503.0,68.043894,0.8,1.5,0,0,0,0,0,1,0,0,1,0,1,0,0,4,19.5,100.0
8868,40.40836,-3.699,4,1.0,2.0,55.0,93.0,5,3.2,548,200,4503.0,68.043894,0.8,1.0,1,0,0,0,0,1,0,1,0,0,1,0,0,8,33.0,100.0
8869,40.42219,-3.6664,4,1.0,1.0,60.0,100.0,1,0.07,311,200,5328.0,74.694253,2.2,1.0,1,0,0,0,0,1,0,1,1,0,0,0,0,5,33.0,100.0
8870,40.42662,-3.70385,4,1.0,1.0,69.0,100.0,3,0.04,297,200,4503.0,68.043894,0.8,1.0,1,0,0,0,0,1,0,1,1,0,1,0,0,6,33.0,100.0
8871,40.45293,-3.70574,2,1.0,1.0,58.0,97.0,7,1.53,490,200,3476.0,60.621287,5.9,1.0,1,0,0,0,0,1,0,1,1,1,1,0,0,4,18.0,100.0
8872,40.42815,-3.705,2,1.0,1.0,25.0,96.0,1,3.23,318,50,4503.0,68.043894,0.8,1.0,0,0,0,0,0,1,0,0,1,1,0,0,0,11,18.0,50.0
8873,40.45161,-3.76775,1,1.0,1.0,40.0,100.0,7,1.11,549,50,3555.0,63.451906,5.9,1.0,1,0,0,0,0,1,0,1,0,0,1,0,0,4,10.5,50.0
8874,40.40851,-3.70003,3,1.0,1.0,64.0,100.0,2,0.07,374,200,4503.0,68.043894,0.8,1.0,1,0,0,0,0,1,0,0,1,0,1,0,0,4,25.5,100.0
8875,40.44987,-3.76786,2,1.0,2.0,45.0,97.0,7,0.23,426,50,3555.0,63.451906,5.9,1.0,1,0,0,0,0,1,0,1,0,0,1,0,0,4,18.0,50.0
8876,40.44481,-3.70483,3,0.0,2.0,93.0,60.0,2,0.1,468,200,4855.0,64.056634,2.4,1.5,1,1,1,1,1,1,0,1,0,1,1,0,1,5,27.0,100.0
8877,40.47716,-3.71534,2,1.0,1.0,29.0,100.0,1,1.02,399,50,3545.0,57.198083,16.4,1.0,0,0,0,0,0,0,0,1,0,0,0,0,0,7,18.0,50.0
8878,40.41577,-3.70302,1,1.0,1.0,22.0,100.0,1,0.03,221,50,4503.0,68.043894,0.8,1.0,1,0,0,0,0,1,0,0,0,0,1,0,0,5,10.5,50.0
8879,40.40054,-3.64714,1,1.0,1.0,16.0,0.0,1,0.0,491,50,2547.0,45.581197,5.0,1.5,0,0,0,0,0,1,0,1,0,1,1,0,0,5,12.0,50.0
8880,40.42782,-3.69832,10,3.0,5.0,163.0,96.0,3,4.22,297,200,4503.0,68.043894,0.8,2.0,1,0,0,0,0,1,0,1,1,0,0,0,0,6,81.0,200.0
8881,40.45475,-3.67879,1,1.0,1.0,27.0,100.0,1,2.19,698,50,4508.0,67.220486,5.8,1.0,1,0,0,0,0,0,0,0,1,0,0,1,0,4,10.5,50.0
8882,40.42434,-3.70736,2,1.0,1.0,100.0,99.0,2,1.54,550,200,4503.0,68.043894,0.8,1.0,1,0,0,0,0,1,0,1,0,0,1,0,0,6,18.0,100.0
8883,40.40663,-3.70476,2,1.0,1.0,89.0,80.0,1,0.03,121,200,4503.0,68.043894,0.8,1.0,1,0,0,0,0,0,0,1,0,0,0,0,0,4,18.0,100.0
8884,40.42607,-3.70913,1,1.0,1.0,30.0,100.0,2,0.72,397,50,4503.0,68.043894,0.8,1.0,0,0,0,0,0,1,0,1,0,0,0,0,0,6,10.5,50.0
8885,40.4126,-3.70998,4,2.0,2.0,100.0,100.0,3,0.03,384,200,4503.0,68.043894,0.8,2.0,1,0,0,0,0,1,0,1,0,0,1,0,0,4,36.0,100.0
8886,40.4253,-3.65029,2,2.0,3.0,9.0,100.0,1,0.06,188,50,2893.0,50.090625,6.5,1.0,0,1,1,1,1,1,0,0,0,0,0,0,0,6,18.0,50.0
8887,40.42728,-3.70643,3,1.0,2.0,70.0,100.0,1,0.07,112,200,4503.0,68.043894,0.8,1.0,1,0,0,0,0,0,0,0,1,0,0,0,0,9,25.5,100.0
8888,40.41288,-3.69601,3,0.0,2.0,44.0,96.0,15,4.3,319,200,4503.0,68.043894,0.8,1.0,1,0,0,0,0,1,0,1,0,0,1,0,0,9,25.5,50.0
8889,40.42285,-3.70603,6,2.0,3.0,78.0,100.0,1,0.31,425,200,4503.0,68.043894,0.8,2.0,1,0,0,0,0,1,0,0,0,0,1,0,0,5,51.0,100.0
8890,40.41065,-3.70378,2,1.0,1.0,58.0,90.0,1,1.33,148,200,4503.0,68.043894,0.8,1.0,1,0,0,0,0,1,0,0,0,0,0,0,0,4,18.0,100.0
8891,40.45183,-3.70425,7,3.0,4.0,119.0,97.0,1,3.52,448,200,3476.0,60.621287,5.9,1.0,1,0,0,0,0,1,0,1,0,0,0,0,0,6,55.5,150.0
8892,40.38303,-3.70265,4,2.0,3.0,25.0,82.0,1,1.09,370,50,2316.0,43.910072,4.6,1.5,0,0,0,0,0,1,0,0,0,1,0,0,0,4,34.5,50.0
8893,40.45546,-3.7107,3,1.0,3.0,55.0,0.0,2,0.0,468,50,3476.0,60.621287,5.9,1.0,0,0,0,0,0,1,0,1,1,0,1,0,0,7,25.5,100.0
8894,40.41259,-3.70783,4,1.0,1.0,96.0,0.0,1,0.0,99,200,4503.0,68.043894,0.8,1.0,1,0,0,0,0,1,0,1,0,0,0,0,0,4,33.0,100.0
8895,40.42102,-3.70445,4,1.0,2.0,57.0,93.0,15,0.75,542,200,4503.0,68.043894,0.8,1.0,1,0,0,0,0,1,0,1,1,1,1,0,0,6,33.0,100.0
8896,40.41819,-3.70849,2,1.0,2.0,51.0,100.0,11,0.18,498,200,4503.0,68.043894,0.8,1.0,1,0,0,0,0,1,0,1,1,1,1,0,0,7,18.0,100.0
8897,40.41986,-3.70141,2,1.0,1.0,52.0,89.0,1,2.95,143,200,4503.0,68.043894,0.8,1.0,1,0,0,0,0,1,0,1,0,0,0,0,0,4,18.0,100.0
8898,40.42708,-3.70625,2,1.0,1.0,36.0,100.0,3,0.03,139,50,4503.0,68.043894,0.8,1.0,0,0,0,0,0,1,0,0,0,0,1,0,0,4,18.0,50.0
8899,40.46162,-3.69437,4,2.0,2.0,95.0,100.0,1,0.03,247,200,3476.0,60.621287,5.9,2.0,1,0,0,0,0,1,0,1,1,0,1,0,0,8,36.0,100.0
8900,40.42822,-3.7016,2,1.0,1.0,97.0,96.0,4,0.46,492,50,4503.0,68.043894,0.8,1.0,1,0,0,0,0,1,0,1,1,0,1,0,0,7,18.0,100.0
8901,40.42778,-3.70169,2,1.0,1.0,89.0,95.0,4,0.39,475,50,4503.0,68.043894,0.8,1.0,1,0,0,0,0,1,0,1,1,0,1,0,0,7,18.0,100.0
8902,40.44867,-3.70245,2,0.0,1.0,56.0,97.0,5,3.34,538,200,3476.0,60.621287,5.9,1.0,1,0,0,0,0,1,0,1,0,0,0,1,0,5,18.0,100.0
8903,40.43495,-3.70129,2,1.0,2.0,40.0,100.0,1,0.05,335,50,4855.0,64.056634,2.4,1.0,0,0,0,0,0,1,0,0,0,0,1,0,0,4,18.0,50.0
8904,40.42425,-3.71017,6,2.0,3.0,244.0,88.0,1,1.74,350,200,4503.0,68.043894,0.8,2.0,1,0,0,0,0,1,0,1,0,0,1,0,0,4,51.0,200.0
8905,40.42821,-3.70015,2,1.0,1.0,88.0,98.0,4,0.39,493,50,4503.0,68.043894,0.8,1.0,1,0,0,1,0,1,0,1,1,0,1,0,0,7,18.0,100.0
8906,40.41057,-3.69738,4,2.0,2.0,146.0,0.0,2,0.0,512,200,4503.0,68.043894,0.8,2.0,1,0,0,0,0,1,0,1,0,0,1,0,0,4,36.0,150.0
8907,40.43941,-3.70769,2,1.0,2.0,52.0,97.0,1,2.68,426,200,4855.0,64.056634,2.4,1.0,1,0,0,0,0,1,0,1,1,0,1,0,0,4,18.0,100.0
8908,40.44386,-3.69809,1,1.0,1.0,30.0,96.0,1,1.72,222,50,4855.0,64.056634,2.4,1.5,0,0,0,0,0,1,0,0,1,1,1,0,0,4,12.0,50.0
8909,40.43692,-3.65418,5,2.0,4.0,66.0,96.0,6,1.71,495,200,2893.0,50.090625,6.5,1.0,1,0,0,0,0,1,0,1,1,0,1,0,0,10,40.5,100.0
8910,40.42524,-3.69992,2,0.0,1.0,65.0,98.0,1,2.16,392,200,4503.0,68.043894,0.8,1.0,1,0,0,0,0,1,0,1,0,0,1,0,1,9,18.0,100.0
8911,40.41539,-3.70064,5,2.0,3.0,1139.0,80.0,27,0.26,151,200,4503.0,68.043894,0.8,1.0,1,0,0,0,0,1,0,1,0,0,0,0,0,7,40.5,200.0
8912,40.41633,-3.70278,2,1.0,1.0,46.0,97.0,5,1.03,403,50,4503.0,68.043894,0.8,1.0,0,0,0,0,0,1,0,0,0,1,1,0,0,4,18.0,50.0
8913,40.41077,-3.70145,4,1.0,2.0,147.0,96.0,62,0.5,462,200,4503.0,68.043894,0.8,1.0,1,0,0,1,0,1,0,1,0,1,1,0,0,5,33.0,150.0
8914,40.44377,-3.58241,3,1.0,1.0,60.0,77.0,3,0.24,287,200,2477.0,70.967532,7.3,1.0,1,1,1,1,1,1,1,1,1,0,0,0,0,4,25.5,100.0
8916,40.42707,-3.69951,2,0.0,1.0,120.0,90.0,1,0.5,370,200,4503.0,68.043894,0.8,1.0,1,0,0,0,0,1,0,1,1,0,1,0,0,6,18.0,150.0
8917,40.42031,-3.70455,2,1.0,1.0,45.0,93.0,1,0.3,188,50,4503.0,68.043894,0.8,2.0,0,0,0,0,0,1,0,1,1,0,1,0,0,8,21.0,50.0
8918,40.40837,-3.70318,4,1.0,2.0,107.0,99.0,1,1.55,475,200,4503.0,68.043894,0.8,1.0,1,0,0,0,0,1,0,1,1,0,1,0,0,4,33.0,150.0
8919,40.40904,-3.7003,5,2.0,4.0,99.0,97.0,3,1.64,433,200,4503.0,68.043894,0.8,2.0,1,0,0,0,0,1,0,1,1,1,1,0,0,5,43.5,100.0
8920,40.39213,-3.74056,4,1.0,2.0,40.0,93.0,2,0.45,473,200,2195.0,47.402837,6.6,1.0,1,0,0,0,0,1,0,1,1,1,1,0,0,6,33.0,50.0
8921,40.43305,-3.65153,10,4.0,7.0,118.0,96.0,11,1.36,987,200,2893.0,50.090625,6.5,2.0,1,0,0,0,0,1,0,1,0,1,1,0,1,9,81.0,150.0
8922,40.42998,-3.70149,2,1.0,1.0,34.0,90.0,2,1.89,195,50,4855.0,64.056634,2.4,1.0,0,0,0,0,0,1,0,0,0,0,0,0,0,5,18.0,50.0
8923,40.3999,-3.66645,3,1.0,2.0,47.0,94.0,2,2.03,437,200,1890.0,41.443535,5.0,1.0,1,0,0,0,0,1,0,1,0,0,1,0,1,4,25.5,50.0
8924,40.43529,-3.70528,1,1.0,1.0,42.0,95.0,1,0.4,363,50,4855.0,64.056634,2.4,1.0,1,1,1,1,1,1,1,1,1,1,1,1,1,4,10.5,50.0
8925,40.45437,-3.7034,7,3.0,4.0,79.0,98.0,3,0.44,503,200,3476.0,60.621287,5.9,2.0,1,0,0,0,1,1,0,1,0,0,1,0,1,4,58.5,100.0
8926,40.38344,-3.66617,2,1.0,1.0,25.0,92.0,1,1.71,190,50,1890.0,41.443535,5.0,1.0,0,0,0,0,0,1,0,0,0,0,0,0,0,4,18.0,50.0
8927,40.39716,-3.67065,2,1.0,2.0,27.0,98.0,1,2.78,305,50,4220.0,63.672727,3.2,1.0,0,0,0,0,0,1,0,1,1,0,1,0,0,4,18.0,50.0
8928,40.40538,-3.67385,2,0.0,1.0,100.0,95.0,8,1.95,173,200,4220.0,63.672727,3.2,1.0,1,1,1,1,1,1,1,1,1,0,0,0,0,0,18.0,100.0
8929,40.41021,-3.71911,2,1.0,1.0,55.0,80.0,2,0.38,116,50,3917.0,55.025641,1.9,1.0,0,0,0,0,0,1,0,0,1,0,1,0,0,6,18.0,100.0
8930,40.4478,-3.66259,4,1.0,2.0,65.0,90.0,1,0.33,368,200,4508.0,67.220486,5.8,1.0,1,0,0,0,0,1,0,1,0,0,1,0,0,4,33.0,100.0
8931,40.41228,-3.70915,1,1.0,1.0,21.0,98.0,2,2.83,418,50,4503.0,68.043894,0.8,1.0,0,0,0,0,0,1,0,0,0,1,1,0,0,6,10.5,50.0
8932,40.41981,-3.70381,4,1.0,3.0,86.0,100.0,5,0.03,174,200,4503.0,68.043894,0.8,1.0,1,0,0,0,0,1,0,1,0,0,1,0,0,4,33.0,100.0
8933,40.40957,-3.70073,4,1.0,2.0,75.0,81.0,1,0.76,309,200,4503.0,68.043894,0.8,1.0,1,0,0,0,0,1,0,0,0,0,1,0,0,9,33.0,100.0
8934,40.42421,-3.67798,3,2.0,2.0,81.0,98.0,1,1.18,335,200,5328.0,74.694253,2.2,1.0,1,0,0,0,0,1,0,0,0,0,1,0,0,4,25.5,100.0
8935,40.451,-3.65874,7,3.0,3.0,102.0,94.0,2,1.75,221,200,2893.0,50.090625,6.5,2.0,1,0,0,0,0,1,0,0,1,0,0,0,0,5,58.5,150.0
8936,40.41436,-3.70144,4,1.0,2.0,46.0,97.0,1,0.8,402,200,4503.0,68.043894,0.8,1.0,1,0,0,0,0,1,0,1,1,0,1,0,0,6,33.0,50.0
8937,40.41338,-3.69674,4,0.0,2.0,71.0,94.0,4,2.06,274,200,4503.0,68.043894,0.8,1.0,1,0,0,0,0,1,0,1,1,0,0,0,1,7,33.0,100.0
8938,40.41254,-3.70936,4,1.0,2.0,62.0,90.0,7,1.89,366,200,4503.0,68.043894,0.8,1.0,1,0,0,0,0,1,0,1,0,1,0,0,0,5,33.0,100.0
8939,40.4241,-3.69925,2,0.0,1.0,55.0,92.0,1,2.01,275,200,4503.0,68.043894,0.8,1.0,1,0,0,0,0,1,0,1,0,0,0,0,0,4,18.0,100.0
8940,40.41348,-3.69857,5,2.0,3.0,158.0,95.0,7,1.03,395,200,4503.0,68.043894,0.8,1.5,1,0,0,1,0,1,0,1,0,0,1,0,0,4,42.0,200.0
8941,40.47023,-3.6982,4,1.0,1.0,28.0,91.0,1,2.86,374,200,3476.0,60.621287,5.9,1.0,1,0,0,0,0,0,0,1,0,0,1,0,0,4,33.0,50.0
8942,40.40897,-3.70305,5,2.0,2.0,115.0,87.0,1,2.2,346,200,4503.0,68.043894,0.8,1.0,1,0,0,0,0,1,0,1,0,0,0,0,0,4,40.5,150.0
8943,40.42012,-3.70286,2,1.0,1.0,80.0,85.0,3,0.13,158,50,4503.0,68.043894,0.8,1.5,0,0,0,0,0,1,0,1,0,0,0,0,0,8,19.5,100.0
8944,40.40167,-3.71354,6,3.0,3.0,100.0,96.0,3,1.5,429,200,3917.0,55.025641,1.9,1.0,1,0,0,0,0,1,0,1,1,1,0,0,0,5,48.0,100.0
8945,40.42232,-3.70073,4,2.0,2.0,67.0,93.0,12,1.25,329,200,4503.0,68.043894,0.8,1.0,1,0,0,0,0,1,0,1,0,0,1,0,0,9,33.0,100.0
8946,40.43267,-3.70191,4,1.0,1.0,86.0,98.0,1,1.4,279,200,4855.0,64.056634,2.4,1.0,1,0,0,0,0,1,0,1,1,0,0,0,0,4,33.0,100.0
8947,40.40086,-3.67289,5,3.0,4.0,80.0,80.0,1,0.09,323,200,4220.0,63.672727,3.2,2.0,1,0,0,0,0,1,0,1,1,1,0,0,0,0,43.5,100.0
8949,40.47693,-3.71765,2,1.0,2.0,25.0,100.0,2,1.06,529,50,3545.0,57.198083,16.4,2.0,0,0,0,0,0,1,1,1,1,1,1,0,0,5,21.0,50.0
8950,40.43844,-3.71283,4,2.0,3.0,152.0,93.0,1,0.58,519,200,4855.0,64.056634,2.4,1.0,1,0,0,0,0,1,0,1,1,1,1,0,0,4,33.0,200.0
8951,40.42199,-3.70863,5,2.0,2.0,118.0,90.0,3,2.71,405,200,4503.0,68.043894,0.8,1.0,1,0,0,0,0,1,0,1,1,1,0,0,0,5,40.5,150.0
8952,40.42314,-3.72714,4,0.0,3.0,49.0,88.0,2,0.27,484,200,3555.0,63.451906,5.9,1.0,1,0,0,0,0,1,0,1,0,0,1,0,0,4,33.0,50.0
8954,40.47554,-3.83263,2,1.0,1.0,41.0,77.0,1,0.25,347,200,3555.0,63.451906,5.9,1.0,1,1,1,1,1,1,1,1,1,1,1,1,1,6,18.0,50.0
8955,40.44578,-3.58879,1,1.0,1.0,65.0,20.0,1,0.03,204,200,2477.0,70.967532,7.3,1.0,1,0,0,0,0,1,1,1,1,0,0,0,0,4,10.5,100.0
8956,40.42206,-3.6865,6,2.0,4.0,261.0,100.0,28,0.32,139,200,5328.0,74.694253,2.2,1.0,1,0,0,0,0,1,0,1,1,0,0,0,0,10,48.0,200.0
8957,40.41271,-3.71164,6,3.0,5.0,188.0,90.0,2,2.42,634,200,4503.0,68.043894,0.8,2.0,1,0,0,0,0,1,0,0,0,1,0,0,0,5,51.0,200.0
8958,40.47766,-3.6464,3,1.0,3.0,69.0,98.0,7,0.4,445,200,3312.0,62.061453,9.2,1.0,1,0,0,1,0,1,0,1,1,1,1,0,0,6,25.5,100.0
8959,40.41254,-3.69945,1,1.0,1.0,19.0,97.0,1,3.36,420,50,4503.0,68.043894,0.8,1.0,0,0,0,0,0,1,0,0,0,0,1,0,0,4,10.5,50.0
8960,40.46492,-3.68949,2,0.0,1.0,85.0,0.0,1,0.0,168,200,3476.0,60.621287,5.9,1.0,1,0,0,0,0,0,0,1,1,0,0,0,0,5,18.0,100.0
8961,40.3862,-3.64702,2,1.0,1.0,40.0,97.0,1,1.17,411,50,1890.0,41.443535,5.0,1.0,1,0,0,0,0,1,0,1,1,0,1,0,1,6,18.0,50.0
8962,40.35665,-3.68718,2,1.0,1.0,14.0,100.0,2,1.03,558,50,1696.0,37.641618,9.0,2.0,0,0,0,0,0,1,0,0,1,0,0,0,0,4,21.0,50.0
8963,40.43317,-3.61807,1,1.0,1.0,15.0,98.0,3,0.27,283,50,2477.0,70.967532,7.3,1.0,0,0,0,0,0,1,0,1,1,0,1,0,0,10,10.5,50.0
8964,40.41097,-3.70499,6,2.0,4.0,102.0,97.0,59,3.3,467,200,4503.0,68.043894,0.8,1.0,1,0,0,0,0,1,0,1,1,1,0,0,0,7,48.0,150.0
8965,40.42333,-3.70277,1,1.0,1.0,38.0,94.0,5,0.8,314,50,4503.0,68.043894,0.8,1.0,0,0,0,0,0,1,0,0,0,0,0,0,0,4,10.5,50.0
8966,40.49724,-3.67545,2,1.0,1.0,50.0,92.0,1,0.87,430,50,3545.0,57.198083,16.4,1.0,0,0,0,0,0,1,1,1,1,1,1,0,0,4,18.0,50.0
8967,40.40649,-3.69925,5,1.0,2.0,34.0,97.0,5,4.39,372,200,4503.0,68.043894,0.8,1.0,1,0,0,0,0,1,0,1,0,0,1,0,0,4,40.5,50.0
8968,40.42387,-3.70335,1,1.0,1.0,15.0,91.0,5,0.57,243,50,4503.0,68.043894,0.8,1.0,0,0,0,0,0,1,0,0,0,0,0,0,0,4,10.5,50.0
8969,40.40777,-3.66946,2,1.0,1.0,30.0,100.0,1,0.13,164,50,4220.0,63.672727,3.2,1.0,0,0,0,1,0,1,0,1,1,0,0,0,0,11,18.0,50.0
8970,40.39382,-3.67155,1,1.0,1.0,21.0,93.0,3,0.47,286,50,1890.0,41.443535,5.0,1.0,0,0,0,0,0,1,0,0,0,0,0,0,0,5,10.5,50.0
8971,40.40861,-3.74935,6,3.0,5.0,40.0,99.0,2,4.98,534,200,3555.0,63.451906,5.9,1.0,1,0,0,1,0,1,0,1,0,1,1,0,0,9,48.0,50.0
8972,40.44638,-3.67793,2,1.0,1.0,70.0,100.0,2,0.14,318,200,4508.0,67.220486,5.8,1.0,1,0,0,1,0,1,0,0,1,0,1,0,0,9,18.0,100.0
8973,40.43271,-3.67311,4,0.0,2.0,62.0,92.0,28,0.57,508,200,5328.0,74.694253,2.2,1.0,1,0,0,0,0,1,1,1,1,0,0,0,0,7,33.0,100.0
8974,40.42723,-3.70537,2,1.0,1.0,51.0,96.0,1,2.73,520,200,4503.0,68.043894,0.8,1.0,1,0,0,0,0,1,0,1,0,0,1,0,0,5,18.0,100.0
8975,40.41748,-3.70442,4,1.0,2.0,58.0,92.0,1,1.4,294,200,4503.0,68.043894,0.8,1.0,1,0,0,0,0,1,0,1,0,0,0,0,0,4,33.0,100.0
8976,40.40715,-3.70989,2,1.0,1.0,64.0,88.0,12,0.87,393,200,4503.0,68.043894,0.8,1.0,1,0,0,0,0,1,0,1,1,0,1,0,0,8,18.0,100.0
8977,40.40762,-3.70777,4,1.0,2.0,74.0,96.0,12,1.31,410,200,4503.0,68.043894,0.8,1.0,1,0,0,0,0,1,0,1,1,0,1,0,0,8,33.0,100.0
8978,40.40875,-3.70756,2,1.0,1.0,67.0,95.0,12,1.01,382,200,4503.0,68.043894,0.8,1.0,1,0,0,0,0,1,0,1,1,0,1,0,0,8,18.0,100.0
8979,40.40784,-3.70764,2,1.0,1.0,69.0,96.0,12,1.0,412,200,4503.0,68.043894,0.8,1.0,1,0,0,0,0,1,0,1,1,0,1,0,0,8,18.0,100.0
8980,40.40704,-3.70822,4,1.0,2.0,77.0,94.0,12,1.28,393,200,4503.0,68.043894,0.8,1.0,1,0,0,0,0,1,0,1,1,0,1,0,0,8,33.0,100.0
8981,40.40777,-3.70758,4,1.0,2.0,80.0,97.0,12,0.71,393,200,4503.0,68.043894,0.8,1.0,1,0,0,0,0,1,0,1,1,0,1,0,0,8,33.0,100.0
8982,40.40858,-3.70785,4,2.0,3.0,99.0,95.0,12,0.84,410,200,4503.0,68.043894,0.8,2.0,1,0,0,0,0,1,0,1,1,0,1,0,0,8,36.0,100.0
8983,40.41521,-3.69727,3,1.0,1.0,119.0,99.0,1,3.63,277,200,4503.0,68.043894,0.8,1.5,1,0,0,0,0,1,0,1,0,0,0,0,0,4,27.0,150.0
8984,40.41657,-3.70905,5,2.0,4.0,251.0,96.0,28,0.19,212,200,4503.0,68.043894,0.8,2.0,1,0,0,0,0,1,0,1,1,0,0,0,0,10,43.5,200.0
8985,40.40705,-3.70769,4,2.0,3.0,119.0,98.0,12,0.56,403,200,4503.0,68.043894,0.8,2.5,1,0,0,0,0,1,0,1,1,1,1,0,0,8,37.5,150.0
8986,40.39301,-3.69719,1,1.0,1.0,35.0,100.0,1,0.13,120,50,3917.0,55.025641,1.9,1.0,0,0,0,0,0,1,0,1,0,0,0,0,0,7,10.5,50.0
8987,40.41257,-3.72972,2,1.0,1.0,33.0,97.0,2,4.16,841,200,2287.0,47.008319,4.7,1.0,1,0,0,0,0,1,0,0,0,1,1,0,1,7,18.0,50.0
8988,40.45205,-3.69404,7,2.0,5.0,68.0,98.0,1,3.35,406,200,3476.0,60.621287,5.9,2.0,1,0,0,0,0,1,0,1,1,0,1,0,0,4,58.5,100.0
8989,40.37022,-3.62166,2,1.0,1.0,22.0,97.0,1,1.56,368,50,2382.0,49.659794,11.0,1.0,0,0,0,0,0,1,0,0,1,0,1,0,0,4,18.0,50.0
8990,40.42436,-3.67583,1,1.0,1.0,50.0,100.0,1,0.48,355,50,5328.0,74.694253,2.2,1.5,1,0,0,0,0,1,0,1,1,0,1,0,0,9,12.0,50.0
8991,40.41144,-3.69478,2,0.0,1.0,58.0,88.0,1,1.04,209,200,4503.0,68.043894,0.8,1.0,1,0,0,0,0,1,0,0,0,0,0,0,0,4,18.0,100.0
8992,40.41504,-3.66763,5,3.0,4.0,120.0,93.0,1,0.38,619,200,4220.0,63.672727,3.2,1.0,1,0,0,0,0,1,0,1,1,0,1,0,1,9,40.5,150.0
8993,40.45458,-3.69856,4,1.0,2.0,79.0,97.0,1,0.67,255,200,3476.0,60.621287,5.9,1.0,1,0,0,0,0,1,1,1,1,0,1,0,0,4,33.0,100.0
8994,40.40871,-3.70352,4,2.0,2.0,80.0,80.0,2,1.66,239,200,4503.0,68.043894,0.8,1.0,1,0,0,0,0,1,0,1,0,0,0,0,0,4,33.0,100.0
8995,40.40861,-3.70218,3,2.0,2.0,62.0,97.0,12,0.97,389,200,4503.0,68.043894,0.8,1.0,1,0,0,0,0,1,0,1,0,0,1,0,0,5,25.5,100.0
8996,40.39457,-3.67245,1,3.0,3.0,18.0,90.0,2,0.71,406,50,1890.0,41.443535,5.0,1.0,0,0,0,0,0,1,0,0,0,1,1,0,0,4,10.5,50.0
8997,40.39674,-3.69793,2,1.0,2.0,33.0,100.0,1,1.81,265,50,3917.0,55.025641,1.9,1.0,0,0,0,0,0,1,0,1,1,0,1,0,0,4,18.0,50.0
8998,40.48126,-3.65939,4,1.0,2.0,61.0,91.0,1,0.54,443,200,3312.0,62.061453,9.2,1.0,1,0,0,1,0,1,0,0,0,0,1,0,1,4,33.0,100.0
8999,40.43688,-3.61606,4,2.0,3.0,80.0,100.0,1,0.5,258,200,2477.0,70.967532,7.3,2.0,1,0,0,0,0,1,1,0,1,0,0,0,0,5,36.0,100.0
9000,40.44402,-3.69512,1,1.0,1.0,30.0,1.0,1,0.07,117,50,4855.0,64.056634,2.4,1.0,1,1,1,1,1,1,1,1,1,1,1,1,1,6,10.5,50.0
9004,40.47292,-3.68973,1,1.0,1.0,44.0,80.0,1,0.16,221,50,3476.0,60.621287,5.9,1.0,0,0,0,0,0,0,0,0,0,0,1,0,0,4,10.5,50.0
9007,40.41378,-3.69101,4,1.0,2.0,123.0,80.0,28,0.03,158,200,4220.0,63.672727,3.2,1.0,1,0,0,0,0,1,0,1,1,0,0,0,0,10,33.0,150.0
9011,40.43296,-3.67279,4,2.0,2.0,126.0,100.0,113,0.04,204,200,5328.0,74.694253,2.2,2.0,1,0,0,0,0,1,0,1,1,0,0,0,0,7,36.0,150.0
9012,40.3848,-3.71239,3,1.0,1.0,16.0,0.0,1,0.0,158,50,2316.0,43.910072,4.6,1.0,0,0,0,0,0,1,0,1,1,0,1,0,0,5,25.5,50.0
9013,40.40943,-3.69979,2,1.0,1.0,151.0,93.0,1,1.07,288,200,4503.0,68.043894,0.8,1.0,1,0,0,0,0,1,0,0,0,0,1,0,0,4,18.0,200.0
9014,40.43089,-3.66494,4,2.0,2.0,119.0,92.0,1,1.77,320,200,5328.0,74.694253,2.2,1.0,1,0,0,0,0,1,0,1,0,0,1,0,0,4,33.0,150.0
9015,40.41061,-3.7077,6,3.0,4.0,118.0,91.0,1,0.7,487,200,4503.0,68.043894,0.8,1.0,1,0,0,0,0,1,0,0,0,0,1,0,1,4,48.0,150.0
9016,40.42394,-3.66833,4,2.0,2.0,200.0,95.0,1,0.29,511,200,5328.0,74.694253,2.2,2.0,1,0,0,0,0,1,0,1,1,1,1,0,1,9,36.0,200.0
9017,40.40738,-3.67629,1,1.0,1.0,28.0,0.0,1,0.0,192,50,4220.0,63.672727,3.2,1.0,1,0,0,0,0,1,0,0,1,0,1,0,0,8,10.5,50.0
9018,40.42642,-3.71504,2,1.0,2.0,25.0,70.0,1,0.13,130,50,3555.0,63.451906,5.9,1.0,1,0,0,0,0,1,0,0,1,0,1,0,0,4,18.0,50.0
9019,40.42772,-3.63747,2,1.0,1.0,20.0,100.0,2,1.0,203,50,2893.0,50.090625,6.5,1.0,0,0,0,0,0,1,0,0,0,0,0,0,0,0,18.0,50.0
9020,40.42004,-3.70551,4,1.0,2.0,143.0,93.0,6,0.12,652,200,4503.0,68.043894,0.8,1.0,1,0,0,0,0,1,0,1,1,0,1,0,1,8,33.0,150.0
9021,40.39296,-3.72201,2,1.0,1.0,35.0,100.0,1,0.72,413,50,2195.0,47.402837,6.6,1.0,0,0,0,0,0,1,0,0,1,1,1,0,0,7,18.0,50.0
9022,40.43504,-3.69433,3,1.0,1.0,75.0,80.0,2,0.08,172,200,4855.0,64.056634,2.4,1.0,1,0,0,0,0,1,0,1,1,0,1,0,0,7,25.5,100.0
9023,40.45429,-3.70791,4,2.0,2.0,79.0,100.0,1,0.07,87,200,3476.0,60.621287,5.9,1.0,1,0,0,0,0,0,0,0,0,0,0,0,0,4,33.0,100.0
9024,40.41241,-3.71334,6,3.0,4.0,250.0,100.0,1,0.18,328,200,4503.0,68.043894,0.8,2.0,1,0,0,0,0,1,0,0,1,1,0,0,0,8,51.0,200.0
9025,40.41084,-3.70939,2,1.0,1.0,62.0,92.0,1,3.66,420,200,4503.0,68.043894,0.8,1.0,1,0,0,0,0,1,0,0,0,1,1,0,0,4,18.0,100.0
9026,40.43078,-3.64991,2,1.0,1.0,15.0,100.0,1,0.08,122,50,2893.0,50.090625,6.5,1.0,1,0,0,0,0,1,0,0,0,0,0,0,0,6,18.0,50.0
9027,40.42688,-3.70365,2,1.0,1.0,65.0,90.0,1,0.1,372,200,4503.0,68.043894,0.8,1.0,1,0,0,0,0,1,0,1,0,1,0,0,0,4,18.0,100.0
9028,40.42982,-3.63733,1,1.0,1.0,12.0,85.0,2,2.96,280,50,2893.0,50.090625,6.5,1.0,0,0,0,0,0,1,0,0,0,0,0,0,0,0,10.5,50.0
9029,40.43917,-3.67796,6,2.0,4.0,99.0,0.0,5,0.18,238,200,4508.0,67.220486,5.8,2.0,1,0,0,0,0,1,0,1,1,0,0,0,0,0,51.0,100.0
9030,40.40409,-3.69879,4,2.0,2.0,500.0,0.0,4,0.0,138,200,3917.0,55.025641,1.9,1.0,1,0,0,0,0,1,0,1,0,0,1,0,0,9,33.0,200.0
9031,40.39612,-3.69817,1,1.0,1.0,24.0,93.0,2,0.54,347,50,3917.0,55.025641,1.9,1.5,0,0,0,0,0,1,0,0,1,1,1,0,0,5,12.0,50.0
9032,40.47664,-3.7134,1,1.0,1.0,38.0,100.0,4,0.3,449,50,3545.0,57.198083,16.4,1.0,0,0,0,0,0,1,0,1,1,0,1,0,0,4,10.5,50.0
9033,40.41709,-3.67478,1,1.0,1.0,29.0,95.0,3,0.57,467,50,4220.0,63.672727,3.2,1.0,0,0,0,0,0,1,0,0,1,0,1,0,0,10,10.5,50.0
9034,40.45298,-3.70392,2,1.0,1.0,50.0,96.0,7,1.27,522,200,3476.0,60.621287,5.9,1.0,1,0,0,0,0,1,0,1,1,0,1,0,0,4,18.0,50.0
9035,40.41749,-3.67247,1,1.0,1.0,35.0,95.0,3,0.43,422,50,4220.0,63.672727,3.2,1.0,0,0,0,1,0,1,0,0,1,0,1,0,0,10,10.5,50.0
9036,40.41649,-3.70723,4,1.0,4.0,106.0,94.0,1,1.07,501,200,4503.0,68.043894,0.8,1.5,1,0,0,0,0,1,0,1,1,1,1,0,0,9,34.5,150.0
9037,40.4214,-3.71028,8,3.0,4.0,228.0,89.0,9,1.18,306,200,4503.0,68.043894,0.8,3.0,1,0,0,0,0,1,0,1,0,0,1,0,0,0,69.0,200.0
9038,40.39915,-3.70059,4,1.0,2.0,44.0,93.0,2,3.45,480,200,3917.0,55.025641,1.9,1.0,1,0,0,0,0,1,0,1,0,1,1,1,1,4,33.0,50.0
9039,40.4223,-3.6988,2,1.0,2.0,100.0,100.0,10,0.17,460,200,4503.0,68.043894,0.8,1.0,1,0,0,0,0,1,0,1,0,0,1,0,0,4,18.0,100.0
9040,40.42204,-3.71123,3,1.0,2.0,150.0,95.0,10,0.14,472,200,4503.0,68.043894,0.8,1.0,1,0,0,0,0,1,0,1,1,0,1,0,0,4,25.5,150.0
9041,40.40995,-3.69275,5,2.0,3.0,498.0,98.0,10,0.94,481,200,4503.0,68.043894,0.8,2.0,1,0,0,0,0,1,0,1,0,0,1,0,0,4,43.5,200.0
9042,40.44475,-3.67248,4,1.0,3.0,73.0,60.0,12,0.07,506,200,4508.0,67.220486,5.8,1.0,1,0,0,0,0,1,0,1,1,1,1,0,0,5,33.0,100.0
9043,40.39494,-3.66273,2,1.0,1.0,14.0,100.0,1,0.81,96,50,1890.0,41.443535,5.0,1.5,0,0,0,0,0,1,0,1,0,0,0,0,0,4,19.5,50.0
9044,40.4428,-3.70172,6,2.0,3.0,96.0,93.0,2,2.71,517,200,4855.0,64.056634,2.4,2.0,1,0,0,0,0,1,0,0,1,0,1,0,1,5,51.0,100.0
9045,40.40963,-3.71029,5,2.0,4.0,105.0,89.0,25,1.77,497,200,4503.0,68.043894,0.8,1.0,1,0,0,1,1,1,0,1,1,1,0,0,1,6,40.5,150.0
9046,40.42966,-3.72109,2,1.0,2.0,37.0,97.0,1,0.4,151,50,3555.0,63.451906,5.9,1.0,0,0,0,0,0,1,0,0,0,0,1,0,0,7,18.0,50.0
9047,40.42331,-3.69941,3,1.0,2.0,87.0,97.0,1,2.25,318,200,4503.0,68.043894,0.8,1.0,1,0,0,0,0,1,0,1,1,0,1,0,0,4,25.5,100.0
9048,40.42511,-3.69702,4,2.0,2.0,582.0,100.0,101,0.07,244,200,4503.0,68.043894,0.8,3.0,1,0,0,0,0,1,0,1,1,0,0,0,0,6,39.0,200.0
9049,40.39914,-3.66324,4,1.0,1.0,50.0,93.0,1,3.98,375,200,1890.0,41.443535,5.0,1.0,1,0,0,0,0,1,1,1,1,0,1,0,0,5,33.0,50.0
9050,40.41297,-3.70795,4,1.0,3.0,150.0,98.0,1,1.47,493,200,4503.0,68.043894,0.8,1.0,1,0,0,0,0,1,0,1,1,0,1,0,1,4,33.0,150.0
9051,40.42356,-3.70928,2,1.0,1.0,60.0,0.0,1,0.04,164,50,4503.0,68.043894,0.8,1.0,0,1,1,1,1,1,0,0,1,0,0,0,0,4,18.0,100.0
9052,40.38298,-3.6677,2,1.0,1.0,26.0,97.0,1,0.44,393,50,1890.0,41.443535,5.0,1.0,0,0,0,0,0,1,0,0,0,1,1,0,0,4,18.0,50.0
9053,40.42426,-3.70565,2,1.0,1.0,40.0,96.0,2,0.38,297,50,4503.0,68.043894,0.8,1.0,0,0,0,1,0,1,0,0,1,0,1,0,0,9,18.0,50.0
9054,40.4324,-3.71082,3,3.0,3.0,80.0,95.0,1,1.32,411,200,4855.0,64.056634,2.4,1.0,1,0,0,0,0,1,0,0,1,0,1,0,0,4,25.5,100.0
9055,40.46147,-3.58635,2,1.0,1.0,40.0,100.0,2,2.32,813,50,3047.0,56.183432,11.8,1.5,1,0,0,0,0,1,1,1,1,1,1,0,1,4,19.5,50.0
9057,40.394,-3.66555,2,1.0,1.0,20.0,100.0,1,0.1,219,50,1890.0,41.443535,5.0,1.0,0,0,0,0,0,1,0,0,0,0,1,0,0,4,18.0,50.0
9058,40.41816,-3.68921,8,4.0,5.0,420.0,90.0,14,1.68,691,200,4220.0,63.672727,3.2,3.5,1,0,0,0,0,1,0,1,1,1,1,1,1,8,70.5,200.0
9059,40.42393,-3.71389,4,1.0,1.0,135.0,96.0,1,1.72,408,200,3555.0,63.451906,5.9,1.0,1,0,0,0,0,1,0,1,1,0,1,0,0,6,33.0,150.0
9060,40.48421,-3.65302,2,1.0,1.0,26.0,96.0,1,2.47,426,50,3312.0,62.061453,9.2,1.5,0,0,0,0,0,1,0,0,1,0,1,0,0,4,19.5,50.0
9061,40.38632,-3.65057,1,1.0,1.0,23.0,0.0,1,0.0,53,50,1890.0,41.443535,5.0,1.0,0,1,1,1,1,1,0,0,0,0,0,0,0,4,10.5,50.0
9062,40.47421,-3.72845,2,2.0,3.0,60.0,100.0,1,0.46,462,50,3545.0,57.198083,16.4,1.0,1,0,0,0,0,1,0,0,0,1,1,0,0,8,18.0,100.0
9064,40.35661,-3.69116,4,1.0,2.0,45.0,99.0,1,1.83,412,200,1696.0,37.641618,9.0,1.0,1,0,0,0,0,1,0,1,0,0,1,0,0,7,33.0,50.0
9065,40.4114,-3.70943,2,0.0,1.0,59.0,97.0,6,2.67,489,200,4503.0,68.043894,0.8,1.0,1,0,0,0,0,1,0,1,1,1,1,0,1,7,18.0,100.0
9066,40.3886,-3.7378,2,1.0,1.0,33.0,98.0,1,2.17,274,50,2195.0,47.402837,6.6,1.0,0,0,0,0,0,1,0,1,0,0,0,0,0,4,18.0,50.0
9067,40.39057,-3.67269,4,1.0,2.0,42.0,89.0,2,0.89,341,200,1890.0,41.443535,5.0,1.0,1,0,0,0,0,1,0,0,0,0,0,0,0,4,33.0,50.0
9068,40.51104,-3.69231,4,3.0,1.0,90.0,0.0,1,0.04,173,200,3545.0,57.198083,16.4,2.0,1,0,0,0,0,1,1,1,1,0,1,0,0,9,36.0,100.0
9069,40.39304,-3.71894,4,2.0,3.0,70.0,91.0,5,0.76,396,200,2195.0,47.402837,6.6,2.0,1,0,0,0,0,1,0,0,0,0,1,0,1,7,36.0,100.0
9070,40.43528,-3.68336,4,1.0,1.0,101.0,100.0,16,0.17,220,200,5328.0,74.694253,2.2,1.0,1,1,1,1,1,1,1,1,1,1,1,1,1,6,33.0,150.0
9071,40.40225,-3.69315,6,2.0,3.0,68.0,87.0,20,1.37,498,200,3917.0,55.025641,1.9,1.0,1,0,0,0,0,1,0,1,1,1,1,1,1,8,48.0,100.0
9072,40.40119,-3.70056,2,1.0,1.0,31.0,100.0,1,0.27,320,50,3917.0,55.025641,1.9,1.5,0,0,0,0,0,1,0,0,1,0,1,0,0,6,19.5,50.0
9073,40.42717,-3.70123,2,1.0,1.0,13.0,91.0,1,2.62,389,50,4503.0,68.043894,0.8,2.0,0,0,0,0,0,1,0,1,0,1,1,0,0,4,21.0,50.0
9074,40.45136,-3.70368,2,0.0,1.0,52.0,96.0,7,1.15,523,200,3476.0,60.621287,5.9,1.0,1,0,0,0,0,1,0,1,1,1,1,0,0,4,18.0,100.0
9075,40.45718,-3.7147,1,1.0,1.0,30.0,0.0,1,0.0,180,50,3555.0,63.451906,5.9,1.0,1,0,0,0,0,1,0,0,1,0,0,0,0,4,10.5,50.0
9076,40.41108,-3.69612,6,2.0,5.0,534.0,100.0,2,0.25,317,200,4503.0,68.043894,0.8,2.0,1,0,0,0,0,1,0,1,1,0,0,0,0,4,51.0,200.0
9077,40.47153,-3.68451,2,1.0,1.0,107.0,91.0,113,0.25,195,200,4508.0,67.220486,5.8,1.0,1,0,0,0,0,1,1,1,1,0,0,0,0,7,18.0,150.0
9078,40.4241,-3.69524,4,2.0,2.0,125.0,93.0,113,0.15,401,200,4503.0,68.043894,0.8,1.0,1,0,0,0,0,1,0,1,1,0,1,0,1,7,33.0,150.0
9079,40.41443,-3.72639,1,1.0,1.0,50.0,0.0,1,0.0,36,50,2287.0,47.008319,4.7,1.0,0,0,0,0,0,0,0,0,1,0,0,0,0,0,10.5,50.0
9080,40.41108,-3.69612,5,2.0,5.0,530.0,98.0,2,0.58,634,200,4503.0,68.043894,0.8,2.0,1,0,0,0,0,1,0,1,1,1,1,0,1,4,43.5,200.0
9081,40.41048,-3.69673,2,0.0,1.0,44.0,95.0,1,2.56,510,200,4503.0,68.043894,0.8,1.0,1,0,0,1,0,1,0,1,1,1,1,0,1,7,18.0,50.0
9082,40.43003,-3.68343,1,1.0,1.0,65.0,88.0,3,0.17,227,50,5328.0,74.694253,2.2,1.0,1,1,1,1,1,1,1,1,1,1,1,1,1,7,10.5,100.0
9083,40.41302,-3.70472,4,1.0,3.0,1139.0,80.0,27,0.13,155,200,4503.0,68.043894,0.8,1.0,1,0,0,0,0,1,0,1,1,0,0,0,0,7,33.0,200.0
9084,40.42286,-3.70696,2,1.0,1.0,73.0,91.0,2,1.25,160,50,4503.0,68.043894,0.8,1.0,0,0,0,0,0,1,0,1,1,0,0,0,0,6,18.0,100.0
9085,40.45045,-3.70092,6,3.0,4.0,173.0,93.0,1,1.39,151,200,3476.0,60.621287,5.9,2.0,1,0,0,0,0,1,0,1,0,0,0,0,0,0,51.0,200.0
9086,40.40538,-3.70422,2,1.0,1.0,35.0,100.0,2,0.47,332,50,4503.0,68.043894,0.8,1.5,0,0,0,0,0,1,0,0,1,1,0,0,0,9,19.5,50.0
9087,40.40843,-3.6994,3,1.0,2.0,55.0,91.0,1,1.7,331,200,4503.0,68.043894,0.8,1.0,1,0,0,0,0,1,0,0,0,0,1,0,0,6,25.5,100.0
9088,40.43289,-3.69188,5,2.0,3.0,156.0,100.0,22,0.04,589,200,4855.0,64.056634,2.4,1.0,1,0,0,0,0,1,0,1,1,1,1,0,0,6,40.5,200.0
9089,40.40976,-3.70836,3,2.0,2.0,80.0,100.0,1,0.11,122,200,4503.0,68.043894,0.8,1.0,1,0,0,0,0,1,0,0,1,0,1,0,0,7,25.5,100.0
9090,40.4006,-3.69329,8,3.0,4.0,129.0,90.0,20,2.2,519,200,3917.0,55.025641,1.9,2.0,1,0,0,0,0,1,0,1,1,1,1,1,1,8,66.0,150.0
9091,40.41431,-3.71239,6,4.0,7.0,136.0,92.0,59,2.86,413,200,4503.0,68.043894,0.8,2.0,1,0,0,0,0,1,0,1,1,1,1,0,0,7,51.0,150.0
9092,40.40525,-3.69309,2,1.0,1.0,30.0,88.0,1,4.09,418,50,3917.0,55.025641,1.9,1.0,0,0,0,0,0,1,0,0,1,0,1,0,0,4,18.0,50.0
9093,40.41373,-3.71065,10,4.0,8.0,130.0,96.0,59,2.63,469,200,4503.0,68.043894,0.8,2.0,1,0,0,0,0,1,0,1,1,1,0,0,0,7,81.0,150.0
9094,40.43872,-3.68293,1,1.0,1.0,39.0,100.0,2,0.49,576,50,4508.0,67.220486,5.8,1.5,0,0,0,0,0,1,0,0,1,1,1,0,0,8,12.0,50.0
9095,40.4346,-3.71911,1,1.0,1.0,40.0,0.0,1,0.0,127,50,3555.0,63.451906,5.9,1.0,1,0,0,0,0,1,0,0,1,0,1,0,0,4,10.5,50.0
9096,40.40706,-3.69613,6,3.0,3.0,116.0,96.0,67,1.86,501,200,4503.0,68.043894,0.8,2.0,1,0,0,0,0,1,0,1,1,1,1,0,0,7,51.0,150.0
9097,40.41977,-3.70725,4,1.0,2.0,67.0,98.0,20,4.19,653,200,4503.0,68.043894,0.8,1.5,1,0,0,0,0,1,0,1,1,1,1,0,0,9,34.5,100.0
9098,40.41524,-3.70153,10,4.0,6.0,183.0,85.0,4,0.28,658,200,4503.0,68.043894,0.8,1.5,1,1,1,1,1,1,0,1,0,1,1,0,0,7,79.5,200.0
9099,40.4063,-3.71279,1,1.0,1.0,30.0,95.0,1,0.45,318,50,3917.0,55.025641,1.9,1.0,0,0,0,0,0,1,1,0,1,0,0,0,0,8,10.5,50.0
9101,40.38657,-3.6669,2,1.0,1.0,24.0,94.0,1,0.34,334,50,1890.0,41.443535,5.0,1.5,0,0,0,0,0,1,0,0,0,1,1,0,0,5,19.5,50.0
9102,40.38611,-3.72097,2,1.0,1.0,23.0,98.0,1,0.31,265,50,2195.0,47.402837,6.6,1.0,0,1,1,1,1,1,0,0,0,0,0,0,0,5,18.0,50.0
9103,40.50318,-3.68932,2,1.0,1.0,59.0,91.0,1,0.45,674,200,3545.0,57.198083,16.4,1.0,1,0,0,1,0,1,1,0,0,1,1,1,1,9,18.0,100.0
9104,40.37559,-3.74011,4,2.0,3.0,55.0,95.0,1,0.58,457,200,2195.0,47.402837,6.6,1.5,1,0,0,0,0,1,0,1,0,1,1,0,0,4,34.5,100.0
9105,40.50442,-3.70357,1,1.0,1.0,580.0,0.0,1,0.0,182,50,3545.0,57.198083,16.4,1.0,0,0,0,0,0,1,1,0,1,0,1,0,0,4,10.5,200.0
9106,40.35825,-3.59192,2,1.0,1.0,9.0,0.0,1,0.0,121,50,2382.0,49.659794,11.0,1.0,0,0,0,0,0,1,0,0,1,0,0,0,0,4,18.0,50.0
9107,40.40489,-3.69174,2,1.0,1.0,31.0,91.0,8,0.82,372,50,3917.0,55.025641,1.9,1.0,1,0,0,0,0,1,0,0,1,0,1,0,0,4,18.0,50.0
9108,40.42377,-3.67675,4,2.0,4.0,55.0,0.0,1,0.0,132,50,5328.0,74.694253,2.2,1.5,0,0,0,0,0,1,0,0,1,0,0,0,0,6,34.5,100.0
9109,40.40537,-3.69128,3,1.0,2.0,46.0,100.0,1,0.32,284,200,3917.0,55.025641,1.9,1.5,1,0,0,0,0,1,0,1,1,0,0,0,0,7,27.0,50.0
9110,40.44397,-3.68932,2,1.0,1.0,300.0,100.0,1,0.07,385,200,4508.0,67.220486,5.8,1.0,1,0,0,0,0,1,0,1,1,0,1,0,0,8,18.0,200.0
9111,40.38972,-3.72903,2,1.0,1.0,50.0,100.0,1,0.04,132,50,2195.0,47.402837,6.6,1.0,0,0,0,0,0,1,0,0,0,0,1,0,0,4,18.0,50.0
9112,40.41373,-3.70138,2,1.0,1.0,25.0,84.0,1,0.17,281,50,4503.0,68.043894,0.8,1.0,0,0,0,0,0,1,0,0,1,1,0,0,0,10,18.0,50.0
9113,40.42383,-3.69572,2,1.0,1.0,80.0,100.0,1,0.21,222,200,4503.0,68.043894,0.8,1.0,1,0,0,0,0,1,0,1,1,0,1,0,0,10,18.0,100.0
9114,40.35117,-3.70315,2,1.0,1.0,16.0,0.0,1,0.0,247,50,1696.0,37.641618,9.0,1.0,1,0,0,0,0,0,0,0,0,1,1,0,0,4,18.0,50.0
9115,40.40536,-3.70681,1,1.0,1.0,52.0,100.0,1,0.04,445,50,3917.0,55.025641,1.9,1.0,1,0,0,0,0,1,0,1,1,0,1,0,0,6,10.5,100.0
9116,40.41514,-3.70579,6,3.0,4.0,353.0,100.0,2,2.17,701,200,4503.0,68.043894,0.8,1.5,1,0,0,0,0,1,0,1,1,0,1,0,0,6,49.5,200.0
9117,40.40946,-3.70803,8,3.0,4.0,281.0,100.0,4,0.04,422,200,4503.0,68.043894,0.8,2.0,1,0,0,0,0,1,0,1,0,1,1,0,0,7,66.0,200.0
9118,40.39372,-3.69826,1,1.0,1.0,16.0,94.0,2,2.76,686,50,3917.0,55.025641,1.9,1.0,0,0,0,0,0,1,0,0,1,0,1,0,0,4,10.5,50.0
9119,40.40429,-3.67789,6,4.0,4.0,217.0,93.0,1,1.88,229,200,4220.0,63.672727,3.2,2.0,1,0,0,0,0,1,1,0,1,0,1,0,0,4,51.0,200.0
9120,40.42385,-3.69619,2,1.0,1.0,189.0,100.0,1,0.36,372,200,4503.0,68.043894,0.8,1.0,1,0,0,0,0,1,0,1,1,0,1,0,0,4,18.0,200.0
9121,40.38887,-3.67009,2,1.0,1.0,15.0,92.0,9,0.19,258,50,1890.0,41.443535,5.0,1.0,0,0,0,0,0,1,0,0,0,0,1,0,0,4,18.0,50.0
9122,40.41805,-3.71005,2,1.0,1.0,41.0,80.0,8,0.05,398,50,4503.0,68.043894,0.8,1.0,1,0,0,0,0,1,0,1,0,0,1,0,0,4,18.0,50.0
9123,40.41672,-3.71026,2,1.0,1.0,33.0,95.0,8,0.16,463,50,4503.0,68.043894,0.8,1.0,1,0,0,0,0,1,0,1,0,1,1,0,0,4,18.0,50.0
9124,40.41819,-3.71007,2,1.0,1.0,36.0,100.0,8,0.22,362,50,4503.0,68.043894,0.8,1.0,1,0,0,0,0,1,0,1,0,0,1,0,0,4,18.0,50.0
9125,40.41819,-3.71092,2,1.0,1.0,43.0,0.0,8,0.0,373,50,4503.0,68.043894,0.8,1.0,1,0,0,0,0,1,0,1,0,0,1,0,0,4,18.0,50.0
9126,40.41756,-3.71214,2,1.0,1.0,41.0,93.0,8,0.14,450,50,4503.0,68.043894,0.8,1.0,1,0,0,0,0,1,0,1,0,1,1,0,0,4,18.0,50.0
9127,40.41723,-3.71031,2,1.0,1.0,31.0,0.0,8,0.0,373,50,4503.0,68.043894,0.8,1.0,1,0,0,0,0,1,0,1,0,0,1,0,0,4,18.0,50.0
9128,40.41043,-3.71203,4,2.0,4.0,76.0,94.0,3,0.28,405,200,4503.0,68.043894,0.8,1.5,1,0,0,0,0,1,0,1,0,1,1,0,0,4,34.5,100.0
9129,40.41017,-3.71012,4,1.0,2.0,23.0,100.0,3,0.08,424,50,4503.0,68.043894,0.8,1.0,0,0,0,0,0,1,0,1,0,1,1,0,0,4,33.0,50.0
9130,40.42258,-3.71128,4,1.0,1.0,32.0,96.0,1,3.16,503,200,4503.0,68.043894,0.8,1.0,1,0,0,0,0,1,0,1,0,0,1,0,1,4,33.0,50.0
9131,40.44342,-3.69902,5,2.0,3.0,98.0,96.0,1,1.31,382,200,4855.0,64.056634,2.4,1.0,1,0,0,0,0,1,0,1,1,0,1,0,1,4,40.5,100.0
9132,40.41006,-3.71192,4,2.0,3.0,160.0,0.0,1,0.0,375,200,4503.0,68.043894,0.8,1.0,1,0,0,0,0,1,0,1,1,0,1,0,0,4,33.0,200.0
9133,40.47957,-3.64711,3,1.0,1.0,80.0,95.0,7,0.65,459,200,3312.0,62.061453,9.2,1.0,1,0,0,1,0,1,0,1,1,1,1,0,0,6,25.5,100.0
9134,40.41243,-3.73249,4,2.0,3.0,39.0,96.0,1,1.63,393,200,2287.0,47.008319,4.7,1.0,1,0,0,0,0,1,0,1,0,1,1,0,0,6,33.0,50.0
9135,40.40761,-3.71141,3,1.0,2.0,73.0,100.0,11,0.28,515,200,4503.0,68.043894,0.8,1.0,1,0,0,0,0,1,0,1,1,1,1,0,0,7,25.5,100.0
9136,40.42636,-3.70884,2,1.0,1.0,35.0,90.0,1,1.0,348,50,4503.0,68.043894,0.8,1.5,0,0,0,0,0,1,0,1,0,0,0,0,0,5,19.5,50.0
9137,40.4142,-3.7076,7,3.0,5.0,88.0,97.0,12,2.27,398,200,4503.0,68.043894,0.8,2.0,1,0,0,0,0,1,0,1,0,0,1,0,0,5,58.5,100.0
9138,40.4344,-3.69931,4,1.0,2.0,69.0,89.0,1,0.73,362,200,4855.0,64.056634,2.4,1.0,1,0,0,0,0,1,0,1,1,0,1,0,0,4,33.0,100.0
9139,40.40912,-3.70749,2,1.0,1.0,50.0,80.0,3,0.04,298,200,4503.0,68.043894,0.8,1.0,1,1,1,1,1,1,1,1,1,1,1,1,1,4,18.0,50.0
9140,40.418,-3.69915,8,3.0,4.0,67.0,89.0,7,0.5,345,200,4503.0,68.043894,0.8,3.0,1,0,0,0,0,1,0,1,1,0,1,0,0,6,69.0,100.0
9141,40.39831,-3.6591,1,1.0,1.0,19.0,98.0,1,1.31,278,50,1890.0,41.443535,5.0,1.5,0,0,0,0,0,1,0,0,0,0,1,0,0,6,12.0,50.0
9142,40.4107,-3.71434,2,1.0,1.0,43.0,82.0,1,0.34,86,50,4503.0,68.043894,0.8,1.0,0,0,0,0,0,1,0,0,1,0,0,0,0,4,18.0,50.0
9143,40.42308,-3.70598,6,3.0,3.0,136.0,98.0,67,3.07,367,200,4503.0,68.043894,0.8,2.0,1,0,0,0,0,1,0,1,1,0,1,0,0,7,51.0,150.0
9145,40.42295,-3.69787,2,1.0,1.0,55.0,99.0,1,1.13,274,50,4503.0,68.043894,0.8,1.0,1,0,0,0,0,1,0,1,1,0,0,0,0,4,18.0,100.0
9146,40.44482,-3.5838,4,1.0,1.0,65.0,94.0,3,0.45,237,200,2477.0,70.967532,7.3,1.0,1,1,1,1,1,1,1,1,1,0,0,0,0,4,33.0,100.0
9147,40.42308,-3.70598,2,0.0,1.0,60.0,97.0,67,2.27,254,200,4503.0,68.043894,0.8,1.0,1,0,0,0,0,1,0,1,1,0,1,0,0,7,18.0,100.0
9148,40.42308,-3.70598,4,2.0,2.0,105.0,96.0,67,3.02,452,200,4503.0,68.043894,0.8,2.0,1,0,0,0,0,1,0,1,1,0,1,0,0,7,36.0,150.0
9149,40.45395,-3.58953,1,1.0,1.0,30.0,95.0,2,0.45,372,50,3047.0,56.183432,11.8,1.0,1,0,0,0,0,1,0,0,1,1,1,0,0,4,10.5,50.0
9150,40.43867,-3.67325,4,1.0,2.0,38.0,90.0,38,1.97,301,200,5328.0,74.694253,2.2,1.0,1,0,0,0,0,1,0,1,1,0,0,0,0,9,33.0,50.0
9151,40.40472,-3.72363,1,1.0,1.0,38.0,97.0,3,0.45,609,50,2287.0,47.008319,4.7,1.5,0,0,0,0,0,1,0,0,1,1,1,0,0,5,12.0,50.0
9152,40.39509,-3.71497,6,2.0,4.0,78.0,93.0,2,0.31,511,200,2195.0,47.402837,6.6,1.0,1,0,0,0,0,1,0,1,1,0,1,0,0,8,48.0,100.0
9153,40.4184,-3.70321,1,1.0,1.0,39.0,91.0,2,0.64,236,50,4503.0,68.043894,0.8,1.0,1,1,1,1,1,1,1,1,1,1,1,1,1,4,10.5,50.0
9154,40.41092,-3.70023,2,1.0,1.0,46.0,100.0,1,0.07,148,200,4503.0,68.043894,0.8,1.0,1,0,0,0,0,1,0,0,1,0,1,0,0,7,18.0,50.0
9155,40.40588,-3.74332,7,3.0,5.0,55.0,97.0,4,0.22,363,200,2287.0,47.008319,4.7,1.0,1,0,0,0,0,1,0,1,0,1,1,0,0,4,55.5,100.0
9156,40.41042,-3.70662,2,1.0,1.0,26.0,93.0,1,4.04,282,200,4503.0,68.043894,0.8,1.0,1,0,0,0,0,1,0,1,0,0,0,1,0,9,18.0,50.0
9157,40.40626,-3.7064,4,1.0,1.0,99.0,98.0,2,0.31,470,200,4503.0,68.043894,0.8,1.0,1,0,0,0,0,1,0,1,1,0,1,0,0,9,33.0,100.0
9158,40.39939,-3.70018,4,1.0,2.0,40.0,91.0,2,4.33,444,200,3917.0,55.025641,1.9,1.0,1,0,0,0,0,1,0,1,1,1,1,1,0,4,33.0,50.0
9159,40.42409,-3.70117,5,1.0,1.0,70.0,74.0,2,0.28,412,200,4503.0,68.043894,0.8,1.0,1,0,0,0,0,1,0,1,1,0,1,0,0,4,40.5,100.0
9160,40.42204,-3.7012,2,1.0,1.0,71.0,100.0,1,0.07,127,50,4503.0,68.043894,0.8,1.0,1,1,1,1,1,1,1,1,1,1,1,1,1,4,18.0,100.0
9161,40.43037,-3.73476,1,1.0,1.0,42.0,100.0,2,0.18,470,50,3555.0,63.451906,5.9,1.0,0,0,0,0,0,1,0,1,0,0,1,0,0,4,10.5,50.0
9162,40.38787,-3.66058,2,1.0,1.0,33.0,100.0,1,0.7,401,50,1890.0,41.443535,5.0,1.5,0,0,0,0,0,1,0,1,0,0,1,0,0,4,19.5,50.0
9163,40.4135,-3.69891,4,2.0,2.0,231.0,100.0,2,0.35,188,200,4503.0,68.043894,0.8,2.0,1,0,0,0,0,1,0,1,0,0,0,0,0,8,36.0,200.0
9164,40.40464,-3.70336,4,0.0,2.0,36.0,93.0,3,3.64,424,200,3917.0,55.025641,1.9,1.0,1,0,0,0,0,1,0,1,1,0,1,1,1,4,33.0,50.0
9165,40.42149,-3.6836,2,0.0,2.0,54.0,87.0,88,2.76,296,200,5328.0,74.694253,2.2,1.0,1,0,0,0,0,1,0,1,1,0,0,0,0,6,18.0,100.0
9166,40.42149,-3.6836,3,2.0,3.0,200.0,87.0,88,2.63,349,200,5328.0,74.694253,2.2,1.0,1,0,0,0,0,1,0,1,1,1,1,0,0,6,25.5,200.0
9167,40.42149,-3.6836,3,1.0,3.0,83.0,90.0,88,1.72,352,200,5328.0,74.694253,2.2,1.0,1,0,0,0,0,1,0,1,1,0,1,0,0,6,25.5,100.0
9168,40.42149,-3.6836,3,1.0,2.0,66.0,90.0,88,2.06,338,200,5328.0,74.694253,2.2,1.0,1,0,0,0,0,1,0,1,1,0,1,0,0,6,25.5,100.0
9169,40.42149,-3.6836,3,1.0,3.0,67.0,93.0,88,3.16,372,200,5328.0,74.694253,2.2,1.0,1,0,0,0,0,1,0,1,1,1,1,0,0,6,25.5,100.0
9170,40.43788,-3.64155,2,1.0,1.0,19.0,93.0,2,0.28,159,50,2893.0,50.090625,6.5,1.5,0,0,0,0,0,1,0,0,0,0,0,0,0,4,19.5,50.0
9171,40.40348,-3.6915,4,1.0,2.0,82.0,99.0,1,3.14,491,200,3917.0,55.025641,1.9,1.0,1,0,0,0,0,1,0,1,0,0,1,0,0,10,33.0,100.0
9173,40.39599,-3.68116,5,3.0,4.0,86.0,93.0,1,1.85,381,200,3917.0,55.025641,1.9,2.0,1,0,0,0,0,1,1,1,1,0,1,0,0,6,43.5,100.0
9174,40.39996,-3.68571,1,1.0,1.0,30.0,99.0,1,0.82,254,50,3917.0,55.025641,1.9,1.0,0,0,0,0,0,1,0,0,1,0,1,0,0,4,10.5,50.0
9175,40.38105,-3.77599,1,1.0,1.0,38.0,100.0,1,0.04,195,50,2287.0,47.008319,4.7,1.0,0,0,0,0,0,1,0,0,1,0,0,0,0,4,10.5,50.0
9176,40.43066,-3.65865,4,1.0,2.0,120.0,0.0,2,0.0,264,200,2893.0,50.090625,6.5,1.0,1,0,0,0,0,1,0,1,0,0,1,0,0,6,33.0,150.0
9177,40.43727,-3.67268,2,1.0,1.0,70.0,100.0,2,0.04,207,200,5328.0,74.694253,2.2,1.0,1,0,0,0,0,1,0,1,0,0,1,0,0,5,18.0,100.0
9178,40.46927,-3.64663,3,0.0,1.0,35.0,86.0,2,0.52,192,50,3312.0,62.061453,9.2,1.0,0,0,0,0,0,1,1,0,1,0,0,0,0,4,25.5,50.0
9179,40.42765,-3.69704,2,1.0,1.0,83.0,85.0,113,0.14,196,200,4503.0,68.043894,0.8,1.0,1,0,0,0,0,1,0,1,1,0,0,0,0,7,18.0,100.0
9180,40.42554,-3.68214,4,2.0,3.0,155.0,80.0,113,0.07,188,200,5328.0,74.694253,2.2,2.0,1,0,0,0,0,1,0,1,1,0,0,0,0,7,36.0,200.0
9181,40.40213,-3.70058,2,0.0,1.0,63.0,92.0,59,1.31,390,200,3917.0,55.025641,1.9,1.0,1,0,0,0,0,1,0,0,0,1,0,0,0,7,18.0,100.0
9182,40.42681,-3.68142,2,1.0,1.0,113.0,100.0,113,0.26,181,200,5328.0,74.694253,2.2,1.0,1,0,0,0,0,1,0,1,1,0,0,0,0,7,18.0,150.0
9183,40.41869,-3.70579,3,1.0,1.0,100.0,80.0,3,0.04,281,200,4503.0,68.043894,0.8,1.5,1,0,0,0,0,1,0,1,1,0,1,0,0,4,27.0,100.0
9184,40.4262,-3.6856,4,2.0,3.0,263.0,100.0,113,0.07,164,200,5328.0,74.694253,2.2,2.0,1,0,0,0,0,1,0,1,1,0,0,0,0,7,36.0,200.0
9185,40.42784,-3.67447,3,2.0,2.0,124.0,100.0,113,0.17,195,200,5328.0,74.694253,2.2,2.0,1,0,0,0,0,1,0,1,1,0,0,0,0,7,28.5,150.0
9186,40.43149,-3.70478,4,2.0,3.0,152.0,87.0,113,0.31,204,200,4855.0,64.056634,2.4,2.0,1,0,0,0,0,1,0,1,1,0,0,0,0,7,36.0,200.0
9187,40.42325,-3.67782,4,2.0,3.0,108.0,89.0,113,0.53,196,200,5328.0,74.694253,2.2,1.0,1,0,0,0,0,1,0,1,1,0,0,0,0,7,33.0,150.0
9188,40.42703,-3.68007,6,3.0,4.0,233.0,100.0,113,0.15,224,200,5328.0,74.694253,2.2,3.0,1,0,0,0,0,1,0,1,1,1,0,0,0,7,54.0,200.0
9189,40.42312,-3.68426,5,3.0,4.0,225.0,98.0,113,0.31,204,200,5328.0,74.694253,2.2,2.0,1,0,0,0,0,1,0,1,1,0,0,0,0,7,43.5,200.0
9190,40.42483,-3.6988,4,2.0,3.0,160.0,90.0,2,0.14,234,200,4503.0,68.043894,0.8,2.0,1,0,0,0,0,1,0,1,0,0,0,0,0,10,36.0,200.0
9192,40.41364,-3.69517,2,1.0,1.0,137.0,0.0,113,0.0,204,200,4503.0,68.043894,0.8,1.0,1,0,0,0,0,1,0,1,1,0,0,0,0,7,18.0,150.0
9193,40.42391,-3.70566,4,2.0,3.0,171.0,89.0,113,0.66,442,200,4503.0,68.043894,0.8,2.0,1,0,0,0,0,1,0,1,1,1,1,0,1,7,36.0,200.0
9194,40.41588,-3.69809,2,1.0,1.0,114.0,90.0,113,0.5,195,200,4503.0,68.043894,0.8,1.0,1,0,0,0,0,1,0,1,1,0,0,0,0,7,18.0,150.0
9195,40.42756,-3.71694,4,2.0,3.0,140.0,0.0,113,0.0,485,200,3555.0,63.451906,5.9,2.0,1,0,0,0,0,1,0,1,1,0,1,0,1,7,36.0,150.0
9196,40.41686,-3.69857,2,1.0,1.0,110.0,100.0,113,0.15,408,200,4503.0,68.043894,0.8,1.0,1,0,0,0,0,1,0,1,1,1,1,0,1,7,18.0,150.0
9197,40.42538,-3.70831,4,2.0,3.0,102.0,93.0,113,0.41,422,200,4503.0,68.043894,0.8,2.0,1,0,0,0,0,1,0,1,1,1,1,0,1,7,36.0,150.0
9198,40.43058,-3.68582,4,2.0,3.0,261.0,0.0,113,0.0,272,200,5328.0,74.694253,2.2,3.0,1,0,0,0,0,1,0,1,1,0,0,0,0,7,39.0,200.0
9199,40.43251,-3.68739,4,2.0,2.0,270.0,0.0,113,0.0,204,200,5328.0,74.694253,2.2,3.0,1,0,0,0,0,1,0,1,1,0,0,0,0,7,39.0,200.0
9200,40.42195,-3.68442,4,2.0,2.0,445.0,100.0,113,0.13,184,200,5328.0,74.694253,2.2,3.0,1,0,0,0,0,1,0,0,1,0,0,0,0,7,39.0,200.0
9202,40.40413,-3.73937,1,1.0,1.0,24.0,93.0,1,0.23,238,50,2287.0,47.008319,4.7,1.0,0,0,0,0,0,1,0,0,1,0,0,0,0,4,10.5,50.0
9203,40.49163,-3.72754,1,1.0,1.0,31.0,100.0,4,0.39,815,50,3545.0,57.198083,16.4,1.0,1,0,0,0,0,1,1,1,1,1,1,0,0,4,10.5,50.0
9204,40.40723,-3.70808,4,1.0,1.0,74.0,89.0,2,0.65,470,200,4503.0,68.043894,0.8,1.0,1,0,0,0,0,1,0,1,1,0,1,0,0,9,33.0,100.0
9205,40.42426,-3.68004,6,3.0,5.0,201.0,94.0,6,1.64,539,200,5328.0,74.694253,2.2,2.0,1,0,0,0,0,1,0,1,0,1,1,0,0,9,51.0,200.0
9206,40.39344,-3.69561,2,1.0,1.0,40.0,100.0,3,0.04,230,200,3917.0,55.025641,1.9,1.0,1,0,0,0,0,1,0,1,1,0,0,0,0,7,18.0,50.0
9207,40.48157,-3.66418,1,1.0,1.0,35.0,1.0,3,1.0,19,50,2893.0,50.090625,6.5,1.0,1,1,1,1,1,1,1,1,1,1,1,1,1,4,10.5,50.0
9208,40.48319,-3.66251,1,0.0,1.0,35.0,0.0,3,0.0,69,50,2893.0,50.090625,6.5,1.0,1,1,1,1,1,0,1,0,1,0,1,0,0,4,10.5,50.0
9209,40.42404,-3.69236,4,1.0,2.0,80.0,93.0,1,0.36,341,200,4503.0,68.043894,0.8,1.0,1,0,0,0,0,1,0,1,1,0,1,0,1,4,33.0,100.0
9210,40.40733,-3.70576,4,2.0,2.0,65.0,97.0,1,0.24,453,200,4503.0,68.043894,0.8,1.0,1,0,0,0,0,1,0,1,0,0,0,0,1,7,33.0,100.0
9211,40.48384,-3.66243,1,0.0,1.0,25.0,0.0,3,0.0,77,50,3312.0,62.061453,9.2,1.0,0,1,1,1,1,1,1,0,1,0,1,0,0,4,10.5,50.0
9212,40.43376,-3.69445,2,1.0,2.0,40.0,98.0,1,0.83,196,50,4855.0,64.056634,2.4,2.0,0,0,0,0,0,1,0,0,1,0,1,0,0,4,21.0,50.0
9213,40.40883,-3.70353,6,3.0,3.0,153.0,85.0,72,1.1,272,200,4503.0,68.043894,0.8,2.0,1,0,0,0,0,1,0,1,1,0,1,0,0,6,51.0,200.0
9214,40.42528,-3.68606,3,1.0,2.0,75.0,80.0,1,0.04,152,200,5328.0,74.694253,2.2,1.0,1,1,1,1,1,1,0,1,1,0,0,0,0,6,25.5,100.0
9215,40.41074,-3.705,2,1.0,2.0,40.0,98.0,7,1.62,392,200,4503.0,68.043894,0.8,1.0,1,0,0,0,0,1,0,1,0,0,1,0,0,11,18.0,50.0
9216,40.4375,-3.70924,7,4.0,7.0,58.0,92.0,2,1.98,334,200,4855.0,64.056634,2.4,2.0,1,0,0,0,0,1,0,0,1,0,1,0,0,7,58.5,100.0
9217,40.42451,-3.63761,1,1.0,1.0,20.0,100.0,1,0.42,27,50,2893.0,50.090625,6.5,1.0,0,0,0,0,0,0,0,0,0,0,0,0,0,4,10.5,50.0
9218,40.4278,-3.606,6,3.0,5.0,90.0,99.0,1,1.74,318,200,2477.0,70.967532,7.3,2.0,1,0,0,0,0,1,1,1,1,0,1,0,0,6,51.0,100.0
9219,40.41171,-3.70586,2,1.0,1.0,110.0,94.0,5,0.39,312,200,4503.0,68.043894,0.8,2.0,1,0,0,0,0,1,0,0,0,1,1,0,1,10,21.0,150.0
9220,40.40949,-3.70914,7,3.0,5.0,182.0,99.0,2,3.32,375,200,4503.0,68.043894,0.8,2.0,1,0,0,0,0,1,0,1,0,0,0,0,0,10,58.5,200.0
9221,40.3753,-3.73244,1,1.0,1.0,30.0,87.0,3,0.24,471,50,2195.0,47.402837,6.6,1.5,0,0,0,0,0,1,0,1,0,1,1,0,0,6,12.0,50.0
9222,40.42395,-3.70861,7,3.0,4.0,109.0,99.0,1,1.37,634,200,4503.0,68.043894,0.8,2.0,1,0,0,0,0,1,0,1,0,1,1,0,0,4,58.5,150.0
9223,40.4026,-3.70215,2,1.0,1.0,20.0,95.0,1,0.14,112,50,3917.0,55.025641,1.9,1.0,0,0,0,0,0,1,0,0,0,0,0,0,0,6,18.0,50.0
9224,40.4217,-3.70544,6,2.0,3.0,189.0,100.0,1,1.37,248,200,4503.0,68.043894,0.8,2.0,1,0,0,0,0,1,0,0,1,0,0,0,0,0,51.0,200.0
9225,40.40308,-3.68004,7,3.0,4.0,80.0,98.0,3,4.02,252,200,4220.0,63.672727,3.2,2.0,1,0,0,0,0,1,0,1,1,0,0,0,0,6,58.5,100.0
9226,40.40542,-3.67835,2,1.0,1.0,39.0,95.0,1,1.91,376,50,4220.0,63.672727,3.2,1.0,1,0,0,0,0,1,0,1,1,1,1,0,0,4,18.0,50.0
9227,40.43432,-3.71899,2,1.0,1.0,70.0,86.0,1,0.24,237,200,3555.0,63.451906,5.9,1.5,1,0,0,0,0,1,0,1,0,0,1,0,0,4,19.5,100.0
9228,40.45207,-3.70994,2,0.0,1.0,50.0,98.0,1,2.32,583,200,3476.0,60.621287,5.9,1.0,1,0,0,0,0,1,0,1,1,0,1,0,0,4,18.0,50.0
9229,40.42727,-3.70391,4,2.0,3.0,84.0,98.0,1,2.11,446,200,4503.0,68.043894,0.8,2.0,1,0,0,0,0,1,0,1,1,1,1,0,0,10,36.0,100.0
9230,40.41063,-3.70566,4,1.0,2.0,134.0,94.0,7,0.71,283,200,4503.0,68.043894,0.8,1.0,1,0,0,0,0,1,0,1,0,0,1,0,0,4,33.0,150.0
9231,40.42583,-3.70465,4,1.0,2.0,87.0,88.0,1,1.68,286,200,4503.0,68.043894,0.8,1.0,1,0,0,0,0,1,0,1,0,1,0,0,0,4,33.0,100.0
9232,40.42757,-3.64259,1,2.0,1.0,30.0,0.0,1,0.0,130,50,2893.0,50.090625,6.5,2.5,0,0,0,0,0,1,0,0,0,0,0,0,0,4,15.0,50.0
9233,40.43839,-3.64134,1,1.0,1.0,16.0,0.0,2,0.0,147,50,2893.0,50.090625,6.5,1.5,0,0,0,0,0,1,0,0,0,0,0,0,0,4,12.0,50.0
9234,40.42298,-3.69053,5,1.0,3.0,82.0,97.0,1,1.15,612,200,5328.0,74.694253,2.2,1.5,1,0,0,0,0,1,0,1,1,0,1,0,0,4,42.0,100.0
9235,40.4091,-3.70712,2,1.0,1.0,93.0,73.0,1,0.21,253,50,4503.0,68.043894,0.8,1.0,1,0,0,0,0,1,0,0,0,0,1,0,0,8,18.0,100.0
9236,40.36808,-3.76363,1,1.0,1.0,18.0,95.0,2,1.62,264,50,2287.0,47.008319,4.7,1.0,0,0,0,0,0,1,0,0,1,0,0,0,0,4,10.5,50.0
9237,40.45958,-3.70816,4,3.0,3.0,145.0,80.0,2,0.03,71,200,3476.0,60.621287,5.9,1.0,1,0,0,0,0,0,0,0,0,0,1,0,0,7,33.0,150.0
9238,40.44933,-3.70137,3,1.0,1.0,50.0,100.0,1,0.11,158,200,3476.0,60.621287,5.9,1.5,1,0,0,0,0,1,0,0,0,0,1,0,0,6,27.0,50.0
9239,40.40993,-3.73683,2,2.0,2.0,56.0,80.0,3,0.04,229,200,2287.0,47.008319,4.7,1.5,1,1,1,1,1,1,0,0,0,0,0,0,0,6,19.5,100.0
9240,40.46266,-3.58557,1,1.0,1.0,28.0,100.0,2,1.56,359,50,3047.0,56.183432,11.8,1.0,0,0,0,0,0,1,1,1,1,0,1,0,0,4,10.5,50.0
9241,40.3986,-3.6628,5,3.0,4.0,80.0,0.0,1,0.0,175,200,1890.0,41.443535,5.0,1.0,1,0,0,0,0,1,0,1,0,0,0,0,0,4,40.5,100.0
9242,40.415,-3.67597,6,2.0,3.0,88.0,100.0,2,2.25,600,200,4220.0,63.672727,3.2,2.0,1,0,0,0,0,1,0,1,0,0,1,0,0,5,51.0,100.0
9243,40.40156,-3.70233,2,1.0,2.0,59.0,100.0,2,0.07,367,200,3917.0,55.025641,1.9,1.0,1,0,0,0,0,1,0,1,0,0,0,0,0,7,18.0,100.0
9244,40.38168,-3.78032,6,2.0,3.0,69.0,97.0,1,3.79,389,200,2287.0,47.008319,4.7,2.0,1,0,0,0,0,1,0,1,0,0,1,0,0,6,51.0,100.0
9245,40.41894,-3.70047,2,1.0,1.0,50.0,91.0,1,1.71,331,200,4503.0,68.043894,0.8,1.0,1,0,0,0,0,1,0,1,1,0,0,0,0,4,18.0,50.0
9246,40.40772,-3.70746,3,1.0,2.0,61.0,92.0,3,2.8,503,200,4503.0,68.043894,0.8,1.0,1,0,0,0,0,1,0,1,0,1,1,0,1,6,25.5,100.0
9247,40.42541,-3.70481,4,2.0,4.0,81.0,92.0,1,1.67,345,200,4503.0,68.043894,0.8,1.0,1,0,0,0,0,1,0,0,1,0,0,0,0,4,33.0,100.0
9248,40.40304,-3.67763,2,1.0,1.0,65.0,100.0,1,0.04,84,50,4220.0,63.672727,3.2,1.0,0,0,0,0,0,1,0,0,0,0,0,0,0,8,18.0,100.0
9249,40.43738,-3.70078,5,2.0,5.0,56.0,90.0,1,1.4,268,200,4855.0,64.056634,2.4,1.0,1,0,0,0,0,1,0,1,0,0,0,0,0,4,40.5,100.0
9250,40.43416,-3.61036,8,3.0,5.0,107.0,89.0,1,2.03,375,200,2477.0,70.967532,7.3,2.0,1,0,0,0,0,1,0,0,1,0,0,0,1,4,66.0,150.0
9251,40.41628,-3.70347,4,1.0,1.0,115.0,91.0,1,2.4,456,200,4503.0,68.043894,0.8,1.0,1,0,0,0,0,1,0,1,0,1,1,0,0,4,33.0,150.0
9252,40.42576,-3.7117,4,2.0,2.0,78.0,88.0,1,1.45,205,200,4503.0,68.043894,0.8,1.0,1,0,0,0,0,1,0,1,0,0,0,0,0,4,33.0,100.0
9253,40.41501,-3.7073,2,1.0,1.0,43.0,0.0,1,0.0,178,50,4503.0,68.043894,0.8,1.0,0,0,0,0,0,1,0,0,0,0,0,0,0,4,18.0,50.0
9254,40.40518,-3.7068,5,2.0,3.0,74.0,93.0,1,0.64,522,200,3917.0,55.025641,1.9,1.0,1,0,0,0,0,1,0,1,1,0,1,0,0,4,40.5,100.0
9255,40.41596,-3.70135,3,1.0,3.0,80.0,100.0,1,0.03,155,200,4503.0,68.043894,0.8,1.0,1,0,0,0,0,1,0,1,1,0,1,0,0,6,25.5,100.0
9256,40.41894,-3.70245,3,1.0,2.0,100.0,100.0,2,0.12,290,200,4503.0,68.043894,0.8,1.0,1,0,0,0,0,1,0,1,1,0,0,0,0,4,25.5,100.0
9257,40.42655,-3.70147,2,0.0,2.0,50.0,81.0,5,1.9,239,200,4503.0,68.043894,0.8,1.0,1,0,0,0,0,1,0,1,0,0,1,0,0,5,18.0,50.0
9258,40.41117,-3.70853,6,3.0,6.0,86.0,92.0,14,0.4,285,200,4503.0,68.043894,0.8,1.0,1,1,1,1,1,1,0,1,1,0,0,0,0,6,48.0,100.0
9259,40.40328,-3.73876,4,1.0,2.0,110.0,87.0,1,0.39,241,200,2287.0,47.008319,4.7,1.5,1,0,0,0,0,1,0,0,1,0,0,0,0,7,34.5,150.0
9260,40.41788,-3.7029,2,1.0,2.0,100.0,93.0,2,0.1,313,200,4503.0,68.043894,0.8,1.0,1,0,0,0,0,1,0,1,1,1,0,0,0,4,18.0,100.0
9261,40.47085,-3.72478,1,1.0,1.0,24.0,95.0,1,0.18,143,50,3555.0,63.451906,5.9,1.0,1,0,0,0,0,1,1,0,1,0,1,0,0,4,10.5,50.0
9262,40.4029,-3.67843,4,2.0,2.0,186.0,100.0,1,0.14,459,200,4220.0,63.672727,3.2,2.0,1,0,0,0,0,1,0,1,1,0,1,0,0,4,36.0,200.0
9263,40.39575,-3.69302,4,2.0,2.0,61.0,100.0,3,0.03,168,200,3917.0,55.025641,1.9,1.0,1,1,1,1,1,1,0,0,1,0,0,0,0,7,33.0,100.0
9264,40.39551,-3.69354,2,1.0,1.0,30.0,100.0,3,0.1,402,50,3917.0,55.025641,1.9,1.0,0,0,0,0,0,1,0,0,1,0,0,0,0,7,18.0,50.0
9265,40.42391,-3.71431,4,1.0,4.0,58.0,93.0,2,2.29,326,200,3555.0,63.451906,5.9,2.0,1,0,0,0,0,1,0,1,1,0,1,0,0,7,36.0,100.0
9266,40.4096,-3.7118,4,1.0,2.0,58.0,91.0,1,1.67,413,200,4503.0,68.043894,0.8,1.0,1,0,0,0,0,1,0,0,1,0,1,0,1,8,33.0,100.0
9267,40.44869,-3.71501,6,1.0,3.0,96.0,96.0,28,1.4,464,200,3555.0,63.451906,5.9,1.0,1,0,0,0,0,1,1,1,1,0,1,0,0,7,48.0,100.0
9269,40.43057,-3.7018,4,1.0,2.0,100.0,100.0,10,0.15,326,200,4855.0,64.056634,2.4,1.0,1,0,0,0,0,1,0,1,1,0,1,0,0,4,33.0,100.0
9270,40.38903,-3.6933,6,2.0,4.0,100.0,81.0,38,3.91,386,200,3917.0,55.025641,1.9,2.0,1,0,0,0,0,1,1,1,1,0,1,0,0,9,51.0,100.0
9271,40.42624,-3.70652,3,1.0,1.0,38.0,98.0,1,0.28,315,200,4503.0,68.043894,0.8,1.0,1,0,0,0,0,1,0,1,1,1,1,0,0,6,25.5,50.0
9272,40.39378,-3.69733,1,1.0,1.0,29.0,99.0,1,0.73,463,50,3917.0,55.025641,1.9,1.0,0,0,0,0,0,1,0,0,1,0,1,0,0,4,10.5,50.0
9273,40.38056,-3.77321,1,1.0,1.0,67.0,100.0,1,0.04,248,50,2287.0,47.008319,4.7,1.0,0,0,0,0,0,1,0,1,0,0,0,0,0,4,10.5,100.0
9274,40.42539,-3.66157,2,1.0,1.0,20.0,98.0,5,0.73,409,50,5328.0,74.694253,2.2,1.0,0,0,0,0,0,1,0,1,1,0,1,0,0,8,18.0,50.0
9275,40.41753,-3.7022,6,2.0,4.0,170.0,100.0,2,0.29,227,200,4503.0,68.043894,0.8,2.0,1,0,0,0,0,1,0,1,1,0,1,0,0,4,51.0,200.0
9276,40.42573,-3.66035,1,1.0,1.0,13.0,92.0,5,0.77,409,50,5328.0,74.694253,2.2,1.5,0,0,0,0,0,1,0,1,1,0,1,0,0,8,12.0,50.0
9277,40.39954,-3.72045,8,3.0,5.0,124.0,95.0,1,1.5,232,200,2195.0,47.402837,6.6,2.0,1,0,0,0,0,1,0,0,1,0,0,0,0,4,66.0,150.0
9278,40.39918,-3.69589,5,2.0,3.0,52.0,87.0,3,1.82,268,200,3917.0,55.025641,1.9,1.0,1,0,0,0,0,1,0,0,0,0,0,0,0,4,40.5,100.0
9279,40.44243,-3.68202,3,2.0,2.0,200.0,87.0,1,0.1,194,200,4508.0,67.220486,5.8,2.0,1,0,0,0,0,1,0,1,0,0,1,0,0,4,28.5,200.0
9280,40.41013,-3.73312,1,0.0,1.0,23.0,0.0,2,0.0,132,50,2287.0,47.008319,4.7,1.5,0,0,0,0,0,1,0,0,0,0,0,0,0,4,12.0,50.0
9281,40.42344,-3.7014,5,2.0,4.0,50.0,84.0,1,1.19,148,200,4503.0,68.043894,0.8,1.0,1,0,0,0,0,0,0,0,0,0,1,0,0,4,40.5,50.0
9282,40.43885,-3.69914,4,2.0,2.0,220.0,100.0,1,0.1,462,200,4855.0,64.056634,2.4,2.0,1,0,0,0,0,1,0,1,1,1,1,0,1,8,36.0,200.0
9283,40.49138,-3.66409,2,1.0,1.0,51.0,91.0,1,1.15,372,200,3312.0,62.061453,9.2,1.0,1,0,0,0,0,0,1,1,1,0,0,0,0,8,18.0,100.0
9284,40.38967,-3.70074,4,2.0,3.0,71.0,80.0,38,2.76,355,200,2316.0,43.910072,4.6,1.0,1,0,0,0,0,1,0,1,0,1,1,0,0,9,33.0,100.0
9285,40.39453,-3.7258,4,2.0,2.0,40.0,92.0,2,0.61,360,200,2195.0,47.402837,6.6,1.0,1,0,0,0,0,1,0,1,0,0,0,0,0,4,33.0,50.0
9286,40.40536,-3.67659,5,2.0,4.0,160.0,100.0,1,0.17,523,200,4220.0,63.672727,3.2,2.0,1,0,0,0,0,1,0,0,1,0,1,0,0,4,43.5,200.0
9287,40.41967,-3.70038,4,1.0,2.0,50.0,80.0,4,0.04,119,200,4503.0,68.043894,0.8,1.0,1,0,0,0,0,0,0,1,0,0,1,0,0,5,33.0,50.0
9288,40.45477,-3.70515,7,3.0,4.0,350.0,93.0,1,0.17,331,200,3476.0,60.621287,5.9,1.0,1,0,0,0,0,1,0,1,0,0,1,0,0,10,55.5,200.0
9289,40.4092,-3.69919,2,1.0,1.0,25.0,100.0,1,0.15,197,50,4503.0,68.043894,0.8,1.0,0,0,0,0,0,1,0,0,0,0,1,0,0,6,18.0,50.0
9290,40.41155,-3.70194,4,2.0,2.0,84.0,97.0,1,1.57,461,200,4503.0,68.043894,0.8,1.0,1,0,0,0,0,1,0,0,1,0,1,0,0,7,33.0,100.0
9291,40.46244,-3.69269,2,1.0,1.0,59.0,0.0,2,0.0,145,50,3476.0,60.621287,5.9,1.0,0,0,0,0,0,1,0,1,1,0,1,0,0,4,18.0,100.0
9292,40.41116,-3.69424,10,5.0,8.0,156.0,98.0,7,0.56,549,200,4503.0,68.043894,0.8,4.0,1,0,0,0,0,1,0,1,0,1,1,0,0,8,87.0,200.0
9293,40.38617,-3.7347,2,1.0,1.0,20.0,97.0,1,1.61,156,50,2195.0,47.402837,6.6,1.0,0,0,0,0,0,1,0,1,1,0,1,0,0,4,18.0,50.0
9294,40.42727,-3.70807,2,1.0,2.0,49.0,95.0,1,1.58,449,200,4503.0,68.043894,0.8,1.0,1,0,0,0,0,1,0,0,0,0,1,0,0,4,18.0,50.0
9295,40.42648,-3.63207,1,1.0,1.0,18.0,0.0,1,0.0,85,50,2893.0,50.090625,6.5,1.0,0,0,0,0,0,1,0,0,1,0,0,0,0,4,10.5,50.0
9296,40.42602,-3.68538,6,2.0,4.0,109.0,87.0,6,1.5,512,200,5328.0,74.694253,2.2,2.0,1,0,0,0,0,1,0,1,0,0,1,0,0,10,51.0,150.0
9297,40.43051,-3.70457,4,1.0,2.0,54.0,87.0,1,0.87,453,200,4855.0,64.056634,2.4,1.0,1,0,0,0,0,1,0,1,0,0,0,0,0,8,33.0,100.0
9298,40.40636,-3.67465,1,1.0,1.0,35.0,100.0,2,0.06,353,50,4220.0,63.672727,3.2,1.0,0,0,0,0,0,1,0,0,0,0,1,0,0,7,10.5,50.0
9299,40.44332,-3.5771,2,1.0,1.0,26.0,100.0,3,0.18,528,50,2477.0,70.967532,7.3,1.0,0,0,0,0,0,1,0,0,1,0,1,0,0,5,18.0,50.0
9300,40.40783,-3.6963,4,1.0,2.0,54.0,97.0,1,1.9,361,200,4503.0,68.043894,0.8,1.0,1,0,0,0,0,1,0,1,1,1,1,0,0,7,33.0,100.0
9301,40.37352,-3.62838,2,1.0,2.0,28.0,94.0,1,1.02,311,50,2382.0,49.659794,11.0,1.0,1,0,0,0,0,1,0,0,1,0,1,0,0,0,18.0,50.0
9302,40.42798,-3.68333,1,0.0,1.0,65.0,100.0,1,0.09,161,50,5328.0,74.694253,2.2,1.0,1,0,0,0,0,1,0,0,1,0,1,0,0,9,10.5,100.0
9303,40.40935,-3.69915,4,2.0,2.0,85.0,100.0,2,0.14,182,200,4503.0,68.043894,0.8,1.0,1,0,0,0,0,1,0,1,0,0,1,0,0,8,33.0,100.0
9304,40.41345,-3.66557,5,3.0,3.0,100.0,0.0,2,0.0,269,200,4220.0,63.672727,3.2,4.5,1,0,0,0,0,1,0,1,1,0,1,0,0,10,51.0,100.0
9305,40.42422,-3.70278,2,1.0,1.0,21.0,92.0,1,3.76,337,50,4503.0,68.043894,0.8,1.5,0,0,0,0,0,1,0,1,0,0,1,0,0,5,19.5,50.0
9306,40.39627,-3.69913,2,1.0,1.0,34.0,100.0,1,0.63,357,50,3917.0,55.025641,1.9,1.0,0,0,0,0,0,1,0,1,1,0,0,0,0,7,18.0,50.0
9307,40.44356,-3.57674,1,1.0,1.0,49.0,96.0,1,0.39,389,50,2477.0,70.967532,7.3,1.0,0,0,0,0,0,1,0,0,1,0,1,0,0,4,10.5,50.0
9308,40.40505,-3.61098,2,1.0,1.0,500.0,0.0,1,0.0,151,50,2246.0,55.472222,11.2,1.0,0,0,0,0,0,1,1,1,0,0,0,0,0,4,18.0,200.0
9309,40.41719,-3.70982,1,1.0,1.0,40.0,98.0,1,0.41,272,50,4503.0,68.043894,0.8,1.0,0,0,0,0,0,1,0,1,0,0,0,0,0,7,10.5,50.0
9310,40.4477,-3.66362,2,0.0,1.0,45.0,94.0,1,0.57,242,50,4508.0,67.220486,5.8,1.0,1,0,0,0,0,1,0,0,1,1,0,0,0,7,18.0,50.0
9311,40.42702,-3.67449,6,2.0,4.0,58.0,98.0,2,2.74,386,200,5328.0,74.694253,2.2,1.0,1,0,0,0,0,1,0,1,1,1,1,0,0,5,48.0,100.0
9312,40.42451,-3.70421,1,0.0,1.0,34.0,100.0,1,0.07,116,50,4503.0,68.043894,0.8,1.0,0,1,1,1,1,1,0,0,0,0,0,0,0,7,10.5,50.0
9313,40.41344,-3.70502,4,1.0,2.0,99.0,100.0,3,0.04,296,200,4503.0,68.043894,0.8,1.0,1,0,0,0,0,1,0,1,0,0,1,0,0,4,33.0,100.0
9314,40.41433,-3.70701,6,2.0,2.0,72.0,98.0,4,3.53,345,200,4503.0,68.043894,0.8,2.0,1,0,0,0,0,1,0,1,1,0,0,0,0,5,51.0,100.0
9315,40.41852,-3.70355,2,1.0,1.0,89.0,0.0,1,0.0,234,50,4503.0,68.043894,0.8,2.0,1,0,0,0,0,1,0,1,1,0,1,0,0,10,21.0,100.0
9316,40.40976,-3.69919,2,1.0,1.0,25.0,98.0,2,1.7,222,50,4503.0,68.043894,0.8,1.0,0,0,0,0,0,1,0,1,0,0,0,0,0,8,18.0,50.0
9317,40.4624,-3.69873,2,1.0,1.0,23.0,94.0,11,1.22,367,50,3476.0,60.621287,5.9,1.0,0,0,0,0,0,1,0,0,0,0,1,0,0,7,18.0,50.0
9319,40.39461,-3.72508,1,1.0,1.0,25.0,0.0,7,0.0,173,50,2195.0,47.402837,6.6,1.5,1,0,0,0,0,1,0,1,0,0,1,0,0,8,12.0,50.0
9320,40.41597,-3.71219,4,1.0,2.0,78.0,91.0,2,0.81,278,200,4503.0,68.043894,0.8,1.0,1,0,0,0,0,0,0,1,1,0,0,0,0,6,33.0,100.0
9321,40.38404,-3.63796,1,1.0,1.0,26.0,100.0,3,0.07,193,50,1890.0,41.443535,5.0,1.5,0,0,0,0,0,1,0,0,0,0,0,0,0,4,12.0,50.0
9322,40.38437,-3.76728,2,1.0,2.0,33.0,96.0,1,0.42,460,50,2287.0,47.008319,4.7,1.0,0,0,0,0,0,1,0,0,1,0,1,0,0,9,18.0,50.0
9323,40.41753,-3.70941,3,1.0,2.0,50.0,99.0,12,2.13,347,200,4503.0,68.043894,0.8,1.0,1,0,0,0,0,1,0,1,1,0,1,0,0,5,25.5,50.0
9324,40.46157,-3.69957,1,1.0,1.0,22.0,95.0,11,1.46,320,50,3476.0,60.621287,5.9,1.0,0,0,0,0,0,1,0,0,1,0,1,0,0,7,10.5,50.0
9325,40.4093,-3.70313,6,2.0,2.0,100.0,0.0,1,0.0,204,200,4503.0,68.043894,0.8,1.0,1,0,0,0,0,1,0,1,1,0,1,0,0,4,48.0,100.0
9326,40.44107,-3.69507,4,0.0,2.0,149.0,86.0,1,1.02,318,200,4855.0,64.056634,2.4,1.0,1,0,0,0,0,1,0,0,0,1,0,0,0,4,33.0,150.0
9335,40.41986,-3.71785,3,1.0,1.0,41.0,90.0,2,0.71,292,200,4503.0,68.043894,0.8,1.0,1,1,1,1,1,1,0,1,0,0,0,0,0,5,25.5,50.0
9336,40.41134,-3.71227,4,2.0,3.0,85.0,98.0,1,1.75,625,200,4503.0,68.043894,0.8,2.0,1,0,0,0,0,1,0,0,1,1,1,0,0,0,36.0,100.0
9337,40.44473,-3.67252,4,1.0,3.0,75.0,100.0,12,0.04,700,200,4508.0,67.220486,5.8,1.0,1,0,0,0,0,1,0,1,1,1,1,0,0,5,33.0,100.0
9338,40.41103,-3.71374,2,1.0,2.0,60.0,96.0,1,3.5,448,200,4503.0,68.043894,0.8,1.0,1,0,0,0,0,1,0,1,1,0,1,0,0,4,18.0,100.0
9339,40.44516,-3.69726,2,1.0,1.0,37.0,60.0,1,0.07,125,50,4855.0,64.056634,2.4,1.0,1,0,0,0,0,1,0,0,0,0,0,0,0,4,18.0,50.0
9340,40.40392,-3.70005,1,1.0,1.0,30.0,0.0,1,0.0,157,50,3917.0,55.025641,1.9,1.0,1,1,1,1,1,0,0,0,1,0,1,0,0,6,10.5,50.0
9342,40.41737,-3.70306,7,3.0,4.0,146.0,97.0,1,3.68,319,200,4503.0,68.043894,0.8,2.0,1,0,0,0,1,1,0,1,0,0,0,0,0,4,58.5,150.0
9343,40.43009,-3.71972,8,4.0,6.0,199.0,97.0,1,1.61,689,200,3555.0,63.451906,5.9,4.5,1,0,0,0,0,1,0,1,1,0,1,0,0,4,73.5,200.0
9344,40.42298,-3.69053,4,0.0,3.0,40.0,94.0,8,2.92,523,200,5328.0,74.694253,2.2,1.5,1,0,0,0,0,1,0,1,1,0,0,0,0,4,34.5,50.0
9345,40.38398,-3.63788,1,1.0,1.0,17.0,95.0,3,0.34,177,50,1890.0,41.443535,5.0,1.5,0,0,0,0,0,1,0,0,0,0,0,0,0,4,12.0,50.0
9346,40.45053,-3.69559,2,1.0,1.0,35.0,91.0,1,0.54,149,50,3476.0,60.621287,5.9,1.0,0,0,0,0,0,1,0,0,1,0,1,0,0,10,18.0,50.0
9347,40.41355,-3.71253,2,1.0,1.0,40.0,100.0,1,0.11,251,50,4503.0,68.043894,0.8,1.0,0,0,0,0,0,1,0,0,0,1,0,0,0,7,18.0,50.0
9348,40.38999,-3.69111,3,1.0,2.0,75.0,0.0,1,0.03,334,200,3917.0,55.025641,1.9,1.0,1,0,0,0,0,0,1,1,1,0,0,0,0,4,25.5,100.0
9349,40.44684,-3.70199,8,2.0,4.0,500.0,0.0,1,0.0,224,200,3476.0,60.621287,5.9,1.0,1,0,0,0,0,1,0,1,1,0,1,0,0,9,63.0,200.0
9350,40.44434,-3.70046,3,0.0,2.0,250.0,0.0,3,0.0,127,50,4855.0,64.056634,2.4,1.0,1,1,1,1,1,1,0,0,0,0,0,0,0,6,25.5,200.0
9351,40.48012,-3.68573,2,1.0,1.0,120.0,0.0,2,0.0,133,50,3545.0,57.198083,16.4,1.5,0,0,0,0,0,1,0,0,1,0,1,0,0,4,19.5,150.0
9352,40.4312,-3.65479,2,1.0,1.0,27.0,94.0,3,2.51,403,50,2893.0,50.090625,6.5,1.0,0,0,0,0,0,1,0,1,0,0,0,0,0,6,18.0,50.0
9353,40.44405,-3.69996,1,1.0,1.0,125.0,0.0,3,0.0,127,50,4855.0,64.056634,2.4,1.0,1,1,1,1,1,1,0,0,0,0,0,0,0,6,10.5,150.0
9354,40.41067,-3.69969,4,1.0,2.0,60.0,96.0,2,2.78,320,200,4503.0,68.043894,0.8,1.0,1,0,0,0,0,1,0,1,0,0,1,0,0,4,33.0,100.0
9355,40.46216,-3.68226,2,0.0,1.0,158.0,80.0,4,0.04,296,200,4508.0,67.220486,5.8,1.0,1,0,0,0,0,1,1,0,1,0,1,0,0,5,18.0,200.0
9356,40.43255,-3.6948,4,1.0,3.0,106.0,97.0,1,4.4,536,200,4855.0,64.056634,2.4,2.0,1,0,0,0,0,1,0,0,0,1,1,0,0,7,36.0,150.0
9357,40.41212,-3.69364,5,3.0,5.0,89.0,93.0,7,1.89,493,200,4503.0,68.043894,0.8,2.0,1,0,0,0,0,1,0,0,0,1,1,0,0,9,43.5,100.0
9358,40.42188,-3.70135,2,2.0,1.0,32.0,80.0,1,0.1,187,50,4503.0,68.043894,0.8,1.0,0,1,1,1,1,1,0,1,1,0,0,0,0,5,18.0,50.0
9359,40.40296,-3.74046,4,1.0,3.0,56.0,100.0,4,0.27,646,200,2287.0,47.008319,4.7,1.0,1,0,0,0,0,1,0,0,1,1,0,0,1,8,33.0,100.0
9360,40.45319,-3.69936,2,1.0,1.0,70.0,100.0,2,0.07,160,50,3476.0,60.621287,5.9,1.0,1,0,0,0,0,1,0,1,0,0,0,0,0,6,18.0,100.0
9361,40.40591,-3.70174,2,1.0,2.0,47.0,97.0,1,3.18,429,200,4503.0,68.043894,0.8,1.0,1,0,0,0,0,1,0,1,0,0,1,0,0,10,18.0,50.0
9364,40.40441,-3.703,3,2.0,2.0,23.0,98.0,2,5.37,507,200,3917.0,55.025641,1.9,1.5,1,0,0,0,0,1,0,1,1,0,1,0,0,4,27.0,50.0
9365,40.42193,-3.67923,6,3.0,4.0,181.0,97.0,67,1.81,326,200,5328.0,74.694253,2.2,2.0,1,1,1,1,1,1,0,1,1,0,1,0,0,7,51.0,200.0
9366,40.45544,-3.69309,4,1.0,2.0,181.0,90.0,1,0.18,150,50,3476.0,60.621287,5.9,1.0,0,1,1,1,1,1,0,0,1,0,0,0,0,4,33.0,200.0
9367,40.40533,-3.71011,3,0.0,2.0,78.0,91.0,3,0.25,452,200,3917.0,55.025641,1.9,1.0,1,0,0,0,0,1,0,0,0,0,1,0,0,4,25.5,100.0
9368,40.41042,-3.69397,4,1.0,1.0,60.0,95.0,2,1.87,354,200,4503.0,68.043894,0.8,1.0,1,0,0,0,0,1,0,1,1,0,0,0,0,7,33.0,100.0
9369,40.42224,-3.70051,2,0.0,1.0,62.0,97.0,6,0.25,465,200,4503.0,68.043894,0.8,1.0,1,0,0,0,0,1,0,1,1,1,1,0,0,9,18.0,100.0
9370,40.41164,-3.72782,2,1.0,1.0,50.0,100.0,2,0.14,289,50,2287.0,47.008319,4.7,1.0,0,0,0,0,0,1,0,0,1,1,1,0,0,6,18.0,50.0
9371,40.38704,-3.60814,4,2.0,3.0,45.0,99.0,1,0.54,547,200,2382.0,49.659794,11.0,1.5,1,0,0,0,0,1,0,1,1,0,1,0,0,8,34.5,50.0
9372,40.37626,-3.78337,1,1.0,1.0,40.0,40.0,2,0.04,148,50,2287.0,47.008319,4.7,1.0,0,0,0,0,0,1,0,0,0,0,1,0,0,5,10.5,50.0
9373,40.42483,-3.70438,2,1.0,1.0,150.0,100.0,2,0.26,368,200,4503.0,68.043894,0.8,1.0,1,0,0,0,0,1,0,1,0,1,1,0,0,9,18.0,150.0
9374,40.41003,-3.65331,2,1.0,1.0,180.0,0.0,1,0.0,167,50,2547.0,45.581197,5.0,1.0,1,1,1,1,1,1,0,0,0,0,1,0,0,5,18.0,200.0
9375,40.42561,-3.70574,2,1.0,1.0,41.0,1.0,1,1.0,64,50,4503.0,68.043894,0.8,1.0,1,1,1,1,1,1,1,1,1,1,1,1,1,6,18.0,50.0
9376,40.42165,-3.6994,3,1.0,2.0,65.0,85.0,3,3.53,176,200,4503.0,68.043894,0.8,1.0,1,0,0,0,0,1,0,1,1,0,0,0,0,7,25.5,100.0
9377,40.4199,-3.69988,2,1.0,1.0,65.0,100.0,1,0.04,177,50,4503.0,68.043894,0.8,1.0,0,0,0,0,0,1,0,0,1,0,1,0,0,7,18.0,100.0
9378,40.42846,-3.65785,2,1.0,2.0,18.0,86.0,1,1.85,335,50,2893.0,50.090625,6.5,1.0,0,0,0,0,0,1,0,1,0,0,1,0,0,4,18.0,50.0
9379,40.39292,-3.69376,1,1.0,1.0,17.0,0.0,1,0.0,127,50,3917.0,55.025641,1.9,1.0,0,0,0,0,0,1,0,0,1,0,1,0,0,12,10.5,50.0
9380,40.42575,-3.70312,4,1.0,3.0,85.0,91.0,1,1.63,495,200,4503.0,68.043894,0.8,1.5,1,0,0,0,0,1,0,1,0,0,1,0,0,4,34.5,100.0
9381,40.43668,-3.67,1,1.0,1.0,25.0,0.0,1,0.0,296,50,5328.0,74.694253,2.2,1.5,0,0,0,0,0,1,0,1,1,0,1,0,0,8,12.0,50.0
9382,40.4323,-3.64882,5,3.0,3.0,300.0,87.0,4,1.04,142,200,2893.0,50.090625,6.5,1.0,1,0,0,0,0,0,0,1,0,0,0,0,0,9,40.5,200.0
9383,40.41473,-3.70355,2,0.0,1.0,160.0,91.0,1,0.25,296,200,4503.0,68.043894,0.8,1.0,1,0,0,0,0,1,0,1,1,0,1,0,0,6,18.0,200.0
9384,40.40466,-3.72329,2,1.0,1.0,31.0,93.0,3,0.69,593,50,2287.0,47.008319,4.7,1.5,0,0,0,0,0,1,0,1,1,1,1,0,0,5,19.5,50.0
9385,40.43304,-3.71686,1,2.0,1.0,29.0,1.0,2,1.0,137,50,4855.0,64.056634,2.4,1.0,1,1,1,1,1,1,1,1,1,1,1,1,1,7,10.5,50.0
9386,40.42619,-3.67851,2,1.0,1.0,39.0,98.0,2,2.72,514,200,5328.0,74.694253,2.2,1.0,1,0,0,0,0,1,0,0,1,0,1,0,0,4,18.0,50.0
9387,40.46927,-3.5858,2,1.0,1.0,39.0,96.0,2,5.03,485,50,3047.0,56.183432,11.8,1.0,0,0,0,0,0,1,0,1,0,1,0,0,0,4,18.0,50.0
9388,40.43087,-3.6643,2,1.0,2.0,49.0,99.0,2,2.46,766,200,5328.0,74.694253,2.2,1.0,1,0,0,0,0,1,0,1,1,1,1,1,0,4,18.0,50.0
9389,40.48765,-3.65414,6,2.0,3.0,116.0,94.0,3,0.56,552,200,3312.0,62.061453,9.2,2.0,1,0,0,0,0,0,1,1,1,1,1,0,0,6,51.0,150.0
9390,40.4047,-3.73148,6,2.0,3.0,999.0,80.0,4,0.19,148,200,2287.0,47.008319,4.7,1.0,1,0,0,0,0,1,0,1,1,0,0,0,0,7,48.0,200.0
9391,40.40458,-3.72954,4,1.0,2.0,999.0,80.0,4,0.07,212,200,2287.0,47.008319,4.7,1.0,1,0,0,0,0,1,0,1,1,0,0,0,0,7,33.0,200.0
9392,40.40291,-3.7302,4,1.0,1.0,999.0,100.0,4,0.1,108,200,2287.0,47.008319,4.7,1.0,1,0,0,0,0,0,0,0,1,0,0,0,0,7,33.0,200.0
9393,40.40468,-3.72975,6,1.0,2.0,99.0,0.0,4,0.0,108,200,2287.0,47.008319,4.7,1.0,1,0,0,0,0,0,0,0,1,0,0,0,0,7,48.0,100.0
9394,40.49497,-3.69468,6,3.0,5.0,50.0,95.0,1,0.43,284,200,3545.0,57.198083,16.4,1.0,1,0,0,0,1,1,0,0,0,0,0,0,0,4,48.0,50.0
9395,40.42086,-3.67887,6,3.0,5.0,150.0,99.0,2,1.03,377,200,4220.0,63.672727,3.2,3.0,1,0,0,0,0,1,0,1,1,0,1,0,0,8,54.0,150.0
9396,40.41298,-3.69686,4,1.0,2.0,50.0,93.0,1,1.34,249,200,4503.0,68.043894,0.8,1.0,1,0,0,0,0,1,0,0,0,0,0,0,0,4,33.0,50.0
9397,40.43522,-3.68101,4,1.0,2.0,82.0,100.0,7,0.05,395,200,5328.0,74.694253,2.2,1.0,1,0,0,0,0,1,0,1,1,0,1,0,0,6,33.0,100.0
9398,40.45913,-3.69596,2,1.0,1.0,49.0,89.0,1,1.69,256,200,3476.0,60.621287,5.9,1.0,1,0,0,0,0,1,1,1,1,1,0,0,0,6,18.0,50.0
9400,40.43456,-3.71781,3,1.0,1.0,58.0,95.0,3,1.73,354,200,4855.0,64.056634,2.4,1.0,1,0,0,0,0,1,0,1,0,0,1,0,0,4,25.5,100.0
9401,40.47516,-3.71527,2,1.0,1.0,35.0,100.0,1,0.04,175,50,3545.0,57.198083,16.4,1.0,0,0,0,0,0,1,0,1,1,0,0,0,0,4,18.0,50.0
9402,40.41698,-3.69778,2,1.0,2.0,100.0,100.0,6,0.04,517,200,4503.0,68.043894,0.8,1.0,1,0,0,0,0,1,0,1,1,0,1,0,1,4,18.0,100.0
9403,40.41294,-3.70296,4,0.0,2.0,58.0,96.0,1,1.8,287,200,4503.0,68.043894,0.8,1.0,1,0,0,0,0,1,0,1,1,0,0,0,0,7,33.0,100.0
9404,40.42141,-3.70107,4,1.0,2.0,88.0,86.0,3,2.0,321,200,4503.0,68.043894,0.8,1.0,1,0,0,0,1,1,1,1,1,0,0,0,0,4,33.0,100.0
9405,40.42531,-3.70661,6,2.0,4.0,134.0,97.0,5,1.28,534,200,4503.0,68.043894,0.8,2.0,1,0,0,0,0,1,0,1,1,0,1,0,0,4,51.0,150.0
9406,40.40584,-3.69377,6,2.0,4.0,133.0,96.0,5,0.57,576,200,3917.0,55.025641,1.9,1.0,1,0,0,0,0,1,0,1,1,0,1,0,0,4,48.0,150.0
9407,40.42599,-3.70829,6,3.0,5.0,220.0,98.0,5,0.42,534,200,4503.0,68.043894,0.8,2.0,1,0,0,0,0,1,0,1,1,0,1,0,0,4,51.0,200.0
9408,40.40455,-3.69337,4,1.0,2.0,112.0,96.0,5,0.82,610,200,3917.0,55.025641,1.9,1.0,1,0,0,0,0,1,0,1,1,0,1,0,0,4,33.0,150.0
9409,40.42718,-3.70598,6,2.0,4.0,120.0,93.0,5,1.15,559,200,4503.0,68.043894,0.8,1.0,1,0,0,0,0,1,0,1,1,0,1,0,0,4,48.0,150.0
9410,40.41586,-3.71064,2,0.0,1.0,65.0,95.0,3,0.7,770,200,4503.0,68.043894,0.8,1.0,1,0,0,0,0,1,0,1,1,1,1,0,1,8,18.0,100.0
9411,40.40372,-3.69512,4,1.0,2.0,122.0,93.0,5,0.15,647,200,3917.0,55.025641,1.9,1.0,1,0,0,0,0,1,0,1,1,1,1,0,0,4,33.0,150.0
9412,40.40416,-3.69524,6,2.0,4.0,147.0,97.0,5,1.17,536,200,3917.0,55.025641,1.9,2.0,1,0,0,0,0,1,0,1,1,0,1,0,0,4,51.0,150.0
9413,40.4326,-3.673,4,0.0,2.0,58.0,93.0,28,2.19,335,200,5328.0,74.694253,2.2,1.0,1,0,0,0,0,1,1,1,1,0,1,0,0,7,33.0,100.0
9414,40.40753,-3.70905,3,1.0,1.0,43.0,91.0,1,2.22,452,200,4503.0,68.043894,0.8,1.5,1,0,0,0,0,1,0,1,1,1,0,0,0,6,27.0,50.0
9415,40.42137,-3.70491,4,1.0,2.0,68.0,96.0,1,2.2,273,200,4503.0,68.043894,0.8,1.0,1,0,0,0,0,1,0,1,1,0,0,0,0,0,33.0,100.0
9416,40.41951,-3.70044,5,1.0,1.0,75.0,96.0,1,1.91,775,200,4503.0,68.043894,0.8,1.5,1,0,0,0,0,1,0,1,0,0,1,0,0,5,42.0,100.0
9417,40.40618,-3.7023,3,1.0,2.0,100.0,93.0,1,0.22,322,200,4503.0,68.043894,0.8,2.0,1,1,1,1,1,1,0,1,0,0,1,0,0,9,28.5,100.0
9418,40.42623,-3.70626,4,1.0,1.0,86.0,81.0,3,0.75,276,200,4503.0,68.043894,0.8,1.0,1,0,0,0,0,1,0,1,1,0,0,0,0,4,33.0,100.0
9419,40.41344,-3.71844,2,1.0,2.0,87.0,98.0,1,0.52,347,200,3917.0,55.025641,1.9,1.0,1,0,0,0,0,1,0,1,0,1,0,0,0,8,18.0,100.0
9420,40.44878,-3.70222,2,0.0,1.0,58.0,87.0,2,0.83,304,200,3476.0,60.621287,5.9,1.0,1,0,0,0,0,1,0,1,1,0,0,0,0,4,18.0,100.0
9421,40.41211,-3.71178,2,1.0,1.0,65.0,98.0,3,3.93,637,200,4503.0,68.043894,0.8,1.0,1,0,0,0,0,1,0,1,0,1,1,0,1,4,18.0,100.0
9422,40.43607,-3.68599,2,1.0,1.0,72.0,100.0,1,0.52,247,200,5328.0,74.694253,2.2,1.0,1,0,0,0,0,1,0,1,0,0,0,0,0,4,18.0,100.0
9423,40.42369,-3.70257,4,1.0,4.0,77.0,99.0,1,1.17,394,200,4503.0,68.043894,0.8,1.5,1,0,0,0,0,1,0,1,0,1,1,0,0,10,34.5,100.0
9424,40.41879,-3.7113,4,2.0,2.0,64.0,93.0,88,3.62,414,200,4503.0,68.043894,0.8,1.0,1,0,0,0,0,1,0,1,0,0,1,0,0,6,33.0,100.0
9425,40.42647,-3.7096,4,2.0,3.0,98.0,92.0,1,1.69,301,200,4503.0,68.043894,0.8,1.0,1,0,0,0,0,1,0,1,0,1,0,0,0,7,33.0,100.0
9426,40.45722,-3.68589,2,1.0,3.0,40.0,0.0,5,0.0,199,50,4508.0,67.220486,5.8,1.0,0,0,0,0,0,1,0,1,1,0,1,0,0,10,18.0,50.0
9427,40.40357,-3.66781,8,4.0,5.0,120.0,86.0,2,1.51,248,200,4220.0,63.672727,3.2,2.5,1,0,0,0,0,1,0,0,0,0,0,0,0,7,67.5,150.0
9428,40.3833,-3.74683,2,1.0,1.0,31.0,95.0,1,1.21,552,50,2195.0,47.402837,6.6,1.0,0,0,0,0,0,1,0,0,0,0,0,0,1,5,18.0,50.0
9429,40.40314,-3.70281,2,1.0,1.0,50.0,92.0,7,4.15,582,200,3917.0,55.025641,1.9,1.0,1,0,0,0,0,1,0,1,1,1,1,0,0,6,18.0,50.0
9430,40.42503,-3.71345,4,1.0,2.0,129.0,97.0,59,2.24,407,200,3555.0,63.451906,5.9,1.0,1,0,0,0,0,1,0,1,1,0,0,0,0,7,33.0,150.0
9431,40.41007,-3.70315,3,0.0,2.0,86.0,0.0,2,0.0,384,200,4503.0,68.043894,0.8,1.5,1,0,0,0,0,1,0,1,1,0,1,0,0,7,27.0,100.0
9432,40.40799,-3.69982,4,2.0,2.0,115.0,92.0,2,0.43,518,200,4503.0,68.043894,0.8,1.0,1,0,0,0,0,1,0,1,1,0,1,0,0,4,33.0,150.0
9433,40.42105,-3.70326,7,2.0,4.0,65.0,93.0,1,5.1,400,200,4503.0,68.043894,0.8,1.0,1,0,0,0,0,1,0,1,1,1,1,0,0,7,55.5,100.0
9434,40.42108,-3.70237,2,1.0,1.0,36.0,98.0,3,2.07,335,50,4503.0,68.043894,0.8,1.0,0,0,0,0,0,1,0,0,1,0,1,0,0,9,18.0,50.0
9435,40.46168,-3.70286,2,1.0,1.0,23.0,98.0,2,0.36,446,50,3476.0,60.621287,5.9,1.0,0,0,0,1,0,1,0,0,0,1,1,0,0,4,18.0,50.0
9436,40.4613,-3.70242,2,1.0,1.0,23.0,93.0,2,0.35,439,50,3476.0,60.621287,5.9,1.0,1,0,0,0,0,1,0,0,0,1,1,0,0,4,18.0,50.0
9437,40.41194,-3.69969,2,1.0,2.0,40.0,99.0,2,1.36,372,200,4503.0,68.043894,0.8,1.0,1,0,0,0,0,1,0,1,0,1,1,0,0,7,18.0,50.0
9438,40.40949,-3.70439,7,3.0,3.0,118.0,90.0,1,1.25,382,200,4503.0,68.043894,0.8,1.5,1,0,0,0,1,1,0,1,1,1,0,0,0,4,57.0,150.0
9439,40.41069,-3.7115,4,1.0,2.0,75.0,96.0,3,1.0,467,200,4503.0,68.043894,0.8,1.0,1,0,0,0,0,1,0,1,1,0,1,0,0,8,33.0,100.0
9440,40.42713,-3.67783,2,1.0,2.0,46.0,91.0,1,1.07,499,200,5328.0,74.694253,2.2,1.0,1,0,0,0,0,1,0,1,0,0,1,1,0,5,18.0,50.0
9441,40.40755,-3.71137,4,1.0,2.0,80.0,95.0,1,1.98,493,200,4503.0,68.043894,0.8,1.0,1,0,0,0,0,1,0,1,1,1,1,0,0,6,33.0,100.0
9442,40.40995,-3.69559,3,1.0,2.0,63.0,96.0,1,0.72,405,200,4503.0,68.043894,0.8,1.0,1,0,0,0,0,1,0,0,0,1,1,0,0,9,25.5,100.0
9443,40.4573,-3.67752,6,2.0,4.0,85.0,94.0,1,1.41,387,200,4508.0,67.220486,5.8,1.0,1,0,0,0,0,1,0,0,1,0,0,0,0,4,48.0,100.0
9444,40.41589,-3.70029,4,1.0,2.0,174.0,92.0,62,0.18,424,200,4503.0,68.043894,0.8,1.0,1,0,0,0,0,1,0,1,1,0,1,0,0,5,33.0,200.0
9445,40.42885,-3.70308,2,1.0,1.0,85.0,0.0,1,0.04,261,200,4503.0,68.043894,0.8,1.0,1,0,0,0,0,1,0,1,1,0,0,0,0,8,18.0,100.0
9446,40.46676,-3.69395,4,1.0,1.0,65.0,100.0,1,0.07,216,200,3476.0,60.621287,5.9,1.0,1,0,0,0,0,1,0,1,0,0,1,0,0,4,33.0,100.0
9447,40.40776,-3.69862,8,3.0,4.0,116.0,92.0,1,2.82,360,200,4503.0,68.043894,0.8,2.0,1,0,0,0,0,1,0,1,1,1,1,0,0,4,66.0,150.0
9448,40.47116,-3.68691,2,0.0,1.0,41.0,97.0,1,2.65,469,200,4508.0,67.220486,5.8,1.0,1,0,0,0,0,1,0,1,1,1,1,0,0,4,18.0,50.0
9449,40.42661,-3.66844,2,0.0,2.0,70.0,93.0,1,0.29,234,200,5328.0,74.694253,2.2,1.0,1,0,0,0,0,1,0,1,1,0,0,0,0,4,18.0,100.0
9450,40.42316,-3.5319,1,1.0,1.0,50.0,0.0,1,0.0,400,50,2246.0,55.472222,11.2,1.0,0,1,1,1,1,1,1,0,0,0,1,0,0,4,10.5,50.0
9451,40.43047,-3.70236,2,1.0,1.0,140.0,100.0,1,0.17,350,200,4855.0,64.056634,2.4,1.0,1,0,0,0,0,1,0,1,1,1,1,0,0,4,18.0,150.0
9453,40.47283,-3.63881,2,1.0,2.0,16.0,91.0,1,1.24,259,50,3312.0,62.061453,9.2,1.0,0,0,0,0,0,1,0,0,0,0,0,0,0,0,18.0,50.0
9454,40.38405,-3.66349,1,1.0,2.0,40.0,0.0,3,0.0,538,50,1890.0,41.443535,5.0,1.0,0,0,0,0,0,1,0,1,1,1,1,0,0,5,10.5,50.0
9455,40.39751,-3.71809,6,2.0,3.0,51.0,91.0,18,1.44,328,200,2195.0,47.402837,6.6,1.0,1,0,0,0,0,1,0,1,1,0,1,0,0,9,48.0,100.0
9456,40.47599,-3.65349,2,0.0,1.0,50.0,0.0,1,0.0,186,50,3312.0,62.061453,9.2,1.0,0,1,1,1,1,1,0,0,1,0,0,0,0,4,18.0,50.0
9457,40.39896,-3.71658,5,2.0,4.0,58.0,95.0,18,1.36,383,200,2195.0,47.402837,6.6,1.0,1,0,0,0,0,1,0,1,1,0,1,0,0,9,40.5,100.0
9458,40.39895,-3.71637,6,2.0,2.0,63.0,89.0,18,1.32,410,200,2195.0,47.402837,6.6,1.0,1,0,0,0,0,1,0,1,1,0,1,0,0,9,48.0,100.0
9459,40.35891,-3.68903,1,2.0,1.0,10.0,100.0,1,0.11,47,50,1696.0,37.641618,9.0,1.0,0,0,0,0,0,0,0,0,0,0,0,0,0,7,10.5,50.0
9460,40.40897,-3.69602,3,1.0,2.0,48.0,69.0,1,0.33,280,200,4503.0,68.043894,0.8,1.0,1,0,0,1,0,1,0,0,0,0,1,0,0,7,25.5,50.0
9461,40.4208,-3.61378,3,2.0,3.0,714.0,0.0,1,0.0,284,50,2477.0,70.967532,7.3,1.0,1,0,0,0,0,1,0,1,1,0,0,0,0,4,25.5,200.0
9462,40.42865,-3.70415,5,2.0,2.0,575.0,95.0,32,0.34,414,200,4503.0,68.043894,0.8,1.0,1,0,0,0,0,1,0,1,0,0,1,0,0,9,40.5,200.0
9463,40.40877,-3.69291,6,2.0,4.0,76.0,98.0,1,2.39,458,200,4503.0,68.043894,0.8,1.0,1,0,0,0,0,1,0,1,1,1,1,0,0,4,48.0,100.0
9464,40.39713,-3.72916,2,1.0,1.0,30.0,88.0,2,0.83,329,50,2195.0,47.402837,6.6,1.5,1,0,0,0,0,1,0,0,0,1,0,0,0,8,19.5,50.0
9465,40.42503,-3.71345,6,2.0,3.0,110.0,95.0,59,2.16,435,200,3555.0,63.451906,5.9,1.0,1,0,0,0,0,1,0,1,0,0,1,0,0,7,48.0,150.0
9466,40.42663,-3.69449,2,1.0,1.0,180.0,100.0,1,0.33,483,200,4503.0,68.043894,0.8,1.0,1,0,0,0,0,1,0,1,1,1,1,0,1,8,18.0,200.0
9467,40.43127,-3.67058,1,1.0,1.0,30.0,0.0,1,0.0,141,50,5328.0,74.694253,2.2,1.0,0,0,0,0,0,1,0,0,0,0,0,0,0,5,10.5,50.0
9468,40.42233,-3.70614,5,2.0,3.0,120.0,94.0,2,2.52,476,200,4503.0,68.043894,0.8,1.5,1,0,0,0,0,1,0,1,0,1,1,0,0,4,42.0,150.0
9469,40.42233,-3.70614,4,1.0,2.0,59.0,94.0,2,2.03,238,200,4503.0,68.043894,0.8,1.0,1,0,0,0,0,1,0,1,0,0,0,0,0,4,33.0,100.0
9470,40.39568,-3.71281,5,3.0,3.0,80.0,94.0,1,0.9,451,200,2195.0,47.402837,6.6,1.0,1,0,0,0,0,1,0,1,1,0,1,0,0,4,40.5,100.0
9471,40.43665,-3.63535,4,1.0,2.0,51.0,89.0,1,1.47,344,200,2477.0,70.967532,7.3,1.0,1,0,0,0,0,1,0,1,0,0,1,0,0,4,33.0,100.0
9472,40.41126,-3.66476,2,1.0,2.0,20.0,100.0,1,0.14,118,50,4220.0,63.672727,3.2,1.0,1,0,0,0,0,1,0,1,1,0,1,0,0,4,18.0,50.0
9473,40.40382,-3.69392,6,2.0,4.0,158.0,86.0,5,0.26,664,200,3917.0,55.025641,1.9,1.0,1,0,0,0,0,1,0,1,1,1,1,0,0,4,48.0,200.0
9474,40.41149,-3.69701,10,4.0,8.0,107.0,89.0,3,2.65,339,200,4503.0,68.043894,0.8,2.0,1,0,0,0,0,1,0,0,0,1,1,0,0,6,81.0,150.0
9475,40.41127,-3.70725,3,0.0,2.0,56.0,91.0,1,1.58,365,200,4503.0,68.043894,0.8,0.0,1,0,0,0,0,1,0,1,1,0,1,0,0,7,22.5,100.0
9476,40.44959,-3.70523,4,2.0,1.0,25.0,98.0,1,0.87,517,200,3476.0,60.621287,5.9,1.0,1,0,0,0,0,1,0,1,0,0,1,0,0,4,33.0,50.0
9477,40.41678,-3.70951,4,2.0,3.0,60.0,96.0,1,2.46,587,200,4503.0,68.043894,0.8,1.5,1,0,0,0,0,1,0,1,1,0,1,0,1,7,34.5,100.0
9478,40.42115,-3.69872,2,1.0,1.0,55.0,85.0,1,0.15,193,50,4503.0,68.043894,0.8,1.5,0,0,0,0,0,1,0,1,1,0,1,0,0,8,19.5,100.0
9479,40.42825,-3.71429,1,1.0,1.0,50.0,0.0,4,0.0,337,50,4503.0,68.043894,0.8,1.0,0,0,0,0,0,1,0,1,1,0,1,0,0,10,10.5,50.0
9480,40.42661,-3.71585,1,1.0,1.0,60.0,0.0,4,0.0,337,50,3555.0,63.451906,5.9,1.0,1,0,0,0,0,1,0,1,1,0,1,0,0,10,10.5,100.0
9481,40.42664,-3.71566,1,1.0,1.0,45.0,0.0,4,0.0,337,50,3555.0,63.451906,5.9,1.0,1,0,0,0,0,1,0,1,1,0,1,0,0,10,10.5,50.0
9483,40.42618,-3.67188,4,2.0,2.0,93.0,96.0,1,0.92,227,200,5328.0,74.694253,2.2,2.0,1,0,0,0,0,1,0,1,1,0,1,0,0,4,36.0,100.0
9484,40.40522,-3.71097,1,1.0,1.0,30.0,100.0,1,0.04,188,50,3917.0,55.025641,1.9,1.0,0,0,0,0,0,1,0,1,1,0,1,0,0,9,10.5,50.0
9485,40.4192,-3.70556,8,3.0,5.0,280.0,97.0,1,2.11,253,200,4503.0,68.043894,0.8,2.0,1,0,0,0,0,1,0,1,0,0,0,0,0,4,66.0,200.0
9486,40.4259,-3.70187,7,3.0,4.0,108.0,96.0,1,2.17,618,200,4503.0,68.043894,0.8,1.5,1,0,0,0,0,1,0,1,0,1,1,0,0,8,57.0,150.0
9487,40.41074,-3.64861,5,2.0,4.0,68.0,93.0,2,0.43,401,200,2547.0,45.581197,5.0,2.0,1,0,0,0,0,1,0,1,1,1,1,0,0,4,43.5,100.0
9488,40.40333,-3.70589,6,2.0,4.0,74.0,94.0,5,0.71,195,200,3917.0,55.025641,1.9,2.0,1,0,0,0,0,1,1,1,1,0,0,0,0,9,51.0,100.0
9489,40.42405,-3.69507,4,2.0,3.0,155.0,100.0,101,0.05,134,200,4503.0,68.043894,0.8,2.0,1,0,0,0,0,1,0,1,0,0,0,0,0,6,36.0,200.0
9490,40.44338,-3.69559,1,1.0,1.0,60.0,99.0,1,0.55,384,50,4855.0,64.056634,2.4,1.0,0,0,0,0,0,1,0,1,1,0,1,0,0,7,10.5,100.0
9491,40.41726,-3.70409,4,0.0,3.0,400.0,80.0,25,0.46,108,200,4503.0,68.043894,0.8,1.0,1,0,0,0,0,1,0,1,1,0,0,0,0,7,33.0,200.0
9492,40.42464,-3.70778,4,2.0,2.0,105.0,92.0,1,0.22,327,200,4503.0,68.043894,0.8,1.0,1,0,0,0,0,1,0,0,0,0,1,0,0,9,33.0,150.0
9493,40.4191,-3.70359,2,0.0,1.0,51.0,91.0,4,3.02,404,200,4503.0,68.043894,0.8,1.0,1,0,0,0,0,1,0,1,0,0,1,0,1,5,18.0,100.0
9494,40.42662,-3.70468,4,1.0,1.0,69.0,99.0,2,0.97,289,200,4503.0,68.043894,0.8,1.0,1,0,0,0,0,1,0,1,0,0,0,0,0,4,33.0,100.0
9495,40.41999,-3.70202,4,1.0,2.0,50.0,0.0,4,0.0,121,200,4503.0,68.043894,0.8,1.0,1,0,0,0,0,1,0,1,0,0,1,0,0,5,33.0,50.0
9496,40.41605,-3.70698,5,2.0,3.0,120.0,91.0,5,0.61,349,200,4503.0,68.043894,0.8,2.0,1,0,0,0,0,1,0,0,1,0,1,0,0,10,43.5,150.0
9497,40.42692,-3.67513,5,2.0,4.0,148.0,100.0,25,0.22,471,200,5328.0,74.694253,2.2,2.0,1,0,0,0,0,1,0,1,1,0,1,0,0,11,43.5,150.0
9498,40.41795,-3.70252,4,1.0,1.0,39.0,91.0,4,0.25,255,200,4503.0,68.043894,0.8,1.0,1,0,0,0,0,1,0,1,0,0,0,0,0,4,33.0,50.0
9499,40.42012,-3.70059,4,1.0,1.0,39.0,96.0,4,0.69,268,200,4503.0,68.043894,0.8,1.0,1,0,0,0,0,1,0,1,0,0,1,0,0,4,33.0,50.0
9500,40.41251,-3.72752,2,1.0,1.0,40.0,0.0,1,0.0,140,50,2287.0,47.008319,4.7,1.0,0,1,1,1,1,1,0,0,0,0,0,0,0,7,18.0,50.0
9501,40.42559,-3.70678,11,3.0,9.0,169.0,97.0,11,2.72,531,200,4503.0,68.043894,0.8,3.0,1,0,0,0,0,1,0,0,0,0,1,0,0,6,91.5,200.0
9502,40.39662,-3.65864,2,1.0,1.0,26.0,90.0,1,0.5,223,50,1890.0,41.443535,5.0,1.5,0,0,0,0,0,1,0,0,0,0,1,0,0,4,19.5,50.0
9503,40.39733,-3.66611,1,1.0,1.0,29.0,96.0,1,5.16,369,50,1890.0,41.443535,5.0,1.5,0,0,0,0,0,1,0,1,0,1,1,0,0,4,12.0,50.0
9504,40.39326,-3.69834,4,2.0,2.0,120.0,100.0,1,0.04,136,200,3917.0,55.025641,1.9,1.0,1,0,0,0,0,1,0,1,1,0,0,0,0,6,33.0,150.0
9505,40.41058,-3.69784,2,1.0,1.0,79.0,0.0,1,0.0,170,200,4503.0,68.043894,0.8,1.0,1,0,0,0,0,1,0,1,0,0,0,0,0,4,18.0,100.0
9506,40.40469,-3.7577,1,1.0,1.0,25.0,95.0,1,0.15,381,50,2287.0,47.008319,4.7,1.0,0,0,0,0,0,1,0,0,1,0,1,0,0,6,10.5,50.0
9507,40.40824,-3.70353,4,1.0,3.0,53.0,93.0,67,1.65,319,200,4503.0,68.043894,0.8,1.0,1,0,0,0,0,1,0,1,1,1,1,0,0,7,33.0,100.0
9508,40.43742,-3.68404,1,1.0,1.0,22.0,87.0,1,1.32,207,50,5328.0,74.694253,2.2,1.0,0,0,0,0,0,1,0,0,1,0,1,0,0,4,10.5,50.0
9509,40.38111,-3.61899,3,1.0,1.0,13.0,85.0,2,1.28,147,50,2382.0,49.659794,11.0,1.5,1,0,0,0,0,1,0,0,0,0,1,0,0,4,27.0,50.0
9510,40.39158,-3.68832,2,0.0,1.0,92.0,84.0,1,0.18,358,200,3917.0,55.025641,1.9,1.5,1,0,0,0,0,1,1,1,1,0,1,0,0,8,19.5,100.0
9511,40.44564,-3.71256,5,3.0,3.0,164.0,100.0,1,0.15,383,200,4855.0,64.056634,2.4,1.0,1,0,0,0,0,1,0,1,1,0,1,0,0,4,40.5,200.0
9512,40.43678,-3.64406,1,1.0,1.0,15.0,100.0,2,0.44,410,50,2893.0,50.090625,6.5,1.5,0,0,0,0,0,1,0,0,0,0,1,0,0,6,12.0,50.0
9513,40.43307,-3.69193,3,1.0,3.0,90.0,90.0,6,0.11,160,200,4855.0,64.056634,2.4,2.0,1,0,0,0,0,1,0,1,0,0,1,0,0,10,28.5,100.0
9514,40.41491,-3.70098,2,1.0,1.0,607.0,0.0,3,0.0,66,50,4503.0,68.043894,0.8,1.0,1,0,0,0,0,1,0,0,0,0,0,0,0,4,18.0,200.0
9515,40.41546,-3.70022,2,1.0,1.0,497.0,0.0,3,0.0,90,50,4503.0,68.043894,0.8,1.0,1,0,0,0,0,0,0,1,1,0,0,0,0,4,18.0,200.0
9516,40.40856,-3.70743,2,1.0,1.0,60.0,0.0,4,0.0,149,200,4503.0,68.043894,0.8,1.0,1,0,0,0,0,1,0,0,0,0,0,0,0,9,18.0,100.0
9517,40.43618,-3.6461,1,1.0,1.0,23.0,97.0,1,1.46,97,50,2893.0,50.090625,6.5,1.0,0,1,1,1,1,1,0,0,0,0,0,0,0,4,10.5,50.0
9518,40.43134,-3.71025,2,1.0,1.0,35.0,84.0,21,2.1,289,200,4855.0,64.056634,2.4,1.0,1,0,0,0,0,1,0,1,0,0,1,0,0,4,18.0,50.0
9519,40.42967,-3.70984,2,0.0,1.0,35.0,90.0,21,4.48,314,200,4503.0,68.043894,0.8,1.0,1,0,0,0,0,1,0,1,0,0,1,0,0,4,18.0,50.0
9520,40.42972,-3.70822,2,0.0,1.0,35.0,90.0,21,2.88,305,200,4503.0,68.043894,0.8,1.0,1,0,0,0,0,1,0,1,0,0,1,0,0,4,18.0,50.0
9521,40.4299,-3.71018,2,0.0,2.0,35.0,84.0,21,2.48,289,200,4503.0,68.043894,0.8,1.0,1,0,0,0,0,1,0,1,0,0,1,0,0,4,18.0,50.0
9522,40.42959,-3.70826,2,0.0,2.0,34.0,88.0,21,2.55,273,200,4503.0,68.043894,0.8,1.0,1,0,0,0,0,1,0,1,0,0,1,0,0,4,18.0,50.0
9523,40.41093,-3.71795,8,3.0,5.0,115.0,94.0,59,2.74,512,200,4503.0,68.043894,0.8,2.0,1,0,0,0,0,1,0,1,1,1,1,0,0,7,66.0,150.0
9524,40.4169,-3.70852,3,0.0,2.0,42.0,96.0,1,2.72,391,200,4503.0,68.043894,0.8,1.0,1,0,0,0,0,1,0,1,0,0,1,0,0,4,25.5,50.0
9525,40.4403,-3.63785,4,2.0,4.0,65.0,97.0,6,0.5,237,200,2893.0,50.090625,6.5,2.0,1,0,0,0,0,1,1,0,1,0,0,0,0,10,36.0,100.0
9526,40.39101,-3.75673,2,1.0,1.0,10.0,92.0,1,0.58,354,50,2287.0,47.008319,4.7,1.0,0,0,0,0,1,0,0,1,1,1,1,0,0,6,18.0,50.0
9527,40.40395,-3.69164,2,1.0,1.0,50.0,0.0,8,0.0,163,200,3917.0,55.025641,1.9,1.0,1,0,0,0,0,1,0,0,1,0,0,0,0,0,18.0,50.0
9528,40.37702,-3.66585,1,1.0,1.0,25.0,94.0,1,0.56,338,50,1890.0,41.443535,5.0,1.0,0,0,0,0,0,1,0,0,0,1,0,0,0,5,10.5,50.0
9529,40.40816,-3.69967,1,1.0,1.0,30.0,89.0,1,1.37,332,50,4503.0,68.043894,0.8,1.0,0,0,0,0,0,1,0,0,0,0,1,0,0,4,10.5,50.0
9530,40.42233,-3.70181,4,1.0,2.0,59.0,97.0,4,2.84,429,200,4503.0,68.043894,0.8,1.0,1,0,0,0,0,1,0,1,0,0,1,0,0,6,33.0,100.0
9531,40.41206,-3.69669,5,2.0,3.0,116.0,95.0,1,0.94,608,200,4503.0,68.043894,0.8,1.5,1,0,0,0,0,1,0,1,1,1,1,0,1,8,42.0,150.0
9532,40.41502,-3.70811,7,2.0,6.0,218.0,88.0,72,0.74,223,200,4503.0,68.043894,0.8,1.0,1,0,0,0,0,1,0,1,0,0,1,0,0,6,55.5,200.0
9533,40.48629,-3.66793,4,2.0,2.0,124.0,97.0,4,0.22,634,200,3312.0,62.061453,9.2,1.5,1,0,0,0,0,1,1,1,1,1,1,0,0,6,34.5,150.0
9534,40.40872,-3.70855,4,1.0,2.0,88.0,60.0,6,0.16,456,200,4503.0,68.043894,0.8,1.0,1,0,0,0,0,1,0,1,0,0,1,0,0,9,33.0,100.0
9535,40.40859,-3.70645,4,1.0,2.0,53.0,87.0,6,0.32,433,200,4503.0,68.043894,0.8,1.0,1,0,0,0,0,1,0,1,0,0,1,0,0,9,33.0,100.0
9536,40.4169,-3.67686,6,3.0,5.0,57.0,90.0,1,0.5,444,200,4220.0,63.672727,3.2,2.0,1,0,0,0,0,1,0,1,1,0,1,0,0,4,51.0,100.0
9537,40.42165,-3.707,4,2.0,2.0,88.0,90.0,88,4.78,379,200,4503.0,68.043894,0.8,1.0,1,0,0,0,0,1,0,1,1,1,1,0,0,6,33.0,100.0
9538,40.43488,-3.69749,1,1.0,1.0,30.0,94.0,2,0.77,556,50,4855.0,64.056634,2.4,1.0,0,0,0,0,0,1,0,0,1,0,1,0,1,4,10.5,50.0
9539,40.41035,-3.69786,2,1.0,1.0,134.0,94.0,7,0.75,275,200,4503.0,68.043894,0.8,1.5,1,0,0,0,0,1,0,1,0,0,1,0,0,4,19.5,150.0
9540,40.42165,-3.707,4,2.0,3.0,150.0,87.0,88,3.54,345,200,4503.0,68.043894,0.8,1.0,1,0,0,0,0,1,0,1,1,0,1,0,0,6,33.0,150.0
9541,40.42165,-3.707,6,2.0,3.0,86.0,90.0,88,3.06,379,200,4503.0,68.043894,0.8,1.0,1,0,0,0,0,1,0,1,1,1,1,0,0,6,48.0,100.0
9542,40.42165,-3.707,4,2.0,2.0,89.0,93.0,88,4.1,367,200,4503.0,68.043894,0.8,1.0,1,0,0,0,0,1,0,1,0,1,1,0,0,6,33.0,100.0
9543,40.40751,-3.69208,2,1.0,1.0,60.0,94.0,1,1.98,247,200,3917.0,55.025641,1.9,1.0,1,0,0,0,0,1,0,0,1,0,1,0,0,5,18.0,100.0
9544,40.43402,-3.6545,4,2.0,2.0,55.0,99.0,1,1.33,207,200,2893.0,50.090625,6.5,1.0,1,0,0,0,0,1,0,1,1,0,1,0,0,4,33.0,100.0
9545,40.4387,-3.62279,2,0.0,2.0,46.0,96.0,1,0.93,498,200,2477.0,70.967532,7.3,1.0,1,0,0,1,0,1,0,1,0,1,1,0,0,4,18.0,50.0
9546,40.41581,-3.69783,4,1.0,2.0,99.0,99.0,6,1.89,667,200,4503.0,68.043894,0.8,1.0,1,1,1,1,1,1,0,1,0,1,1,1,0,10,33.0,100.0
9547,40.42355,-3.70436,4,2.0,3.0,79.0,98.0,2,1.47,326,200,4503.0,68.043894,0.8,1.0,1,0,0,0,0,1,0,1,1,0,0,0,0,4,33.0,100.0
9548,40.41969,-3.70075,3,1.0,2.0,37.0,96.0,4,0.61,276,200,4503.0,68.043894,0.8,1.0,1,0,0,0,0,1,0,1,0,0,0,0,0,4,25.5,50.0
9549,40.39723,-3.69561,2,1.0,1.0,50.0,100.0,2,0.11,826,50,3917.0,55.025641,1.9,1.0,0,0,0,0,0,1,0,0,1,1,1,1,0,5,18.0,50.0
9550,40.43796,-3.60738,2,1.0,1.0,33.0,85.0,1,0.87,367,50,2477.0,70.967532,7.3,1.5,1,1,1,1,1,1,1,1,1,1,1,1,1,4,19.5,50.0
9551,40.392,-3.75008,1,1.0,1.0,29.0,0.0,1,0.0,195,50,2287.0,47.008319,4.7,1.5,1,0,0,0,0,0,0,0,0,0,0,0,0,5,12.0,50.0
9552,40.42757,-3.71347,4,1.0,2.0,71.0,93.0,12,1.2,306,200,4503.0,68.043894,0.8,1.5,1,0,0,0,0,1,0,1,0,0,1,0,0,7,34.5,100.0
9553,40.41519,-3.69768,5,2.0,4.0,101.0,97.0,1,1.4,427,200,4503.0,68.043894,0.8,1.0,1,0,0,0,0,1,0,1,0,0,0,0,0,4,40.5,150.0
9554,40.41493,-3.70088,4,2.0,2.0,170.0,89.0,1,0.78,302,200,4503.0,68.043894,0.8,2.0,1,0,0,0,0,1,0,1,1,0,1,0,0,4,36.0,200.0
9555,40.41265,-3.6942,7,3.0,4.0,254.0,90.0,9,0.88,341,200,4503.0,68.043894,0.8,3.0,1,0,0,0,0,1,0,1,0,0,1,0,0,0,61.5,200.0
9556,40.44685,-3.70234,7,5.0,5.0,175.0,99.0,1,1.44,529,200,3476.0,60.621287,5.9,4.0,1,0,0,0,0,1,0,1,1,0,1,1,0,4,64.5,200.0
9557,40.466,-3.69556,6,2.0,3.0,68.0,95.0,1,2.06,423,200,3476.0,60.621287,5.9,1.0,1,0,0,0,0,1,0,1,0,1,1,0,0,7,48.0,100.0
9558,40.46869,-3.5846,3,1.0,2.0,66.0,85.0,1,0.83,491,200,3047.0,56.183432,11.8,1.5,1,0,0,0,0,1,1,1,1,0,1,0,0,3,27.0,100.0
9559,40.42718,-3.64191,8,3.0,5.0,41.0,92.0,4,1.63,329,200,2893.0,50.090625,6.5,1.0,1,0,0,0,0,1,0,0,0,1,1,0,0,5,63.0,50.0
9560,40.39263,-3.69617,7,3.0,5.0,77.0,89.0,4,1.92,503,200,3917.0,55.025641,1.9,1.0,1,0,0,0,0,1,0,0,1,0,1,1,0,5,55.5,100.0
9561,40.44523,-3.66876,2,1.0,1.0,48.0,89.0,1,0.37,232,200,4508.0,67.220486,5.8,1.0,1,0,0,1,0,1,0,0,1,0,0,0,0,4,18.0,50.0
9562,40.41523,-3.70777,6,2.0,4.0,188.0,100.0,3,2.5,823,200,4503.0,68.043894,0.8,1.0,1,0,0,0,0,1,0,1,1,0,1,1,0,7,48.0,200.0
9563,40.45056,-3.70041,1,1.0,2.0,55.0,100.0,1,0.22,310,200,3476.0,60.621287,5.9,1.0,1,0,0,0,0,1,0,1,1,0,1,0,0,7,10.5,100.0
9564,40.41275,-3.69681,2,1.0,1.0,44.0,93.0,4,0.64,304,50,4503.0,68.043894,0.8,1.5,1,1,1,1,1,1,0,1,1,1,0,0,0,7,19.5,50.0
9565,40.43713,-3.65328,1,1.0,2.0,21.0,99.0,1,1.31,294,50,2893.0,50.090625,6.5,1.0,0,0,0,0,0,1,0,0,1,0,1,0,0,4,10.5,50.0
9566,40.39396,-3.6663,2,1.0,1.0,27.0,96.0,1,1.36,528,50,1890.0,41.443535,5.0,1.0,0,0,0,0,0,1,0,1,0,1,1,0,1,8,18.0,50.0
9567,40.42618,-3.69273,4,1.0,2.0,113.0,89.0,9,0.46,224,200,4503.0,68.043894,0.8,1.0,1,0,0,0,0,1,0,1,1,0,0,0,0,3,33.0,150.0
9568,40.43352,-3.68094,8,3.0,4.0,180.0,100.0,9,0.33,310,200,5328.0,74.694253,2.2,3.0,1,0,0,0,0,1,0,1,1,0,0,0,0,3,69.0,200.0
9569,40.43758,-3.68479,6,2.0,3.0,175.0,94.0,9,0.39,330,200,5328.0,74.694253,2.2,2.0,1,0,0,0,0,1,0,1,1,1,0,0,0,3,51.0,200.0
9570,40.42615,-3.69109,4,1.0,2.0,103.0,87.0,9,0.37,224,200,4855.0,64.056634,2.4,1.0,1,0,0,0,0,1,0,1,1,0,0,0,0,3,33.0,150.0
9571,40.41471,-3.70323,2,1.0,1.0,135.0,100.0,1,0.57,733,200,4503.0,68.043894,0.8,1.0,1,0,0,0,0,1,0,1,1,0,1,1,0,6,18.0,150.0
9572,40.42375,-3.70589,4,2.0,3.0,31.0,93.0,1,4.41,518,200,4503.0,68.043894,0.8,1.0,1,0,0,0,0,1,0,0,0,1,1,0,0,3,33.0,50.0
9573,40.49221,-3.71034,10,4.0,9.0,429.0,93.0,1,0.12,649,200,3545.0,57.198083,16.4,4.5,1,0,0,0,0,1,1,0,0,1,1,0,0,9,88.5,200.0
9574,40.42165,-3.707,3,0.0,2.0,42.0,89.0,88,3.42,330,200,4503.0,68.043894,0.8,1.0,1,0,0,0,0,1,0,1,1,0,1,0,0,6,25.5,50.0
9575,40.42165,-3.707,3,0.0,2.0,42.0,87.0,88,3.16,318,200,4503.0,68.043894,0.8,1.0,1,0,0,0,0,1,0,1,0,0,1,0,0,6,25.5,50.0
9576,40.41585,-3.7048,6,2.0,4.0,123.0,95.0,24,2.07,291,200,4503.0,68.043894,0.8,2.0,1,0,0,0,0,1,0,1,1,0,0,0,0,7,51.0,150.0
9577,40.44741,-3.70467,4,1.0,2.0,66.0,91.0,1,2.95,413,200,3476.0,60.621287,5.9,1.0,1,0,0,0,1,0,0,0,1,0,0,0,1,7,33.0,100.0
9578,40.40781,-3.74556,4,1.0,1.0,44.0,96.0,10,0.52,449,200,2287.0,47.008319,4.7,1.5,1,0,0,0,0,1,0,1,0,0,1,0,0,6,34.5,50.0
9579,40.40499,-3.66079,1,1.0,1.0,20.0,100.0,1,0.44,212,50,1890.0,41.443535,5.0,1.0,0,0,0,0,0,1,0,1,1,0,1,0,0,3,10.5,50.0
9580,40.40185,-3.70992,2,1.0,2.0,80.0,80.0,1,0.05,178,50,3917.0,55.025641,1.9,2.0,1,0,0,0,0,1,1,1,1,0,1,0,0,9,21.0,100.0
9581,40.41261,-3.70048,2,1.0,1.0,41.0,100.0,1,0.46,301,50,4503.0,68.043894,0.8,1.0,0,0,0,0,0,1,0,0,1,0,1,0,0,6,18.0,50.0
9582,40.41996,-3.70387,16,7.0,13.0,579.0,90.0,10,0.86,658,200,4503.0,68.043894,0.8,7.0,1,0,0,0,0,1,0,1,1,1,1,0,0,9,141.0,200.0
9583,40.35961,-3.76011,3,2.0,3.0,43.0,97.0,2,0.27,109,50,2195.0,47.402837,6.6,1.0,0,0,0,0,0,1,0,0,0,0,1,0,0,7,25.5,50.0
9584,40.34337,-3.67528,2,1.0,1.0,35.0,98.0,1,0.88,212,50,1696.0,37.641618,9.0,1.0,1,0,0,0,0,1,1,0,1,0,0,0,0,4,18.0,50.0
9585,40.42165,-3.707,4,2.0,3.0,50.0,87.0,88,3.79,330,200,4503.0,68.043894,0.8,1.0,1,0,0,0,0,1,0,1,1,0,1,0,0,6,33.0,50.0
9586,40.42165,-3.707,3,0.0,2.0,43.0,89.0,88,3.63,318,200,4503.0,68.043894,0.8,1.0,1,0,0,0,0,1,0,1,0,0,1,0,0,6,25.5,50.0
9587,40.42165,-3.707,3,0.0,2.0,44.0,89.0,88,3.53,330,200,4503.0,68.043894,0.8,1.0,1,0,0,0,0,1,0,1,1,0,1,0,0,6,25.5,50.0
9588,40.42165,-3.707,4,2.0,3.0,49.0,86.0,88,3.0,318,200,4503.0,68.043894,0.8,1.0,1,0,0,0,0,1,0,1,0,0,1,0,0,6,33.0,50.0
9589,40.42165,-3.707,3,0.0,2.0,43.0,91.0,88,3.67,330,200,4503.0,68.043894,0.8,1.0,1,0,0,0,0,1,0,1,1,0,1,0,0,6,25.5,50.0
9590,40.39121,-3.66552,1,1.0,1.0,20.0,20.0,1,0.06,193,50,1890.0,41.443535,5.0,1.0,1,1,1,1,1,1,1,1,1,1,1,1,1,4,10.5,50.0
9591,40.43382,-3.63532,1,1.0,1.0,20.0,0.0,1,0.0,120,50,2893.0,50.090625,6.5,1.0,0,1,1,1,1,0,0,0,1,0,0,0,0,3,10.5,50.0
9592,40.42271,-3.71931,4,2.0,3.0,125.0,99.0,1,0.81,472,200,3555.0,63.451906,5.9,1.0,1,0,0,0,0,1,0,1,1,1,1,0,0,3,33.0,150.0
9593,40.41191,-3.70276,4,2.0,2.0,79.0,100.0,3,0.15,215,200,4503.0,68.043894,0.8,2.0,1,0,0,0,0,1,0,0,0,0,1,0,0,6,36.0,100.0
9594,40.41689,-3.70817,4,2.0,2.0,106.0,92.0,1,0.67,161,200,4503.0,68.043894,0.8,1.0,1,0,0,0,0,1,0,1,1,0,0,0,0,4,33.0,150.0
9595,40.41718,-3.70666,3,1.0,1.0,94.0,91.0,1,0.55,136,200,4503.0,68.043894,0.8,1.0,1,0,0,0,0,1,0,1,1,0,0,0,0,3,25.5,100.0
9596,40.40761,-3.73756,1,1.0,1.0,48.0,0.0,1,0.0,63,50,2287.0,47.008319,4.7,1.0,1,0,0,0,0,1,0,0,0,0,0,0,0,4,10.5,50.0
9597,40.37966,-3.70576,4,3.0,3.0,500.0,0.0,1,0.0,146,200,2316.0,43.910072,4.6,2.0,1,0,0,0,0,0,0,0,1,0,0,0,0,3,36.0,200.0
9598,40.4541,-3.70596,2,1.0,1.0,48.0,96.0,1,2.01,233,200,3476.0,60.621287,5.9,1.0,1,0,0,0,0,1,0,1,0,0,0,0,0,3,18.0,50.0
9599,40.40558,-3.75527,2,0.0,1.0,50.0,100.0,1,0.04,127,200,2287.0,47.008319,4.7,1.0,1,0,0,0,0,0,0,0,0,0,0,0,0,3,18.0,50.0
9600,40.36456,-3.62012,1,1.0,1.0,20.0,0.0,1,0.04,260,50,2382.0,49.659794,11.0,1.0,0,0,0,0,0,1,1,0,1,0,1,0,0,5,10.5,50.0
9601,40.47335,-3.58735,2,1.0,1.0,30.0,96.0,2,6.91,262,50,3047.0,56.183432,11.8,1.0,1,0,0,0,0,1,0,0,1,1,0,0,0,4,18.0,50.0
9602,40.40903,-3.70677,4,1.0,1.0,400.0,0.0,1,0.0,161,200,4503.0,68.043894,0.8,1.0,1,0,0,0,0,1,0,0,0,0,1,0,0,9,33.0,200.0
9603,40.42569,-3.62053,1,3.0,3.0,15.0,98.0,2,0.62,388,50,2477.0,70.967532,7.3,1.0,1,0,0,0,0,1,0,1,0,0,1,0,1,3,10.5,50.0
9604,40.42692,-3.61922,1,3.0,3.0,15.0,96.0,2,0.67,407,50,2477.0,70.967532,7.3,1.0,0,0,0,0,0,1,0,1,0,0,1,0,1,3,10.5,50.0
9605,40.41129,-3.73216,4,1.0,2.0,38.0,97.0,2,4.01,854,200,2287.0,47.008319,4.7,1.0,1,0,0,0,0,1,0,1,0,1,1,1,0,7,33.0,50.0
9606,40.39573,-3.64854,1,1.0,1.0,15.0,93.0,1,0.44,218,50,1890.0,41.443535,5.0,1.0,1,1,1,1,1,1,1,1,1,1,1,1,1,3,10.5,50.0
9607,40.40019,-3.69408,4,1.0,2.0,39.0,94.0,1,0.37,355,200,3917.0,55.025641,1.9,1.0,1,0,0,0,0,1,0,1,1,0,0,0,0,3,33.0,50.0
9608,40.42165,-3.707,6,3.0,4.0,92.0,91.0,88,4.96,335,200,4503.0,68.043894,0.8,1.0,1,0,0,0,0,1,0,1,1,0,1,0,0,6,48.0,100.0
9609,40.45393,-3.65571,8,4.0,5.0,350.0,0.0,1,0.0,415,200,2893.0,50.090625,6.5,4.5,1,0,0,0,0,1,1,1,1,1,1,0,0,9,73.5,200.0
9610,40.42503,-3.70254,4,1.0,2.0,81.0,100.0,2,0.6,514,200,4503.0,68.043894,0.8,1.0,1,0,0,0,0,1,0,1,1,1,1,0,0,7,33.0,100.0
9611,40.42165,-3.707,4,2.0,2.0,58.0,87.0,88,4.26,344,200,4503.0,68.043894,0.8,1.0,1,0,0,0,0,1,0,1,1,0,1,0,0,6,33.0,100.0
9612,40.42869,-3.7082,2,1.0,1.0,59.0,100.0,2,0.06,205,50,4503.0,68.043894,0.8,1.5,1,1,1,1,1,1,0,1,1,0,0,0,0,6,19.5,100.0
9613,40.47147,-3.6343,2,1.0,1.0,25.0,95.0,1,0.7,353,50,3312.0,62.061453,9.2,1.0,0,1,1,1,1,1,0,0,0,0,0,0,0,5,18.0,50.0
9614,40.42165,-3.707,4,0.0,2.0,200.0,78.0,88,0.29,330,200,4503.0,68.043894,0.8,1.0,1,0,0,0,0,1,0,1,1,0,1,0,0,6,33.0,200.0
9615,40.39616,-3.69308,2,0.0,1.0,51.0,90.0,3,0.33,185,200,3917.0,55.025641,1.9,1.0,1,0,0,0,0,1,0,0,0,0,0,0,0,8,18.0,100.0
9616,40.43888,-3.7072,2,1.0,2.0,55.0,83.0,1,0.24,211,50,4855.0,64.056634,2.4,1.0,1,0,0,0,0,1,0,1,1,0,0,0,0,6,18.0,100.0
9617,40.43194,-3.66877,2,2.0,2.0,50.0,97.0,1,1.8,266,200,5328.0,74.694253,2.2,2.0,1,0,0,0,0,1,0,0,0,0,0,0,0,3,21.0,50.0
9618,40.38696,-3.70873,2,1.0,1.0,34.0,93.0,1,0.56,429,50,2316.0,43.910072,4.6,1.0,0,0,0,0,0,1,0,0,0,0,1,0,0,7,18.0,50.0
9619,40.42521,-3.71267,4,1.0,2.0,55.0,100.0,1,0.04,236,200,3555.0,63.451906,5.9,1.0,1,0,0,0,0,1,0,1,1,0,1,0,0,9,33.0,100.0
9620,40.45931,-3.78109,1,1.0,1.0,20.0,100.0,3,0.05,531,50,3555.0,63.451906,5.9,1.5,0,0,0,0,0,1,0,1,0,1,1,0,0,3,12.0,50.0
9621,40.48366,-3.7002,1,0.0,1.0,25.0,0.0,1,0.13,170,50,3545.0,57.198083,16.4,1.0,0,0,0,0,0,1,1,1,1,0,0,0,0,7,10.5,50.0
9622,40.39231,-3.70633,1,1.0,1.0,60.0,0.0,1,0.0,78,50,2316.0,43.910072,4.6,1.0,0,0,0,0,0,1,0,0,0,0,0,0,0,3,10.5,100.0
9623,40.40818,-3.70073,1,0.0,2.0,40.0,81.0,1,1.35,116,200,4503.0,68.043894,0.8,1.0,1,0,0,0,0,0,0,0,0,0,1,0,0,3,10.5,50.0
9624,40.45809,-3.69557,4,2.0,3.0,169.0,88.0,1,1.15,518,200,3476.0,60.621287,5.9,2.0,1,0,0,0,0,1,1,1,1,1,1,0,0,3,36.0,200.0
9625,40.40748,-3.71022,3,2.0,2.0,54.0,96.0,1,2.62,624,200,4503.0,68.043894,0.8,1.0,1,0,0,0,0,1,0,1,1,0,1,0,0,9,25.5,100.0
9626,40.42165,-3.707,4,1.0,2.0,48.0,88.0,88,3.16,330,200,4503.0,68.043894,0.8,1.0,1,0,0,0,0,1,0,1,1,0,1,0,0,6,33.0,50.0
9627,40.42165,-3.707,4,1.0,2.0,44.0,80.0,88,2.05,315,200,4503.0,68.043894,0.8,1.0,1,0,0,0,0,1,0,1,0,0,1,0,0,6,33.0,50.0
9628,40.42165,-3.707,4,1.0,2.0,45.0,81.0,88,3.24,330,200,4503.0,68.043894,0.8,1.0,1,0,0,0,0,1,0,1,1,0,1,0,0,6,33.0,50.0
9629,40.42165,-3.707,4,1.0,2.0,49.0,88.0,88,3.28,330,200,4503.0,68.043894,0.8,1.0,1,0,0,0,0,1,0,1,1,0,1,0,0,6,33.0,50.0
9631,40.42165,-3.707,4,0.0,2.0,45.0,89.0,88,4.04,330,200,4503.0,68.043894,0.8,1.0,1,0,0,0,0,1,0,1,1,0,1,0,0,6,33.0,50.0
9633,40.42165,-3.707,4,1.0,2.0,43.0,86.0,88,3.63,330,200,4503.0,68.043894,0.8,1.0,1,0,0,0,0,1,0,1,1,0,1,0,0,6,33.0,50.0
9635,40.42165,-3.707,4,0.0,2.0,48.0,88.0,88,3.17,318,200,4503.0,68.043894,0.8,1.0,1,0,0,0,0,1,0,1,0,0,1,0,0,6,33.0,50.0
9636,40.42014,-3.70383,1,1.0,1.0,27.0,96.0,1,1.4,288,50,4503.0,68.043894,0.8,1.0,0,0,0,0,0,1,0,1,0,0,0,0,0,3,10.5,50.0
9637,40.39392,-3.65996,1,1.0,1.0,40.0,90.0,1,0.09,199,50,1890.0,41.443535,5.0,1.0,0,0,0,0,0,1,0,0,0,0,1,0,0,3,10.5,50.0
9638,40.41524,-3.70646,6,2.0,4.0,98.0,100.0,3,2.26,588,200,4503.0,68.043894,0.8,2.0,1,0,0,0,0,1,0,1,1,0,1,0,0,7,51.0,100.0
9639,40.42165,-3.707,4,0.0,2.0,42.0,86.0,88,2.31,338,200,4503.0,68.043894,0.8,1.0,1,0,0,0,0,1,0,1,1,0,1,0,0,6,33.0,50.0
9640,40.43167,-3.71355,2,1.0,1.0,68.0,95.0,1,2.04,311,200,4855.0,64.056634,2.4,2.0,1,0,0,0,0,1,0,1,1,0,0,0,0,4,21.0,100.0
9641,40.40526,-3.69099,1,1.0,1.0,60.0,0.0,1,0.0,128,50,3917.0,55.025641,1.9,1.0,0,1,1,1,1,1,0,0,1,0,1,0,0,3,10.5,100.0
9642,40.41541,-3.70759,6,1.0,1.0,120.0,60.0,6,0.06,219,200,4503.0,68.043894,0.8,1.5,1,0,0,0,0,1,0,1,0,0,0,0,0,6,49.5,150.0
9643,40.46845,-3.66839,4,2.0,3.0,90.0,96.0,1,0.19,360,200,2893.0,50.090625,6.5,2.0,1,0,0,0,0,1,1,1,1,0,1,0,0,3,36.0,100.0
9644,40.43725,-3.70895,1,1.0,1.0,49.0,100.0,1,0.04,102,50,4855.0,64.056634,2.4,1.0,1,1,1,1,1,1,1,1,1,1,1,1,1,3,10.5,50.0
9645,40.41099,-3.70113,3,1.0,1.0,120.0,93.0,1,1.18,159,50,4503.0,68.043894,0.8,1.0,0,0,0,0,0,0,0,1,1,0,1,0,0,4,25.5,150.0
9647,40.43212,-3.73656,1,1.0,1.0,33.0,100.0,2,0.08,410,50,3555.0,63.451906,5.9,1.0,0,0,0,0,0,1,0,1,0,0,1,0,0,4,10.5,50.0
9654,40.39186,-3.66974,2,1.0,1.0,39.0,90.0,2,0.55,225,200,1890.0,41.443535,5.0,1.5,1,0,0,0,0,1,0,1,0,0,0,0,0,3,19.5,50.0
9655,40.42873,-3.70949,5,2.0,3.0,44.0,75.0,3,0.36,353,200,4503.0,68.043894,0.8,1.5,1,0,0,0,0,1,0,0,0,0,1,0,0,10,42.0,50.0
9656,40.44504,-3.5959,1,1.0,1.0,27.0,96.0,3,2.66,450,50,2477.0,70.967532,7.3,1.0,0,0,0,0,0,1,0,1,1,0,0,0,0,3,10.5,50.0
9657,40.42109,-3.69924,6,2.0,4.0,124.0,95.0,1,2.82,368,200,4503.0,68.043894,0.8,2.0,1,0,0,0,0,1,0,1,1,1,1,0,0,4,51.0,150.0
9658,40.3634,-3.75977,1,1.0,1.0,15.0,98.0,1,0.77,352,50,2195.0,47.402837,6.6,1.5,1,0,0,0,0,1,0,0,1,0,1,0,0,0,12.0,50.0
9659,40.41485,-3.7056,6,2.0,2.0,83.0,99.0,8,2.94,779,200,4503.0,68.043894,0.8,2.0,1,0,0,0,0,1,0,1,1,1,1,0,0,10,51.0,100.0
9660,40.40863,-3.70072,1,1.0,3.0,24.0,100.0,1,0.55,300,50,4503.0,68.043894,0.8,1.0,0,0,0,0,1,1,0,0,0,1,0,0,0,8,10.5,50.0
9661,40.39695,-3.71623,6,3.0,4.0,79.0,90.0,18,1.1,466,200,2195.0,47.402837,6.6,1.0,1,0,0,0,0,1,0,1,1,0,1,0,0,9,48.0,100.0
9662,40.40949,-3.70664,4,1.0,1.0,58.0,93.0,1,2.5,248,200,4503.0,68.043894,0.8,1.0,1,0,0,0,0,1,0,1,0,0,0,0,0,0,33.0,100.0
9663,40.42232,-3.70918,2,1.0,2.0,95.0,82.0,6,0.89,275,200,4503.0,68.043894,0.8,1.0,1,0,0,0,0,1,0,1,1,0,1,0,0,4,18.0,100.0
9664,40.43674,-3.61056,5,3.0,3.0,70.0,97.0,1,1.86,502,200,2477.0,70.967532,7.3,2.0,1,0,0,0,0,1,0,0,0,1,1,0,0,3,43.5,100.0
9665,40.35501,-3.6833,1,1.0,1.0,13.0,94.0,2,2.3,197,50,1696.0,37.641618,9.0,1.5,0,0,0,0,0,1,0,0,0,1,1,0,0,4,12.0,50.0
9666,40.44696,-3.67592,1,1.0,1.0,16.0,0.0,1,0.0,140,50,4508.0,67.220486,5.8,1.0,0,0,0,0,0,0,0,1,1,0,0,0,0,7,10.5,50.0
9667,40.41588,-3.70088,3,1.0,1.0,61.0,100.0,2,4.55,627,200,4503.0,68.043894,0.8,1.0,1,0,0,0,0,1,0,1,1,1,1,0,0,5,25.5,100.0
9669,40.3916,-3.67035,2,1.0,1.0,26.0,100.0,4,0.04,320,50,1890.0,41.443535,5.0,1.0,1,0,0,0,1,1,0,1,0,0,1,0,0,11,18.0,50.0
9670,40.43302,-3.65502,1,1.0,1.0,24.0,89.0,2,0.67,192,50,2893.0,50.090625,6.5,1.0,0,0,0,0,0,1,0,0,0,0,1,0,0,5,10.5,50.0
9671,40.41396,-3.70073,2,1.0,1.0,45.0,99.0,2,3.88,594,200,4503.0,68.043894,0.8,1.0,1,0,0,0,0,1,0,1,1,0,1,0,0,5,18.0,50.0
9672,40.42122,-3.70431,2,1.0,1.0,114.0,99.0,4,1.29,615,200,4503.0,68.043894,0.8,1.0,1,0,0,0,0,1,0,1,1,0,1,0,1,8,18.0,150.0
9673,40.4161,-3.70845,6,3.0,5.0,133.0,98.0,3,3.95,593,200,4503.0,68.043894,0.8,2.0,1,0,0,0,0,1,0,1,1,0,1,0,0,3,51.0,150.0
9674,40.43047,-3.68316,10,6.0,6.0,250.0,97.0,7,1.19,907,200,5328.0,74.694253,2.2,4.0,1,0,0,0,0,1,0,1,1,1,1,1,1,9,87.0,200.0
9675,40.42469,-3.69714,2,1.0,1.0,45.0,93.0,1,0.14,147,50,4503.0,68.043894,0.8,1.0,0,0,0,0,0,1,0,1,0,0,1,0,0,3,18.0,50.0
9676,40.39244,-3.67181,1,1.0,1.0,25.0,0.0,4,0.0,364,50,1890.0,41.443535,5.0,1.0,0,0,0,0,1,1,0,1,0,0,1,0,0,11,10.5,50.0
9677,40.42224,-3.70593,4,1.0,2.0,119.0,99.0,3,1.43,551,200,4503.0,68.043894,0.8,1.0,1,0,0,0,0,1,0,1,1,1,0,0,0,4,33.0,150.0
9678,40.44695,-3.67025,2,1.0,1.0,150.0,0.0,1,0.0,189,50,4508.0,67.220486,5.8,1.0,0,0,0,0,0,1,0,1,1,0,1,0,0,8,18.0,150.0
9679,40.41098,-3.69286,10,5.0,8.0,180.0,0.0,5,0.0,297,200,4503.0,68.043894,0.8,4.0,1,0,0,0,0,1,0,1,1,0,1,0,0,4,87.0,200.0
9680,40.41679,-3.70045,2,1.0,2.0,90.0,98.0,1,0.43,268,200,4503.0,68.043894,0.8,1.5,1,0,0,0,0,1,0,1,1,0,1,0,0,7,19.5,100.0
9681,40.40119,-3.69451,2,0.0,1.0,38.0,91.0,1,3.26,430,200,3917.0,55.025641,1.9,1.0,1,0,0,0,0,1,0,1,1,0,1,0,1,3,18.0,50.0
9682,40.41429,-3.70242,4,1.0,2.0,56.0,95.0,1,2.55,613,200,4503.0,68.043894,0.8,1.0,1,0,0,0,0,1,0,1,0,0,1,0,0,3,33.0,100.0
9683,40.41256,-3.70722,5,1.0,2.0,116.0,93.0,12,0.3,692,200,4503.0,68.043894,0.8,1.0,1,0,0,0,0,1,0,1,1,0,1,0,0,4,40.5,150.0
9684,40.4599,-3.69823,3,1.0,2.0,50.0,85.0,16,0.18,636,200,3476.0,60.621287,5.9,1.0,1,0,0,0,0,1,0,1,1,0,1,0,0,4,25.5,50.0
9685,40.43664,-3.67532,4,1.0,2.0,73.0,89.0,1,1.25,308,200,5328.0,74.694253,2.2,1.0,1,0,0,0,0,1,0,1,1,0,1,0,0,3,33.0,100.0
9686,40.38669,-3.75295,1,1.0,1.0,16.0,86.0,1,1.68,238,50,2287.0,47.008319,4.7,1.0,1,1,1,1,1,1,1,1,1,1,1,1,1,3,10.5,50.0
9687,40.39804,-3.6584,2,1.0,1.0,27.0,99.0,1,1.52,384,50,1890.0,41.443535,5.0,1.0,1,0,0,0,1,1,0,0,1,0,0,0,0,3,18.0,50.0
9689,40.39278,-3.7109,2,1.0,1.0,500.0,0.0,1,0.04,134,200,2195.0,47.402837,6.6,1.0,1,1,1,1,1,1,0,1,1,0,0,0,0,6,18.0,200.0
9690,40.3941,-3.6969,5,3.0,5.0,91.0,95.0,1,0.47,163,200,3917.0,55.025641,1.9,1.0,1,0,0,0,0,1,0,1,1,0,0,0,0,6,40.5,100.0
9691,40.421,-3.69935,4,2.0,3.0,132.0,98.0,7,0.89,338,200,4503.0,68.043894,0.8,2.0,1,0,0,0,0,1,0,1,1,0,1,0,0,8,36.0,150.0
9692,40.42426,-3.69949,3,1.0,2.0,54.0,85.0,12,1.12,392,200,4503.0,68.043894,0.8,1.0,1,0,0,0,1,1,0,1,1,0,1,0,0,7,25.5,100.0
9693,40.43261,-3.7202,1,0.0,1.0,150.0,100.0,1,0.08,161,200,3555.0,63.451906,5.9,1.0,1,1,1,1,1,1,0,1,0,0,0,0,0,3,10.5,150.0
9694,40.40725,-3.69466,4,2.0,3.0,99.0,100.0,7,0.06,379,200,4503.0,68.043894,0.8,2.0,1,0,0,0,0,1,0,1,1,0,1,0,0,6,36.0,100.0
9695,40.41758,-3.69789,6,2.0,4.0,155.0,88.0,1,0.64,458,200,4503.0,68.043894,0.8,1.0,1,0,0,0,0,1,0,1,1,1,1,0,0,3,48.0,200.0
9696,40.41854,-3.69669,4,2.0,4.0,127.0,80.0,6,0.11,505,200,4503.0,68.043894,0.8,2.0,1,0,0,0,0,1,0,1,1,0,1,0,1,4,36.0,150.0
9697,40.41795,-3.69617,4,2.0,4.0,152.0,93.0,6,0.47,514,200,4503.0,68.043894,0.8,2.0,1,0,0,0,0,1,0,1,1,0,1,0,0,4,36.0,200.0
9698,40.41809,-3.6981,4,2.0,4.0,199.0,95.0,6,0.8,485,200,4503.0,68.043894,0.8,2.5,1,0,0,0,0,1,0,1,1,0,1,0,0,4,37.5,200.0
9699,40.41858,-3.69739,8,4.0,7.0,185.0,90.0,6,0.43,402,200,4503.0,68.043894,0.8,2.0,1,0,0,0,0,1,0,1,1,0,1,0,0,4,66.0,200.0
9700,40.41834,-3.69813,4,2.0,2.0,105.0,100.0,6,0.18,537,200,4503.0,68.043894,0.8,2.0,1,0,0,0,0,1,0,1,1,1,1,0,1,4,36.0,150.0
9701,40.41036,-3.69931,2,1.0,1.0,58.0,83.0,59,2.11,349,200,4503.0,68.043894,0.8,1.0,1,0,0,0,0,1,0,0,0,0,0,0,0,7,18.0,100.0
9702,40.42474,-3.70124,6,3.0,6.0,95.0,100.0,3,0.16,259,200,4503.0,68.043894,0.8,1.0,1,1,1,1,1,1,0,1,1,0,0,0,0,4,48.0,100.0
9703,40.40794,-3.69857,4,2.0,5.0,49.0,97.0,1,0.27,503,200,4503.0,68.043894,0.8,1.0,1,0,0,0,0,1,0,1,0,1,0,0,1,4,33.0,50.0
9704,40.42295,-3.69898,2,1.0,1.0,57.0,97.0,5,0.26,237,200,4503.0,68.043894,0.8,1.0,1,0,0,0,0,1,0,1,1,0,0,0,0,5,18.0,100.0
9705,40.42089,-3.69848,2,1.0,1.0,90.0,89.0,5,2.35,745,200,4503.0,68.043894,0.8,1.0,1,0,0,0,0,1,0,1,1,1,1,0,1,4,18.0,100.0
9706,40.42251,-3.70047,4,2.0,4.0,123.0,91.0,5,1.74,775,200,4503.0,68.043894,0.8,1.0,1,0,0,0,0,1,0,1,1,1,1,0,0,4,33.0,150.0
9707,40.42106,-3.70027,4,2.0,3.0,132.0,92.0,5,2.22,779,200,4503.0,68.043894,0.8,2.0,1,0,0,0,0,1,0,1,1,1,1,0,1,4,36.0,150.0
9708,40.42085,-3.70012,2,1.0,2.0,92.0,86.0,5,1.3,754,200,4503.0,68.043894,0.8,1.0,1,0,0,0,0,1,0,0,1,0,1,0,0,4,18.0,100.0
9709,40.4207,-3.69847,4,2.0,4.0,135.0,89.0,5,0.52,747,200,4503.0,68.043894,0.8,2.0,1,0,0,0,0,1,0,1,1,0,1,0,0,4,36.0,150.0
9710,40.41893,-3.699,4,2.0,3.0,193.0,80.0,4,0.09,466,200,4503.0,68.043894,0.8,2.0,1,0,0,0,0,1,0,1,0,0,1,0,1,4,36.0,200.0
9711,40.41962,-3.69896,6,3.0,4.0,257.0,95.0,4,1.53,487,200,4503.0,68.043894,0.8,2.0,1,0,0,0,0,1,0,1,0,0,1,0,1,4,51.0,200.0
9712,40.41898,-3.6973,4,2.0,3.0,190.0,100.0,4,0.12,544,200,4503.0,68.043894,0.8,2.0,1,0,0,0,0,1,0,1,1,1,1,0,1,4,36.0,200.0
9713,40.42094,-3.69892,2,1.0,1.0,120.0,0.0,4,0.0,544,200,4503.0,68.043894,0.8,1.0,1,0,0,0,0,1,0,1,1,1,1,0,1,4,18.0,150.0
9714,40.38409,-3.73009,2,1.0,1.0,35.0,99.0,1,0.98,211,50,2195.0,47.402837,6.6,1.0,0,0,0,0,0,1,0,1,0,0,0,0,0,8,18.0,50.0
9715,40.43052,-3.70004,4,2.0,3.0,139.0,92.0,10,0.79,520,200,4855.0,64.056634,2.4,2.0,1,0,0,0,0,1,0,1,1,0,1,0,0,4,36.0,150.0
9716,40.43112,-3.69995,8,4.0,8.0,285.0,94.0,10,1.07,526,200,4855.0,64.056634,2.4,3.0,1,0,0,0,0,1,0,1,1,1,1,0,0,4,69.0,200.0
9717,40.4312,-3.70137,2,1.0,2.0,98.0,94.0,10,0.42,543,200,4855.0,64.056634,2.4,1.0,1,0,0,0,0,1,0,1,1,0,1,0,0,4,18.0,100.0
9718,40.42909,-3.70127,4,2.0,4.0,147.0,93.0,10,0.63,550,200,4855.0,64.056634,2.4,1.0,1,0,0,0,0,1,0,1,1,0,1,0,0,4,33.0,150.0
9719,40.43104,-3.70072,4,2.0,4.0,163.0,98.0,10,0.91,470,200,4855.0,64.056634,2.4,2.0,1,0,0,0,0,1,0,1,0,0,1,0,0,4,36.0,200.0
9720,40.4295,-3.70218,8,4.0,8.0,256.0,94.0,10,1.35,550,200,4855.0,64.056634,2.4,2.0,1,0,0,0,0,1,0,1,1,0,1,0,0,4,66.0,200.0
9721,40.43106,-3.70062,2,1.0,2.0,111.0,95.0,10,0.15,520,200,4855.0,64.056634,2.4,1.5,1,0,0,0,0,1,0,1,1,0,1,0,0,4,19.5,150.0
9722,40.43056,-3.70203,4,2.0,4.0,131.0,100.0,10,0.06,504,200,4855.0,64.056634,2.4,1.0,1,0,0,0,0,1,0,1,1,0,1,0,0,4,33.0,150.0
9723,40.4213,-3.69721,6,3.0,5.0,162.0,100.0,5,0.04,339,200,4503.0,68.043894,0.8,1.0,1,0,0,0,0,1,0,1,1,0,1,0,0,4,48.0,200.0
9724,40.42297,-3.69726,6,3.0,5.0,199.0,96.0,5,0.38,339,200,4503.0,68.043894,0.8,2.0,1,0,0,0,0,1,0,1,1,0,1,0,0,4,51.0,200.0
9725,40.4231,-3.69673,6,3.0,4.0,147.0,90.0,5,0.1,339,200,4503.0,68.043894,0.8,1.0,1,0,0,0,0,1,0,1,1,0,1,0,0,4,48.0,150.0
9726,40.42135,-3.69728,4,2.0,3.0,110.0,60.0,5,0.06,327,200,4503.0,68.043894,0.8,1.0,1,0,0,0,0,1,0,1,0,0,1,0,0,4,33.0,150.0
9727,40.42281,-3.69556,4,2.0,3.0,122.0,0.0,5,0.0,187,200,4503.0,68.043894,0.8,1.0,1,0,0,0,0,1,0,0,1,0,1,0,0,4,33.0,150.0
9728,40.46397,-3.69399,2,1.0,1.0,40.0,100.0,1,0.83,397,200,3476.0,60.621287,5.9,1.0,1,0,0,0,0,1,0,1,1,0,1,0,1,9,18.0,50.0
9729,40.42687,-3.70329,6,3.0,6.0,85.0,100.0,3,0.08,227,200,4503.0,68.043894,0.8,1.5,1,0,0,0,0,1,0,1,1,0,0,0,0,4,49.5,100.0
9730,40.39841,-3.66147,6,3.0,3.0,32.0,80.0,3,3.87,410,200,1890.0,41.443535,5.0,1.0,1,0,0,0,1,1,0,0,0,0,0,0,0,4,48.0,50.0
9731,40.42919,-3.70742,4,1.0,2.0,177.0,0.0,1,0.0,228,200,4503.0,68.043894,0.8,1.0,1,0,0,0,0,1,0,1,0,0,0,0,0,7,33.0,200.0
9732,40.36069,-3.69029,1,1.0,1.0,28.0,0.0,1,0.0,182,50,1696.0,37.641618,9.0,1.5,0,0,0,0,0,1,0,0,1,0,0,0,0,5,12.0,50.0
9733,40.40818,-3.70008,4,1.0,2.0,145.0,94.0,7,0.96,318,200,4503.0,68.043894,0.8,1.0,1,0,0,0,0,1,0,1,0,0,0,0,0,4,33.0,150.0
9734,40.42212,-3.69763,4,1.0,2.0,73.0,91.0,1,1.41,250,200,4503.0,68.043894,0.8,1.0,1,0,0,0,0,1,0,1,0,0,0,0,0,3,33.0,100.0
9735,40.41322,-3.70074,4,1.0,2.0,36.0,92.0,62,0.26,381,200,4503.0,68.043894,0.8,1.0,1,0,0,1,0,1,0,1,1,0,1,0,0,5,33.0,50.0
9736,40.42198,-3.70028,4,1.0,2.0,54.0,88.0,12,1.98,471,200,4503.0,68.043894,0.8,1.0,1,0,0,0,0,1,0,1,1,1,1,0,0,7,33.0,100.0
9737,40.40859,-3.69787,3,1.0,2.0,57.0,80.0,3,0.16,507,200,4503.0,68.043894,0.8,1.0,1,0,0,0,0,1,0,1,0,0,1,0,0,4,25.5,100.0
9738,40.42043,-3.70724,6,2.0,4.0,112.0,95.0,1,2.37,346,200,4503.0,68.043894,0.8,1.0,1,0,0,0,0,1,0,1,1,0,1,0,0,3,48.0,150.0
9739,40.42571,-3.72832,3,1.0,4.0,71.0,100.0,1,1.61,562,200,3555.0,63.451906,5.9,1.0,1,0,0,0,0,1,0,1,0,0,1,0,0,5,25.5,100.0
9740,40.41697,-3.70942,6,3.0,5.0,116.0,95.0,3,3.08,659,200,4503.0,68.043894,0.8,2.0,1,0,0,0,0,1,0,1,1,1,1,0,0,3,51.0,150.0
9741,40.42191,-3.69872,2,6.0,1.0,35.0,60.0,3,0.15,252,50,4503.0,68.043894,0.8,1.0,1,1,1,1,1,1,1,1,1,1,1,1,1,6,18.0,50.0
9742,40.42288,-3.70026,2,1.0,1.0,76.0,0.0,2,0.0,537,200,4503.0,68.043894,0.8,1.0,1,0,0,0,0,1,0,1,1,1,1,1,0,7,18.0,100.0
9743,40.406,-3.69625,8,3.0,6.0,214.0,91.0,28,0.27,156,200,3917.0,55.025641,1.9,2.5,1,0,0,0,0,1,0,1,1,0,0,0,0,10,67.5,200.0
9744,40.40428,-3.69588,6,2.0,4.0,191.0,100.0,28,0.04,181,200,3917.0,55.025641,1.9,1.5,1,0,0,0,0,1,0,1,1,0,0,0,0,10,49.5,200.0
9745,40.39967,-3.69491,6,2.0,4.0,191.0,0.0,28,0.0,159,200,3917.0,55.025641,1.9,1.5,1,0,0,0,0,1,0,1,1,0,0,0,0,10,49.5,200.0
9746,40.43318,-3.69372,6,2.0,4.0,177.0,96.0,28,0.35,200,200,4855.0,64.056634,2.4,2.0,1,0,0,0,0,1,0,1,1,0,0,0,0,10,51.0,200.0
9747,40.42339,-3.69883,4,1.0,1.0,79.0,88.0,4,0.19,154,200,4503.0,68.043894,0.8,1.0,1,0,0,0,0,1,0,1,1,0,0,0,0,7,33.0,100.0
9748,40.45844,-3.68172,2,1.0,1.0,55.0,95.0,5,0.15,357,200,4508.0,67.220486,5.8,1.0,1,0,0,0,0,1,1,1,1,0,1,0,0,9,18.0,100.0
9749,40.4232,-3.67966,4,1.0,3.0,35.0,95.0,1,2.0,683,50,5328.0,74.694253,2.2,1.5,0,0,0,0,0,1,0,1,0,1,1,0,0,8,34.5,50.0
9750,40.41053,-3.7017,4,1.0,2.0,49.0,91.0,5,1.95,435,200,4503.0,68.043894,0.8,1.0,1,0,0,0,0,1,0,1,1,0,1,1,0,9,33.0,50.0
9751,40.41198,-3.70098,4,1.0,2.0,49.0,90.0,5,2.18,460,200,4503.0,68.043894,0.8,1.0,1,0,0,0,0,1,0,1,1,0,1,1,0,9,33.0,50.0
9752,40.43074,-3.70128,4,1.0,2.0,68.0,93.0,4,1.67,690,200,4855.0,64.056634,2.4,1.0,1,0,0,0,0,1,0,0,0,0,1,1,0,5,33.0,100.0
9753,40.42233,-3.70635,2,1.0,1.0,95.0,99.0,1,1.64,361,200,4503.0,68.043894,0.8,1.0,1,0,0,0,0,1,0,1,1,1,1,0,0,3,18.0,100.0
9754,40.41251,-3.7021,4,1.0,2.0,55.0,93.0,5,1.78,286,200,4503.0,68.043894,0.8,1.0,1,0,0,0,0,1,0,1,0,0,1,0,0,9,33.0,100.0
9755,40.44999,-3.60618,4,2.0,3.0,68.0,96.0,1,1.41,429,200,3312.0,62.061453,9.2,1.0,1,0,0,0,0,1,0,1,0,0,1,0,0,3,33.0,100.0
9756,40.38687,-3.66914,2,1.0,1.0,15.0,72.0,9,0.29,190,50,1890.0,41.443535,5.0,1.0,0,0,0,0,0,1,0,0,0,0,1,0,0,4,18.0,50.0
9757,40.39617,-3.72008,3,1.0,2.0,95.0,95.0,1,0.21,326,200,2195.0,47.402837,6.6,1.0,1,0,0,0,0,1,0,1,1,1,1,0,0,4,25.5,100.0
9758,40.45985,-3.70031,3,1.0,2.0,66.0,80.0,16,0.73,968,200,3476.0,60.621287,5.9,1.0,1,0,0,0,0,1,0,1,1,1,1,0,0,4,25.5,100.0
9759,40.44278,-3.69725,15,6.0,10.0,547.0,0.0,7,0.0,287,200,4855.0,64.056634,2.4,6.0,1,0,0,0,0,1,0,1,0,0,1,0,0,6,130.5,200.0
9760,40.38728,-3.66854,2,1.0,1.0,15.0,87.0,9,0.11,165,50,1890.0,41.443535,5.0,1.0,0,0,0,0,0,1,0,0,0,0,1,0,0,4,18.0,50.0
9761,40.43827,-3.69613,3,1.0,2.0,90.0,100.0,1,0.21,459,200,4855.0,64.056634,2.4,1.0,1,0,0,0,0,1,0,0,1,0,1,0,0,8,25.5,100.0
9762,40.44697,-3.60856,1,1.0,1.0,25.0,97.0,1,1.63,155,50,2477.0,70.967532,7.3,1.0,0,0,0,0,0,1,0,0,1,0,1,0,0,3,10.5,50.0
9763,40.43588,-3.70579,3,1.0,2.0,35.0,89.0,4,1.93,147,50,4855.0,64.056634,2.4,1.0,0,0,0,0,0,1,0,0,0,0,0,0,0,4,25.5,50.0
9764,40.40904,-3.72343,2,1.0,1.0,58.0,98.0,1,0.72,239,50,2287.0,47.008319,4.7,1.0,1,0,0,0,0,1,0,0,1,0,1,0,0,3,18.0,100.0
9765,40.49177,-3.72731,2,1.0,2.0,63.0,100.0,4,0.44,656,50,3545.0,57.198083,16.4,1.5,1,0,0,0,0,1,1,1,1,1,1,0,0,4,19.5,100.0
9766,40.40842,-3.70831,6,3.0,3.0,98.0,98.0,1,0.68,458,200,4503.0,68.043894,0.8,2.0,1,0,0,0,1,1,0,1,1,0,1,0,0,3,51.0,100.0
9767,40.43688,-3.64235,1,1.0,1.0,28.0,100.0,1,0.43,230,50,2893.0,50.090625,6.5,1.5,0,0,0,0,0,1,0,0,1,0,0,0,0,4,12.0,50.0
9768,40.45107,-3.70158,2,1.0,1.0,40.0,97.0,1,1.19,151,50,3476.0,60.621287,5.9,1.0,0,0,0,0,0,1,0,0,0,0,0,0,0,4,18.0,50.0
9769,40.43788,-3.65255,2,1.0,2.0,41.0,92.0,2,0.49,358,200,2893.0,50.090625,6.5,1.0,1,0,0,0,0,1,0,1,1,1,0,0,0,7,18.0,50.0
9770,40.39938,-3.69597,4,1.0,1.0,194.0,0.0,1,0.0,305,200,3917.0,55.025641,1.9,1.0,1,0,0,0,0,1,1,1,1,1,0,0,0,5,33.0,200.0
9771,40.42236,-3.6812,4,2.0,3.0,260.0,0.0,92,0.0,175,200,5328.0,74.694253,2.2,2.0,1,0,0,0,0,1,0,1,1,0,1,0,0,7,36.0,200.0
9772,40.4542,-3.60256,4,1.0,2.0,120.0,0.0,6,0.0,182,200,3047.0,56.183432,11.8,0.0,1,0,0,0,0,0,0,1,0,0,0,0,0,4,30.0,150.0
9773,40.42009,-3.69898,2,5.0,1.0,28.0,80.0,3,0.26,217,50,4503.0,68.043894,0.8,1.0,1,1,1,1,1,1,1,1,1,1,1,1,1,6,18.0,50.0
9774,40.42332,-3.70365,4,1.0,2.0,144.0,89.0,62,0.26,432,200,4503.0,68.043894,0.8,1.0,1,0,0,1,0,1,0,1,1,0,1,0,0,5,33.0,150.0
9775,40.42386,-3.69915,6,2.0,3.0,131.0,91.0,5,2.14,376,200,4503.0,68.043894,0.8,2.0,1,0,0,0,0,1,0,0,0,0,1,0,0,9,51.0,150.0
9776,40.4358,-3.6552,2,1.0,2.0,25.0,100.0,1,0.4,353,50,2893.0,50.090625,6.5,1.0,1,0,0,0,0,1,0,1,1,0,1,0,0,3,18.0,50.0
9777,40.45596,-3.5863,5,3.0,3.0,117.0,84.0,9,0.76,273,200,3047.0,56.183432,11.8,1.0,1,0,0,0,0,1,0,1,1,1,1,0,0,0,40.5,150.0
9778,40.35117,-3.69308,2,1.0,2.0,19.0,87.0,3,3.21,304,50,1696.0,37.641618,9.0,1.0,0,0,0,0,0,1,0,0,0,0,1,0,0,0,18.0,50.0
9779,40.35224,-3.69541,1,1.0,1.0,11.0,0.0,2,0.0,549,50,1696.0,37.641618,9.0,1.5,0,0,0,0,0,1,0,0,0,0,0,0,0,5,12.0,50.0
9780,40.46004,-3.70148,7,3.0,5.0,187.0,92.0,1,1.13,339,200,3476.0,60.621287,5.9,2.0,1,0,0,0,0,1,0,1,1,1,1,0,0,8,58.5,200.0
9781,40.46663,-3.7251,1,1.0,1.0,19.0,95.0,8,0.15,249,50,3555.0,63.451906,5.9,1.0,0,0,0,0,0,1,0,0,0,0,1,0,0,4,10.5,50.0
9782,40.46461,-3.72479,1,1.0,1.0,20.0,100.0,8,0.15,249,50,3555.0,63.451906,5.9,1.0,0,0,0,0,0,1,0,0,0,0,1,0,0,4,10.5,50.0
9783,40.42057,-3.70497,2,1.0,1.0,56.0,92.0,8,0.9,198,50,4503.0,68.043894,0.8,1.0,1,0,0,0,0,1,0,1,1,0,0,0,0,3,18.0,100.0
9784,40.41951,-3.70499,2,1.0,3.0,56.0,94.0,8,0.66,199,50,4503.0,68.043894,0.8,1.0,1,0,0,0,0,1,0,1,1,0,0,0,0,3,18.0,100.0
9785,40.4179,-3.70889,6,2.0,4.0,108.0,98.0,1,2.01,290,200,4503.0,68.043894,0.8,2.0,1,0,0,0,0,1,0,1,1,0,1,0,0,4,51.0,150.0
9786,40.44637,-3.64441,2,1.0,1.0,39.0,100.0,1,0.78,435,50,2893.0,50.090625,6.5,1.0,0,0,0,0,0,1,0,0,0,0,1,0,0,3,18.0,50.0
9787,40.35136,-3.69327,1,1.0,1.0,14.0,93.0,3,2.45,237,50,1696.0,37.641618,9.0,1.0,0,0,0,0,0,1,0,0,0,0,0,0,0,0,10.5,50.0
9788,40.42416,-3.70192,2,1.0,1.0,50.0,90.0,1,0.37,155,200,4503.0,68.043894,0.8,1.0,1,0,0,0,0,1,0,0,0,0,1,0,0,6,18.0,50.0
9789,40.39359,-3.72039,2,1.0,1.0,35.0,100.0,2,0.13,263,50,2195.0,47.402837,6.6,1.0,0,0,0,0,0,1,0,1,1,0,1,0,0,4,18.0,50.0
9790,40.41869,-3.70448,4,1.0,3.0,118.0,99.0,2,2.32,378,200,4503.0,68.043894,0.8,1.0,1,0,0,0,0,1,0,1,1,1,1,0,0,7,33.0,150.0
9791,40.42177,-3.67791,2,1.0,1.0,45.0,100.0,1,0.04,277,50,5328.0,74.694253,2.2,1.5,1,0,0,0,0,1,0,0,1,0,0,0,0,6,19.5,50.0
9792,40.38752,-3.74311,2,1.0,1.0,21.0,60.0,1,0.12,199,50,2195.0,47.402837,6.6,1.5,0,0,0,0,0,1,0,0,0,0,1,0,0,4,19.5,50.0
9793,40.44743,-3.66029,4,1.0,3.0,53.0,98.0,3,0.75,442,200,2893.0,50.090625,6.5,1.0,1,0,0,0,0,1,0,1,0,0,1,0,1,4,33.0,100.0
9794,40.39716,-3.69968,4,0.0,2.0,80.0,0.0,1,0.0,330,200,3917.0,55.025641,1.9,1.0,1,0,0,0,0,1,0,1,0,0,1,0,0,3,33.0,100.0
9795,40.38994,-3.66636,5,2.0,5.0,53.0,89.0,4,0.98,249,200,1890.0,41.443535,5.0,1.5,1,0,0,0,0,0,0,1,0,0,1,0,0,4,42.0,100.0
9796,40.39295,-3.69552,2,1.0,1.0,70.0,94.0,7,0.72,467,200,3917.0,55.025641,1.9,1.0,1,0,0,0,0,1,0,1,0,1,1,0,0,6,18.0,100.0
9797,40.43121,-3.67357,4,1.0,2.0,75.0,92.0,3,3.48,500,200,5328.0,74.694253,2.2,1.0,1,0,0,0,0,1,1,1,1,0,1,0,1,4,33.0,100.0
9798,40.42806,-3.70709,4,1.0,2.0,164.0,88.0,62,0.19,424,200,4503.0,68.043894,0.8,1.0,1,0,0,1,0,1,0,1,1,0,1,0,0,5,33.0,200.0
9799,40.42911,-3.69197,4,2.0,2.0,104.0,93.0,1,0.35,263,200,4855.0,64.056634,2.4,1.0,1,0,0,0,0,1,0,1,0,0,1,0,0,6,33.0,150.0
9800,40.38243,-3.66648,2,1.0,1.0,22.0,83.0,1,0.78,424,50,1890.0,41.443535,5.0,1.5,0,0,0,0,0,1,0,1,1,0,1,0,0,4,19.5,50.0
9801,40.487,-3.72192,2,1.0,1.0,20.0,93.0,1,0.34,138,50,3545.0,57.198083,16.4,1.0,0,0,0,0,1,1,0,1,1,0,0,0,0,5,18.0,50.0
9802,40.42274,-3.65236,2,1.0,1.0,50.0,97.0,4,1.07,206,50,2893.0,50.090625,6.5,1.5,0,0,0,0,0,1,0,0,0,0,0,0,0,6,19.5,50.0
9803,40.40878,-3.70896,3,1.0,1.0,23.0,0.0,1,0.0,179,50,4503.0,68.043894,0.8,1.5,0,1,1,1,1,1,0,1,1,0,1,0,0,6,27.0,50.0
9804,40.41232,-3.73323,1,1.0,1.0,16.0,98.0,1,1.36,343,50,2287.0,47.008319,4.7,1.5,0,0,0,0,0,1,0,0,0,0,1,0,0,4,12.0,50.0
9805,40.41144,-3.70551,4,1.0,2.0,74.0,0.0,1,0.0,269,200,4503.0,68.043894,0.8,1.0,1,0,0,0,0,1,0,1,1,0,1,0,0,3,33.0,100.0
9806,40.40068,-3.66461,4,1.0,2.0,56.0,82.0,24,0.96,278,200,1890.0,41.443535,5.0,1.0,1,0,0,0,0,1,0,0,0,0,0,0,0,7,33.0,100.0
9807,40.41314,-3.69693,4,1.0,2.0,143.0,96.0,62,0.43,424,200,4503.0,68.043894,0.8,1.0,1,0,0,1,0,1,0,1,1,1,1,0,0,5,33.0,150.0
9808,40.42831,-3.67725,6,2.0,3.0,157.0,91.0,24,1.09,341,200,5328.0,74.694253,2.2,2.0,1,0,0,0,0,1,0,0,1,0,1,0,0,7,51.0,200.0
9809,40.41993,-3.70005,8,3.0,5.0,98.0,92.0,67,1.98,298,200,4503.0,68.043894,0.8,2.0,1,0,0,0,0,1,0,1,0,0,1,0,0,7,66.0,100.0
9810,40.42648,-3.70611,2,0.0,1.0,51.0,99.0,1,2.55,354,200,4503.0,68.043894,0.8,1.0,1,0,0,0,0,1,0,1,1,1,1,0,1,8,18.0,100.0
9811,40.40887,-3.7116,4,2.0,2.0,74.0,94.0,67,2.07,319,200,4503.0,68.043894,0.8,2.0,1,0,0,0,0,1,0,1,1,0,1,0,0,7,36.0,100.0
9812,40.43495,-3.69538,4,2.0,2.0,163.0,97.0,1,3.23,493,200,4855.0,64.056634,2.4,2.0,1,0,0,0,0,1,0,1,1,1,1,0,0,9,36.0,200.0
9813,40.44202,-3.70088,2,1.0,2.0,95.0,100.0,7,0.31,424,200,4855.0,64.056634,2.4,1.0,1,0,0,0,0,1,0,1,1,0,1,0,0,6,18.0,100.0
9814,40.40705,-3.69937,4,2.0,2.0,400.0,100.0,1,0.04,74,200,4503.0,68.043894,0.8,1.0,1,0,0,0,0,1,0,0,1,0,0,0,0,4,33.0,200.0
9815,40.41634,-3.70076,2,0.0,1.0,36.0,96.0,8,5.53,460,200,4503.0,68.043894,0.8,1.0,1,0,0,0,0,1,0,1,0,0,1,0,0,6,18.0,50.0
9816,40.37625,-3.63264,2,1.0,1.0,55.0,80.0,1,0.08,332,200,2382.0,49.659794,11.0,1.0,1,1,1,1,1,1,1,1,1,1,1,1,1,7,18.0,100.0
9817,40.45949,-3.7793,1,1.0,1.0,20.0,100.0,3,0.06,465,50,3555.0,63.451906,5.9,1.5,0,0,0,0,0,1,0,0,0,1,1,0,0,3,12.0,50.0
9818,40.42098,-3.70876,4,2.0,3.0,96.0,96.0,1,1.38,688,200,4503.0,68.043894,0.8,1.0,1,0,0,0,0,1,0,1,1,0,1,1,0,3,33.0,100.0
9819,40.42323,-3.70292,2,1.0,1.0,53.0,99.0,1,2.88,457,50,4503.0,68.043894,0.8,1.5,1,0,0,0,0,1,0,1,1,0,1,0,0,0,19.5,100.0
9820,40.50337,-3.66859,4,2.0,3.0,100.0,0.0,1,0.0,251,200,3545.0,57.198083,16.4,2.0,1,0,0,0,0,1,1,1,1,0,1,0,0,9,36.0,100.0
9821,40.41504,-3.70223,2,1.0,1.0,50.0,89.0,1,0.45,154,50,4503.0,68.043894,0.8,1.0,1,0,0,0,0,1,0,0,1,0,0,0,0,4,18.0,50.0
9822,40.40402,-3.70069,10,4.0,4.0,93.0,96.0,3,3.24,277,200,3917.0,55.025641,1.9,2.0,1,0,0,0,0,1,0,1,1,0,0,0,0,6,81.0,100.0
9823,40.40813,-3.70082,2,1.0,1.0,36.0,95.0,1,0.3,127,50,4503.0,68.043894,0.8,1.0,0,0,0,0,0,1,0,0,1,0,1,0,0,0,18.0,50.0
9824,40.35892,-3.58801,2,1.0,1.0,40.0,98.0,1,1.96,314,50,2382.0,49.659794,11.0,1.0,1,0,0,0,0,1,0,1,1,0,0,0,0,6,18.0,50.0
9825,40.40899,-3.69795,4,2.0,2.0,68.0,0.0,5,0.0,265,200,4503.0,68.043894,0.8,1.0,1,1,1,1,1,1,0,1,0,0,1,0,0,4,33.0,100.0
9826,40.42653,-3.71126,6,3.0,1.0,78.0,0.0,5,0.0,328,200,4503.0,68.043894,0.8,1.0,1,1,1,1,1,1,0,1,0,0,1,0,0,4,48.0,100.0
9829,40.41948,-3.70498,4,1.0,2.0,56.0,85.0,8,0.61,220,50,4503.0,68.043894,0.8,1.0,1,0,0,0,0,1,0,1,1,0,0,0,0,3,33.0,100.0
9832,40.4237,-3.67914,6,3.0,4.0,98.0,94.0,9,0.57,327,200,5328.0,74.694253,2.2,2.0,1,0,0,0,1,1,0,1,0,0,0,0,0,0,51.0,100.0
9833,40.39427,-3.6646,2,1.0,1.0,40.0,0.0,1,0.0,183,50,1890.0,41.443535,5.0,1.0,0,0,0,0,0,1,0,1,0,0,1,0,0,3,18.0,50.0
9834,40.4428,-3.68184,4,2.0,2.0,152.0,97.0,1,0.99,309,200,4508.0,67.220486,5.8,2.0,1,0,0,0,0,1,0,1,1,0,0,0,0,3,36.0,200.0
9835,40.40277,-3.69785,1,1.0,1.0,25.0,0.0,1,0.0,175,50,3917.0,55.025641,1.9,1.0,1,1,1,1,1,1,0,0,1,0,1,0,0,6,10.5,50.0
9836,40.40955,-3.69453,8,2.0,3.0,92.0,94.0,7,4.17,656,200,4503.0,68.043894,0.8,2.5,1,0,0,0,0,1,0,1,1,1,1,0,1,8,67.5,100.0
9837,40.39284,-3.69467,1,1.0,1.0,14.0,96.0,2,1.43,341,50,3917.0,55.025641,1.9,1.0,0,0,0,0,0,1,0,0,0,0,1,0,0,3,10.5,50.0
9838,40.43279,-3.69992,3,1.0,1.0,53.0,92.0,2,1.61,314,200,4855.0,64.056634,2.4,1.0,1,0,0,0,0,1,0,0,0,0,1,0,0,3,25.5,100.0
9839,40.4388,-3.64605,2,1.0,1.0,52.0,99.0,1,1.51,382,50,2893.0,50.090625,6.5,1.0,0,0,0,0,0,1,0,1,0,0,1,0,0,6,18.0,100.0
9840,40.42118,-3.70258,2,1.0,1.0,31.0,99.0,3,1.9,311,50,4503.0,68.043894,0.8,1.0,0,0,0,0,0,1,0,0,1,0,1,0,0,9,18.0,50.0
9841,40.46018,-3.7023,2,1.0,1.0,34.0,91.0,2,1.92,342,200,3476.0,60.621287,5.9,1.0,1,0,0,0,0,1,0,1,1,0,1,0,0,6,18.0,50.0
9842,40.40962,-3.7084,2,1.0,1.0,59.0,94.0,2,2.6,396,200,4503.0,68.043894,0.8,1.0,1,0,0,0,0,1,0,0,0,0,1,0,0,6,18.0,100.0
9843,40.41347,-3.72751,4,1.0,1.0,111.0,85.0,2,0.67,336,200,2287.0,47.008319,4.7,1.0,1,0,0,0,0,1,0,1,0,0,1,0,0,3,33.0,150.0
9844,40.45643,-3.69984,2,1.0,1.0,24.0,97.0,1,1.8,270,50,3476.0,60.621287,5.9,1.0,0,0,0,0,0,1,0,1,0,0,0,0,0,3,18.0,50.0
9846,40.4152,-3.71858,4,2.0,2.0,106.0,100.0,4,0.12,441,50,4503.0,68.043894,0.8,1.5,0,0,0,0,0,1,0,0,1,1,1,0,0,4,34.5,150.0
9847,40.41316,-3.70166,8,3.0,5.0,60.0,92.0,5,2.31,414,200,4503.0,68.043894,0.8,2.0,1,0,0,0,0,1,0,1,0,0,1,0,0,9,66.0,100.0
9848,40.4132,-3.69301,4,1.0,2.0,50.0,90.0,1,0.17,466,200,4503.0,68.043894,0.8,1.0,1,0,0,0,0,1,0,1,0,0,1,0,0,10,33.0,50.0
9849,40.39604,-3.66043,4,0.0,2.0,69.0,95.0,40,0.56,418,200,1890.0,41.443535,5.0,1.0,1,0,0,0,0,1,0,1,1,0,1,0,0,5,33.0,100.0
9850,40.39711,-3.66052,4,0.0,2.0,83.0,99.0,40,0.69,418,200,1890.0,41.443535,5.0,1.0,1,0,0,0,1,1,0,1,1,0,1,0,0,5,33.0,100.0
9851,40.39751,-3.66114,4,0.0,2.0,71.0,96.0,40,0.21,418,200,1890.0,41.443535,5.0,1.0,1,0,0,0,0,1,0,1,1,0,1,0,0,5,33.0,100.0
9852,40.39549,-3.66099,4,0.0,2.0,82.0,95.0,40,0.45,418,200,1890.0,41.443535,5.0,1.0,1,0,0,0,1,1,0,1,1,0,1,0,0,5,33.0,100.0
9853,40.43441,-3.69294,5,2.0,3.0,162.0,97.0,25,0.23,503,200,4855.0,64.056634,2.4,2.0,1,0,0,0,0,0,0,1,1,0,1,0,0,11,43.5,200.0
9854,40.38621,-3.64917,2,1.0,1.0,15.0,91.0,1,0.49,184,50,1890.0,41.443535,5.0,1.0,0,0,0,0,0,1,0,0,0,0,0,0,0,3,18.0,50.0
9855,40.42079,-3.70019,8,2.0,5.0,249.0,0.0,2,0.0,190,200,4503.0,68.043894,0.8,2.0,1,0,0,0,0,1,0,1,1,0,0,0,0,7,66.0,200.0
9856,40.42952,-3.6858,2,1.0,1.0,79.0,95.0,13,2.05,351,200,5328.0,74.694253,2.2,1.0,1,0,0,0,0,1,0,1,1,0,1,0,0,4,18.0,100.0
9857,40.4204,-3.70288,5,1.0,3.0,56.0,92.0,8,0.78,211,50,4503.0,68.043894,0.8,1.0,1,0,0,0,0,1,0,1,1,0,0,0,0,3,40.5,100.0
9859,40.44052,-3.6382,1,0.0,1.0,30.0,0.0,1,0.0,107,50,2893.0,50.090625,6.5,1.0,0,1,1,1,1,1,0,0,0,0,1,0,0,5,10.5,50.0
9860,40.43168,-3.70793,8,4.0,5.0,196.0,98.0,1,1.63,551,200,4855.0,64.056634,2.4,2.0,1,0,0,0,0,1,0,1,1,1,1,0,0,3,66.0,200.0
9861,40.42339,-3.70431,4,2.0,3.0,120.0,100.0,2,0.1,112,200,4503.0,68.043894,0.8,2.0,1,0,0,0,0,1,0,0,1,0,0,0,0,8,36.0,150.0
9862,40.44244,-3.67345,3,1.0,1.0,51.0,100.0,6,0.16,405,200,4508.0,67.220486,5.8,1.0,1,0,0,0,0,1,0,1,0,0,0,0,1,8,25.5,100.0
9864,40.42481,-3.71247,2,0.0,1.0,55.0,93.0,2,2.72,164,200,3555.0,63.451906,5.9,1.0,1,0,0,0,0,1,0,1,1,0,1,0,0,0,18.0,100.0
9865,40.40892,-3.70036,3,1.0,2.0,40.0,80.0,1,0.24,331,50,4503.0,68.043894,0.8,1.0,0,0,0,0,0,1,0,1,1,1,1,0,0,8,25.5,50.0
9866,40.43596,-3.65569,6,2.0,2.0,62.0,84.0,1,0.83,338,200,2893.0,50.090625,6.5,1.0,1,0,0,0,0,1,0,1,1,0,1,0,0,3,48.0,100.0
9867,40.42341,-3.69956,4,1.0,2.0,171.0,100.0,62,0.17,443,200,4503.0,68.043894,0.8,1.0,1,0,0,0,0,1,0,1,1,1,1,0,0,5,33.0,200.0
9868,40.41746,-3.7019,2,1.0,1.0,55.0,100.0,1,0.95,224,50,4503.0,68.043894,0.8,1.5,1,0,0,0,0,1,0,0,0,1,1,0,0,8,19.5,100.0
9869,40.3851,-3.71055,2,1.0,1.0,33.0,98.0,1,1.03,117,50,2316.0,43.910072,4.6,1.0,0,1,1,1,1,1,0,0,0,0,0,0,0,5,18.0,50.0
9870,40.43829,-3.71491,2,1.0,1.0,60.0,0.0,1,0.0,116,200,4855.0,64.056634,2.4,1.0,1,0,0,0,0,1,0,1,1,0,0,0,0,5,18.0,100.0
9871,40.47338,-3.64165,4,3.0,3.0,790.0,0.0,1,0.0,88,200,3312.0,62.061453,9.2,1.0,1,0,0,0,0,0,0,1,1,0,0,0,0,7,33.0,200.0
9872,40.43971,-3.70028,2,1.0,1.0,50.0,0.0,1,0.0,165,50,4855.0,64.056634,2.4,1.0,0,1,1,1,1,1,0,0,1,0,1,0,0,5,18.0,50.0
9873,40.42985,-3.69565,2,0.0,2.0,56.0,93.0,1,6.12,340,200,4855.0,64.056634,2.4,1.0,1,0,0,0,0,1,0,1,1,0,0,0,0,3,18.0,100.0
9874,40.4082,-3.7309,1,1.0,1.0,16.0,87.0,1,0.27,373,50,2287.0,47.008319,4.7,1.0,0,0,0,0,0,1,0,0,0,1,1,0,0,4,10.5,50.0
9875,40.46371,-3.64354,8,3.0,4.0,96.0,100.0,1,0.66,421,200,3312.0,62.061453,9.2,1.5,1,0,0,0,0,1,0,0,1,0,1,0,1,5,64.5,100.0
9876,40.369,-3.75432,1,1.0,1.0,18.0,87.0,1,0.53,91,50,2195.0,47.402837,6.6,1.0,0,0,0,0,0,1,0,1,0,0,0,0,0,4,10.5,50.0
9877,40.4223,-3.71042,5,2.0,2.0,131.0,98.0,3,1.96,314,200,4503.0,68.043894,0.8,2.0,1,0,0,0,0,1,0,1,1,0,0,0,0,5,43.5,150.0
9878,40.36353,-3.76172,1,1.0,1.0,15.0,97.0,3,0.53,303,50,2195.0,47.402837,6.6,1.0,0,0,0,0,0,1,0,0,1,0,1,0,0,3,10.5,50.0
9879,40.40476,-3.7582,1,1.0,1.0,25.0,100.0,1,0.98,284,50,2287.0,47.008319,4.7,1.0,0,0,0,0,1,1,0,0,0,0,1,0,0,4,10.5,50.0
9880,40.39208,-3.66259,4,1.0,1.0,39.0,80.0,2,0.4,262,200,1890.0,41.443535,5.0,1.0,1,0,0,0,0,1,0,1,0,0,0,0,0,3,33.0,50.0
9882,40.49011,-3.72658,1,1.0,1.0,34.0,98.0,4,0.47,785,50,3545.0,57.198083,16.4,1.0,0,0,0,0,0,1,1,1,1,1,1,0,0,4,10.5,50.0
9883,40.35539,-3.69181,4,1.0,2.0,58.0,96.0,1,1.07,300,200,1696.0,37.641618,9.0,1.0,1,0,0,0,0,1,0,0,0,0,0,0,0,6,33.0,100.0
9894,40.40985,-3.65516,7,3.0,4.0,114.0,0.0,1,0.0,268,200,2547.0,45.581197,5.0,1.0,1,0,0,0,0,1,0,1,0,0,1,0,0,8,55.5,150.0
9895,40.41527,-3.70879,6,3.0,5.0,82.0,89.0,1,1.76,346,200,4503.0,68.043894,0.8,2.0,1,0,0,0,0,1,0,1,0,0,1,0,0,4,51.0,100.0
9896,40.40762,-3.69832,3,1.0,3.0,51.0,93.0,2,0.38,536,50,4503.0,68.043894,0.8,1.5,0,0,0,0,0,1,0,1,1,0,1,0,1,6,27.0,100.0
9897,40.39751,-3.66883,4,1.0,2.0,38.0,95.0,1,3.34,442,200,1890.0,41.443535,5.0,1.0,1,0,0,0,0,1,0,1,0,0,0,0,1,6,33.0,50.0
9898,40.42936,-3.67752,2,1.0,1.0,58.0,90.0,1,0.16,189,200,5328.0,74.694253,2.2,1.0,1,0,0,0,0,1,0,1,0,0,0,0,0,3,18.0,100.0
9899,40.4364,-3.67103,4,1.0,2.0,54.0,94.0,1,0.27,479,200,5328.0,74.694253,2.2,1.0,1,0,0,0,0,1,0,1,1,0,1,0,0,3,33.0,100.0
9900,40.4008,-3.69925,1,1.0,1.0,45.0,98.0,2,0.41,209,50,3917.0,55.025641,1.9,1.0,0,0,0,0,0,1,0,0,0,0,1,0,0,9,10.5,50.0
9901,40.38777,-3.66879,4,0.0,2.0,65.0,92.0,1,1.28,209,200,1890.0,41.443535,5.0,1.0,1,0,0,0,0,1,0,1,0,0,1,0,0,3,33.0,100.0
9902,40.48905,-3.6638,6,3.0,4.0,133.0,92.0,24,0.96,227,200,3312.0,62.061453,9.2,1.0,1,0,0,1,0,1,0,1,0,0,0,0,0,5,48.0,150.0
9903,40.4236,-3.6559,4,2.0,3.0,70.0,99.0,2,0.66,403,200,2893.0,50.090625,6.5,1.0,1,0,0,1,0,1,0,1,1,0,1,0,0,6,33.0,100.0
9904,40.40054,-3.69201,4,2.0,2.0,113.0,95.0,1,2.07,430,200,3917.0,55.025641,1.9,1.0,1,0,0,0,0,1,0,1,1,1,1,0,1,3,33.0,150.0
9905,40.39573,-3.71898,1,0.0,1.0,15.0,90.0,2,0.08,109,50,2195.0,47.402837,6.6,1.0,0,1,1,1,1,1,0,0,1,0,0,0,0,4,10.5,50.0
9906,40.42574,-3.69735,2,2.0,2.0,52.0,94.0,2,1.75,310,200,4503.0,68.043894,0.8,1.0,1,0,0,0,0,1,0,1,1,0,1,0,0,0,18.0,100.0
9907,40.42171,-3.70355,3,1.0,1.0,52.0,98.0,7,5.92,363,200,4503.0,68.043894,0.8,1.0,1,0,0,0,0,1,0,1,1,1,1,0,0,6,25.5,100.0
9908,40.43659,-3.69964,5,3.0,3.0,85.0,89.0,1,1.16,241,200,4855.0,64.056634,2.4,2.0,1,0,0,0,0,1,0,0,1,0,0,0,0,3,43.5,100.0
9909,40.40641,-3.6926,4,2.0,2.0,123.0,98.0,16,1.15,402,200,3917.0,55.025641,1.9,1.0,1,0,0,0,0,1,0,1,1,1,1,0,0,6,33.0,150.0
9910,40.40653,-3.69212,1,1.0,1.0,40.0,100.0,2,0.04,185,50,3917.0,55.025641,1.9,1.0,1,0,0,0,0,1,0,1,1,0,1,0,0,6,10.5,50.0
9911,40.45901,-3.70916,1,1.0,1.0,15.0,0.0,1,0.0,248,50,3476.0,60.621287,5.9,1.0,0,0,0,0,0,0,0,0,0,0,1,0,0,6,10.5,50.0
9912,40.4276,-3.71612,10,5.0,8.0,348.0,90.0,113,0.4,425,200,3555.0,63.451906,5.9,5.0,1,0,0,0,0,1,0,1,1,1,1,0,1,7,90.0,200.0
9913,40.39053,-3.73665,4,1.0,2.0,49.0,91.0,1,1.79,352,200,2195.0,47.402837,6.6,1.0,1,0,0,0,0,1,0,1,0,0,1,0,0,3,33.0,50.0
9914,40.44213,-3.67369,4,1.0,1.0,40.0,93.0,6,0.24,271,200,4508.0,67.220486,5.8,1.5,1,0,0,0,0,1,0,1,0,0,1,0,0,8,34.5,50.0
9915,40.45716,-3.68111,6,2.0,3.0,150.0,0.0,1,0.08,166,200,4508.0,67.220486,5.8,1.0,1,1,1,1,1,0,0,1,1,0,1,0,0,3,48.0,150.0
9916,40.4629,-3.69755,2,1.0,1.0,56.0,100.0,1,0.61,402,50,3476.0,60.621287,5.9,1.0,1,0,0,0,0,1,0,0,1,1,1,0,0,7,18.0,100.0
9917,40.41285,-3.70282,1,1.0,1.0,25.0,99.0,3,1.51,529,50,4503.0,68.043894,0.8,1.0,0,0,0,0,0,1,0,1,1,0,1,1,0,7,10.5,50.0
9918,40.39167,-3.67911,6,2.0,3.0,590.0,98.0,4,0.34,363,200,3917.0,55.025641,1.9,1.0,1,0,0,0,0,1,1,1,1,0,0,0,0,5,48.0,200.0
9919,40.36617,-3.58271,6,2.0,2.0,98.0,96.0,1,0.48,669,200,2382.0,49.659794,11.0,2.0,1,0,0,0,0,1,1,1,1,0,1,0,0,3,51.0,100.0
9920,40.40839,-3.7388,2,1.0,1.0,53.0,100.0,1,2.13,556,200,2287.0,47.008319,4.7,1.5,1,0,0,0,0,1,0,1,0,0,1,0,0,3,19.5,100.0
9921,40.41326,-3.70659,6,2.0,4.0,101.0,100.0,3,1.38,650,200,4503.0,68.043894,0.8,1.5,1,0,0,0,0,1,0,1,1,0,1,0,0,7,49.5,150.0
9922,40.41007,-3.70155,6,1.0,3.0,33.0,87.0,10,0.94,485,200,4503.0,68.043894,0.8,1.0,1,0,0,0,0,1,0,1,0,0,1,0,0,7,48.0,50.0
9923,40.39318,-3.67016,1,1.0,1.0,19.0,100.0,1,5.0,448,50,1890.0,41.443535,5.0,1.0,1,0,0,0,0,1,0,0,1,1,1,0,0,6,10.5,50.0
9924,40.42464,-3.69927,2,1.0,1.0,67.0,83.0,3,0.31,158,200,4503.0,68.043894,0.8,1.0,1,0,0,0,0,1,0,1,1,0,0,0,0,3,18.0,100.0
9925,40.42405,-3.65789,2,2.0,3.0,47.0,100.0,2,0.06,255,50,2893.0,50.090625,6.5,1.0,0,0,0,0,0,1,0,1,1,0,1,0,0,6,18.0,50.0
9926,40.42353,-3.70072,2,1.0,1.0,29.0,84.0,3,1.75,118,50,4503.0,68.043894,0.8,1.0,0,1,1,1,1,1,0,0,1,0,0,0,0,3,18.0,50.0
9927,40.42463,-3.70054,2,1.0,1.0,66.0,84.0,3,1.25,158,50,4503.0,68.043894,0.8,1.0,1,0,0,0,0,1,0,1,1,0,0,0,0,3,18.0,100.0
9928,40.4123,-3.70755,4,2.0,3.0,110.0,0.0,4,0.0,264,200,4503.0,68.043894,0.8,2.0,1,0,0,0,0,1,0,0,1,0,1,0,0,9,36.0,150.0
9929,40.43821,-3.67668,2,1.0,1.0,67.0,100.0,16,0.16,174,200,4508.0,67.220486,5.8,1.0,1,0,0,0,0,1,0,1,0,0,1,0,0,6,18.0,100.0
9930,40.42038,-3.69809,2,1.0,2.0,43.0,100.0,1,0.1,411,200,4503.0,68.043894,0.8,1.0,1,0,0,0,0,1,0,1,1,1,1,0,0,9,18.0,50.0
9931,40.42353,-3.70384,2,0.0,1.0,39.0,95.0,7,6.47,345,200,4503.0,68.043894,0.8,1.0,1,0,0,0,0,1,0,1,1,1,1,0,0,6,18.0,50.0
9932,40.41869,-3.69931,7,2.0,5.0,33.0,92.0,10,1.68,526,200,4503.0,68.043894,0.8,1.0,1,0,0,0,0,1,0,1,0,1,1,0,0,7,55.5,50.0
9933,40.39738,-3.65075,5,4.0,4.0,40.0,0.0,2,0.0,108,200,1890.0,41.443535,5.0,1.5,1,0,0,0,0,0,0,1,1,0,0,0,0,9,42.0,50.0
9934,40.42777,-3.62006,1,1.0,1.0,32.0,100.0,1,0.11,213,50,2477.0,70.967532,7.3,1.5,0,0,0,0,0,1,0,0,0,0,0,0,0,4,12.0,50.0
9935,40.47167,-3.69393,6,2.0,4.0,126.0,92.0,1,0.83,292,200,3476.0,60.621287,5.9,1.0,1,0,0,0,0,1,0,0,0,0,1,0,0,3,48.0,150.0
9936,40.46423,-3.70198,4,1.0,2.0,70.0,0.0,1,0.0,122,200,3476.0,60.621287,5.9,1.0,1,1,1,1,1,1,0,1,1,0,0,0,0,4,33.0,100.0
9937,40.4116,-3.6997,1,1.0,1.0,35.0,96.0,2,1.74,463,50,4503.0,68.043894,0.8,2.5,1,0,0,0,0,1,0,0,1,1,0,0,0,5,15.0,50.0
9938,40.45107,-3.6598,4,1.0,2.0,50.0,99.0,2,2.19,394,200,2893.0,50.090625,6.5,1.0,1,0,0,0,0,1,0,0,0,0,1,0,1,5,33.0,50.0
9939,40.40044,-3.69721,1,1.0,1.0,26.0,93.0,6,0.31,164,50,3917.0,55.025641,1.9,2.5,1,1,1,1,1,1,1,1,1,1,1,1,1,5,15.0,50.0
9940,40.42016,-3.7027,2,0.0,1.0,46.0,82.0,1,2.44,196,200,4503.0,68.043894,0.8,1.0,1,0,0,0,0,1,0,0,1,0,0,0,0,3,18.0,50.0
9941,40.45054,-3.76754,1,1.0,1.0,20.0,98.0,7,1.43,402,50,3555.0,63.451906,5.9,1.0,0,0,0,0,0,1,0,0,0,1,0,0,0,4,10.5,50.0
9942,40.42123,-3.69922,6,1.0,3.0,33.0,87.0,10,0.92,473,200,4503.0,68.043894,0.8,1.0,1,0,0,0,0,1,0,1,0,0,1,0,0,7,48.0,50.0
9943,40.41592,-3.70897,5,1.0,2.0,180.0,94.0,11,1.56,617,200,4503.0,68.043894,0.8,1.0,1,0,0,0,0,1,0,1,1,1,1,0,0,7,40.5,200.0
9944,40.45645,-3.67557,1,0.0,1.0,38.0,96.0,1,0.37,211,50,4508.0,67.220486,5.8,1.0,0,1,1,1,1,1,0,1,1,0,0,0,0,3,10.5,50.0
9945,40.38694,-3.70067,1,1.0,1.0,99.0,0.0,1,0.0,39,50,2316.0,43.910072,4.6,1.0,0,0,0,0,0,1,0,0,1,0,0,0,0,3,10.5,100.0
9946,40.41466,-3.70224,2,1.0,2.0,90.0,40.0,1,0.08,214,200,4503.0,68.043894,0.8,1.0,1,0,0,0,0,1,0,1,1,0,1,0,0,3,18.0,100.0
9947,40.39475,-3.66494,2,1.0,1.0,48.0,94.0,5,2.83,397,200,1890.0,41.443535,5.0,1.0,1,0,0,0,0,1,0,1,0,0,1,0,0,3,18.0,50.0
9948,40.46236,-3.70178,4,1.0,2.0,54.0,85.0,2,0.42,377,200,3476.0,60.621287,5.9,1.0,1,0,0,0,0,1,0,0,0,1,1,0,0,7,33.0,100.0
9949,40.45166,-3.76786,2,0.0,2.0,46.0,100.0,7,0.23,479,200,3555.0,63.451906,5.9,1.0,1,0,0,0,0,1,0,1,0,0,1,0,0,4,18.0,50.0
9950,40.40884,-3.70048,4,2.0,3.0,47.0,91.0,5,7.99,525,200,4503.0,68.043894,0.8,1.0,1,0,0,0,0,1,0,1,0,0,1,0,0,6,33.0,50.0
9951,40.45089,-3.65938,8,2.0,6.0,113.0,0.0,3,0.0,208,200,2893.0,50.090625,6.5,2.0,1,0,0,0,0,1,0,1,0,0,1,0,0,4,66.0,150.0
9952,40.42459,-3.70583,4,1.0,2.0,56.0,93.0,3,0.32,286,200,4503.0,68.043894,0.8,1.0,1,0,0,0,0,1,0,0,0,0,1,0,0,6,33.0,100.0
9953,40.47252,-3.58246,1,1.0,1.0,20.0,0.0,1,0.0,121,50,3047.0,56.183432,11.8,2.0,0,0,0,0,0,1,0,0,1,0,1,0,0,3,13.5,50.0
9954,40.47393,-3.6527,5,2.0,3.0,56.0,99.0,1,1.09,587,200,3312.0,62.061453,9.2,1.0,1,0,0,0,0,1,0,1,1,1,1,0,1,8,40.5,100.0
9955,40.42623,-3.69226,4,2.0,3.0,260.0,100.0,3,0.09,305,200,4855.0,64.056634,2.4,2.0,1,0,0,0,0,1,0,1,1,0,0,0,0,0,36.0,200.0
9956,40.41739,-3.70691,4,1.0,3.0,70.0,98.0,1,2.19,468,200,4503.0,68.043894,0.8,1.0,1,0,0,0,0,1,0,1,0,0,1,0,0,3,33.0,100.0
9957,40.42999,-3.67922,7,3.0,5.0,300.0,96.0,1,0.46,518,200,5328.0,74.694253,2.2,2.0,1,0,0,0,0,1,0,1,1,1,1,0,0,3,58.5,200.0
9958,40.47849,-3.67561,3,2.0,2.0,69.0,97.0,1,2.48,555,200,4508.0,67.220486,5.8,1.0,1,0,0,0,0,1,0,1,1,0,1,0,0,6,25.5,100.0
9959,40.40016,-3.69179,6,2.0,4.0,124.0,96.0,20,1.33,541,200,3917.0,55.025641,1.9,2.0,1,0,0,0,0,1,0,1,1,1,1,0,0,8,51.0,150.0
9960,40.44177,-3.69899,4,2.0,3.0,188.0,98.0,1,0.42,362,200,4855.0,64.056634,2.4,1.5,1,0,0,0,0,1,0,1,1,0,1,0,0,3,34.5,200.0
9961,40.43475,-3.66904,4,1.0,2.0,40.0,92.0,3,3.53,365,200,5328.0,74.694253,2.2,1.0,1,0,0,0,0,1,0,1,1,0,1,0,0,3,33.0,50.0
9962,40.46,-3.68138,3,1.0,2.0,65.0,93.0,5,0.24,465,200,4508.0,67.220486,5.8,1.0,1,0,0,0,0,1,1,1,1,1,1,0,0,9,25.5,100.0
9963,40.46082,-3.78209,6,2.0,4.0,150.0,60.0,1,0.05,273,200,3555.0,63.451906,5.9,1.5,1,0,0,0,0,1,1,1,1,0,1,0,0,9,49.5,150.0
9964,40.42527,-3.67783,2,1.0,1.0,183.0,0.0,92,0.0,203,200,5328.0,74.694253,2.2,1.0,1,0,0,0,0,1,0,1,1,0,1,0,0,7,18.0,200.0
9965,40.4388,-3.71388,6,2.0,4.0,155.0,80.0,72,0.08,439,200,4855.0,64.056634,2.4,2.0,1,0,0,0,0,1,0,1,1,0,1,0,0,6,51.0,200.0
9967,40.408,-3.70696,1,1.0,1.0,30.0,99.0,1,0.72,204,50,4503.0,68.043894,0.8,1.5,1,0,0,0,0,1,0,0,1,0,1,0,0,3,12.0,50.0
9968,40.42328,-3.69551,2,0.0,1.0,47.0,98.0,10,0.71,236,200,4503.0,68.043894,0.8,1.0,1,0,0,0,0,1,0,1,1,0,1,0,0,4,18.0,50.0
9970,40.41154,-3.71019,3,0.0,2.0,33.0,100.0,10,0.1,466,200,4503.0,68.043894,0.8,1.0,1,0,0,0,0,1,0,1,1,0,1,0,0,7,25.5,50.0
9971,40.48585,-3.68818,2,1.0,1.0,25.0,88.0,1,0.32,153,50,3545.0,57.198083,16.4,1.0,0,1,1,1,1,1,0,1,0,0,0,0,0,7,18.0,50.0
9973,40.39748,-3.66201,4,0.0,2.0,80.0,95.0,40,0.23,418,200,1890.0,41.443535,5.0,1.0,1,0,0,0,1,1,0,1,1,0,1,0,0,5,33.0,100.0
9974,40.42961,-3.62718,1,1.0,1.0,13.0,0.0,2,0.0,142,50,2477.0,70.967532,7.3,1.0,0,0,0,0,0,1,0,0,0,0,1,0,0,6,10.5,50.0
9975,40.41651,-3.70288,6,2.0,3.0,89.0,86.0,1,2.46,278,200,4503.0,68.043894,0.8,2.0,1,0,0,0,0,1,0,1,1,0,0,0,0,0,51.0,100.0
9976,40.43351,-3.70363,2,1.0,1.0,69.0,94.0,67,1.48,204,200,4855.0,64.056634,2.4,1.0,1,0,0,0,0,1,0,1,1,0,1,0,0,7,18.0,100.0
9977,40.4117,-3.70174,4,1.0,2.0,79.0,96.0,59,2.68,406,200,4503.0,68.043894,0.8,1.0,1,0,0,0,0,1,0,1,0,0,1,0,0,7,33.0,100.0
9978,40.41388,-3.71004,5,1.0,2.0,120.0,91.0,4,1.71,639,200,4503.0,68.043894,0.8,1.0,1,0,0,0,0,1,0,1,1,1,1,0,1,0,40.5,150.0
9979,40.51002,-3.69049,2,1.0,1.0,60.0,97.0,1,0.28,213,50,3545.0,57.198083,16.4,1.0,1,0,0,1,0,1,1,1,1,0,0,0,0,3,18.0,100.0
9980,40.39644,-3.66541,3,1.0,2.0,46.0,92.0,12,1.66,253,200,1890.0,41.443535,5.0,1.0,1,0,0,0,0,1,0,1,1,0,0,0,0,6,25.5,50.0
9981,40.41268,-3.66438,2,1.0,1.0,19.0,98.0,1,1.62,489,50,4220.0,63.672727,3.2,1.0,1,0,0,0,0,1,0,0,1,0,1,0,1,11,18.0,50.0
9982,40.41504,-3.70704,4,1.0,2.0,95.0,98.0,8,2.97,779,200,4503.0,68.043894,0.8,1.0,1,0,0,0,0,1,0,1,1,1,1,0,0,10,33.0,100.0
9983,40.46204,-3.69528,6,4.0,5.0,230.0,100.0,1,0.17,409,200,3476.0,60.621287,5.9,3.0,1,0,0,0,0,1,0,1,1,0,1,0,0,3,54.0,200.0
9984,40.39125,-3.66841,8,3.0,5.0,106.0,94.0,40,1.15,412,200,1890.0,41.443535,5.0,2.0,1,0,0,0,0,1,0,1,0,1,1,0,0,5,66.0,150.0
9985,40.39601,-3.66042,4,1.0,2.0,71.0,90.0,40,0.95,432,200,1890.0,41.443535,5.0,1.0,1,0,0,0,1,1,0,1,1,0,1,0,0,5,33.0,100.0
9986,40.39529,-3.66083,4,1.0,2.0,78.0,98.0,40,0.66,418,200,1890.0,41.443535,5.0,1.0,1,0,0,0,1,1,0,1,1,0,1,0,0,5,33.0,100.0
9987,40.39728,-3.66084,4,1.0,2.0,69.0,87.0,40,0.15,418,200,1890.0,41.443535,5.0,1.0,1,0,0,0,1,1,0,1,1,0,1,0,0,5,33.0,100.0
9988,40.45759,-3.6944,4,2.0,2.0,83.0,96.0,1,1.24,508,200,3476.0,60.621287,5.9,2.0,1,0,0,0,0,1,1,1,1,0,1,0,0,3,36.0,100.0
9989,40.41477,-3.70966,6,2.0,3.0,66.0,90.0,25,3.54,477,200,4503.0,68.043894,0.8,1.0,1,0,0,1,1,1,0,1,0,1,0,0,1,6,48.0,100.0
9990,40.45302,-3.70387,2,1.0,1.0,52.0,96.0,7,0.65,576,200,3476.0,60.621287,5.9,1.0,1,0,0,0,0,1,0,1,1,1,1,0,0,4,18.0,100.0
9991,40.41278,-3.69898,8,3.0,7.0,103.0,85.0,3,1.84,358,200,4503.0,68.043894,0.8,2.5,1,0,0,0,0,1,0,0,0,0,1,0,0,6,67.5,150.0
9992,40.43811,-3.6776,4,1.0,2.0,54.0,88.0,1,1.59,412,200,4508.0,67.220486,5.8,1.0,1,0,0,0,0,1,0,1,1,1,1,0,0,3,33.0,100.0
9993,40.40553,-3.67623,2,1.0,1.0,27.0,98.0,1,1.62,307,50,4220.0,63.672727,3.2,1.0,0,0,0,0,0,1,0,0,1,0,1,0,0,6,18.0,50.0
9994,40.40876,-3.69968,2,0.0,1.0,50.0,97.0,1,1.45,245,50,4503.0,68.043894,0.8,1.5,0,0,0,0,0,1,0,0,1,0,0,0,0,6,19.5,50.0
9995,40.41637,-3.69597,2,1.0,2.0,22.0,91.0,22,1.21,339,50,4503.0,68.043894,0.8,3.0,0,0,0,0,1,1,0,0,0,0,1,0,0,11,24.0,50.0
9996,40.41883,-3.61888,4,2.0,2.0,380.0,100.0,2,0.09,498,200,2477.0,70.967532,7.3,1.0,1,0,0,1,0,1,1,0,1,0,1,0,0,5,33.0,200.0
9997,40.38329,-3.71545,5,3.0,4.0,64.0,84.0,9,0.48,203,200,2316.0,43.910072,4.6,1.0,1,0,0,0,0,1,0,1,1,0,1,0,0,8,40.5,100.0
9998,40.40531,-3.70552,4,1.0,2.0,200.0,83.0,1,1.67,199,200,3917.0,55.025641,1.9,1.5,1,0,0,0,0,1,0,0,0,0,0,0,0,4,34.5,200.0
9999,40.40471,-3.69182,2,1.0,1.0,26.0,0.0,8,0.0,359,50,3917.0,55.025641,1.9,1.5,0,0,0,0,0,1,0,0,1,0,1,0,0,4,19.5,50.0
10000,40.45245,-3.60621,2,1.0,1.0,55.0,92.0,3,1.08,168,50,3312.0,62.061453,9.2,1.5,1,0,0,0,0,1,0,0,0,0,1,0,0,3,19.5,100.0
10001,40.41493,-3.69701,4,1.0,4.0,101.0,97.0,16,0.58,371,200,4503.0,68.043894,0.8,1.0,1,0,0,0,0,1,0,1,1,1,0,0,0,6,33.0,150.0
10002,40.46573,-3.69538,4,1.0,2.0,83.0,98.0,8,4.84,697,200,3476.0,60.621287,5.9,1.0,1,0,0,0,0,1,0,1,1,0,1,0,1,6,33.0,100.0
10003,40.409,-3.70004,2,1.0,1.0,30.0,98.0,1,4.76,589,200,4503.0,68.043894,0.8,1.0,1,0,0,0,0,1,0,0,1,0,0,0,0,0,18.0,50.0
10005,40.46659,-3.7253,1,1.0,1.0,20.0,93.0,8,0.35,243,50,3555.0,63.451906,5.9,1.0,0,1,1,1,1,1,0,0,0,0,1,0,0,4,10.5,50.0
10006,40.40364,-3.69165,2,1.0,1.0,40.0,90.0,1,0.57,215,50,3917.0,55.025641,1.9,1.0,0,1,1,1,1,1,0,0,1,0,1,0,0,7,18.0,50.0
10007,40.42201,-3.69923,2,0.0,2.0,60.0,96.0,10,0.43,312,200,4503.0,68.043894,0.8,1.0,1,0,0,0,0,1,0,1,1,0,0,0,0,4,18.0,100.0
10009,40.45783,-3.67385,4,1.0,2.0,77.0,92.0,1,1.73,348,200,4508.0,67.220486,5.8,1.0,1,0,0,0,0,1,0,1,1,0,1,0,0,3,33.0,100.0
10010,40.45345,-3.69817,4,1.0,2.0,61.0,92.0,1,2.13,254,200,3476.0,60.621287,5.9,1.0,1,0,0,0,0,1,0,1,1,1,0,0,0,3,33.0,100.0
10011,40.41077,-3.70081,3,1.0,1.0,75.0,98.0,1,1.16,196,200,4503.0,68.043894,0.8,1.0,1,0,0,0,0,1,0,1,1,0,0,0,0,10,25.5,100.0
10012,40.44818,-3.69002,2,0.0,1.0,75.0,97.0,1,0.27,172,200,4508.0,67.220486,5.8,1.0,1,0,0,1,0,1,0,1,1,0,1,0,0,8,18.0,100.0
10013,40.41095,-3.69779,2,1.0,2.0,30.0,86.0,1,4.04,231,200,4503.0,68.043894,0.8,1.0,1,0,0,0,0,1,0,1,0,0,0,0,0,3,18.0,50.0
10016,40.38687,-3.7203,6,2.0,3.0,75.0,100.0,3,1.14,523,200,2195.0,47.402837,6.6,1.0,1,0,0,0,0,1,0,1,1,1,1,0,0,3,48.0,100.0
10017,40.39871,-3.66505,4,1.0,1.0,56.0,94.0,12,1.32,278,200,1890.0,41.443535,5.0,1.0,1,0,0,0,0,1,0,1,1,1,0,0,0,6,33.0,100.0
10018,40.39702,-3.66653,2,1.0,2.0,24.0,88.0,1,0.31,230,50,1890.0,41.443535,5.0,1.5,0,0,0,0,0,1,0,0,0,0,0,0,0,4,19.5,50.0
10019,40.47826,-3.71392,1,2.0,2.0,40.0,0.0,1,0.0,270,50,3545.0,57.198083,16.4,1.0,0,1,1,1,1,1,0,1,1,0,1,0,0,5,10.5,50.0
10020,40.42163,-3.70402,2,1.0,1.0,41.0,82.0,1,2.57,222,200,4503.0,68.043894,0.8,1.0,1,0,0,0,0,1,0,0,1,0,0,0,0,3,18.0,50.0
10021,40.40935,-3.69803,2,1.0,1.0,21.0,90.0,3,3.9,326,200,4503.0,68.043894,0.8,1.0,1,0,0,0,0,1,0,0,0,0,1,0,0,0,18.0,50.0
10022,40.40372,-3.60105,1,1.0,1.0,40.0,20.0,1,0.08,224,50,2246.0,55.472222,11.2,1.0,1,1,1,1,1,1,1,1,1,1,1,1,1,3,10.5,50.0
10023,40.41277,-3.71888,3,1.0,2.0,94.0,0.0,4,0.0,459,50,3917.0,55.025641,1.9,1.0,0,0,0,0,0,1,0,0,1,1,1,0,0,4,25.5,100.0
10024,40.39051,-3.76642,1,1.0,1.0,16.0,93.0,2,0.15,307,50,2287.0,47.008319,4.7,1.5,0,0,0,0,0,1,0,0,1,0,1,0,0,7,12.0,50.0
10025,40.42197,-3.70018,4,2.0,2.0,50.0,100.0,1,0.08,171,200,4503.0,68.043894,0.8,2.0,1,0,0,0,0,1,0,1,0,0,0,0,0,3,36.0,50.0
10026,40.41362,-3.71038,4,2.0,2.0,104.0,93.0,59,1.81,428,200,4503.0,68.043894,0.8,1.0,1,0,0,0,0,1,0,1,0,1,0,0,0,7,33.0,150.0
10027,40.42165,-3.707,2,0.0,1.0,44.0,91.0,88,3.44,315,200,4503.0,68.043894,0.8,1.0,1,0,0,0,0,1,0,1,1,0,0,0,0,6,18.0,50.0
10028,40.42501,-3.69889,3,1.0,2.0,150.0,79.0,88,3.15,315,200,4503.0,68.043894,0.8,1.0,1,0,0,0,0,1,0,1,0,0,1,0,0,6,25.5,150.0
10029,40.43622,-3.71366,1,1.0,1.0,33.0,0.0,6,0.0,296,50,4855.0,64.056634,2.4,5.0,0,0,0,0,0,1,0,1,1,0,1,0,0,5,22.5,50.0
10030,40.3903,-3.63869,1,0.0,1.0,16.0,100.0,1,0.81,524,50,1890.0,41.443535,5.0,1.0,0,0,0,0,0,1,0,1,0,1,1,0,0,3,10.5,50.0
10031,40.39023,-3.76851,2,1.0,1.0,18.0,100.0,2,0.2,227,50,2287.0,47.008319,4.7,1.5,0,0,0,0,0,1,0,0,1,0,1,0,0,7,19.5,50.0
10032,40.46649,-3.72509,1,1.0,1.0,20.0,90.0,8,0.16,291,50,3555.0,63.451906,5.9,1.0,0,0,0,0,0,1,0,0,0,0,1,0,0,4,10.5,50.0
10033,40.45653,-3.70045,1,1.0,1.0,44.0,100.0,1,0.15,228,50,3476.0,60.621287,5.9,1.0,1,0,0,0,0,1,0,0,1,0,1,0,0,8,10.5,50.0
10034,40.41533,-3.69643,4,1.0,1.0,99.0,94.0,16,0.99,317,200,4503.0,68.043894,0.8,1.0,1,0,0,0,0,0,0,1,1,0,0,0,0,6,33.0,100.0
10035,40.40741,-3.74659,4,1.0,2.0,43.0,93.0,10,1.96,511,200,2287.0,47.008319,4.7,1.0,1,0,0,0,0,1,0,1,0,0,1,0,0,6,33.0,50.0
10036,40.42481,-3.697,1,1.0,1.0,40.0,0.0,1,0.04,75,50,4503.0,68.043894,0.8,1.0,0,0,0,0,0,1,0,0,0,0,0,0,0,3,10.5,50.0
10037,40.41391,-3.67623,6,3.0,4.0,434.0,100.0,1,0.45,433,200,4220.0,63.672727,3.2,2.0,1,0,0,0,0,1,0,1,1,1,1,0,0,6,51.0,200.0
10039,40.43601,-3.66945,4,1.0,2.0,44.0,93.0,3,4.34,452,200,5328.0,74.694253,2.2,1.0,1,0,0,0,0,1,0,1,1,1,1,0,0,3,33.0,50.0
10040,40.42517,-3.67599,4,1.0,1.0,73.0,97.0,6,0.99,364,200,5328.0,74.694253,2.2,1.0,1,0,0,0,0,1,0,1,0,1,1,0,0,3,33.0,100.0
10041,40.42861,-3.7173,7,5.0,5.0,160.0,80.0,1,0.24,351,200,3555.0,63.451906,5.9,0.0,1,0,0,0,0,1,0,1,0,0,1,0,0,5,52.5,200.0
10042,40.43329,-3.65178,10,4.0,6.0,98.0,99.0,11,0.95,749,200,2893.0,50.090625,6.5,2.0,1,0,0,0,0,1,0,1,0,1,1,0,0,9,81.0,100.0
10043,40.42751,-3.69685,4,2.0,2.0,100.0,99.0,5,3.0,462,200,4503.0,68.043894,0.8,2.0,1,0,0,0,0,1,0,1,1,0,0,0,0,9,36.0,100.0
10044,40.39779,-3.74942,2,1.0,1.0,300.0,92.0,1,0.47,209,50,2287.0,47.008319,4.7,1.0,0,0,0,0,0,1,0,0,0,0,1,0,0,3,18.0,200.0
10045,40.42313,-3.69088,3,1.0,1.0,177.0,93.0,24,1.93,330,200,5328.0,74.694253,2.2,1.0,1,0,0,0,0,1,0,1,1,1,1,0,0,7,25.5,200.0
10046,40.39035,-3.65845,1,1.0,1.0,250.0,0.0,1,0.0,160,50,1890.0,41.443535,5.0,1.0,0,0,0,0,0,1,0,0,1,0,1,0,0,3,10.5,200.0
10047,40.39831,-3.66396,1,1.0,1.0,15.0,94.0,26,1.62,133,50,1890.0,41.443535,5.0,1.0,0,0,0,0,0,1,0,0,0,0,0,0,0,8,10.5,50.0
10048,40.41604,-3.70712,11,3.0,7.0,275.0,95.0,6,1.92,371,200,4503.0,68.043894,0.8,2.0,1,0,0,0,0,1,0,1,0,1,1,0,0,7,88.5,200.0
10049,40.41504,-3.70495,4,1.0,2.0,64.0,100.0,1,0.08,146,200,4503.0,68.043894,0.8,1.0,1,0,0,0,0,1,0,0,0,0,1,0,0,9,33.0,100.0
10050,40.3869,-3.74481,5,2.0,2.0,45.0,99.0,1,1.83,553,50,2195.0,47.402837,6.6,1.0,0,0,0,0,0,1,0,1,1,0,1,0,0,5,40.5,50.0
10051,40.44957,-3.7035,1,1.0,1.0,27.0,88.0,1,2.14,567,50,3476.0,60.621287,5.9,1.0,0,0,0,0,0,1,0,0,0,1,1,0,0,5,10.5,50.0
10052,40.3532,-3.68806,2,2.0,2.0,64.0,0.0,2,0.0,143,50,1696.0,37.641618,9.0,1.0,0,1,1,1,1,1,0,0,1,0,0,0,0,6,18.0,100.0
10053,40.45146,-3.60779,2,1.0,1.0,900.0,80.0,3,0.04,160,50,3312.0,62.061453,9.2,1.0,0,1,1,1,1,1,0,0,0,0,1,0,0,3,18.0,200.0
10054,40.39155,-3.73847,2,1.0,1.0,30.0,90.0,1,0.78,491,50,2195.0,47.402837,6.6,1.0,0,0,0,0,0,1,0,1,0,1,1,0,0,3,18.0,50.0
10055,40.41142,-3.69253,5,3.0,4.0,150.0,91.0,1,1.85,431,200,4220.0,63.672727,3.2,1.5,1,0,0,0,0,0,0,0,1,1,1,0,0,3,42.0,150.0
10056,40.47158,-3.58938,8,3.0,5.0,104.0,94.0,1,5.91,480,200,3047.0,56.183432,11.8,1.0,1,0,0,0,0,1,0,1,0,0,1,0,0,3,63.0,150.0
10057,40.50667,-3.65662,4,1.0,2.0,72.0,95.0,4,1.99,625,200,3312.0,62.061453,9.2,1.0,1,0,0,0,0,1,1,1,1,0,1,0,0,7,33.0,100.0
10058,40.4689,-3.69829,2,1.0,1.0,17.0,92.0,4,0.8,357,50,3476.0,60.621287,5.9,1.0,0,0,0,0,0,1,0,1,0,0,0,0,0,0,18.0,50.0
10059,40.40229,-3.74604,2,1.0,1.0,19.0,97.0,2,2.96,416,50,2287.0,47.008319,4.7,1.0,0,0,0,0,0,1,0,0,1,1,1,0,0,7,18.0,50.0
10060,40.45051,-3.58104,4,2.0,2.0,53.0,82.0,1,1.05,329,200,3047.0,56.183432,11.8,1.0,1,0,0,1,0,1,0,1,0,0,1,0,0,3,33.0,100.0
10061,40.43776,-3.70278,4,2.0,5.0,253.0,100.0,2,0.04,257,200,4855.0,64.056634,2.4,1.5,1,0,0,0,0,1,0,0,1,0,1,0,0,7,34.5,200.0
10062,40.41658,-3.70696,16,5.0,11.0,418.0,95.0,4,1.66,667,200,4503.0,68.043894,0.8,3.0,1,0,0,0,0,1,0,1,0,1,1,0,0,3,129.0,200.0
10063,40.41733,-3.70355,1,1.0,1.0,120.0,0.0,1,0.04,180,50,4503.0,68.043894,0.8,1.0,0,0,0,0,0,1,0,0,0,0,1,0,0,3,10.5,150.0
10064,40.42767,-3.69558,2,0.0,1.0,68.0,96.0,2,0.24,349,200,4855.0,64.056634,2.4,1.0,1,0,0,0,0,1,0,1,1,0,1,0,0,3,18.0,100.0
10065,40.41617,-3.68886,4,1.0,1.0,67.0,89.0,16,1.58,251,200,4220.0,63.672727,3.2,1.0,1,0,0,0,0,1,0,1,1,0,0,0,0,6,33.0,100.0
10066,40.41365,-3.72766,4,0.0,2.0,56.0,84.0,24,1.05,243,200,2287.0,47.008319,4.7,1.0,1,0,0,0,0,1,0,1,0,0,0,0,0,7,33.0,100.0
10067,40.41692,-3.70284,6,2.0,2.0,125.0,96.0,1,1.65,302,200,4503.0,68.043894,0.8,2.0,1,0,0,0,0,1,0,1,0,0,0,0,0,3,51.0,150.0
10068,40.40153,-3.67593,2,1.0,2.0,45.0,100.0,1,0.04,154,50,4220.0,63.672727,3.2,1.0,0,0,0,0,0,1,0,0,1,0,0,0,0,5,18.0,50.0
10069,40.44305,-3.67293,4,1.0,2.0,59.0,0.0,2,0.0,378,200,4508.0,67.220486,5.8,1.0,1,0,0,0,0,1,0,0,0,0,1,0,0,4,33.0,100.0
10070,40.42221,-3.6865,4,2.0,3.0,182.0,84.0,113,0.2,216,200,5328.0,74.694253,2.2,2.0,1,0,0,0,0,1,0,1,0,0,0,0,0,7,36.0,200.0
10071,40.41354,-3.70041,2,1.0,2.0,55.0,0.0,20,0.0,447,50,4503.0,68.043894,0.8,2.5,0,0,0,0,0,1,0,1,1,0,0,0,0,6,22.5,100.0
10072,40.39693,-3.716,2,0.0,1.0,86.0,86.0,3,1.14,240,200,2195.0,47.402837,6.6,1.0,1,0,0,0,0,1,0,1,0,0,0,0,0,4,18.0,100.0
10073,40.39899,-3.71636,2,0.0,1.0,86.0,90.0,3,0.98,246,200,2195.0,47.402837,6.6,1.0,1,0,0,0,0,1,0,1,0,0,0,0,0,4,18.0,100.0
10075,40.39863,-3.65973,2,1.0,2.0,65.0,0.0,20,0.0,470,50,1890.0,41.443535,5.0,2.5,0,0,0,0,0,1,0,1,1,0,1,0,0,6,22.5,100.0
10076,40.41662,-3.70202,4,1.0,1.0,38.0,90.0,1,2.85,284,200,4503.0,68.043894,0.8,1.0,1,0,0,0,0,1,0,0,1,1,0,0,0,3,33.0,50.0
10077,40.38524,-3.70019,2,1.0,1.0,42.0,91.0,2,1.63,545,200,2316.0,43.910072,4.6,1.0,1,0,0,0,0,1,0,1,1,1,1,0,0,4,18.0,50.0
10078,40.42045,-3.71427,2,1.0,2.0,70.0,90.0,2,0.08,262,50,4503.0,68.043894,0.8,1.0,1,0,0,0,0,1,0,1,0,0,1,0,0,7,18.0,100.0
10079,40.41172,-3.6984,6,1.0,3.0,59.0,94.0,67,1.36,204,200,4503.0,68.043894,0.8,1.0,1,0,0,0,0,1,0,1,1,0,1,0,0,7,48.0,100.0
10080,40.39537,-3.69291,1,1.0,3.0,45.0,0.0,3,0.0,320,50,3917.0,55.025641,1.9,1.0,1,0,0,0,0,1,0,1,1,0,0,0,0,8,10.5,50.0
10081,40.40727,-3.69267,6,2.0,2.0,286.0,98.0,1,0.31,304,200,3917.0,55.025641,1.9,2.0,1,0,0,0,0,1,0,1,0,0,0,0,0,7,51.0,200.0
10082,40.45676,-3.7049,1,1.0,1.0,22.0,0.0,1,0.0,89,50,3476.0,60.621287,5.9,0.0,0,1,1,1,1,1,0,0,0,0,0,0,0,4,7.5,50.0
10083,40.39306,-3.68904,4,1.0,2.0,60.0,95.0,1,1.74,458,200,3917.0,55.025641,1.9,1.0,1,0,0,0,0,1,0,1,1,0,0,0,0,8,33.0,100.0
10084,40.40672,-3.70237,2,1.0,1.0,15.0,94.0,11,2.55,202,50,4503.0,68.043894,0.8,1.0,0,0,0,0,0,1,0,0,0,0,0,0,0,6,18.0,50.0
10085,40.40536,-3.70259,2,1.0,1.0,19.0,90.0,11,3.29,225,50,4503.0,68.043894,0.8,1.0,0,0,0,0,0,1,0,0,0,0,1,0,0,6,18.0,50.0
10086,40.40704,-3.70264,2,1.0,1.0,27.0,89.0,11,2.78,225,50,4503.0,68.043894,0.8,1.0,0,0,0,0,0,1,0,0,0,0,1,0,0,6,18.0,50.0
10087,40.43823,-3.68481,1,1.0,1.0,16.0,100.0,1,0.16,135,50,4508.0,67.220486,5.8,1.0,0,0,0,0,0,1,0,0,1,0,1,0,0,8,10.5,50.0
10088,40.47202,-3.5837,2,1.0,1.0,29.0,0.0,3,0.0,104,50,3047.0,56.183432,11.8,2.0,0,0,0,0,0,1,0,1,1,0,0,0,0,4,21.0,50.0
10089,40.42566,-3.66468,4,1.0,2.0,155.0,0.0,2,0.0,204,200,5328.0,74.694253,2.2,1.0,1,0,0,0,0,1,0,1,1,0,1,0,0,3,33.0,200.0
10090,40.41173,-3.71233,4,2.0,2.0,59.0,96.0,67,2.24,192,200,4503.0,68.043894,0.8,1.0,1,0,0,0,0,1,0,1,0,0,1,0,0,7,33.0,100.0
10091,40.43267,-3.63774,4,2.0,2.0,47.0,85.0,1,4.81,308,200,2893.0,50.090625,6.5,1.0,1,0,0,0,0,1,0,0,0,0,0,0,1,3,33.0,50.0
10092,40.41152,-3.70788,8,3.0,4.0,195.0,94.0,24,2.37,308,200,4503.0,68.043894,0.8,2.0,1,0,0,0,0,1,0,0,0,0,0,0,0,7,66.0,200.0
10093,40.35171,-3.68414,6,1.0,2.0,74.0,78.0,33,0.36,508,200,1696.0,37.641618,9.0,1.0,1,0,0,0,0,1,1,0,1,0,0,0,0,1,48.0,100.0
10094,40.41876,-3.67793,2,0.0,1.0,67.0,82.0,88,2.95,305,200,4220.0,63.672727,3.2,1.0,1,0,0,0,0,1,0,1,1,1,0,0,0,6,18.0,100.0
10095,40.41876,-3.67793,2,0.0,1.0,65.0,91.0,88,3.7,339,200,4220.0,63.672727,3.2,1.0,1,0,0,0,0,1,0,1,1,1,1,0,0,6,18.0,100.0
10096,40.42415,-3.69935,4,2.0,3.0,125.0,93.0,1,1.98,323,200,4503.0,68.043894,0.8,2.0,1,0,0,0,0,1,0,1,1,0,1,0,0,3,36.0,150.0
10097,40.41637,-3.71159,5,2.0,3.0,98.0,97.0,25,1.95,446,200,4503.0,68.043894,0.8,2.0,1,0,0,0,0,1,0,1,1,1,1,0,0,9,43.5,100.0
10098,40.41305,-3.69611,6,3.0,4.0,184.0,98.0,113,0.56,266,200,4503.0,68.043894,0.8,3.0,1,0,0,0,0,1,0,1,1,0,0,0,0,7,54.0,200.0
10099,40.41637,-3.71159,5,2.0,4.0,97.0,97.0,25,1.45,567,200,4503.0,68.043894,0.8,2.0,1,0,0,0,0,1,0,1,1,1,1,0,0,9,43.5,100.0
10100,40.41502,-3.68851,4,1.0,1.0,66.0,93.0,7,1.82,376,200,4220.0,63.672727,3.2,1.0,1,0,0,0,0,1,0,1,1,1,1,0,0,5,33.0,100.0
10101,40.41245,-3.70542,2,1.0,2.0,56.0,98.0,10,1.44,661,200,4503.0,68.043894,0.8,1.0,1,0,0,0,0,1,0,1,0,1,0,1,0,6,18.0,100.0
10102,40.41591,-3.70013,4,1.0,2.0,83.0,94.0,8,2.09,565,200,4503.0,68.043894,0.8,1.0,1,0,0,0,1,1,0,1,0,1,1,0,0,8,33.0,100.0
10103,40.34821,-3.71281,2,1.0,1.0,20.0,1.0,1,1.0,54,50,1696.0,37.641618,9.0,1.0,1,1,1,1,1,1,1,1,1,1,1,1,1,4,18.0,50.0
10104,40.41076,-3.71287,2,1.0,1.0,46.0,97.0,1,1.53,393,50,4503.0,68.043894,0.8,1.5,1,0,0,0,0,1,0,1,0,0,0,0,0,3,19.5,50.0
10105,40.42466,-3.70259,4,1.0,2.0,38.0,0.0,43,0.0,440,200,4503.0,68.043894,0.8,1.0,1,0,0,1,0,0,0,1,0,1,0,0,0,6,33.0,50.0
10106,40.40997,-3.71613,4,1.0,2.0,54.0,88.0,2,2.55,320,200,4503.0,68.043894,0.8,1.0,1,0,0,0,0,1,0,0,1,0,0,0,0,6,33.0,100.0
10107,40.36549,-3.7621,1,1.0,1.0,23.0,88.0,3,0.33,357,50,2195.0,47.402837,6.6,1.0,0,0,0,0,0,1,0,0,1,0,1,0,0,3,10.5,50.0
10108,40.42079,-3.67791,6,3.0,4.0,190.0,98.0,2,1.01,400,200,4220.0,63.672727,3.2,3.0,1,0,0,0,0,1,0,1,1,0,1,0,0,8,54.0,200.0
10109,40.4268,-3.70113,1,1.0,1.0,22.0,82.0,4,0.44,120,50,4503.0,68.043894,0.8,1.0,0,0,0,0,0,1,0,0,0,0,0,0,0,5,10.5,50.0
10110,40.40169,-3.69219,2,1.0,1.0,100.0,0.0,1,0.0,169,200,3917.0,55.025641,1.9,1.0,1,0,0,0,0,0,0,1,1,0,0,0,0,7,18.0,100.0
10111,40.42187,-3.71446,4,1.0,4.0,120.0,0.0,2,0.0,270,50,3555.0,63.451906,5.9,1.0,1,0,0,0,0,1,0,0,0,0,1,0,0,7,33.0,150.0
10112,40.42448,-3.67497,8,3.0,4.0,97.0,91.0,6,0.74,342,200,5328.0,74.694253,2.2,2.0,1,0,0,0,0,1,0,1,0,0,1,0,0,3,66.0,100.0
10113,40.43491,-3.68028,6,2.0,3.0,88.0,91.0,1,0.71,266,200,5328.0,74.694253,2.2,1.0,1,0,0,0,0,1,0,1,1,0,0,0,0,3,48.0,100.0
10114,40.42552,-3.70438,1,0.0,1.0,32.0,88.0,2,1.33,117,50,4503.0,68.043894,0.8,1.0,1,1,1,1,1,1,0,0,1,0,0,0,0,3,10.5,50.0
10115,40.42356,-3.70437,3,1.0,2.0,38.0,83.0,38,3.14,322,200,4503.0,68.043894,0.8,1.0,1,0,0,0,0,1,0,1,1,0,0,0,1,9,25.5,50.0
10116,40.38944,-3.6651,1,2.0,1.0,35.0,98.0,1,0.35,272,50,1890.0,41.443535,5.0,1.0,0,0,0,0,0,1,0,0,0,0,1,0,0,6,10.5,50.0
10117,40.4146,-3.70187,4,2.0,2.0,100.0,83.0,1,1.37,298,200,4503.0,68.043894,0.8,1.0,1,0,0,0,0,1,0,1,0,0,1,0,0,3,33.0,100.0
10118,40.4244,-3.69916,3,1.0,1.0,167.0,84.0,38,2.51,313,200,4503.0,68.043894,0.8,1.0,1,0,0,0,0,1,0,1,1,0,0,0,0,9,25.5,200.0
10119,40.39251,-3.73768,1,1.0,1.0,25.0,97.0,1,0.47,303,50,2195.0,47.402837,6.6,1.5,0,0,0,0,0,0,0,0,1,0,0,0,0,6,12.0,50.0
10120,40.37763,-3.67401,2,1.0,1.0,83.0,0.0,4,0.0,142,50,1890.0,41.443535,5.0,1.0,0,0,0,0,0,1,0,1,0,0,0,0,0,3,18.0,100.0
10121,40.37965,-3.67194,1,1.0,1.0,53.0,92.0,4,0.21,142,50,1890.0,41.443535,5.0,1.0,0,0,0,0,0,1,0,1,0,0,0,0,0,3,10.5,100.0
10123,40.37951,-3.67344,4,3.0,3.0,150.0,100.0,4,0.12,160,200,1890.0,41.443535,5.0,1.0,1,0,0,0,0,1,0,1,0,0,1,0,0,3,33.0,150.0
10124,40.452,-3.7674,1,0.0,1.0,41.0,100.0,7,0.33,498,200,3555.0,63.451906,5.9,1.0,1,0,0,0,0,1,0,1,0,0,1,0,0,4,10.5,50.0
10125,40.41616,-3.67854,3,1.0,1.0,65.0,0.0,1,0.0,113,200,4220.0,63.672727,3.2,1.0,1,0,0,0,0,0,0,1,1,0,0,0,0,3,25.5,100.0
10126,40.4271,-3.70436,5,2.0,5.0,124.0,95.0,7,0.44,514,200,4503.0,68.043894,0.8,1.0,1,0,0,0,0,1,0,1,0,0,1,0,0,0,40.5,150.0
10127,40.42889,-3.67443,2,1.0,1.0,50.0,0.0,1,0.05,290,50,5328.0,74.694253,2.2,1.5,0,1,1,1,1,1,0,1,1,0,1,0,0,7,19.5,50.0
10128,40.41685,-3.70524,4,1.0,1.0,96.0,99.0,8,1.69,761,200,4503.0,68.043894,0.8,1.0,1,0,0,0,0,1,0,1,1,1,1,0,0,10,33.0,100.0
10129,40.39489,-3.66687,4,2.0,3.0,55.0,90.0,5,2.75,356,200,1890.0,41.443535,5.0,1.0,1,0,0,0,0,1,0,1,0,0,1,0,0,3,33.0,100.0
10130,40.40295,-3.67457,1,1.0,1.0,35.0,0.0,1,0.0,309,50,4220.0,63.672727,3.2,1.0,1,0,0,0,0,1,0,0,1,0,0,0,0,5,10.5,50.0
10131,40.41104,-3.71075,3,1.0,2.0,66.0,96.0,4,2.33,337,200,4503.0,68.043894,0.8,1.0,1,0,0,0,1,1,0,1,1,0,1,0,0,3,25.5,100.0
10132,40.47633,-3.65379,2,1.0,1.0,52.0,0.0,1,0.0,402,50,3312.0,62.061453,9.2,1.0,0,0,0,0,0,1,0,1,1,1,1,0,1,0,18.0,100.0
10133,40.42571,-3.70174,1,1.0,1.0,30.0,0.0,3,0.0,127,50,4503.0,68.043894,0.8,2.0,0,0,0,0,0,1,0,0,0,0,0,0,0,0,13.5,50.0
10135,40.39389,-3.73646,1,1.0,1.0,79.0,100.0,4,0.04,98,50,2195.0,47.402837,6.6,1.0,0,0,0,0,0,1,0,0,0,0,0,0,0,7,10.5,100.0
10136,40.43697,-3.70254,2,0.0,1.0,71.0,100.0,1,0.18,432,200,4855.0,64.056634,2.4,1.0,1,0,0,0,0,1,0,1,1,0,1,0,0,6,18.0,100.0
10137,40.45947,-3.69963,2,1.0,1.0,21.0,100.0,1,2.09,395,50,3476.0,60.621287,5.9,1.0,0,0,0,0,0,1,0,0,1,0,1,0,0,5,18.0,50.0
10138,40.42381,-3.67502,6,1.0,3.0,76.0,95.0,6,1.04,344,200,5328.0,74.694253,2.2,1.0,1,0,0,0,0,1,0,1,0,0,1,0,0,3,48.0,100.0
10139,40.42183,-3.67897,6,2.0,4.0,97.0,88.0,1,1.42,220,200,5328.0,74.694253,2.2,2.0,1,0,0,0,0,1,0,0,0,0,0,0,0,4,51.0,100.0
10140,40.42395,-3.71002,2,1.0,1.0,60.0,0.0,4,0.0,242,50,4503.0,68.043894,0.8,2.0,0,1,1,1,1,1,0,1,1,0,0,0,0,5,21.0,100.0
10141,40.42288,-3.70769,8,2.0,8.0,300.0,92.0,4,0.2,162,200,4503.0,68.043894,0.8,1.0,1,0,0,0,0,1,0,1,1,0,0,0,0,5,63.0,200.0
10142,40.41268,-3.69568,6,2.0,3.0,49.0,91.0,1,2.09,336,200,4503.0,68.043894,0.8,2.0,1,0,0,0,0,1,0,1,1,1,1,0,0,3,51.0,50.0
10143,40.42067,-3.6997,2,1.0,1.0,149.0,100.0,2,0.06,141,50,4503.0,68.043894,0.8,1.0,1,0,0,0,0,1,0,1,1,0,0,0,0,4,18.0,150.0
10144,40.4144,-3.70056,5,2.0,2.0,157.0,96.0,1,0.64,320,200,4503.0,68.043894,0.8,2.5,1,0,0,0,0,1,0,1,0,0,1,0,0,3,45.0,200.0
10145,40.40221,-3.70453,2,1.0,1.0,19.0,95.0,1,0.9,378,50,3917.0,55.025641,1.9,1.0,0,0,0,1,0,1,0,0,1,0,1,0,0,5,18.0,50.0
10146,40.43254,-3.70896,2,0.0,1.0,36.0,99.0,2,1.09,347,200,4855.0,64.056634,2.4,1.0,1,0,0,0,0,1,0,1,1,0,1,0,0,5,18.0,50.0
10147,40.41156,-3.70368,1,1.0,1.0,35.0,90.0,1,1.06,222,50,4503.0,68.043894,0.8,1.5,0,0,0,0,0,1,0,0,1,0,1,0,0,7,12.0,50.0
10148,40.45616,-3.64744,7,3.0,6.0,181.0,91.0,2,0.36,789,200,3312.0,62.061453,9.2,2.5,1,0,0,0,0,1,0,1,1,1,1,0,0,7,60.0,200.0
10149,40.45618,-3.64724,6,2.0,5.0,156.0,91.0,2,0.83,788,200,3312.0,62.061453,9.2,2.0,1,0,0,0,0,1,0,1,1,1,1,0,0,7,51.0,200.0
10150,40.41063,-3.70653,6,1.0,1.0,55.0,96.0,9,1.29,498,50,4503.0,68.043894,0.8,2.0,0,0,0,0,0,1,0,0,0,1,1,0,0,7,51.0,100.0
10151,40.41725,-3.69581,1,1.0,1.0,24.0,90.0,22,2.09,171,50,4503.0,68.043894,0.8,3.0,0,1,1,1,1,1,0,0,0,0,0,0,0,11,16.5,50.0
10152,40.42607,-3.70432,2,1.0,1.0,143.0,98.0,2,0.48,484,200,4503.0,68.043894,0.8,1.0,1,0,0,0,0,1,0,0,0,1,1,0,0,7,18.0,150.0
10153,40.43429,-3.6982,4,2.0,3.0,132.0,100.0,113,0.4,239,200,4855.0,64.056634,2.4,2.0,1,0,0,0,0,1,0,1,1,0,0,0,0,7,36.0,150.0
10154,40.43476,-3.71063,2,0.0,1.0,34.0,95.0,2,3.63,355,200,4855.0,64.056634,2.4,1.5,1,0,0,0,0,1,0,1,1,0,1,0,0,5,19.5,50.0
10155,40.42819,-3.73367,4,0.0,2.0,57.0,100.0,2,0.08,417,200,3555.0,63.451906,5.9,1.0,1,0,0,0,0,1,0,1,0,0,1,0,0,4,33.0,100.0
10156,40.41883,-3.69893,16,7.0,15.0,600.0,88.0,11,0.36,629,200,4503.0,68.043894,0.8,7.0,1,0,0,0,0,1,0,1,1,1,1,0,0,7,141.0,200.0
10157,40.41183,-3.70545,4,1.0,2.0,78.0,98.0,7,2.69,580,200,4503.0,68.043894,0.8,1.0,1,0,0,0,0,1,0,1,0,0,1,0,1,8,33.0,100.0
10158,40.40649,-3.74556,4,1.0,1.0,42.0,90.0,10,1.91,673,200,2287.0,47.008319,4.7,1.0,1,0,0,0,0,1,0,1,0,0,1,0,0,6,33.0,50.0
10159,40.46324,-3.70275,3,1.0,2.0,49.0,88.0,1,0.36,355,200,3476.0,60.621287,5.9,1.0,1,0,0,0,0,1,0,1,0,1,1,0,0,5,25.5,50.0
10160,40.42135,-3.69619,2,1.0,1.0,150.0,0.0,1,0.0,128,200,4503.0,68.043894,0.8,1.0,1,0,0,0,0,1,0,1,1,0,0,0,0,6,18.0,150.0
10161,40.43512,-3.6836,2,1.0,2.0,46.0,100.0,1,0.08,172,200,5328.0,74.694253,2.2,1.0,1,0,0,0,0,1,0,1,1,0,1,0,0,6,18.0,50.0
10162,40.48004,-3.68574,3,2.0,3.0,48.0,98.0,2,0.43,330,200,3545.0,57.198083,16.4,1.0,1,0,0,0,0,1,0,0,1,0,1,0,0,8,25.5,50.0
10163,40.34903,-3.68611,12,3.0,8.0,100.0,0.0,13,0.0,501,200,1696.0,37.641618,9.0,1.0,1,0,0,0,0,1,0,1,0,1,1,0,0,5,93.0,100.0
10164,40.47206,-3.58425,2,1.0,1.0,28.0,0.0,3,0.0,120,50,3047.0,56.183432,11.8,2.0,0,0,0,0,0,1,0,1,1,0,0,0,0,4,21.0,50.0
10165,40.47011,-3.58351,2,1.0,1.0,28.0,100.0,3,0.04,109,50,3047.0,56.183432,11.8,2.0,0,0,0,0,0,1,0,1,1,0,0,0,0,4,21.0,50.0
10166,40.41357,-3.70739,2,1.0,1.0,46.0,94.0,1,2.11,355,50,4503.0,68.043894,0.8,1.5,0,0,0,0,0,1,0,1,0,0,1,0,0,5,19.5,50.0
10167,40.40624,-3.70234,4,1.0,1.0,88.0,53.0,15,0.16,171,200,4503.0,68.043894,0.8,1.0,1,0,0,0,0,1,0,1,0,0,0,0,0,4,33.0,100.0
10168,40.41862,-3.69794,2,1.0,3.0,176.0,0.0,2,0.0,126,50,4503.0,68.043894,0.8,1.0,0,0,0,0,0,0,0,1,0,0,0,0,0,4,18.0,200.0
10169,40.41848,-3.69961,2,1.0,1.0,132.0,100.0,2,0.08,108,50,4503.0,68.043894,0.8,1.0,1,0,0,0,0,1,0,1,0,0,0,0,0,4,18.0,150.0
10170,40.44014,-3.67817,2,1.0,1.0,35.0,95.0,1,0.32,149,50,4508.0,67.220486,5.8,1.0,0,0,0,0,0,0,0,1,1,0,0,0,0,5,18.0,50.0
10171,40.3948,-3.69859,1,1.0,1.0,25.0,96.0,3,2.35,507,50,3917.0,55.025641,1.9,1.0,0,0,0,0,0,1,0,0,1,0,0,0,0,3,10.5,50.0
10172,40.36491,-3.75094,2,1.0,4.0,38.0,99.0,1,1.3,593,50,2195.0,47.402837,6.6,1.5,1,0,0,0,0,1,1,0,1,0,1,0,0,3,19.5,50.0
10173,40.41577,-3.69669,1,1.0,1.0,17.0,94.0,22,1.46,121,50,4503.0,68.043894,0.8,3.0,0,1,1,1,1,1,0,0,0,0,0,0,0,11,16.5,50.0
10174,40.40396,-3.6693,2,1.0,1.0,41.0,100.0,4,0.08,295,50,4220.0,63.672727,3.2,1.0,1,0,0,0,0,1,0,1,0,0,1,0,0,5,18.0,50.0
10175,40.38472,-3.75154,2,1.0,1.0,48.0,0.0,1,0.0,164,50,2287.0,47.008319,4.7,1.0,1,0,0,0,0,1,0,0,0,0,0,0,0,3,18.0,50.0
10176,40.44475,-3.67248,4,1.0,3.0,75.0,60.0,12,0.08,707,200,4508.0,67.220486,5.8,1.0,1,0,0,0,0,1,0,1,1,1,1,0,0,5,33.0,100.0
10177,40.4099,-3.73603,4,1.0,2.0,115.0,93.0,1,0.24,406,200,2287.0,47.008319,4.7,1.0,1,0,0,0,0,1,0,1,0,0,1,0,0,6,33.0,150.0
10178,40.4278,-3.67337,3,1.0,2.0,60.0,89.0,1,1.19,283,200,5328.0,74.694253,2.2,1.0,1,0,0,0,0,1,0,0,0,0,0,0,0,6,25.5,100.0
10179,40.41038,-3.70137,4,2.0,2.0,90.0,95.0,1,0.62,336,200,4503.0,68.043894,0.8,1.0,1,0,0,0,0,1,0,1,0,1,1,0,0,3,33.0,100.0
10180,40.41268,-3.69568,4,1.0,2.0,40.0,95.0,1,3.39,293,200,4503.0,68.043894,0.8,1.0,1,0,0,0,0,1,0,1,1,0,0,0,0,3,33.0,50.0
10181,40.40785,-3.6995,2,1.0,1.0,29.0,90.0,1,0.45,107,200,4503.0,68.043894,0.8,1.0,1,0,0,0,0,0,0,1,0,0,0,0,0,7,18.0,50.0
10182,40.41268,-3.69568,6,2.0,3.0,44.0,93.0,1,2.69,316,200,4503.0,68.043894,0.8,2.0,1,0,0,0,0,1,0,1,1,0,1,0,0,0,51.0,50.0
10183,40.46188,-3.64082,1,1.0,1.0,23.0,80.0,1,0.06,193,50,3312.0,62.061453,9.2,1.0,0,0,0,0,0,1,0,0,1,0,1,0,0,8,10.5,50.0
10184,40.43942,-3.6727,2,3.0,2.0,49.0,98.0,1,1.57,222,50,4508.0,67.220486,5.8,2.0,1,0,0,1,0,1,0,0,1,0,0,0,0,6,21.0,50.0
10185,40.41911,-3.70086,6,3.0,4.0,285.0,0.0,92,0.0,184,200,4503.0,68.043894,0.8,2.0,1,0,0,0,0,1,0,1,1,0,1,0,0,7,51.0,200.0
10186,40.4329,-3.67744,2,1.0,1.0,65.0,60.0,2,0.04,114,200,5328.0,74.694253,2.2,1.0,1,0,0,0,0,1,0,1,1,0,0,0,0,8,18.0,100.0
10188,40.42811,-3.70085,4,1.0,2.0,104.0,100.0,7,0.17,320,200,4503.0,68.043894,0.8,1.0,1,0,0,0,0,1,0,1,1,1,0,0,0,11,33.0,150.0
10189,40.4152,-3.71202,3,2.0,2.0,120.0,87.0,1,0.26,469,200,4503.0,68.043894,0.8,1.0,1,0,0,0,0,1,0,1,1,1,1,0,0,4,25.5,150.0
10190,40.41292,-3.71026,2,1.0,1.0,75.0,99.0,1,1.74,360,200,4503.0,68.043894,0.8,1.0,1,1,1,1,1,1,1,1,1,1,1,1,1,6,18.0,100.0
10191,40.41901,-3.7094,3,0.0,1.0,64.0,0.0,3,0.0,281,200,4503.0,68.043894,0.8,1.0,1,1,1,1,1,1,0,1,1,0,0,0,0,6,25.5,100.0
10197,40.40446,-3.59447,4,1.0,2.0,44.0,93.0,1,1.86,490,200,2246.0,55.472222,11.2,1.5,1,0,0,0,0,1,0,1,1,0,1,0,0,4,34.5,50.0
10198,40.4014,-3.62082,1,1.0,2.0,18.0,0.0,1,0.0,151,50,2246.0,55.472222,11.2,1.0,1,0,0,0,0,1,0,0,1,0,1,0,0,5,10.5,50.0
10199,40.41658,-3.70696,16,5.0,11.0,418.0,95.0,4,1.9,629,200,4503.0,68.043894,0.8,3.0,1,0,0,0,0,1,0,1,0,1,1,0,0,3,129.0,200.0
10200,40.41344,-3.71515,2,1.0,1.0,56.0,90.0,1,1.91,305,200,4503.0,68.043894,0.8,1.0,1,0,0,0,0,1,0,1,0,0,0,0,0,3,18.0,100.0
10201,40.41658,-3.70696,16,5.0,11.0,418.0,97.0,4,1.89,606,200,4503.0,68.043894,0.8,3.0,1,0,0,0,0,1,0,1,0,1,1,0,0,3,129.0,200.0
10202,40.36231,-3.68842,4,1.0,2.0,43.0,89.0,3,1.04,273,200,1696.0,37.641618,9.0,1.0,1,0,0,0,0,1,0,0,1,0,0,0,0,0,33.0,50.0
10203,40.47246,-3.68699,6,3.0,4.0,130.0,87.0,1,0.18,190,200,4508.0,67.220486,5.8,2.0,1,0,0,0,0,1,0,1,1,0,1,0,0,6,51.0,150.0
10204,40.40018,-3.74091,2,1.0,1.0,58.0,0.0,1,0.0,212,50,2287.0,47.008319,4.7,1.5,0,0,0,0,0,1,0,1,0,0,0,0,0,3,19.5,100.0
10205,40.41455,-3.70032,6,3.0,6.0,162.0,99.0,2,2.9,416,200,4503.0,68.043894,0.8,2.0,1,0,0,0,0,1,0,1,1,0,1,0,0,6,51.0,200.0
10206,40.4288,-3.69972,10,3.0,5.0,79.0,96.0,1,2.15,410,200,4855.0,64.056634,2.4,3.0,1,0,0,0,0,1,0,1,1,1,1,0,0,3,84.0,100.0
10207,40.45847,-3.67193,1,1.0,1.0,25.0,93.0,1,0.24,248,50,4508.0,67.220486,5.8,1.5,0,0,0,0,0,1,0,1,1,0,1,0,1,5,12.0,50.0
10208,40.41842,-3.69885,4,0.0,2.0,80.0,100.0,6,0.09,376,200,4503.0,68.043894,0.8,1.0,1,0,0,0,0,1,0,1,0,0,1,0,0,9,33.0,100.0
10210,40.41597,-3.70572,4,1.0,1.0,45.0,96.0,2,2.92,310,200,4503.0,68.043894,0.8,1.0,1,0,0,0,0,1,0,1,0,0,0,0,0,3,33.0,50.0
10211,40.41956,-3.70655,2,1.0,1.0,100.0,0.0,1,0.0,314,50,4503.0,68.043894,0.8,1.0,0,0,0,0,0,1,1,1,1,0,1,0,0,6,18.0,100.0
10212,40.43991,-3.62013,1,1.0,1.0,35.0,100.0,1,0.09,174,50,2477.0,70.967532,7.3,1.0,0,0,0,0,0,1,1,1,1,0,0,0,0,3,10.5,50.0
10213,40.40646,-3.74567,4,1.0,1.0,69.0,0.0,2,0.0,180,200,2287.0,47.008319,4.7,2.0,1,0,0,0,0,1,0,1,1,0,1,0,0,9,36.0,100.0
10214,40.4112,-3.70631,4,1.0,2.0,59.0,96.0,7,2.09,700,200,4503.0,68.043894,0.8,1.0,1,0,0,0,0,1,0,1,0,0,0,0,0,6,33.0,100.0
10215,40.43226,-3.70939,1,2.0,1.0,36.0,96.0,1,0.4,287,50,4855.0,64.056634,2.4,1.0,1,1,1,1,1,1,1,1,1,1,1,1,1,3,10.5,50.0
10216,40.39609,-3.69945,3,1.0,2.0,61.0,95.0,1,1.39,454,200,3917.0,55.025641,1.9,1.0,1,0,0,0,0,1,0,1,0,0,1,0,0,3,25.5,100.0
10217,40.39363,-3.70669,6,2.0,4.0,74.0,90.0,1,1.46,392,200,2195.0,47.402837,6.6,1.0,1,0,0,0,0,1,0,1,0,0,1,0,0,3,48.0,100.0
10218,40.38888,-3.66832,2,1.0,2.0,25.0,85.0,1,1.06,214,50,1890.0,41.443535,5.0,1.0,0,0,0,0,0,1,0,1,0,0,1,0,0,3,18.0,50.0
10219,40.41124,-3.71233,2,2.0,2.0,34.0,83.0,1,0.3,233,200,4503.0,68.043894,0.8,1.0,1,0,0,0,0,1,0,0,0,0,1,0,0,9,18.0,50.0
10220,40.42735,-3.70278,2,0.0,1.0,64.0,96.0,6,2.45,424,200,4503.0,68.043894,0.8,1.0,1,0,0,0,1,1,0,1,0,0,1,0,0,3,18.0,100.0
10221,40.42004,-3.70706,3,1.0,3.0,207.0,0.0,3,0.0,123,50,4503.0,68.043894,0.8,1.0,1,0,0,0,0,0,0,1,1,0,0,0,0,4,25.5,200.0
10222,40.40987,-3.69877,3,1.0,2.0,48.0,90.0,88,3.41,341,200,4503.0,68.043894,0.8,1.0,1,0,0,0,0,1,0,1,1,0,1,0,0,6,25.5,50.0
10223,40.38436,-3.66913,3,1.0,1.0,48.0,60.0,1,0.16,212,200,1890.0,41.443535,5.0,1.0,1,0,0,0,0,1,0,1,0,0,1,0,0,6,25.5,50.0
10224,40.41571,-3.69764,2,1.0,1.0,146.0,100.0,2,0.09,171,50,4503.0,68.043894,0.8,1.0,1,0,0,0,0,1,0,1,1,0,0,0,0,4,18.0,150.0
10227,40.46587,-3.69361,4,2.0,2.0,180.0,0.0,1,0.04,142,200,3476.0,60.621287,5.9,1.0,1,0,0,0,0,1,0,0,0,0,1,0,0,3,33.0,200.0
10228,40.43704,-3.65679,2,1.0,1.0,40.0,93.0,1,1.3,233,50,2893.0,50.090625,6.5,1.0,0,0,0,0,0,1,0,0,1,0,1,0,0,5,18.0,50.0
10229,40.41094,-3.73151,5,2.0,2.0,68.0,94.0,2,0.54,297,200,2287.0,47.008319,4.7,1.0,1,0,0,0,0,1,0,1,0,0,0,0,0,3,40.5,100.0
10230,40.41575,-3.69788,3,1.0,3.0,189.0,0.0,2,0.0,163,50,4503.0,68.043894,0.8,1.0,1,0,0,0,0,0,0,1,1,0,0,0,0,4,25.5,200.0
10231,40.42277,-3.7064,3,1.0,1.0,100.0,75.0,17,0.16,186,200,4503.0,68.043894,0.8,1.0,1,0,0,0,0,1,0,1,1,0,1,0,0,8,25.5,100.0
10232,40.39853,-3.6944,4,2.0,2.0,66.0,95.0,1,1.75,384,200,3917.0,55.025641,1.9,1.0,1,0,0,0,0,1,0,1,1,0,1,0,0,9,33.0,100.0
10233,40.41966,-3.70329,4,0.0,2.0,100.0,96.0,1,1.17,467,200,4503.0,68.043894,0.8,1.0,1,0,0,0,0,1,0,1,1,0,1,0,0,3,33.0,100.0
10235,40.42668,-3.70829,2,0.0,1.0,49.0,91.0,28,4.26,480,200,4503.0,68.043894,0.8,1.0,1,0,0,0,0,1,0,1,0,0,0,0,0,7,18.0,50.0
10236,40.42392,-3.70549,2,1.0,2.0,63.0,90.0,5,0.21,220,200,4503.0,68.043894,0.8,1.0,1,0,0,0,0,1,0,0,0,0,1,0,0,3,18.0,100.0
10237,40.42352,-3.70704,4,2.0,2.0,105.0,92.0,67,1.04,253,200,4503.0,68.043894,0.8,2.5,1,0,0,0,0,1,0,1,1,0,1,0,0,7,37.5,150.0
10238,40.3683,-3.59873,2,1.0,1.0,30.0,98.0,2,0.73,532,50,2382.0,49.659794,11.0,1.5,0,0,0,0,0,1,0,0,1,1,1,0,0,5,19.5,50.0
10239,40.41029,-3.7018,2,1.0,1.0,48.0,94.0,2,2.27,387,200,4503.0,68.043894,0.8,1.0,1,0,0,0,0,1,0,1,0,0,1,0,1,6,18.0,50.0
10240,40.41516,-3.70958,2,1.0,1.0,30.0,94.0,1,0.8,173,50,4503.0,68.043894,0.8,1.0,0,0,0,0,0,1,0,1,0,0,0,0,0,3,18.0,50.0
10241,40.41007,-3.70712,2,1.0,1.0,25.0,93.0,1,4.71,276,50,4503.0,68.043894,0.8,1.0,0,0,0,0,0,1,0,0,0,0,0,0,0,3,18.0,50.0
10242,40.41612,-3.70284,1,1.0,1.0,29.0,99.0,1,4.06,406,50,4503.0,68.043894,0.8,1.0,0,0,0,0,0,1,0,1,1,0,1,0,0,3,10.5,50.0
10243,40.4348,-3.67111,4,2.0,3.0,175.0,100.0,1,0.16,320,200,5328.0,74.694253,2.2,2.0,1,0,0,0,0,1,0,1,0,0,0,0,0,3,36.0,200.0
10244,40.41614,-3.69803,2,1.0,1.0,23.0,83.0,22,0.33,220,50,4503.0,68.043894,0.8,3.0,0,0,0,0,0,1,0,0,0,0,1,0,0,11,24.0,50.0
10245,40.40027,-3.66825,4,1.0,2.0,45.0,92.0,3,1.09,551,200,4220.0,63.672727,3.2,1.0,1,0,0,0,0,1,0,1,0,1,1,0,0,6,33.0,50.0
10246,40.42297,-3.65094,1,1.0,1.0,20.0,100.0,1,0.24,91,50,2893.0,50.090625,6.5,1.0,0,0,0,0,0,1,0,0,1,0,0,0,0,3,10.5,50.0
10247,40.41134,-3.70323,6,2.0,3.0,138.0,100.0,2,1.64,307,200,4503.0,68.043894,0.8,1.0,1,0,0,0,0,1,0,1,0,0,0,0,0,8,48.0,150.0
10248,40.41852,-3.70938,4,3.0,3.0,200.0,92.0,1,0.24,394,200,4503.0,68.043894,0.8,2.0,1,0,0,0,0,1,0,1,1,0,1,0,0,4,36.0,200.0
10249,40.44054,-3.60383,1,1.0,1.0,300.0,0.0,2,0.04,84,50,2477.0,70.967532,7.3,1.0,0,0,0,1,0,1,0,0,1,0,0,0,0,5,10.5,200.0
10250,40.4084,-3.69976,6,3.0,3.0,78.0,92.0,1,3.81,386,200,4503.0,68.043894,0.8,2.0,1,0,0,0,0,1,0,1,0,0,1,0,0,7,51.0,100.0
10251,40.35969,-3.75651,1,1.0,1.0,25.0,100.0,3,0.08,216,50,2195.0,47.402837,6.6,2.0,1,1,1,1,1,1,1,1,1,1,1,1,1,5,13.5,50.0
10252,40.3976,-3.77107,2,2.0,2.0,20.0,0.0,1,0.08,236,50,2287.0,47.008319,4.7,1.5,0,0,0,0,0,1,0,1,1,0,1,0,0,4,19.5,50.0
10253,40.391,-3.73843,1,2.0,1.0,50.0,20.0,1,0.05,209,50,2195.0,47.402837,6.6,1.0,1,1,1,1,1,1,1,1,1,1,1,1,1,3,10.5,50.0
10254,40.38548,-3.75027,4,2.0,2.0,99.0,0.0,1,0.04,208,200,2287.0,47.008319,4.7,1.0,1,0,0,0,0,1,0,1,0,0,0,0,0,3,33.0,100.0
10255,40.42962,-3.67645,6,3.0,5.0,94.0,0.0,69,0.0,172,200,5328.0,74.694253,2.2,2.0,1,0,0,0,0,1,0,1,1,0,0,0,0,3,51.0,100.0
10256,40.43317,-3.64312,2,1.0,1.0,35.0,100.0,1,0.2,156,50,2893.0,50.090625,6.5,1.0,0,0,0,0,0,1,0,1,0,0,0,0,0,4,18.0,50.0
10257,40.47846,-3.69786,2,1.0,2.0,44.0,0.0,1,0.0,265,50,3545.0,57.198083,16.4,1.0,1,0,0,0,0,1,0,1,1,0,1,0,0,7,18.0,50.0
10258,40.42214,-3.68647,4,1.0,2.0,110.0,98.0,7,0.43,536,200,5328.0,74.694253,2.2,1.0,1,0,0,0,0,1,0,1,1,1,1,0,0,11,33.0,150.0
10259,40.42729,-3.68239,3,2.0,2.0,120.0,100.0,1,0.28,373,200,5328.0,74.694253,2.2,2.0,1,0,0,0,0,1,0,1,1,0,1,0,0,6,28.5,150.0
10260,40.42127,-3.71714,4,1.0,2.0,52.0,91.0,2,2.19,279,200,3555.0,63.451906,5.9,1.0,1,0,0,0,0,1,0,0,1,0,0,0,0,6,33.0,100.0
10261,40.42315,-3.68705,3,2.0,3.0,760.0,0.0,1,0.0,177,200,5328.0,74.694253,2.2,1.0,1,0,0,0,0,1,1,1,1,0,1,0,0,8,25.5,200.0
10262,40.4131,-3.71017,2,0.0,1.0,52.0,99.0,1,2.43,479,200,4503.0,68.043894,0.8,1.0,1,0,0,0,0,1,0,1,1,0,1,0,1,5,18.0,100.0
10263,40.41037,-3.70268,3,1.0,2.0,49.0,93.0,1,2.37,540,200,4503.0,68.043894,0.8,1.0,1,0,0,0,0,1,0,1,0,1,1,0,0,3,25.5,50.0
10264,40.40884,-3.71049,4,2.0,2.0,112.0,92.0,1,1.38,292,200,4503.0,68.043894,0.8,1.0,1,0,0,0,0,1,0,1,0,0,0,0,0,3,33.0,150.0
10265,40.44187,-3.63938,2,1.0,1.0,65.0,96.0,1,0.37,281,200,2893.0,50.090625,6.5,1.0,1,0,0,0,0,1,1,0,1,0,0,0,0,3,18.0,100.0
10266,40.3914,-3.66696,2,1.0,1.0,19.0,100.0,1,0.58,218,50,1890.0,41.443535,5.0,1.0,0,0,0,0,0,0,0,1,0,0,0,0,0,3,18.0,50.0
10267,40.46007,-3.70394,5,1.0,3.0,71.0,99.0,5,0.8,373,200,3476.0,60.621287,5.9,1.0,1,0,0,0,0,1,0,1,1,0,1,0,0,4,40.5,100.0
10268,40.40831,-3.69892,6,2.0,5.0,67.0,91.0,1,1.78,512,200,4503.0,68.043894,0.8,1.0,1,0,0,0,0,1,0,1,1,0,1,0,0,10,48.0,100.0
10269,40.42278,-3.7101,4,1.0,1.0,88.0,100.0,1,0.09,174,200,4503.0,68.043894,0.8,1.0,1,0,0,0,0,1,0,1,0,0,1,0,0,3,33.0,100.0
10270,40.42652,-3.70034,5,2.0,2.0,166.0,100.0,1,0.25,160,200,4503.0,68.043894,0.8,2.0,1,0,0,0,0,1,0,0,0,0,1,0,0,9,43.5,200.0
10271,40.42353,-3.70041,4,1.0,1.0,66.0,93.0,5,1.54,366,200,4503.0,68.043894,0.8,1.0,1,0,0,0,0,1,0,1,1,0,1,0,0,5,33.0,100.0
10272,40.44025,-3.69726,1,1.0,1.0,26.0,98.0,2,0.66,640,50,4855.0,64.056634,2.4,1.0,1,0,0,0,0,1,0,1,0,0,1,0,0,4,10.5,50.0
10273,40.41926,-3.6679,2,1.0,1.0,90.0,95.0,1,0.62,251,200,4220.0,63.672727,3.2,1.0,1,0,0,0,0,1,0,1,0,0,1,0,0,3,18.0,100.0
10274,40.38613,-3.7341,2,1.0,1.0,60.0,0.0,1,0.04,174,50,2195.0,47.402837,6.6,1.0,1,0,0,0,0,1,0,0,0,0,1,0,0,3,18.0,100.0
10275,40.42503,-3.67796,4,1.0,2.0,71.0,97.0,7,0.77,675,200,5328.0,74.694253,2.2,1.0,1,0,0,0,0,1,0,1,1,1,1,1,0,9,33.0,100.0
10276,40.38173,-3.74681,1,1.0,1.0,22.0,97.0,1,1.57,293,50,2195.0,47.402837,6.6,1.5,1,1,1,1,1,1,1,1,1,1,1,1,1,4,12.0,50.0
10277,40.41511,-3.70676,5,2.0,4.0,206.0,98.0,19,1.82,287,200,4503.0,68.043894,0.8,2.5,1,0,0,0,0,1,0,1,1,0,0,0,0,8,45.0,200.0
10278,40.42539,-3.70711,2,1.0,2.0,60.0,80.0,2,0.04,179,200,4503.0,68.043894,0.8,1.0,1,1,1,1,1,1,0,0,1,0,0,0,0,8,18.0,100.0
10279,40.42726,-3.64142,4,3.0,3.0,180.0,0.0,1,0.12,174,200,2893.0,50.090625,6.5,1.5,1,1,1,1,1,1,0,1,0,0,0,0,0,3,34.5,200.0
10280,40.42053,-3.69973,4,2.0,2.0,94.0,100.0,10,0.64,267,200,4503.0,68.043894,0.8,2.0,1,0,0,0,0,1,0,1,1,0,1,0,0,4,36.0,100.0
10282,40.41511,-3.70212,4,1.0,2.0,73.0,90.0,25,2.66,424,200,4503.0,68.043894,0.8,1.0,1,0,0,1,0,1,0,1,0,0,0,0,0,6,33.0,100.0
10283,40.4278,-3.7051,6,2.0,3.0,109.0,85.0,24,2.15,324,200,4503.0,68.043894,0.8,1.0,1,0,0,0,0,1,0,1,1,0,1,0,0,7,48.0,150.0
10284,40.38871,-3.68737,2,1.0,1.0,33.0,90.0,1,0.09,140,50,3917.0,55.025641,1.9,2.0,0,0,0,0,0,1,1,1,1,0,0,0,0,0,21.0,50.0
10285,40.43223,-3.64074,2,1.0,1.0,30.0,98.0,1,0.52,236,50,2893.0,50.090625,6.5,1.0,0,0,0,0,0,1,0,1,0,0,1,0,0,3,18.0,50.0
10286,40.40751,-3.70895,3,1.0,3.0,45.0,95.0,1,1.59,259,50,4503.0,68.043894,0.8,1.5,0,0,0,0,0,1,0,0,1,0,1,0,0,5,27.0,50.0
10287,40.41393,-3.69952,6,1.0,1.0,33.0,86.0,10,0.75,488,200,4503.0,68.043894,0.8,1.0,1,0,0,0,0,1,0,1,1,0,1,0,0,7,48.0,50.0
10288,40.40852,-3.70849,2,1.0,1.0,79.0,95.0,1,1.25,353,200,4503.0,68.043894,0.8,1.0,1,0,0,0,0,1,0,1,0,0,1,0,0,3,18.0,100.0
10289,40.42276,-3.70047,4,2.0,3.0,75.0,91.0,1,4.22,425,200,4503.0,68.043894,0.8,1.0,1,0,0,0,0,1,0,1,1,0,1,0,0,6,33.0,100.0
10290,40.41965,-3.69726,2,1.0,1.0,50.0,87.0,1,1.13,199,200,4503.0,68.043894,0.8,1.0,1,0,0,0,0,1,0,1,0,0,0,0,0,5,18.0,50.0
10291,40.41768,-3.69802,1,1.0,1.0,17.0,92.0,22,1.72,230,50,4503.0,68.043894,0.8,3.0,0,1,1,1,1,1,0,0,0,0,0,0,0,11,16.5,50.0
10292,40.42143,-3.70106,2,1.0,1.0,100.0,80.0,1,0.12,206,200,4503.0,68.043894,0.8,1.0,1,0,0,0,0,0,1,0,1,0,1,0,0,9,18.0,100.0
10294,40.41277,-3.72029,2,1.0,1.0,95.0,0.0,2,0.0,366,200,3917.0,55.025641,1.9,1.0,1,0,0,0,0,1,0,1,1,0,1,0,0,6,18.0,100.0
10295,40.39665,-3.60496,4,2.0,3.0,93.0,96.0,1,2.55,458,200,2246.0,55.472222,11.2,1.0,1,0,0,0,0,1,0,1,1,0,0,0,0,3,33.0,100.0
10297,40.48756,-3.689,2,2.0,3.0,45.0,100.0,1,0.08,70,200,3545.0,57.198083,16.4,1.0,1,0,0,0,0,1,0,1,1,0,0,0,0,5,18.0,50.0
10298,40.39745,-3.66276,4,0.0,2.0,78.0,100.0,40,0.54,418,200,1890.0,41.443535,5.0,1.0,1,0,0,0,1,1,0,1,1,0,1,0,0,5,33.0,100.0
10299,40.41247,-3.71492,2,1.0,1.0,60.0,100.0,2,0.04,256,50,4503.0,68.043894,0.8,1.0,0,0,0,0,0,1,0,1,1,0,1,0,0,8,18.0,100.0
10300,40.4117,-3.73045,6,2.0,4.0,257.0,92.0,1,1.11,405,200,2287.0,47.008319,4.7,1.0,1,0,0,0,0,1,0,0,0,1,1,0,0,3,48.0,200.0
10301,40.42774,-3.63387,3,2.0,2.0,90.0,95.0,1,0.45,349,200,2893.0,50.090625,6.5,1.0,1,0,0,0,0,1,0,0,0,0,1,0,0,7,25.5,100.0
10302,40.41954,-3.70618,4,2.0,2.0,104.0,95.0,3,2.2,458,200,4503.0,68.043894,0.8,2.0,1,0,0,0,1,1,0,1,1,1,1,0,0,3,36.0,150.0
10303,40.42426,-3.7141,6,2.0,3.0,77.0,95.0,5,1.69,300,200,3555.0,63.451906,5.9,1.5,1,0,0,0,0,1,0,1,0,0,0,0,0,9,49.5,100.0
10304,40.42579,-3.66702,6,3.0,5.0,120.0,98.0,4,1.07,489,200,5328.0,74.694253,2.2,2.0,1,0,0,0,0,1,0,1,1,1,0,0,0,10,51.0,150.0
10305,40.43319,-3.64604,3,1.0,1.0,37.0,85.0,24,0.21,191,50,2893.0,50.090625,6.5,3.5,1,1,1,1,1,1,1,1,1,1,1,1,1,5,33.0,50.0
10306,40.425,-3.70749,2,1.0,1.0,35.0,20.0,24,0.04,206,50,4503.0,68.043894,0.8,2.0,0,0,0,0,0,1,0,0,0,0,0,0,0,5,21.0,50.0
10307,40.42534,-3.70546,3,1.0,2.0,89.0,93.0,1,0.5,426,200,4503.0,68.043894,0.8,1.0,1,0,0,0,0,1,0,1,0,0,1,0,0,10,25.5,100.0
10308,40.38987,-3.72046,3,1.0,1.0,46.0,96.0,1,2.17,534,200,2195.0,47.402837,6.6,1.0,1,0,0,0,0,1,0,1,1,0,1,0,0,7,25.5,50.0
10309,40.3857,-3.71704,7,3.0,5.0,92.0,82.0,5,0.73,259,200,2195.0,47.402837,6.6,1.0,1,0,0,0,0,1,0,1,0,0,0,0,0,9,55.5,100.0
10310,40.41964,-3.70607,4,1.0,2.0,73.0,94.0,3,2.19,374,200,4503.0,68.043894,0.8,1.0,1,0,0,0,1,1,0,1,1,1,1,0,0,3,33.0,100.0
10311,40.41954,-3.70618,4,1.0,2.0,73.0,95.0,3,1.42,419,200,4503.0,68.043894,0.8,1.0,1,0,0,0,1,1,0,1,1,1,1,0,1,3,33.0,100.0
10312,40.44742,-3.59655,2,1.0,1.0,42.0,88.0,3,0.22,445,50,2477.0,70.967532,7.3,1.0,0,0,0,0,0,1,0,0,1,0,0,0,0,3,18.0,50.0
10313,40.42464,-3.69246,3,1.0,1.0,111.0,97.0,19,2.89,384,200,4503.0,68.043894,0.8,1.0,1,0,0,0,0,1,0,1,1,0,0,0,0,8,25.5,150.0
10314,40.41917,-3.70812,10,4.0,9.0,408.0,96.0,19,0.79,371,200,4503.0,68.043894,0.8,2.0,1,0,0,0,0,1,0,1,1,1,0,0,0,8,81.0,200.0
10315,40.41238,-3.70071,8,4.0,7.0,312.0,97.0,1,1.53,426,200,4503.0,68.043894,0.8,3.0,1,0,0,0,0,1,0,1,0,1,1,0,0,3,69.0,200.0
10316,40.40817,-3.70113,4,2.0,2.0,80.0,98.0,1,0.49,340,200,4503.0,68.043894,0.8,1.0,1,0,0,0,0,1,0,1,0,0,1,0,0,6,33.0,100.0
10317,40.4164,-3.7071,2,1.0,1.0,44.0,87.0,88,3.09,363,200,4503.0,68.043894,0.8,1.0,1,0,0,0,0,1,0,1,1,1,1,0,0,6,18.0,50.0
10318,40.37998,-3.77206,1,1.0,1.0,30.0,100.0,2,0.04,127,50,2287.0,47.008319,4.7,1.5,0,1,1,1,1,1,0,0,1,0,0,0,0,3,12.0,50.0
10319,40.45948,-3.70187,6,2.0,3.0,61.0,94.0,4,3.06,348,200,3476.0,60.621287,5.9,1.0,1,0,0,0,0,1,0,1,0,0,1,0,0,4,48.0,100.0
10320,40.40213,-3.7523,2,1.0,1.0,43.0,60.0,1,0.05,188,50,2287.0,47.008319,4.7,1.0,1,0,0,0,0,1,0,0,0,0,1,0,0,4,18.0,50.0
10321,40.38245,-3.74541,2,1.0,2.0,36.0,97.0,1,0.25,370,50,2195.0,47.402837,6.6,1.0,0,0,0,0,0,1,0,0,0,0,0,0,0,4,18.0,50.0
10322,40.41076,-3.70577,1,1.0,1.0,22.0,100.0,1,0.17,123,50,4503.0,68.043894,0.8,1.0,0,0,0,0,0,1,0,0,1,0,0,0,0,4,10.5,50.0
10323,40.40772,-3.70058,4,1.0,2.0,49.0,86.0,2,1.08,373,200,4503.0,68.043894,0.8,1.0,1,0,0,0,0,1,0,1,0,0,1,0,0,8,33.0,50.0
10324,40.46214,-3.68901,8,4.0,4.0,95.0,100.0,1,0.28,385,200,4508.0,67.220486,5.8,4.0,1,0,0,0,0,1,0,1,1,0,1,0,0,3,72.0,100.0
10325,40.37986,-3.77193,1,1.0,1.0,30.0,0.0,2,0.0,114,50,2287.0,47.008319,4.7,0.0,0,1,1,1,1,1,0,0,1,0,0,0,0,3,7.5,50.0
10326,40.42402,-3.70756,5,2.0,3.0,113.0,95.0,13,1.5,449,200,4503.0,68.043894,0.8,2.0,1,0,0,0,0,1,0,1,0,0,1,0,0,4,43.5,150.0
10327,40.41211,-3.71484,4,2.0,3.0,160.0,100.0,113,0.16,407,200,4503.0,68.043894,0.8,2.0,1,0,0,0,0,1,0,1,0,0,1,0,0,7,36.0,200.0
10328,40.39948,-3.63912,1,1.0,1.0,25.0,98.0,1,0.81,345,50,2547.0,45.581197,5.0,1.5,0,0,0,0,0,1,0,1,0,0,1,0,0,5,12.0,50.0
10329,40.46602,-3.72329,6,3.0,7.0,150.0,0.0,1,0.0,202,200,3555.0,63.451906,5.9,2.5,1,0,0,0,0,1,0,0,0,0,1,0,0,10,52.5,150.0
10330,40.42542,-3.69303,4,3.0,3.0,75.0,0.0,3,0.17,241,200,4503.0,68.043894,0.8,1.0,1,1,1,1,1,1,0,1,1,0,1,0,0,4,33.0,100.0
10331,40.39307,-3.67012,1,1.0,1.0,15.0,0.0,1,0.0,185,50,1890.0,41.443535,5.0,1.0,0,0,0,0,0,1,0,0,1,0,0,0,0,5,10.5,50.0
10332,40.42674,-3.70317,2,1.0,1.0,36.0,100.0,2,0.17,237,50,4503.0,68.043894,0.8,1.0,0,0,0,0,0,1,0,0,1,0,0,0,0,3,18.0,50.0
10334,40.40562,-3.6918,4,2.0,2.0,555.0,93.0,16,0.83,318,200,3917.0,55.025641,1.9,1.0,1,0,0,0,0,1,0,0,1,0,0,0,0,6,33.0,200.0
10335,40.4109,-3.64987,1,1.0,1.0,14.0,100.0,1,0.09,412,50,2547.0,45.581197,5.0,1.0,0,0,0,0,0,1,0,0,1,0,0,0,1,6,10.5,50.0
10336,40.42104,-3.70741,4,0.0,2.0,150.0,90.0,2,0.17,232,200,4503.0,68.043894,0.8,1.0,1,0,0,0,0,1,0,1,1,0,1,0,0,7,33.0,150.0
10337,40.40968,-3.71121,2,1.0,1.0,75.0,100.0,1,0.12,174,50,4503.0,68.043894,0.8,1.0,0,0,0,0,0,1,0,1,0,0,1,0,0,8,18.0,100.0
10338,40.39171,-3.71347,1,1.0,1.0,25.0,95.0,1,0.45,418,50,2195.0,47.402837,6.6,1.0,0,0,0,0,0,1,0,1,1,1,1,0,1,7,10.5,50.0
10339,40.44508,-3.69903,1,1.0,1.0,45.0,93.0,2,0.35,281,50,4855.0,64.056634,2.4,1.0,0,0,0,0,0,1,0,0,0,0,1,0,0,4,10.5,50.0
10340,40.34784,-3.70623,2,1.0,1.0,30.0,100.0,1,0.21,345,50,1696.0,37.641618,9.0,1.0,1,0,0,0,0,1,0,1,1,0,1,0,0,5,18.0,50.0
10342,40.4095,-3.69873,2,0.0,1.0,1139.0,73.0,11,0.32,153,200,4503.0,68.043894,0.8,1.0,1,0,0,0,0,1,0,1,0,0,0,0,0,4,18.0,200.0
10343,40.42205,-3.70905,6,3.0,5.0,240.0,99.0,3,2.0,695,200,4503.0,68.043894,0.8,2.5,1,0,0,0,0,1,0,1,1,1,1,0,1,3,52.5,200.0
10344,40.42409,-3.60761,2,1.0,1.0,50.0,100.0,2,0.04,245,50,2477.0,70.967532,7.3,1.0,0,0,0,0,0,1,0,0,1,0,1,0,0,3,18.0,50.0
10345,40.41053,-3.70656,2,1.0,1.0,33.0,96.0,2,0.73,74,50,4503.0,68.043894,0.8,1.0,0,0,0,0,0,1,0,0,0,0,0,0,0,7,18.0,50.0
10346,40.42741,-3.70251,1,1.0,1.0,30.0,88.0,7,0.97,258,50,4503.0,68.043894,0.8,2.0,0,0,0,0,0,1,0,0,0,0,1,0,0,10,13.5,50.0
10347,40.4343,-3.61773,4,2.0,1.0,500.0,0.0,1,0.04,554,50,2477.0,70.967532,7.3,2.0,1,0,0,0,0,1,1,1,1,0,0,0,0,3,36.0,200.0
10348,40.42227,-3.60449,1,1.0,1.0,40.0,0.0,2,0.0,273,50,2477.0,70.967532,7.3,1.0,0,0,0,0,0,1,0,0,1,0,1,0,0,3,10.5,50.0
10349,40.4189,-3.70572,2,1.0,1.0,38.0,98.0,1,3.64,437,50,4503.0,68.043894,0.8,1.0,1,0,0,0,0,1,0,1,1,1,1,0,0,5,18.0,50.0
10350,40.41152,-3.70055,2,1.0,1.0,50.0,94.0,1,1.09,180,50,4503.0,68.043894,0.8,1.5,1,0,0,0,0,1,0,0,1,0,1,0,0,10,19.5,50.0
10351,40.42978,-3.67899,4,1.0,2.0,140.0,100.0,1,0.33,725,200,5328.0,74.694253,2.2,1.0,1,0,0,0,0,1,0,1,1,0,1,1,1,3,33.0,150.0
10352,40.42691,-3.69401,2,1.0,1.0,75.0,94.0,1,0.54,188,200,4855.0,64.056634,2.4,1.0,1,0,0,0,0,1,0,1,1,0,0,0,0,3,18.0,100.0
10353,40.42028,-3.70594,8,4.0,12.0,214.0,99.0,1,2.27,571,200,4503.0,68.043894,0.8,4.0,1,0,0,0,0,1,0,1,1,1,1,0,0,3,72.0,200.0
10354,40.42795,-3.70681,5,2.0,1.0,42.0,60.0,3,0.32,284,200,4503.0,68.043894,0.8,1.0,1,1,1,1,1,1,1,1,1,1,1,1,1,10,40.5,50.0
10355,40.46157,-3.6403,1,1.0,1.0,44.0,96.0,2,0.24,393,50,3312.0,62.061453,9.2,1.0,1,0,0,0,0,1,0,0,1,0,1,0,0,7,10.5,50.0
10356,40.4477,-3.70329,1,1.0,1.0,28.0,95.0,2,0.18,250,50,3476.0,60.621287,5.9,1.0,0,0,0,0,0,1,0,1,1,0,1,0,0,9,10.5,50.0
10357,40.42377,-3.70419,2,1.0,1.0,63.0,97.0,1,1.26,342,50,4503.0,68.043894,0.8,1.0,0,0,0,0,0,1,0,1,1,1,0,0,0,6,18.0,100.0
10359,40.39467,-3.69358,2,1.0,2.0,100.0,100.0,1,0.04,103,50,3917.0,55.025641,1.9,2.5,0,0,0,0,0,1,0,0,1,0,1,0,0,3,22.5,100.0
10360,40.41032,-3.73751,2,1.0,1.0,95.0,99.0,1,0.58,514,200,2287.0,47.008319,4.7,1.0,1,0,0,0,0,1,0,1,1,0,1,0,0,6,18.0,100.0
10361,40.40563,-3.66856,1,1.0,1.0,23.0,99.0,4,1.88,416,50,4220.0,63.672727,3.2,1.5,1,0,0,0,0,1,1,1,1,0,0,0,0,5,12.0,50.0
10362,40.43325,-3.67387,1,1.0,1.0,36.0,0.0,1,0.0,211,50,5328.0,74.694253,2.2,1.0,0,0,0,0,0,1,0,1,1,0,1,0,0,3,10.5,50.0
10363,40.41896,-3.70166,4,2.0,3.0,99.0,98.0,4,0.47,379,200,4503.0,68.043894,0.8,1.0,1,0,0,0,0,1,0,1,1,1,0,0,0,5,33.0,100.0
10364,40.37725,-3.74791,2,1.0,1.0,36.0,100.0,3,0.53,342,200,2195.0,47.402837,6.6,1.0,1,0,0,0,0,1,0,1,1,0,1,0,0,5,18.0,50.0
10365,40.41834,-3.67535,2,1.0,1.0,27.0,96.0,1,0.45,124,50,4220.0,63.672727,3.2,1.0,0,0,0,0,0,1,0,0,1,0,0,0,0,7,18.0,50.0
10366,40.41082,-3.70587,2,1.0,1.0,31.0,93.0,2,0.81,78,50,4503.0,68.043894,0.8,1.0,0,0,0,0,0,1,0,0,0,0,0,0,0,7,18.0,50.0
10367,40.40401,-3.70597,2,1.0,1.0,86.0,87.0,1,0.16,190,200,3917.0,55.025641,1.9,1.0,1,0,0,0,0,1,0,1,1,0,1,0,0,9,18.0,100.0
10368,40.41094,-3.71396,7,1.0,4.0,126.0,0.0,6,0.0,436,200,4503.0,68.043894,0.8,1.0,1,0,0,0,0,1,0,0,0,0,0,0,0,6,55.5,150.0
10369,40.39784,-3.65882,2,1.0,2.0,23.0,99.0,1,1.1,644,50,1890.0,41.443535,5.0,1.0,0,0,0,0,0,1,0,1,1,0,1,1,0,5,18.0,50.0
10370,40.45972,-3.61647,7,1.0,5.0,140.0,0.0,6,0.0,136,200,3047.0,56.183432,11.8,1.0,1,0,0,0,0,0,0,1,0,0,0,0,0,4,55.5,150.0
10371,40.45841,-3.61703,4,1.0,2.0,120.0,0.0,6,0.0,200,200,3047.0,56.183432,11.8,1.0,1,0,0,0,0,0,0,1,0,0,0,0,0,4,33.0,150.0
10372,40.42006,-3.67942,1,1.0,1.0,25.0,92.0,8,0.55,414,50,4220.0,63.672727,3.2,1.5,1,0,0,0,0,1,0,0,1,0,1,0,0,7,12.0,50.0
10373,40.37992,-3.62052,2,1.0,2.0,13.0,97.0,2,2.96,200,50,2382.0,49.659794,11.0,1.5,0,0,0,0,0,1,0,0,0,0,0,0,0,4,19.5,50.0
10374,40.40468,-3.67745,7,3.0,4.0,170.0,95.0,1,2.03,379,200,4220.0,63.672727,3.2,2.0,1,0,0,0,0,1,0,1,1,0,1,0,0,3,58.5,200.0
10375,40.42847,-3.65577,2,1.0,1.0,70.0,98.0,2,0.84,451,200,2893.0,50.090625,6.5,2.0,1,0,0,0,0,1,0,0,0,0,1,0,0,8,21.0,100.0
10376,40.43469,-3.67372,1,1.0,1.0,26.0,90.0,1,0.33,292,50,5328.0,74.694253,2.2,1.0,0,0,0,0,0,1,0,1,0,1,0,0,0,4,10.5,50.0
10377,40.45969,-3.70732,4,1.0,2.0,86.0,99.0,8,4.43,726,200,3476.0,60.621287,5.9,1.0,1,0,0,0,0,1,0,1,1,0,1,0,1,6,33.0,100.0
10378,40.45802,-3.71148,4,2.0,2.0,150.0,0.0,4,0.0,186,200,3555.0,63.451906,5.9,1.0,1,0,0,0,0,1,0,1,0,0,1,0,0,3,33.0,150.0
10379,40.42719,-3.70141,2,1.0,1.0,50.0,95.0,2,1.72,275,200,4503.0,68.043894,0.8,1.0,1,0,0,0,0,1,0,0,0,1,1,0,0,9,18.0,50.0
10380,40.43517,-3.65745,1,1.0,1.0,40.0,100.0,1,0.13,175,50,2893.0,50.090625,6.5,1.0,0,0,0,0,0,1,0,0,1,0,0,0,0,7,10.5,50.0
10381,40.4191,-3.70683,2,0.0,1.0,96.0,68.0,72,0.33,251,200,4503.0,68.043894,0.8,1.0,1,0,0,0,0,1,0,1,1,0,1,0,0,6,18.0,100.0
10382,40.41504,-3.69954,2,0.0,1.0,82.0,99.0,9,1.66,371,200,4503.0,68.043894,0.8,1.0,1,0,0,0,0,1,0,1,1,0,0,0,0,7,18.0,100.0
10383,40.40165,-3.74384,3,2.0,2.0,130.0,0.0,2,0.0,301,200,2287.0,47.008319,4.7,1.0,1,0,0,0,0,1,0,0,1,0,1,0,0,9,25.5,150.0
10384,40.45802,-3.71148,4,2.0,2.0,190.0,100.0,4,0.04,138,200,3555.0,63.451906,5.9,1.0,1,0,0,0,0,1,0,1,0,0,0,0,0,3,33.0,200.0
10385,40.38579,-3.73237,1,1.0,1.0,22.0,98.0,1,1.42,536,50,2195.0,47.402837,6.6,1.5,0,0,0,0,0,1,0,1,0,1,1,0,0,3,12.0,50.0
10386,40.41009,-3.71114,4,1.0,2.0,68.0,97.0,4,2.6,458,200,4503.0,68.043894,0.8,1.0,1,0,0,0,1,1,0,1,0,1,1,0,0,3,33.0,100.0
10387,40.35064,-3.68858,2,1.0,2.0,20.0,98.0,1,0.77,106,50,1696.0,37.641618,9.0,1.0,0,0,0,0,0,1,0,1,0,0,1,0,0,3,18.0,50.0
10388,40.44836,-3.69887,2,1.0,1.0,66.0,100.0,1,0.5,446,50,3476.0,60.621287,5.9,1.5,1,0,0,0,0,1,0,0,1,0,0,0,0,5,19.5,100.0
10389,40.42314,-3.70277,2,1.0,2.0,22.0,86.0,1,0.94,522,200,4503.0,68.043894,0.8,1.0,1,0,0,0,0,0,0,1,0,0,1,0,0,6,18.0,50.0
10390,40.44513,-3.70418,2,1.0,1.0,100.0,98.0,2,0.83,411,200,4855.0,64.056634,2.4,1.0,1,0,0,0,0,1,0,1,1,0,1,0,0,3,18.0,100.0
10391,40.4779,-3.64544,2,1.0,1.0,50.0,0.0,1,0.0,158,50,3312.0,62.061453,9.2,1.0,0,0,0,0,0,1,0,1,0,0,0,0,0,7,18.0,50.0
10392,40.41897,-3.71181,4,1.0,2.0,73.0,98.0,4,2.31,439,200,4503.0,68.043894,0.8,1.0,1,0,0,0,0,1,0,1,1,0,1,0,0,7,33.0,100.0
10393,40.41531,-3.69636,4,1.0,1.0,59.0,94.0,1,1.81,313,200,4503.0,68.043894,0.8,1.0,1,0,0,0,0,1,0,1,0,0,0,0,0,3,33.0,100.0
10394,40.4404,-3.6726,2,1.0,1.0,47.0,95.0,1,0.62,889,200,4508.0,67.220486,5.8,1.0,1,0,0,0,0,0,0,0,0,1,0,1,0,7,18.0,50.0
10395,40.45375,-3.71169,4,2.0,2.0,39.0,88.0,2,0.29,340,200,3476.0,60.621287,5.9,1.0,1,0,0,0,0,1,0,1,0,1,1,0,0,6,33.0,50.0
10397,40.39847,-3.66394,3,1.0,1.0,46.0,93.0,12,1.27,296,200,1890.0,41.443535,5.0,1.0,1,0,0,0,0,1,0,1,1,0,0,0,0,6,25.5,50.0
10398,40.42343,-3.67461,8,4.0,4.0,114.0,91.0,6,0.92,248,200,5328.0,74.694253,2.2,2.0,1,0,0,0,0,1,0,1,1,1,1,0,0,3,66.0,150.0
10399,40.41097,-3.70175,4,1.0,1.0,95.0,96.0,2,0.62,307,200,4503.0,68.043894,0.8,1.0,1,0,0,0,0,1,0,1,0,0,1,0,0,3,33.0,100.0
10400,40.44293,-3.64728,3,1.0,2.0,55.0,97.0,1,3.41,416,200,2893.0,50.090625,6.5,1.0,1,0,0,0,0,1,0,0,0,0,1,0,0,6,25.5,100.0
10401,40.4216,-3.70634,2,0.0,1.0,91.0,98.0,1,0.45,150,200,4503.0,68.043894,0.8,1.0,1,0,0,0,0,1,0,0,0,0,1,0,0,3,18.0,100.0
10402,40.49264,-3.66437,4,3.0,4.0,15.0,0.0,1,0.0,197,50,3312.0,62.061453,9.2,1.0,0,0,0,0,0,1,1,1,1,0,0,0,0,5,33.0,50.0
10403,40.4062,-3.61408,1,2.0,2.0,34.0,100.0,1,0.04,262,50,2246.0,55.472222,11.2,1.5,0,0,0,0,0,1,0,1,0,0,1,0,0,3,12.0,50.0
10404,40.49843,-3.70464,7,4.0,6.0,479.0,0.0,1,0.0,696,200,3545.0,57.198083,16.4,3.0,1,0,0,0,0,1,1,0,1,1,1,0,1,7,61.5,200.0
10405,40.42437,-3.71206,2,0.0,1.0,30.0,80.0,1,0.08,102,50,3555.0,63.451906,5.9,1.5,0,1,1,1,1,1,0,0,0,0,1,0,0,6,19.5,50.0
10407,40.42937,-3.70719,2,1.0,1.0,50.0,97.0,1,0.29,370,200,4503.0,68.043894,0.8,1.0,1,0,0,0,0,1,0,1,1,0,0,0,0,3,18.0,50.0
10408,40.49058,-3.69852,6,2.0,4.0,74.0,100.0,1,0.42,541,200,3545.0,57.198083,16.4,1.5,1,0,0,0,0,1,0,1,0,1,1,0,0,6,49.5,100.0
10409,40.49637,-3.61963,2,1.0,1.0,500.0,0.0,1,0.0,155,50,3312.0,62.061453,9.2,1.0,0,0,0,0,0,1,1,1,0,0,1,0,0,5,18.0,200.0
10414,40.43622,-3.67292,4,1.0,2.0,104.0,94.0,2,0.54,602,200,5328.0,74.694253,2.2,1.0,1,0,0,0,0,1,0,1,1,1,1,0,1,6,33.0,150.0
10415,40.393,-3.69605,2,1.0,1.0,65.0,93.0,1,0.46,455,200,3917.0,55.025641,1.9,1.0,1,0,0,0,0,1,0,1,0,1,1,0,0,5,18.0,100.0
10417,40.38545,-3.68654,2,1.0,2.0,290.0,100.0,1,0.09,168,50,3917.0,55.025641,1.9,1.0,0,0,0,0,0,1,0,0,1,0,0,0,0,4,18.0,200.0
10418,40.45343,-3.70857,6,3.0,5.0,90.0,87.0,1,0.67,300,200,3476.0,60.621287,5.9,2.0,1,0,0,0,0,1,0,1,0,0,0,0,0,6,51.0,100.0
10419,40.38937,-3.74211,2,1.0,1.0,48.0,0.0,1,0.04,132,50,2195.0,47.402837,6.6,1.0,1,0,0,0,0,1,0,0,0,0,0,0,0,3,18.0,50.0
10420,40.46911,-3.70419,5,1.0,4.0,75.0,100.0,1,0.28,426,200,3476.0,60.621287,5.9,1.0,1,0,0,0,0,1,0,0,0,1,1,0,0,8,40.5,100.0
10421,40.40809,-3.7007,3,2.0,2.0,110.0,0.0,1,0.0,149,200,4503.0,68.043894,0.8,1.0,1,0,0,0,0,1,0,1,0,0,1,0,0,8,25.5,150.0
10422,40.41266,-3.70126,6,3.0,3.0,76.0,99.0,2,1.07,613,200,4503.0,68.043894,0.8,1.5,1,0,0,0,0,1,0,1,1,0,1,0,0,11,49.5,100.0
10423,40.46657,-3.72404,1,1.0,1.0,20.0,97.0,8,0.32,257,50,3555.0,63.451906,5.9,1.0,0,0,0,0,0,1,0,0,0,0,1,0,0,4,10.5,50.0
10424,40.40732,-3.69572,2,1.0,2.0,36.0,99.0,1,1.5,274,50,4503.0,68.043894,0.8,1.0,0,0,0,0,0,1,0,0,0,1,1,0,0,3,18.0,50.0
10425,40.42544,-3.67195,1,1.0,1.0,33.0,80.0,1,0.04,338,50,5328.0,74.694253,2.2,2.0,0,0,0,0,0,1,0,0,1,1,0,0,0,3,13.5,50.0
10426,40.43215,-3.62403,2,1.0,1.0,635.0,0.0,1,0.0,182,50,2477.0,70.967532,7.3,1.0,0,0,0,1,1,1,0,0,0,0,1,0,0,5,18.0,200.0
10427,40.41295,-3.69872,4,1.0,1.0,55.0,97.0,1,1.01,375,200,4503.0,68.043894,0.8,1.5,1,0,0,0,0,1,0,1,0,0,1,0,0,7,34.5,100.0
10428,40.43888,-3.62321,3,2.0,2.0,50.0,80.0,1,0.04,441,200,2477.0,70.967532,7.3,1.5,1,0,0,0,0,1,0,1,1,0,1,0,0,5,27.0,50.0
10429,40.42357,-3.67456,8,4.0,5.0,105.0,88.0,6,0.67,279,200,5328.0,74.694253,2.2,2.0,1,0,0,0,0,0,0,1,1,0,0,0,0,3,66.0,150.0
10430,40.3915,-3.72695,4,1.0,3.0,71.0,91.0,59,1.61,443,200,2195.0,47.402837,6.6,1.0,1,0,0,0,0,1,0,1,0,0,0,0,0,7,33.0,100.0
10431,40.41055,-3.70739,4,1.0,1.0,250.0,97.0,5,0.59,319,50,4503.0,68.043894,0.8,1.5,0,0,0,0,0,1,0,0,1,1,0,0,0,10,34.5,200.0
10432,40.42104,-3.70636,4,2.0,4.0,175.0,97.0,1,0.62,368,200,4503.0,68.043894,0.8,1.0,1,0,0,0,0,1,0,1,0,0,1,0,0,3,33.0,200.0
10433,40.38376,-3.67117,4,1.0,1.0,67.0,95.0,1,0.53,343,200,1890.0,41.443535,5.0,1.0,1,0,0,0,0,1,0,0,1,1,0,0,0,10,33.0,100.0
10434,40.43926,-3.61988,4,1.0,1.0,100.0,0.0,1,0.0,315,200,2477.0,70.967532,7.3,1.5,1,0,0,0,0,0,0,1,1,0,1,0,0,3,34.5,100.0
10435,40.4218,-3.70479,4,2.0,2.0,250.0,99.0,1,1.38,398,200,4503.0,68.043894,0.8,1.0,1,0,0,0,0,1,0,0,1,0,1,0,1,0,33.0,200.0
10436,40.40339,-3.70622,2,1.0,1.0,20.0,90.0,1,0.08,149,50,3917.0,55.025641,1.9,1.5,0,0,0,0,0,1,0,0,1,0,0,0,0,6,19.5,50.0
10437,40.37075,-3.69472,7,2.0,4.0,78.0,90.0,3,2.15,346,200,2316.0,43.910072,4.6,1.0,1,0,0,0,0,1,0,0,1,0,0,0,0,0,55.5,100.0
10438,40.363,-3.60513,2,1.0,1.0,43.0,100.0,1,0.64,465,50,2382.0,49.659794,11.0,1.0,0,0,0,0,0,1,0,1,1,0,1,0,0,3,18.0,50.0
10439,40.41301,-3.72418,2,0.0,3.0,39.0,92.0,1,0.45,300,200,2287.0,47.008319,4.7,1.0,1,0,0,0,0,1,0,1,0,0,1,0,0,6,18.0,50.0
10440,40.41231,-3.70766,2,1.0,1.0,200.0,98.0,5,0.46,311,50,4503.0,68.043894,0.8,1.0,0,0,0,0,0,1,0,0,1,0,0,0,0,10,18.0,200.0
10441,40.41585,-3.7048,4,1.0,2.0,63.0,80.0,15,0.26,448,200,4503.0,68.043894,0.8,1.0,1,0,0,0,0,1,0,1,1,0,1,0,0,3,33.0,100.0
10442,40.41172,-3.70706,2,1.0,1.0,200.0,98.0,5,0.34,298,50,4503.0,68.043894,0.8,1.0,0,0,0,0,0,1,0,0,1,0,0,0,0,10,18.0,200.0
10443,40.41876,-3.70721,4,1.0,2.0,94.0,95.0,7,0.78,583,200,4503.0,68.043894,0.8,1.0,1,0,0,0,0,1,0,1,1,0,1,0,1,6,33.0,100.0
10444,40.42699,-3.70452,4,1.0,2.0,100.0,97.0,1,0.95,489,200,4503.0,68.043894,0.8,1.0,1,0,0,0,0,1,0,1,1,1,1,0,0,3,33.0,100.0
10445,40.39848,-3.7184,2,1.0,1.0,26.0,94.0,1,0.41,412,50,2195.0,47.402837,6.6,1.0,0,0,0,0,0,1,0,0,1,0,0,0,1,3,18.0,50.0
10446,40.42431,-3.70442,1,1.0,1.0,22.0,100.0,1,0.37,124,50,4503.0,68.043894,0.8,1.5,0,0,0,0,0,1,0,0,0,0,0,0,0,3,12.0,50.0
10447,40.44871,-3.68901,4,1.0,2.0,81.0,96.0,59,1.6,460,200,4508.0,67.220486,5.8,1.0,1,0,0,0,0,1,0,1,1,1,0,0,0,7,33.0,100.0
10448,40.41011,-3.69719,4,1.0,2.0,49.0,99.0,1,0.74,380,200,4503.0,68.043894,0.8,1.0,1,0,0,0,0,1,0,1,1,0,0,0,0,3,33.0,50.0
10449,40.46196,-3.64978,3,2.0,2.0,25.0,100.0,2,0.37,284,50,3312.0,62.061453,9.2,1.0,0,0,0,0,0,1,0,0,0,0,1,0,0,6,25.5,50.0
10450,40.40885,-3.70814,4,2.0,3.0,88.0,0.0,1,0.0,354,200,4503.0,68.043894,0.8,2.0,1,0,0,0,0,1,0,1,1,0,0,0,1,3,36.0,100.0
10451,40.43752,-3.70092,4,2.0,2.0,82.0,97.0,3,0.62,465,200,4855.0,64.056634,2.4,1.0,1,0,0,0,0,1,0,1,1,0,1,0,1,4,33.0,100.0
10452,40.42728,-3.6689,4,2.0,2.0,65.0,90.0,1,0.16,450,200,5328.0,74.694253,2.2,1.0,1,0,0,0,0,1,0,1,1,1,0,0,0,3,33.0,100.0
10453,40.40831,-3.70237,4,2.0,2.0,86.0,92.0,1,0.53,383,200,4503.0,68.043894,0.8,1.0,1,0,0,0,0,1,0,1,0,0,0,0,0,5,33.0,100.0
10454,40.39457,-3.65979,2,5.0,1.0,18.0,96.0,5,0.64,215,50,1890.0,41.443535,5.0,2.0,0,0,0,0,0,1,0,1,1,0,1,0,0,4,21.0,50.0
10455,40.45457,-3.59205,2,1.0,1.0,86.0,95.0,1,1.61,275,200,3047.0,56.183432,11.8,1.0,1,0,0,0,0,1,0,0,0,0,0,0,0,3,18.0,100.0
10456,40.42476,-3.69761,1,1.0,1.0,20.0,99.0,1,0.76,100,50,4503.0,68.043894,0.8,1.0,0,0,0,0,0,1,0,1,0,0,0,0,0,3,10.5,50.0
10457,40.47041,-3.63331,4,3.0,3.0,190.0,90.0,9,1.0,488,200,3312.0,62.061453,9.2,1.5,1,0,0,0,0,1,0,1,1,1,1,0,0,6,34.5,200.0
10458,40.42691,-3.70292,2,0.0,1.0,52.0,81.0,2,0.58,212,50,4503.0,68.043894,0.8,1.0,0,1,1,1,1,1,0,0,1,0,0,0,0,3,18.0,100.0
10459,40.42647,-3.70783,4,1.0,1.0,89.0,93.0,1,1.36,309,200,4503.0,68.043894,0.8,1.0,1,0,0,0,0,1,0,1,0,0,0,0,0,0,33.0,100.0
10461,40.39711,-3.66294,2,5.0,1.0,17.0,96.0,5,1.56,215,50,1890.0,41.443535,5.0,2.0,0,0,0,0,0,1,0,1,1,0,1,0,0,4,21.0,50.0
10463,40.39482,-3.70146,12,2.0,4.0,89.0,92.0,3,0.42,424,50,3917.0,55.025641,1.9,2.0,1,0,0,0,0,1,0,1,1,0,1,0,0,3,96.0,100.0
10464,40.39693,-3.66132,2,5.0,1.0,15.0,91.0,5,1.56,215,50,1890.0,41.443535,5.0,2.0,0,0,0,0,0,1,0,1,1,0,1,0,0,4,21.0,50.0
10465,40.41241,-3.71324,5,2.0,3.0,125.0,93.0,13,1.44,444,200,4503.0,68.043894,0.8,2.0,1,0,0,0,0,1,0,1,1,0,1,0,0,4,43.5,150.0
10466,40.44742,-3.77827,5,3.0,4.0,190.0,0.0,6,0.0,800,200,3555.0,63.451906,5.9,2.0,1,0,0,1,0,1,0,1,1,0,1,0,1,6,43.5,200.0
10467,40.43531,-3.71782,1,1.0,1.0,27.0,96.0,1,1.26,497,50,4855.0,64.056634,2.4,1.0,1,1,1,1,1,1,0,0,1,1,1,1,0,4,10.5,50.0
10468,40.40886,-3.697,4,1.0,3.0,65.0,98.0,4,3.36,482,200,4503.0,68.043894,0.8,1.0,1,0,0,0,0,1,0,1,1,0,1,0,0,9,33.0,100.0
10469,40.441,-3.69753,2,1.0,1.0,46.0,100.0,1,0.13,280,50,4855.0,64.056634,2.4,1.0,0,0,0,0,0,1,0,0,1,0,0,0,0,4,18.0,50.0
10470,40.41496,-3.70625,3,1.0,2.0,50.0,89.0,1,1.45,350,200,4503.0,68.043894,0.8,1.0,1,0,0,0,0,1,0,1,0,0,0,1,0,3,25.5,50.0
10471,40.41124,-3.71291,6,2.0,4.0,127.0,92.0,59,2.35,457,200,4503.0,68.043894,0.8,2.0,1,0,0,0,0,1,0,1,0,1,0,0,0,7,51.0,150.0
10472,40.41922,-3.70509,2,1.0,2.0,35.0,93.0,4,1.19,315,200,4503.0,68.043894,0.8,1.0,1,0,0,0,0,1,0,1,0,0,1,0,0,5,18.0,50.0
10473,40.41314,-3.69707,2,1.0,2.0,81.0,95.0,1,0.33,458,200,4503.0,68.043894,0.8,1.5,1,0,0,0,0,1,0,1,1,1,1,0,0,8,19.5,100.0
10474,40.41588,-3.62397,2,1.0,1.0,60.0,95.0,2,0.62,361,50,2893.0,50.090625,6.5,1.0,1,0,0,0,0,1,1,0,1,0,1,0,0,3,18.0,100.0
10475,40.35666,-3.6912,3,1.0,2.0,30.0,95.0,1,0.78,187,200,1696.0,37.641618,9.0,1.0,1,1,1,1,1,1,0,0,1,0,0,0,0,3,25.5,50.0
10476,40.42446,-3.70305,4,1.0,2.0,38.0,90.0,43,0.13,448,200,4503.0,68.043894,0.8,1.0,1,0,0,1,0,1,0,1,0,1,0,0,0,6,33.0,50.0
10477,40.43963,-3.69865,4,2.0,3.0,95.0,100.0,12,0.04,175,200,4855.0,64.056634,2.4,1.0,1,0,0,0,0,1,0,1,1,0,1,0,0,8,33.0,100.0
10478,40.42589,-3.70712,3,2.0,2.0,60.0,97.0,2,0.54,279,200,4503.0,68.043894,0.8,1.5,1,0,0,0,0,1,0,0,0,0,1,0,0,8,27.0,100.0
10479,40.42503,-3.70078,2,1.0,1.0,59.0,99.0,1,0.58,297,50,4503.0,68.043894,0.8,1.0,0,0,0,0,0,1,0,1,1,0,1,0,0,3,18.0,100.0
10480,40.37174,-3.7704,2,1.0,1.0,58.0,80.0,1,0.04,119,50,2287.0,47.008319,4.7,1.0,0,0,0,0,0,1,1,1,1,0,0,0,0,3,18.0,100.0
10481,40.4068,-3.68508,4,2.0,2.0,91.0,93.0,3,0.33,137,50,4220.0,63.672727,3.2,2.0,1,0,0,0,0,1,0,0,0,0,0,0,0,3,36.0,100.0
10482,40.46769,-3.69861,1,1.0,1.0,19.0,91.0,4,0.65,376,50,3476.0,60.621287,5.9,1.0,0,0,0,0,0,1,0,1,0,0,1,0,0,0,10.5,50.0
10483,40.41654,-3.71123,2,1.0,1.0,181.0,100.0,92,0.06,203,200,4503.0,68.043894,0.8,1.0,1,0,0,0,0,1,0,1,1,0,1,0,0,7,18.0,200.0
10484,40.42271,-3.70621,1,1.0,1.0,50.0,93.0,2,0.99,76,50,4503.0,68.043894,0.8,1.0,0,0,0,0,0,1,0,0,0,0,0,0,0,6,10.5,50.0
10485,40.42967,-3.70838,2,0.0,1.0,40.0,95.0,1,2.93,453,200,4503.0,68.043894,0.8,1.0,1,0,0,0,0,1,0,1,0,0,1,0,0,3,18.0,50.0
10486,40.41239,-3.69728,4,1.0,1.0,74.0,94.0,24,1.31,287,200,4503.0,68.043894,0.8,1.0,1,0,0,0,0,1,0,1,1,0,0,0,0,7,33.0,100.0
10487,40.36623,-3.68902,2,1.0,2.0,100.0,100.0,1,0.05,158,50,2316.0,43.910072,4.6,1.0,1,0,0,0,0,1,0,0,1,0,1,0,0,6,18.0,100.0
10488,40.41456,-3.70282,3,1.0,2.0,79.0,99.0,1,2.35,487,200,4503.0,68.043894,0.8,1.0,1,0,0,0,0,1,0,1,1,1,1,0,0,9,25.5,100.0
10489,40.42443,-3.70299,4,1.0,2.0,90.0,82.0,2,0.57,166,200,4503.0,68.043894,0.8,1.0,1,0,0,0,0,1,0,0,1,0,1,0,0,3,33.0,100.0
10490,40.4096,-3.69887,4,1.0,1.0,87.0,93.0,1,1.12,310,200,4503.0,68.043894,0.8,1.0,1,0,0,0,0,1,0,1,1,0,1,0,0,3,33.0,100.0
10491,40.41766,-3.70999,7,3.0,3.0,216.0,80.0,1,0.25,211,200,4503.0,68.043894,0.8,2.0,1,0,0,0,0,1,0,0,1,0,0,0,0,3,58.5,200.0
10492,40.42325,-3.70694,1,1.0,1.0,30.0,100.0,1,0.21,54,50,4503.0,68.043894,0.8,1.5,1,1,1,1,1,1,1,1,1,1,1,1,1,5,12.0,50.0
10493,40.42513,-3.70267,4,1.0,2.0,120.0,100.0,1,1.02,467,200,4503.0,68.043894,0.8,1.0,1,0,0,0,0,1,0,1,0,0,1,0,0,4,33.0,150.0
10494,40.42422,-3.60528,4,1.0,1.0,79.0,0.0,3,0.0,124,50,2477.0,70.967532,7.3,2.0,1,0,0,0,0,1,0,1,1,0,0,0,0,7,36.0,100.0
10495,40.39601,-3.69699,5,2.0,3.0,100.0,100.0,1,0.45,370,200,3917.0,55.025641,1.9,1.0,1,0,0,0,0,1,0,1,1,0,1,0,0,3,40.5,100.0
10496,40.47344,-3.65102,2,1.0,1.0,20.0,85.0,2,0.94,344,50,3312.0,62.061453,9.2,1.0,0,0,0,0,0,0,0,0,1,0,1,0,0,4,18.0,50.0
10497,40.41246,-3.70963,6,2.0,3.0,99.0,95.0,25,2.96,477,200,4503.0,68.043894,0.8,2.0,1,0,0,1,1,1,0,1,0,1,0,0,1,6,51.0,100.0
10498,40.39343,-3.66756,4,1.0,2.0,40.0,95.0,2,1.82,830,200,1890.0,41.443535,5.0,1.0,1,0,0,0,0,0,0,0,0,0,0,0,0,7,33.0,50.0
10499,40.45044,-3.5823,3,1.0,2.0,26.0,89.0,5,2.3,242,50,3047.0,56.183432,11.8,1.0,0,0,0,0,0,1,0,0,0,0,0,0,0,8,25.5,50.0
10500,40.40678,-3.69937,6,3.0,3.0,110.0,96.0,12,2.03,421,200,4503.0,68.043894,0.8,2.0,1,0,0,0,0,1,0,1,0,1,1,0,0,7,51.0,150.0
10501,40.42022,-3.70172,7,2.0,4.0,80.0,92.0,67,1.69,204,200,4503.0,68.043894,0.8,2.0,1,0,0,0,0,1,0,1,1,0,1,0,0,7,58.5,100.0
10502,40.43787,-3.70982,2,1.0,1.0,100.0,100.0,1,0.05,236,50,4855.0,64.056634,2.4,3.0,0,0,0,0,0,1,0,1,1,0,1,0,0,7,24.0,100.0
10503,40.42596,-3.70588,2,1.0,2.0,30.0,0.0,2,0.0,253,50,4503.0,68.043894,0.8,1.5,1,0,0,0,0,1,0,1,0,0,1,0,0,6,19.5,50.0
10504,40.45519,-3.777,1,1.0,1.0,22.0,97.0,2,2.68,223,50,3555.0,63.451906,5.9,1.0,1,0,0,0,0,1,0,0,0,1,1,0,0,3,10.5,50.0
10506,40.41391,-3.69906,4,2.0,3.0,62.0,100.0,1,0.67,458,200,4503.0,68.043894,0.8,1.0,1,0,0,0,0,1,0,1,0,0,1,0,0,3,33.0,100.0
10507,40.40378,-3.59328,4,1.0,1.0,120.0,100.0,1,0.04,149,200,2246.0,55.472222,11.2,2.0,1,0,0,0,0,1,0,1,1,0,1,0,0,3,36.0,150.0
10508,40.43262,-3.63904,1,1.0,1.0,20.0,87.0,1,0.25,351,50,2893.0,50.090625,6.5,1.5,0,0,0,0,0,1,0,0,1,0,0,0,1,3,12.0,50.0
10509,40.49101,-3.72522,1,1.0,2.0,65.0,100.0,4,0.13,695,50,3545.0,57.198083,16.4,1.0,0,0,0,0,0,1,1,1,1,1,1,0,0,4,10.5,100.0
10510,40.45953,-3.70627,6,3.0,3.0,86.0,97.0,1,0.25,392,200,3476.0,60.621287,5.9,1.0,1,0,0,0,0,1,0,1,0,1,1,0,0,3,48.0,100.0
10511,40.4103,-3.70813,4,2.0,2.0,61.0,95.0,1,1.7,482,200,4503.0,68.043894,0.8,1.5,1,0,0,0,0,1,0,1,0,0,1,0,0,3,34.5,100.0
10512,40.41059,-3.70743,1,1.0,1.0,30.0,0.0,1,0.0,157,50,4503.0,68.043894,0.8,1.0,0,0,0,0,0,1,0,0,0,0,1,0,0,8,10.5,50.0
10513,40.41377,-3.70319,2,1.0,2.0,65.0,94.0,1,0.31,367,200,4503.0,68.043894,0.8,1.0,1,0,0,0,0,1,0,0,0,0,1,0,0,3,18.0,100.0
10514,40.43082,-3.67869,4,1.0,2.0,70.0,0.0,1,0.13,219,200,5328.0,74.694253,2.2,1.5,1,0,0,0,0,1,0,1,1,0,1,0,0,7,34.5,100.0
10515,40.43128,-3.62661,1,1.0,1.0,21.0,95.0,1,0.92,185,50,2477.0,70.967532,7.3,1.0,1,0,0,0,0,1,0,1,0,0,1,0,0,6,10.5,50.0
10516,40.38665,-3.70082,2,1.0,1.0,60.0,98.0,1,0.54,436,200,2316.0,43.910072,4.6,1.5,1,0,0,0,0,1,0,1,0,1,1,0,0,9,19.5,100.0
10517,40.41295,-3.73099,2,1.0,2.0,35.0,96.0,2,1.61,561,50,2287.0,47.008319,4.7,1.0,0,0,0,0,0,1,0,0,0,0,1,0,0,7,18.0,50.0
10518,40.39342,-3.70974,1,1.0,1.0,20.0,100.0,1,0.04,79,50,2195.0,47.402837,6.6,1.0,0,0,0,0,0,1,0,0,0,0,0,0,0,3,10.5,50.0
10519,40.4237,-3.69963,3,2.0,2.0,85.0,0.0,2,0.0,134,200,4503.0,68.043894,0.8,1.0,1,0,0,0,0,1,0,1,0,0,1,0,0,8,25.5,100.0
10520,40.41555,-3.62608,2,1.0,1.0,31.0,100.0,2,0.04,338,50,2893.0,50.090625,6.5,1.0,0,0,0,0,0,1,1,0,1,0,0,0,0,3,18.0,50.0
10521,40.41227,-3.70949,2,1.0,1.0,65.0,95.0,113,0.47,249,200,4503.0,68.043894,0.8,1.0,1,0,0,0,0,1,0,0,1,0,0,0,0,7,18.0,100.0
10522,40.42509,-3.70912,1,1.0,1.0,23.0,55.0,24,0.19,206,50,4503.0,68.043894,0.8,2.0,1,1,1,1,1,1,1,1,1,1,1,1,1,5,13.5,50.0
10523,40.41936,-3.6779,4,1.0,1.0,90.0,93.0,3,0.4,247,200,4220.0,63.672727,3.2,1.5,1,0,0,0,0,1,0,1,0,0,0,0,0,5,34.5,100.0
10525,40.42308,-3.70481,3,1.0,1.0,65.0,100.0,1,0.09,180,200,4503.0,68.043894,0.8,1.0,1,0,0,0,0,1,0,1,1,0,0,0,0,10,25.5,100.0
10526,40.4343,-3.67539,2,1.0,1.0,20.0,90.0,1,0.26,190,50,5328.0,74.694253,2.2,1.0,0,0,0,0,0,1,0,0,0,0,0,0,0,7,18.0,50.0
10527,40.42584,-3.69111,4,1.0,2.0,80.0,93.0,1,2.49,229,200,4855.0,64.056634,2.4,1.0,1,0,0,0,0,1,0,1,1,0,1,0,0,7,33.0,100.0
10528,40.4039,-3.68387,2,1.0,1.0,72.0,100.0,3,0.16,161,50,4220.0,63.672727,3.2,1.5,0,0,0,0,0,1,0,1,1,0,1,0,0,5,19.5,100.0
10529,40.41053,-3.70967,4,2.0,2.0,144.0,91.0,1,1.08,236,200,4503.0,68.043894,0.8,1.5,1,0,0,0,0,1,0,0,0,0,1,0,0,3,34.5,150.0
10530,40.47123,-3.71292,8,3.0,4.0,115.0,91.0,9,0.66,304,200,3545.0,57.198083,16.4,1.0,1,0,0,0,0,1,0,0,1,0,1,0,0,0,63.0,150.0
10531,40.41019,-3.71212,6,3.0,4.0,59.0,77.0,3,0.8,255,200,4503.0,68.043894,0.8,2.0,1,0,0,0,0,1,0,1,0,1,1,0,0,8,51.0,100.0
10532,40.40975,-3.71244,6,3.0,5.0,53.0,82.0,3,1.23,295,200,4503.0,68.043894,0.8,2.0,1,0,0,0,0,1,0,1,0,1,0,0,0,8,51.0,100.0
10533,40.42245,-3.70502,2,1.0,1.0,54.0,84.0,3,0.21,250,50,4503.0,68.043894,0.8,1.0,0,0,0,0,0,1,0,1,1,0,1,0,0,12,18.0,100.0
10534,40.41388,-3.70666,6,2.0,2.0,114.0,93.0,1,0.41,160,200,4503.0,68.043894,0.8,1.0,1,0,0,0,0,1,0,1,0,0,0,0,0,4,48.0,150.0
10535,40.40326,-3.75795,2,1.0,1.0,19.0,93.0,2,0.66,474,50,2287.0,47.008319,4.7,1.0,1,0,0,0,0,1,0,1,0,1,1,0,0,3,18.0,50.0
10536,40.42553,-3.70273,4,2.0,4.0,125.0,0.0,6,0.0,179,200,4503.0,68.043894,0.8,1.5,1,0,0,0,0,1,0,1,1,0,0,0,0,3,34.5,150.0
10537,40.40686,-3.70307,2,1.0,1.0,64.0,0.0,1,0.0,240,50,4503.0,68.043894,0.8,1.0,1,0,0,0,0,1,0,1,1,0,1,0,0,9,18.0,100.0
10538,40.41135,-3.7014,4,2.0,2.0,40.0,0.0,1,0.23,285,200,4503.0,68.043894,0.8,1.0,1,0,0,0,0,1,0,1,1,0,1,0,0,4,33.0,50.0
10539,40.42549,-3.71264,3,1.0,2.0,55.0,99.0,1,0.58,248,50,3555.0,63.451906,5.9,1.0,1,0,0,0,0,1,0,1,1,0,1,0,0,6,25.5,100.0
10540,40.41896,-3.71178,6,2.0,4.0,106.0,80.0,32,0.18,426,200,4503.0,68.043894,0.8,2.0,1,0,0,0,0,1,0,1,1,0,1,0,0,9,51.0,150.0
10541,40.42172,-3.69836,4,2.0,3.0,66.0,97.0,1,2.21,327,200,4503.0,68.043894,0.8,2.0,1,0,0,0,0,1,0,1,0,0,0,0,0,3,36.0,100.0
10542,40.46771,-3.70031,2,1.0,1.0,17.0,96.0,4,0.65,294,50,3476.0,60.621287,5.9,1.0,0,0,0,0,0,1,0,1,0,0,0,0,0,0,18.0,50.0
10543,40.43831,-3.66471,2,0.0,1.0,43.0,96.0,8,3.66,407,200,5328.0,74.694253,2.2,1.0,1,0,0,0,0,1,0,1,0,0,1,0,0,6,18.0,50.0
10544,40.43472,-3.68797,2,1.0,1.0,23.0,0.0,1,0.05,261,50,5328.0,74.694253,2.2,0.0,0,0,0,0,0,1,0,0,0,0,1,0,0,3,15.0,50.0
10545,40.4026,-3.63818,3,1.0,2.0,21.0,93.0,3,0.62,371,50,2547.0,45.581197,5.0,1.0,0,0,0,0,0,1,0,1,0,0,1,0,0,3,25.5,50.0
10546,40.40637,-3.68221,2,1.0,1.0,48.0,93.0,3,0.13,325,50,4220.0,63.672727,3.2,1.5,1,0,0,0,0,1,0,0,1,0,1,0,0,3,19.5,50.0
10547,40.43374,-3.71422,2,1.0,1.0,85.0,96.0,1,0.92,260,200,4855.0,64.056634,2.4,1.0,1,0,0,0,0,1,0,0,1,0,1,0,0,3,18.0,100.0
10548,40.43867,-3.61125,4,3.0,3.0,657.0,0.0,1,0.0,231,200,2477.0,70.967532,7.3,2.0,1,0,0,0,0,1,0,0,1,0,1,0,0,4,36.0,200.0
10549,40.38463,-3.72811,3,1.0,1.0,28.0,0.0,1,0.0,311,50,2195.0,47.402837,6.6,1.0,0,0,0,0,0,1,0,0,0,0,0,0,0,5,25.5,50.0
10550,40.42511,-3.69842,4,2.0,2.0,63.0,80.0,1,0.98,312,200,4503.0,68.043894,0.8,1.0,1,0,0,0,1,1,0,1,0,0,1,0,0,0,33.0,100.0
10551,40.40995,-3.69881,4,3.0,3.0,90.0,0.0,1,0.0,192,200,4503.0,68.043894,0.8,1.0,1,0,0,0,0,1,0,0,0,0,1,0,0,6,33.0,100.0
10553,40.41808,-3.69567,4,1.0,1.0,75.0,82.0,1,0.42,110,200,4503.0,68.043894,0.8,1.5,1,1,1,1,1,1,0,0,1,0,0,0,0,7,34.5,100.0
10554,40.48968,-3.72809,2,0.0,1.0,60.0,0.0,1,0.13,284,50,3545.0,57.198083,16.4,1.0,1,1,1,1,1,1,1,1,1,0,0,0,0,5,18.0,100.0
10555,40.44214,-3.67403,2,1.0,1.0,50.0,100.0,2,0.06,141,50,4508.0,67.220486,5.8,1.0,0,0,0,0,0,1,0,1,1,0,0,0,0,9,18.0,50.0
10556,40.40822,-3.70056,3,1.0,1.0,103.0,83.0,6,0.29,425,200,4503.0,68.043894,0.8,1.5,1,0,0,0,0,1,0,0,0,0,1,0,0,11,27.0,150.0
10557,40.34831,-3.68922,1,1.0,1.0,35.0,1.0,1,0.04,56,50,1696.0,37.641618,9.0,1.0,1,1,1,1,1,1,1,1,1,1,1,1,1,5,10.5,50.0
10559,40.41632,-3.70322,1,1.0,1.0,16.0,1.0,2,1.0,236,50,4503.0,68.043894,0.8,1.0,1,1,1,1,1,1,1,1,1,1,1,1,1,4,10.5,50.0
10560,40.42848,-3.70322,2,1.0,1.0,70.0,100.0,1,0.13,147,50,4503.0,68.043894,0.8,1.0,0,0,0,0,0,1,0,0,1,0,0,0,0,6,18.0,100.0
10562,40.39794,-3.71907,2,1.0,1.0,19.0,100.0,1,0.22,263,50,2195.0,47.402837,6.6,1.0,0,0,0,0,0,1,0,0,0,0,1,0,0,6,18.0,50.0
10563,40.37469,-3.62705,2,1.0,1.0,34.0,90.0,2,1.04,404,50,2382.0,49.659794,11.0,1.5,1,1,1,1,1,1,1,1,1,1,1,1,1,3,19.5,50.0
10564,40.39606,-3.69112,6,2.0,3.0,107.0,89.0,20,0.99,561,200,3917.0,55.025641,1.9,2.0,1,0,0,0,0,1,0,1,1,1,1,0,0,8,51.0,150.0
10565,40.40668,-3.68264,2,1.0,1.0,43.0,100.0,3,0.09,296,50,4220.0,63.672727,3.2,1.5,0,0,0,0,0,1,0,0,0,0,1,0,0,3,19.5,50.0
10566,40.42815,-3.68423,1,1.0,1.0,35.0,80.0,2,0.09,153,50,5328.0,74.694253,2.2,1.0,0,0,0,0,0,1,0,0,1,0,0,0,0,7,10.5,50.0
10567,40.41326,-3.71335,2,0.0,2.0,50.0,93.0,1,1.43,287,50,4503.0,68.043894,0.8,1.0,0,0,0,0,0,1,0,1,0,0,0,0,0,3,18.0,50.0
10568,40.43409,-3.65669,1,1.0,1.0,31.0,100.0,1,0.17,194,50,2893.0,50.090625,6.5,1.0,0,0,0,0,0,1,0,1,1,0,1,0,0,3,10.5,50.0
10569,40.4212,-3.70213,2,1.0,1.0,200.0,100.0,1,0.34,159,200,4503.0,68.043894,0.8,1.0,1,0,0,0,0,1,0,1,0,0,1,0,0,9,18.0,200.0
10570,40.37468,-3.628,2,2.0,1.0,35.0,93.0,2,1.14,153,50,2382.0,49.659794,11.0,1.0,0,0,0,0,0,1,0,0,1,0,0,0,0,3,18.0,50.0
10571,40.42078,-3.71198,2,1.0,1.0,50.0,97.0,2,0.32,427,200,4503.0,68.043894,0.8,1.0,1,0,0,0,0,1,0,1,1,0,1,0,0,8,18.0,50.0
10572,40.46123,-3.65762,4,2.0,6.0,95.0,96.0,1,0.65,668,200,3312.0,62.061453,9.2,2.0,1,0,0,0,0,1,1,1,1,0,1,0,0,8,36.0,100.0
10573,40.42389,-3.62255,2,1.0,1.0,26.0,93.0,1,0.92,373,50,2477.0,70.967532,7.3,1.0,0,0,0,0,0,1,0,0,0,1,1,0,0,6,18.0,50.0
10574,40.38686,-3.71314,1,1.0,1.0,18.0,98.0,1,1.33,312,50,2316.0,43.910072,4.6,1.0,0,0,0,0,0,1,0,0,0,0,1,0,0,3,10.5,50.0
10575,40.41022,-3.71087,4,2.0,2.0,276.0,94.0,1,0.42,307,200,4503.0,68.043894,0.8,2.0,1,0,0,0,0,1,0,1,0,0,1,0,0,3,36.0,200.0
10576,40.42165,-3.7033,4,2.0,2.0,71.0,90.0,2,2.2,256,200,4503.0,68.043894,0.8,1.0,1,0,0,0,0,1,0,1,1,0,0,0,0,3,33.0,100.0
10577,40.43891,-3.71568,7,7.0,7.0,150.0,0.0,2,0.0,141,200,4855.0,64.056634,2.4,3.0,1,0,0,0,0,1,0,0,1,0,1,0,0,10,61.5,150.0
10578,40.41561,-3.69913,6,2.0,3.0,162.0,92.0,1,0.98,343,200,4503.0,68.043894,0.8,2.0,1,0,0,0,0,1,0,1,1,0,1,0,0,3,51.0,200.0
10579,40.36689,-3.68582,1,1.0,1.0,17.0,90.0,1,0.18,402,50,2316.0,43.910072,4.6,1.0,1,0,0,0,0,1,0,0,1,0,1,0,0,3,10.5,50.0
10580,40.44392,-3.67609,2,1.0,2.0,69.0,80.0,2,0.09,224,50,4508.0,67.220486,5.8,1.0,0,0,0,0,0,1,0,1,1,0,1,0,0,10,18.0,100.0
10582,40.37442,-3.77455,2,1.0,1.0,31.0,98.0,1,1.17,428,50,2287.0,47.008319,4.7,1.0,0,0,0,0,0,1,0,0,1,1,1,0,0,5,18.0,50.0
10583,40.40921,-3.70041,2,1.0,2.0,80.0,90.0,1,0.09,224,200,4503.0,68.043894,0.8,1.0,1,0,0,0,0,1,0,0,0,0,1,0,0,10,18.0,100.0
10584,40.45005,-3.69782,6,3.0,3.0,298.0,100.0,2,0.13,367,200,3476.0,60.621287,5.9,2.5,1,0,0,0,0,1,0,1,1,0,1,0,0,5,52.5,200.0
10585,40.45049,-3.69776,2,1.0,2.0,132.0,100.0,2,0.05,299,50,3476.0,60.621287,5.9,1.0,1,1,1,1,1,1,0,1,1,0,1,0,0,5,18.0,150.0
10586,40.41131,-3.71089,3,1.0,2.0,49.0,99.0,1,2.46,1044,200,4503.0,68.043894,0.8,1.0,1,0,0,0,0,0,0,1,0,0,0,1,0,3,25.5,50.0
10587,40.4176,-3.67479,6,3.0,5.0,166.0,95.0,1,0.22,440,200,4220.0,63.672727,3.2,2.0,1,0,0,0,0,1,0,1,1,0,1,0,0,3,51.0,200.0
10588,40.46461,-3.70493,1,1.0,1.0,60.0,100.0,1,0.09,391,50,3476.0,60.621287,5.9,1.0,0,0,0,0,0,1,0,1,1,1,1,0,0,5,10.5,100.0
10589,40.4303,-3.67183,1,1.0,1.0,25.0,0.0,1,0.04,99,50,5328.0,74.694253,2.2,1.5,0,0,0,0,0,1,0,0,0,0,0,0,0,6,12.0,50.0
10590,40.41188,-3.72503,2,1.0,1.0,36.0,0.0,1,0.0,497,50,2287.0,47.008319,4.7,1.5,0,1,1,1,1,1,0,1,0,0,1,0,1,3,19.5,50.0
10591,40.43216,-3.6542,2,0.0,1.0,26.0,97.0,1,0.29,240,50,2893.0,50.090625,6.5,1.0,0,0,0,0,0,1,0,0,0,1,0,0,0,3,18.0,50.0
10592,40.42917,-3.69468,4,2.0,2.0,235.0,0.0,6,0.0,144,200,4855.0,64.056634,2.4,2.0,1,0,0,0,0,0,0,1,1,0,0,0,0,3,36.0,200.0
10593,40.38115,-3.72762,1,1.0,2.0,40.0,0.0,2,0.08,119,50,2195.0,47.402837,6.6,1.0,0,0,0,0,0,1,0,0,1,0,0,0,0,3,10.5,50.0
10594,40.39323,-3.67028,1,2.0,2.0,15.0,100.0,2,0.21,476,50,1890.0,41.443535,5.0,1.0,0,0,0,0,0,1,0,0,0,1,1,0,1,4,10.5,50.0
10595,40.45982,-3.69829,2,1.0,1.0,50.0,0.0,2,0.0,261,50,3476.0,60.621287,5.9,1.0,0,0,0,0,0,1,0,1,1,0,1,0,0,0,18.0,50.0
10596,40.42848,-3.65816,3,1.0,2.0,27.0,98.0,1,0.77,707,50,2893.0,50.090625,6.5,2.0,0,0,0,0,0,1,0,0,1,1,1,0,1,5,28.5,50.0
10597,40.45967,-3.69837,1,1.0,1.0,29.0,100.0,2,0.31,184,50,3476.0,60.621287,5.9,1.0,0,0,0,0,0,1,0,0,1,0,1,0,0,0,10.5,50.0
10598,40.45795,-3.70667,1,1.0,1.0,37.0,100.0,1,0.13,160,50,3476.0,60.621287,5.9,1.0,0,0,0,0,0,1,0,0,1,0,1,0,0,3,10.5,50.0
10599,40.43442,-3.60787,2,1.0,2.0,52.0,96.0,1,0.63,457,50,2477.0,70.967532,7.3,1.0,1,0,0,1,0,1,1,1,1,0,0,0,0,3,18.0,100.0
10600,40.42327,-3.70377,2,1.0,1.0,50.0,100.0,1,0.13,130,50,4503.0,68.043894,0.8,1.5,0,0,0,0,0,1,0,0,1,0,1,0,0,6,19.5,50.0
10601,40.44185,-3.63321,2,1.0,1.0,350.0,0.0,1,0.0,280,50,2477.0,70.967532,7.3,1.0,0,0,0,0,0,1,0,0,1,0,0,0,0,6,18.0,200.0
10602,40.42506,-3.66855,4,1.0,2.0,55.0,98.0,1,0.99,346,200,5328.0,74.694253,2.2,1.0,1,0,0,0,0,0,0,1,1,1,0,0,0,5,33.0,100.0
10603,40.44487,-3.6956,6,3.0,4.0,1200.0,0.0,1,0.0,129,200,4855.0,64.056634,2.4,1.0,1,0,0,0,0,1,0,0,1,0,0,0,0,6,48.0,200.0
10604,40.41351,-3.70562,1,1.0,1.0,100.0,0.0,1,0.0,124,50,4503.0,68.043894,0.8,1.0,1,0,0,0,0,1,0,0,0,0,0,0,0,3,10.5,100.0
10605,40.42435,-3.70459,6,2.0,3.0,116.0,99.0,2,1.69,367,200,4503.0,68.043894,0.8,2.0,1,0,0,0,0,1,0,1,1,0,1,0,0,3,51.0,150.0
10606,40.39086,-3.70675,2,1.0,1.0,31.0,95.0,1,0.21,305,50,2316.0,43.910072,4.6,1.0,0,1,1,1,1,1,0,1,0,0,1,0,0,7,18.0,50.0
10607,40.41259,-3.69671,4,0.0,2.0,62.0,97.0,15,6.26,457,200,4503.0,68.043894,0.8,1.0,1,0,0,0,0,1,0,1,0,1,1,0,0,9,33.0,100.0
10608,40.38971,-3.66145,8,3.0,4.0,49.0,88.0,9,2.12,566,200,1890.0,41.443535,5.0,1.5,1,0,0,0,0,1,0,1,1,1,1,0,0,7,64.5,50.0
10609,40.42805,-3.70249,3,0.0,1.0,44.0,92.0,3,2.18,408,200,4503.0,68.043894,0.8,1.0,1,0,0,0,0,1,0,1,0,0,1,0,0,3,25.5,50.0
10610,40.42253,-3.69838,2,1.0,1.0,62.0,97.0,1,2.68,381,200,4503.0,68.043894,0.8,1.0,1,0,0,0,0,1,0,1,0,1,0,0,0,3,18.0,100.0
10611,40.43335,-3.71646,1,8.0,1.0,35.0,85.0,19,0.46,420,50,4855.0,64.056634,2.4,0.0,0,0,0,0,0,1,0,1,1,1,1,0,0,6,7.5,50.0
10612,40.41845,-3.70861,4,2.0,2.0,199.0,100.0,2,0.13,261,200,4503.0,68.043894,0.8,1.0,1,0,0,0,0,1,0,1,1,0,1,0,0,3,33.0,200.0
10613,40.41993,-3.69732,4,2.0,2.0,120.0,85.0,15,0.6,625,200,4503.0,68.043894,0.8,2.0,1,0,0,0,0,1,0,1,1,0,1,0,0,6,36.0,150.0
10614,40.41373,-3.69653,4,1.0,1.0,44.0,96.0,1,3.39,293,200,4503.0,68.043894,0.8,1.0,1,0,0,0,0,1,0,1,1,0,0,0,0,3,33.0,50.0
10615,40.38481,-3.70544,2,1.0,2.0,41.0,93.0,5,0.13,221,50,2316.0,43.910072,4.6,11.0,1,0,0,0,0,1,0,1,1,0,0,0,0,5,48.0,50.0
10616,40.40461,-3.6951,5,2.0,4.0,45.0,98.0,1,0.74,458,200,3917.0,55.025641,1.9,1.0,1,0,0,0,0,1,0,1,1,0,1,0,0,7,40.5,50.0
10617,40.41124,-3.71291,7,3.0,4.0,124.0,89.0,59,1.69,447,200,4503.0,68.043894,0.8,2.0,1,0,0,0,0,1,0,1,1,0,1,0,0,7,58.5,150.0
10618,40.41952,-3.71035,2,1.0,1.0,50.0,0.0,4,0.0,206,50,4503.0,68.043894,0.8,1.0,0,1,1,1,1,1,0,1,1,0,0,0,0,6,18.0,50.0
10619,40.3844,-3.70315,2,0.0,1.0,42.0,96.0,21,0.42,449,200,2316.0,43.910072,4.6,1.0,1,0,0,0,0,1,0,1,1,0,1,0,0,7,18.0,50.0
10620,40.42164,-3.70019,3,1.0,2.0,86.0,100.0,1,0.17,454,200,4503.0,68.043894,0.8,1.0,1,0,0,0,0,1,0,1,1,0,1,0,0,0,25.5,100.0
10621,40.4543,-3.70421,2,1.0,1.0,15.0,84.0,3,0.26,356,50,3476.0,60.621287,5.9,1.0,1,0,0,0,0,1,0,0,0,0,1,0,0,12,18.0,50.0
10622,40.40889,-3.71391,2,1.0,1.0,59.0,93.0,1,1.0,388,200,4503.0,68.043894,0.8,1.5,1,0,0,0,0,1,0,1,1,1,1,0,0,4,19.5,100.0
10623,40.41161,-3.71403,6,3.0,3.0,264.0,97.0,8,0.3,503,200,4503.0,68.043894,0.8,3.0,1,0,0,0,0,1,0,1,1,0,1,1,0,8,54.0,200.0
10624,40.38481,-3.70544,1,1.0,1.0,31.0,93.0,5,0.13,501,50,2316.0,43.910072,4.6,11.0,0,0,0,0,0,1,0,0,1,1,1,0,0,5,40.5,50.0
10625,40.38481,-3.70544,1,1.0,1.0,36.0,100.0,5,0.13,378,50,2316.0,43.910072,4.6,11.0,0,0,0,0,0,1,0,1,1,1,0,0,0,5,40.5,50.0
10626,40.41295,-3.70718,4,1.0,2.0,50.0,89.0,9,1.05,318,200,4503.0,68.043894,0.8,1.0,1,0,0,0,0,1,0,1,1,0,1,0,0,0,33.0,50.0
10627,40.40232,-3.69168,7,2.0,4.0,107.0,98.0,20,1.5,564,200,3917.0,55.025641,1.9,2.0,1,0,0,0,0,1,0,1,1,1,1,0,0,8,58.5,150.0
10628,40.39335,-3.6692,2,1.0,1.0,20.0,92.0,1,0.93,307,50,1890.0,41.443535,5.0,1.0,0,0,0,0,0,1,0,1,0,1,0,0,0,3,18.0,50.0
10629,40.42415,-3.69741,4,2.0,2.0,88.0,98.0,2,0.38,244,200,4503.0,68.043894,0.8,1.0,1,0,0,0,0,1,0,0,1,0,1,0,0,10,33.0,100.0
10630,40.39175,-3.74076,2,1.0,1.0,38.0,0.0,1,0.04,171,50,2195.0,47.402837,6.6,1.0,1,0,0,0,0,1,0,0,0,0,0,0,0,3,18.0,50.0
10631,40.42339,-3.69931,2,1.0,2.0,58.0,92.0,10,0.22,175,200,4503.0,68.043894,0.8,1.0,1,0,0,0,0,1,0,1,1,0,1,0,0,4,18.0,100.0
10633,40.43208,-3.67631,2,1.0,1.0,53.0,100.0,1,0.18,153,50,5328.0,74.694253,2.2,1.0,0,0,0,0,0,0,0,0,1,0,1,0,0,3,18.0,100.0
10634,40.4929,-3.66576,1,1.0,1.0,25.0,96.0,1,0.82,293,50,3312.0,62.061453,9.2,1.0,1,1,1,1,1,1,1,1,1,1,1,1,1,3,10.5,50.0
10635,40.42333,-3.70344,4,1.0,1.0,98.0,95.0,4,0.63,664,200,4503.0,68.043894,0.8,1.5,1,0,0,0,0,1,0,1,0,1,1,0,0,7,34.5,100.0
10636,40.45145,-3.69526,2,1.0,1.0,75.0,89.0,12,0.73,366,200,3476.0,60.621287,5.9,1.0,1,0,0,0,0,1,0,0,0,0,1,0,0,7,18.0,100.0
10637,40.40131,-3.65591,1,1.0,1.0,20.0,98.0,3,3.9,673,50,1890.0,41.443535,5.0,1.5,0,0,0,0,0,1,0,0,1,0,0,1,0,3,12.0,50.0
10638,40.43662,-3.68358,6,3.0,4.0,102.0,96.0,3,1.15,381,200,5328.0,74.694253,2.2,2.0,1,0,0,0,0,1,0,1,1,0,0,0,0,7,51.0,150.0
10639,40.42901,-3.70363,4,1.0,3.0,112.0,98.0,1,1.13,428,200,4503.0,68.043894,0.8,1.0,1,0,0,0,0,1,0,0,1,1,1,0,0,3,33.0,150.0
10640,40.48561,-3.63497,9,5.0,7.0,300.0,93.0,1,0.55,381,200,3312.0,62.061453,9.2,3.5,1,0,0,0,0,1,0,1,0,0,1,0,0,4,78.0,200.0
10641,40.43717,-3.68436,2,1.0,1.0,45.0,91.0,1,0.39,207,200,5328.0,74.694253,2.2,1.0,1,0,0,0,0,1,0,0,1,0,1,0,0,3,18.0,50.0
10642,40.41083,-3.69331,2,1.0,1.0,68.0,0.0,1,0.0,174,200,4503.0,68.043894,0.8,1.0,1,0,0,0,0,1,0,1,0,0,0,0,0,6,18.0,100.0
10643,40.43257,-3.63831,1,1.0,1.0,21.0,86.0,1,0.3,427,50,2893.0,50.090625,6.5,1.0,0,0,0,0,0,1,0,1,0,0,0,0,0,7,10.5,50.0
10644,40.37414,-3.66871,1,1.0,1.0,25.0,100.0,1,0.13,295,50,1890.0,41.443535,5.0,1.5,0,0,0,0,0,0,0,0,0,0,1,0,0,6,12.0,50.0
10645,40.41996,-3.69887,6,1.0,3.0,100.0,93.0,1,0.13,291,200,4503.0,68.043894,0.8,2.0,1,0,0,0,0,1,0,1,1,0,0,0,0,8,51.0,100.0
10646,40.40539,-3.74717,1,1.0,1.0,30.0,0.0,1,0.04,56,50,2287.0,47.008319,4.7,1.0,0,1,1,1,1,1,0,0,0,0,0,0,0,3,10.5,50.0
10647,40.4117,-3.69775,2,1.0,1.0,71.0,99.0,1,1.07,389,200,4503.0,68.043894,0.8,1.5,1,0,0,0,0,1,0,0,1,0,1,0,0,7,19.5,100.0
10648,40.38942,-3.68981,5,2.0,4.0,79.0,94.0,18,1.18,186,200,3917.0,55.025641,1.9,1.0,1,0,0,0,0,1,0,0,1,0,1,0,0,9,40.5,100.0
10649,40.40863,-3.69879,5,2.0,3.0,188.0,90.0,1,0.73,318,200,4503.0,68.043894,0.8,1.0,1,0,0,0,0,1,0,1,1,0,1,0,0,3,40.5,200.0
10650,40.44443,-3.58635,5,3.0,4.0,85.0,86.0,1,0.81,443,200,2477.0,70.967532,7.3,2.5,1,0,0,1,0,1,1,1,1,0,1,0,1,3,45.0,100.0
10651,40.44512,-3.58262,4,1.0,2.0,50.0,90.0,3,4.62,451,200,2477.0,70.967532,7.3,1.0,1,0,0,0,0,1,1,1,1,0,1,0,0,6,33.0,50.0
10652,40.38267,-3.66542,1,1.0,1.0,23.0,0.0,7,0.0,191,50,1890.0,41.443535,5.0,1.0,0,0,0,0,0,0,0,0,0,0,1,0,0,11,10.5,50.0
10653,40.44799,-3.61047,2,1.0,2.0,40.0,87.0,1,0.13,297,50,2477.0,70.967532,7.3,1.0,0,0,0,0,0,1,1,0,0,0,0,0,0,11,18.0,50.0
10654,40.42179,-3.70396,3,1.0,2.0,93.0,99.0,4,1.69,635,200,4503.0,68.043894,0.8,1.0,1,0,0,0,0,1,0,1,0,1,1,1,0,4,25.5,100.0
10655,40.46992,-3.58632,5,2.0,3.0,154.0,90.0,25,0.85,409,200,3047.0,56.183432,11.8,1.0,1,0,0,0,0,1,0,1,0,0,1,0,0,3,40.5,200.0
10656,40.36958,-3.75077,2,1.0,1.0,45.0,0.0,1,0.04,117,50,2195.0,47.402837,6.6,1.0,1,1,1,1,1,1,0,0,1,0,1,0,0,3,18.0,50.0
10657,40.37009,-3.74843,6,2.0,5.0,49.0,92.0,2,1.66,642,200,2195.0,47.402837,6.6,2.0,1,0,0,0,0,1,0,1,0,1,1,1,0,4,51.0,50.0
10658,40.42265,-3.705,2,0.0,1.0,45.0,100.0,3,0.04,33,50,4503.0,68.043894,0.8,1.0,0,0,0,0,0,0,0,0,1,0,0,0,0,12,18.0,50.0
10659,40.40229,-3.70455,5,2.0,3.0,72.0,98.0,3,0.39,234,200,3917.0,55.025641,1.9,1.0,1,0,0,0,0,1,0,1,1,0,0,0,0,3,40.5,100.0
10660,40.40804,-3.71403,1,1.0,1.0,25.0,100.0,3,0.04,173,50,4503.0,68.043894,0.8,1.0,0,0,0,0,0,1,0,0,1,0,1,0,0,9,10.5,50.0
10661,40.40416,-3.69791,1,0.0,1.0,20.0,100.0,4,0.08,194,50,3917.0,55.025641,1.9,1.0,0,0,0,0,0,1,0,1,0,0,1,0,0,9,10.5,50.0
10662,40.46987,-3.69,1,0.0,1.0,70.0,0.0,1,0.08,170,50,3476.0,60.621287,5.9,1.0,1,1,1,1,1,1,0,1,1,0,0,0,0,5,10.5,100.0
10663,40.47216,-3.57768,2,1.0,1.0,20.0,93.0,5,8.57,407,50,3047.0,56.183432,11.8,1.0,0,0,0,0,0,1,0,0,0,0,1,0,1,8,18.0,50.0
10664,40.42669,-3.66726,2,1.0,1.0,30.0,88.0,1,0.34,181,50,5328.0,74.694253,2.2,1.0,0,0,0,0,0,1,0,0,1,0,0,0,0,4,18.0,50.0
10665,40.4805,-3.66411,1,1.0,1.0,35.0,93.0,2,0.16,235,50,2893.0,50.090625,6.5,2.0,0,0,0,0,0,1,1,0,1,0,1,0,0,3,13.5,50.0
10666,40.46745,-3.63022,1,1.0,1.0,25.0,96.0,2,0.42,176,50,3312.0,62.061453,9.2,1.5,0,0,0,0,0,1,0,1,0,0,0,0,0,0,12.0,50.0
10667,40.482,-3.66396,1,1.0,1.0,30.0,100.0,2,0.16,164,50,2893.0,50.090625,6.5,1.0,1,1,1,1,1,1,1,1,1,1,1,1,1,3,10.5,50.0
10668,40.44082,-3.66338,4,2.0,2.0,200.0,100.0,1,0.09,364,200,5328.0,74.694253,2.2,2.0,1,0,0,0,0,1,0,1,1,0,1,0,0,3,36.0,200.0
10669,40.38471,-3.73066,2,1.0,1.0,51.0,0.0,1,0.0,181,50,2195.0,47.402837,6.6,1.0,1,0,0,0,0,1,0,0,0,0,0,0,0,3,18.0,100.0
10670,40.44556,-3.61267,2,1.0,1.0,200.0,0.0,1,0.0,163,50,2477.0,70.967532,7.3,2.0,0,0,0,0,0,1,0,1,1,0,0,0,0,6,21.0,200.0
10671,40.37079,-3.73813,2,1.0,1.0,40.0,100.0,3,0.64,579,50,2195.0,47.402837,6.6,2.0,1,0,0,0,0,1,0,1,1,0,1,0,0,3,21.0,50.0
10672,40.40813,-3.69893,2,1.0,1.0,34.0,91.0,1,1.12,388,50,4503.0,68.043894,0.8,1.0,0,0,0,0,0,1,0,1,0,1,1,0,0,4,18.0,50.0
10673,40.46833,-3.6573,4,1.0,2.0,33.0,98.0,2,4.0,523,200,3312.0,62.061453,9.2,1.0,1,0,0,0,0,1,0,1,1,0,1,0,0,3,33.0,50.0
10674,40.38124,-3.77453,2,0.0,2.0,100.0,0.0,2,0.0,223,50,2287.0,47.008319,4.7,1.0,0,1,1,1,1,1,0,1,1,0,1,0,0,3,18.0,100.0
10675,40.46754,-3.65517,4,1.0,2.0,30.0,99.0,2,4.26,487,200,3312.0,62.061453,9.2,1.0,1,0,0,0,0,1,0,1,1,0,1,0,1,3,33.0,50.0
10676,40.44083,-3.6102,2,1.0,1.0,16.0,97.0,1,0.88,405,50,2477.0,70.967532,7.3,1.0,0,0,0,0,0,1,0,1,0,0,1,0,1,0,18.0,50.0
10677,40.42923,-3.61234,4,2.0,2.0,200.0,0.0,1,0.0,514,200,2477.0,70.967532,7.3,2.0,1,0,0,0,1,1,0,0,1,1,1,0,0,6,36.0,200.0
10678,40.40846,-3.69319,2,1.0,1.0,25.0,88.0,1,0.21,233,50,4503.0,68.043894,0.8,1.0,0,0,0,0,0,1,0,1,1,0,1,0,0,5,18.0,50.0
10679,40.42149,-3.6836,3,1.0,3.0,62.0,83.0,88,1.98,232,200,5328.0,74.694253,2.2,1.0,1,0,0,0,0,1,0,1,1,0,0,0,0,6,25.5,100.0
10680,40.41209,-3.69353,4,1.0,1.0,63.0,88.0,1,0.5,498,200,4503.0,68.043894,0.8,1.5,1,0,0,0,0,1,0,0,0,1,0,0,1,6,34.5,100.0
10681,40.38807,-3.70093,1,1.0,1.0,28.0,100.0,4,0.21,247,50,2316.0,43.910072,4.6,1.0,0,0,0,0,0,1,0,0,1,0,0,0,0,5,10.5,50.0
10682,40.42151,-3.70929,6,3.0,5.0,88.0,91.0,1,0.94,503,200,4503.0,68.043894,0.8,2.0,1,0,0,0,0,1,0,1,1,1,1,0,0,3,51.0,100.0
10683,40.4418,-3.69621,4,1.0,2.0,123.0,100.0,1,0.13,334,200,4855.0,64.056634,2.4,1.0,1,0,0,0,0,1,0,1,1,0,0,0,0,3,33.0,150.0
10684,40.46249,-3.68425,1,1.0,1.0,40.0,100.0,1,0.18,302,50,4508.0,67.220486,5.8,1.0,0,1,1,1,1,1,1,1,1,1,1,0,0,7,10.5,50.0
10685,40.45384,-3.6669,5,3.0,4.0,182.0,88.0,1,0.52,295,200,4508.0,67.220486,5.8,2.0,1,0,0,0,0,1,0,0,0,0,1,0,0,3,43.5,200.0
10686,40.43132,-3.65066,2,1.0,1.0,329.0,0.0,2,0.0,169,50,2893.0,50.090625,6.5,1.0,0,0,0,0,0,1,0,0,0,0,0,0,0,7,18.0,200.0
10687,40.39698,-3.65363,3,3.0,2.0,43.0,0.0,3,0.0,161,200,1890.0,41.443535,5.0,1.0,1,0,0,0,1,0,0,0,0,0,0,0,0,7,25.5,50.0
10688,40.39297,-3.69335,3,2.0,3.0,25.0,85.0,1,0.59,116,50,3917.0,55.025641,1.9,2.0,0,0,0,0,0,1,0,0,1,0,0,0,0,10,28.5,50.0
10689,40.43163,-3.71001,1,1.0,1.0,36.0,0.0,19,0.0,285,50,4855.0,64.056634,2.4,5.0,0,0,0,0,0,1,0,1,1,0,1,0,0,6,22.5,50.0
10690,40.43089,-3.70955,1,1.0,1.0,29.0,0.0,19,0.0,285,50,4855.0,64.056634,2.4,4.0,0,0,0,0,0,1,0,1,1,0,1,0,0,6,19.5,50.0
10691,40.39257,-3.74395,1,1.0,1.0,47.0,0.0,1,0.0,203,50,2287.0,47.008319,4.7,1.0,1,0,0,0,0,1,0,0,0,0,0,0,0,3,10.5,50.0
10692,40.40505,-3.67423,4,2.0,3.0,75.0,20.0,2,0.06,123,200,4220.0,63.672727,3.2,1.0,1,0,0,0,0,1,0,0,1,0,0,0,0,6,33.0,100.0
10693,40.41465,-3.71457,7,3.0,4.0,183.0,100.0,1,0.23,133,200,4503.0,68.043894,0.8,2.0,1,0,0,0,0,1,0,1,1,0,0,0,0,7,58.5,200.0
10694,40.42519,-3.70648,1,1.0,1.0,30.0,90.0,1,0.13,158,50,4503.0,68.043894,0.8,1.0,1,0,0,0,0,1,0,1,0,0,0,0,0,6,10.5,50.0
10695,40.40918,-3.69984,2,1.0,1.0,126.0,100.0,1,0.49,465,200,4503.0,68.043894,0.8,1.0,1,0,0,0,0,1,0,1,1,0,1,0,0,7,18.0,150.0
10696,40.45963,-3.64497,5,3.0,3.0,120.0,98.0,1,1.9,590,200,3312.0,62.061453,9.2,2.0,1,0,0,0,0,1,0,1,0,0,1,0,0,3,43.5,150.0
10697,40.41794,-3.7101,8,3.0,6.0,765.0,80.0,24,0.06,171,200,4503.0,68.043894,0.8,3.0,1,0,0,0,0,1,0,1,1,0,0,0,0,5,69.0,200.0
10698,40.41029,-3.70265,2,1.0,1.0,50.0,98.0,7,5.45,568,200,4503.0,68.043894,0.8,1.0,1,0,0,0,0,1,0,1,1,1,1,1,0,6,18.0,50.0
10699,40.40858,-3.70089,2,1.0,1.0,53.0,97.0,7,6.86,608,200,4503.0,68.043894,0.8,1.0,1,0,0,0,0,1,0,1,1,1,1,0,0,6,18.0,100.0
10700,40.40971,-3.70446,6,2.0,3.0,79.0,88.0,1,0.56,274,200,4503.0,68.043894,0.8,1.0,1,0,0,0,0,1,0,1,1,0,0,0,0,3,48.0,100.0
10701,40.41239,-3.69548,7,2.0,5.0,109.0,87.0,1,0.13,154,200,4503.0,68.043894,0.8,1.0,1,0,0,0,0,1,0,0,0,0,1,0,0,3,55.5,150.0
10702,40.38841,-3.74259,2,1.0,1.0,49.0,0.0,1,0.05,232,50,2195.0,47.402837,6.6,1.0,0,0,0,0,0,1,0,0,0,0,1,0,0,3,18.0,50.0
10703,40.37349,-3.76767,1,1.0,1.0,33.0,100.0,1,0.09,131,50,2287.0,47.008319,4.7,1.0,0,0,0,0,0,1,0,1,0,0,1,0,0,3,10.5,50.0
10704,40.40075,-3.69332,4,1.0,2.0,84.0,99.0,20,0.61,527,200,3917.0,55.025641,1.9,1.0,1,0,0,0,0,1,0,1,1,1,1,0,1,8,33.0,100.0
10705,40.43147,-3.71005,2,1.0,2.0,33.0,0.0,6,0.0,296,50,4855.0,64.056634,2.4,5.0,0,0,0,0,0,1,0,1,1,0,1,0,0,5,30.0,50.0
10706,40.42616,-3.69964,2,1.0,1.0,155.0,93.0,2,0.4,88,200,4503.0,68.043894,0.8,1.0,1,0,0,0,0,1,0,0,1,0,0,0,0,8,18.0,200.0
10707,40.43316,-3.64771,2,1.0,1.0,30.0,73.0,24,0.14,191,50,2893.0,50.090625,6.5,3.0,0,0,0,0,0,1,0,1,0,0,1,0,0,5,24.0,50.0
10708,40.38436,-3.67025,2,1.0,2.0,30.0,95.0,1,0.5,312,50,1890.0,41.443535,5.0,1.5,1,0,0,0,0,1,0,0,0,1,1,0,0,8,19.5,50.0
10709,40.43465,-3.64759,2,1.0,1.0,35.0,85.0,24,0.17,191,50,2893.0,50.090625,6.5,3.0,1,0,0,0,0,1,0,1,0,0,1,0,0,5,24.0,50.0
10711,40.41171,-3.70715,4,2.0,3.0,45.0,87.0,38,3.22,281,200,4503.0,68.043894,0.8,2.0,1,0,0,0,0,1,0,1,0,0,0,0,0,9,36.0,50.0
10712,40.38961,-3.7067,1,0.0,1.0,30.0,100.0,1,0.04,153,50,2316.0,43.910072,4.6,1.0,0,1,1,1,1,1,0,0,0,0,1,0,0,3,10.5,50.0
10713,40.40957,-3.67139,1,1.0,1.0,250.0,100.0,1,0.04,220,50,4220.0,63.672727,3.2,1.0,1,0,0,0,0,1,0,0,1,0,0,0,0,6,10.5,200.0
10714,40.42898,-3.71834,1,1.0,1.0,20.0,91.0,3,0.3,154,50,3555.0,63.451906,5.9,1.0,0,0,0,0,0,1,0,0,1,0,1,0,0,8,10.5,50.0
10715,40.42583,-3.67082,2,1.0,1.0,95.0,100.0,1,0.04,124,50,5328.0,74.694253,2.2,1.0,1,0,0,0,0,1,0,0,1,0,0,0,0,3,18.0,100.0
10716,40.41096,-3.71032,2,1.0,1.0,26.0,97.0,6,0.81,284,50,4503.0,68.043894,0.8,1.0,0,0,0,0,0,1,0,0,1,0,0,0,0,3,18.0,50.0
10717,40.45855,-3.78251,4,2.0,2.0,120.0,95.0,1,0.4,315,200,3555.0,63.451906,5.9,1.0,1,1,1,1,1,1,0,1,0,0,1,0,0,7,33.0,150.0
10718,40.43324,-3.65145,16,8.0,14.0,200.0,100.0,11,0.25,714,200,2893.0,50.090625,6.5,4.0,1,0,0,0,0,1,0,1,0,1,1,0,0,9,132.0,200.0
10719,40.41225,-3.71525,2,0.0,1.0,500.0,0.0,1,0.0,178,200,4503.0,68.043894,0.8,1.0,1,1,1,1,1,1,0,1,1,0,0,0,0,7,18.0,200.0
10720,40.42745,-3.69996,2,1.0,2.0,32.0,89.0,15,0.52,207,50,4503.0,68.043894,0.8,1.0,1,0,0,0,0,1,0,1,0,0,0,0,0,3,18.0,50.0
10721,40.43111,-3.67376,2,1.0,1.0,46.0,100.0,1,0.21,117,50,5328.0,74.694253,2.2,1.0,0,0,0,0,0,1,0,1,1,0,0,0,0,8,18.0,50.0
10722,40.41277,-3.71156,4,2.0,3.0,134.0,84.0,38,1.42,315,200,4503.0,68.043894,0.8,2.0,1,0,0,0,0,1,0,1,0,0,0,0,0,9,36.0,150.0
10723,40.39299,-3.66846,4,1.0,2.0,48.0,95.0,8,2.11,554,200,1890.0,41.443535,5.0,1.0,1,0,0,0,0,1,0,1,1,1,1,0,0,3,33.0,50.0
10724,40.39833,-3.70113,1,2.0,2.0,17.0,0.0,1,0.04,251,50,3917.0,55.025641,1.9,1.0,0,0,0,0,0,1,0,1,1,0,1,0,0,5,10.5,50.0
10725,40.40284,-3.67669,6,2.0,3.0,109.0,97.0,1,0.26,402,200,4220.0,63.672727,3.2,1.0,1,0,0,0,0,1,0,1,1,1,1,0,0,5,48.0,150.0
10726,40.43024,-3.71143,2,1.0,1.0,45.0,0.0,1,0.0,132,200,4855.0,64.056634,2.4,1.0,1,1,1,1,1,1,0,1,0,0,1,0,0,7,18.0,50.0
10727,40.40796,-3.70356,4,1.0,3.0,49.0,90.0,2,4.55,394,200,4503.0,68.043894,0.8,1.0,1,0,0,0,0,0,0,0,0,0,1,0,0,3,33.0,50.0
10728,40.4162,-3.70539,1,1.0,1.0,27.0,0.0,1,0.0,208,50,4503.0,68.043894,0.8,1.0,1,0,0,0,0,1,0,0,1,0,0,0,0,5,10.5,50.0
10729,40.3595,-3.76237,1,1.0,1.0,43.0,0.0,2,0.04,70,50,2195.0,47.402837,6.6,1.0,0,1,1,1,1,1,0,0,0,0,0,0,0,7,10.5,50.0
10730,40.42191,-3.61333,1,1.0,1.0,100.0,100.0,1,0.04,100,50,2477.0,70.967532,7.3,1.0,0,0,0,0,0,1,0,0,1,0,1,0,0,8,10.5,100.0
10731,40.39604,-3.70905,4,2.0,2.0,599.0,100.0,1,0.04,103,200,2195.0,47.402837,6.6,1.0,1,0,0,0,0,1,0,1,1,0,0,0,0,7,33.0,200.0
10732,40.40259,-3.74557,1,2.0,1.0,25.0,100.0,1,0.04,149,50,2287.0,47.008319,4.7,1.0,1,1,1,1,1,1,1,1,1,1,1,1,1,4,10.5,50.0
10733,40.41927,-3.69913,6,3.0,6.0,289.0,99.0,2,1.48,376,200,4503.0,68.043894,0.8,3.0,1,0,0,0,0,1,0,1,1,1,0,0,0,5,54.0,200.0
10734,40.42165,-3.70192,8,3.0,3.0,115.0,0.0,1,0.0,180,200,4503.0,68.043894,0.8,1.0,1,0,0,0,0,1,0,1,0,0,0,0,0,10,63.0,150.0
10735,40.45187,-3.70812,4,1.0,2.0,299.0,0.0,1,0.0,130,200,3476.0,60.621287,5.9,1.0,1,0,0,0,0,0,0,0,1,0,0,0,0,7,33.0,200.0
10737,40.41314,-3.7148,2,1.0,1.0,1000.0,0.0,1,0.0,112,50,4503.0,68.043894,0.8,1.0,0,0,0,0,0,1,0,0,0,0,0,0,0,3,18.0,200.0
10738,40.41849,-3.71094,4,2.0,3.0,107.0,0.0,6,0.0,204,200,4503.0,68.043894,0.8,1.0,1,0,0,0,0,1,0,1,1,0,0,0,0,3,33.0,150.0
10739,40.40144,-3.65134,1,1.0,1.0,40.0,100.0,1,0.26,237,50,1890.0,41.443535,5.0,1.0,1,1,1,1,1,1,1,1,1,1,1,1,1,4,10.5,50.0
10740,40.39249,-3.77317,3,1.0,1.0,50.0,95.0,1,0.42,392,200,2287.0,47.008319,4.7,1.0,1,0,0,0,0,1,0,1,1,0,1,0,0,6,25.5,50.0
10742,40.42497,-3.70113,5,2.0,3.0,99.0,0.0,1,0.0,414,200,4503.0,68.043894,0.8,1.0,1,0,0,0,0,1,0,1,0,1,1,0,0,4,40.5,100.0
10743,40.42363,-3.60378,2,1.0,1.0,150.0,100.0,1,0.09,129,50,2477.0,70.967532,7.3,1.0,1,0,0,1,1,1,1,1,1,0,0,0,0,3,18.0,150.0
10744,40.42642,-3.66186,3,1.0,2.0,241.0,100.0,1,0.22,217,200,5328.0,74.694253,2.2,1.0,1,0,0,0,1,1,0,1,1,0,1,0,0,12,25.5,200.0
10746,40.42285,-3.70596,4,1.0,2.0,41.0,82.0,53,0.53,672,200,4503.0,68.043894,0.8,1.0,1,0,0,0,0,1,0,0,1,0,1,0,0,9,33.0,50.0
10747,40.43182,-3.60349,2,1.0,1.0,800.0,0.0,1,0.0,123,50,2477.0,70.967532,7.3,1.0,1,0,0,0,0,1,0,0,1,0,1,0,0,0,18.0,200.0
10748,40.39556,-3.6925,6,2.0,2.0,150.0,0.0,28,0.0,242,200,3917.0,55.025641,1.9,2.5,1,0,0,0,0,1,0,1,1,0,0,0,0,7,52.5,150.0
10749,40.40848,-3.62841,2,1.0,1.0,36.0,0.0,2,0.0,636,200,2547.0,45.581197,5.0,1.0,1,0,0,0,0,1,1,0,1,0,1,0,0,4,18.0,50.0
10750,40.43331,-3.61724,2,1.0,1.0,315.0,0.0,1,0.0,215,50,2477.0,70.967532,7.3,1.0,0,0,0,0,0,1,0,0,0,0,0,0,0,5,18.0,200.0
10751,40.45183,-3.59179,2,1.0,1.0,825.0,0.0,1,0.0,152,50,3047.0,56.183432,11.8,1.0,0,0,0,1,1,1,0,1,1,0,0,0,0,3,18.0,200.0
10752,40.39679,-3.69693,4,1.0,1.0,60.0,95.0,1,0.54,129,200,3917.0,55.025641,1.9,1.0,1,0,0,0,0,1,0,1,0,0,0,0,0,7,33.0,100.0
10753,40.49564,-3.6116,2,1.0,1.0,1150.0,0.0,1,0.0,178,50,3312.0,62.061453,9.2,1.0,1,0,0,1,0,1,0,1,0,0,0,0,0,6,18.0,200.0
10754,40.36883,-3.75442,1,1.0,1.0,200.0,100.0,1,0.04,230,50,2195.0,47.402837,6.6,1.0,0,0,0,0,0,1,0,0,0,0,0,0,0,4,10.5,200.0
10755,40.42283,-3.70561,3,1.0,2.0,36.0,80.0,53,0.37,629,200,4503.0,68.043894,0.8,1.0,1,0,0,0,0,1,0,0,1,0,1,0,0,9,25.5,50.0
10756,40.42571,-3.67641,2,1.0,1.0,600.0,0.0,1,0.0,148,50,5328.0,74.694253,2.2,1.0,0,0,0,0,0,1,0,0,1,0,0,0,0,4,18.0,200.0
10757,40.36597,-3.70016,1,1.0,2.0,50.0,0.0,1,0.0,110,50,2316.0,43.910072,4.6,1.0,1,0,0,0,0,1,0,0,1,0,0,0,0,6,10.5,50.0
10758,40.42609,-3.65654,2,1.0,1.0,300.0,0.0,1,0.0,218,50,2893.0,50.090625,6.5,1.0,1,0,0,0,0,1,0,1,1,0,1,0,0,4,18.0,200.0
10759,40.4802,-3.63496,1,1.0,1.0,850.0,0.0,2,0.0,227,50,3312.0,62.061453,9.2,1.0,0,0,0,0,0,1,0,1,0,0,0,0,0,10,10.5,200.0
10760,40.37635,-3.74391,2,1.0,1.0,69.0,90.0,1,0.09,154,50,2195.0,47.402837,6.6,1.5,0,0,0,0,0,1,0,0,1,0,1,0,0,4,19.5,100.0
10761,40.44017,-3.65002,5,2.0,3.0,1250.0,100.0,1,0.04,213,200,2893.0,50.090625,6.5,1.0,1,0,0,0,0,1,0,1,1,0,0,0,0,5,40.5,200.0
10762,40.40963,-3.70145,2,1.0,1.0,80.0,100.0,1,0.24,354,200,4503.0,68.043894,0.8,1.0,1,0,0,0,0,1,0,1,0,0,1,0,0,9,18.0,100.0
10763,40.44487,-3.66702,5,3.0,5.0,643.0,0.0,1,0.0,214,200,4508.0,67.220486,5.8,2.5,1,0,0,1,0,1,0,1,1,0,1,0,0,3,45.0,200.0
10764,40.40342,-3.65562,5,3.0,3.0,700.0,0.0,1,0.0,245,200,1890.0,41.443535,5.0,2.0,1,0,0,1,0,1,0,1,1,0,1,0,0,7,43.5,200.0
10765,40.40487,-3.75679,6,3.0,5.0,1250.0,0.0,1,0.0,215,200,2287.0,47.008319,4.7,1.0,1,0,0,0,0,1,0,1,1,0,0,0,0,8,48.0,200.0
10766,40.37141,-3.74905,2,1.0,1.0,35.0,90.0,1,0.35,298,50,2195.0,47.402837,6.6,1.0,0,0,0,0,0,1,0,0,0,0,0,0,0,3,18.0,50.0
10767,40.42443,-3.70813,3,1.0,2.0,800.0,0.0,2,0.0,147,50,4503.0,68.043894,0.8,1.0,1,0,0,0,0,0,0,1,0,0,1,0,0,3,25.5,200.0
10770,40.40959,-3.71244,3,1.0,2.0,300.0,0.0,1,0.0,80,200,4503.0,68.043894,0.8,1.0,1,0,0,0,0,1,0,0,0,0,0,0,0,6,25.5,200.0
10772,40.44186,-3.69924,6,3.0,4.0,900.0,100.0,1,0.04,217,200,4855.0,64.056634,2.4,1.0,1,0,0,0,0,1,0,0,1,0,1,0,0,7,48.0,200.0
10773,40.40983,-3.6967,2,1.0,1.0,700.0,0.0,1,0.0,130,50,4503.0,68.043894,0.8,1.0,0,0,0,0,1,1,0,0,0,0,0,0,0,4,18.0,200.0
10774,40.47358,-3.69143,6,3.0,2.0,169.0,100.0,1,0.11,235,200,3476.0,60.621287,5.9,2.5,1,0,0,0,0,1,0,1,0,0,1,0,0,8,52.5,200.0
10775,40.44589,-3.61518,2,2.0,1.0,70.0,0.0,2,0.0,212,50,2477.0,70.967532,7.3,1.5,0,0,0,0,0,1,0,1,0,0,0,0,0,5,19.5,100.0
10776,40.42512,-3.71529,2,1.0,1.0,536.0,0.0,1,0.0,97,50,3555.0,63.451906,5.9,1.0,0,0,0,0,0,1,0,1,0,0,0,0,0,6,18.0,200.0
10777,40.43761,-3.6311,5,3.0,4.0,250.0,0.0,2,0.0,106,200,2477.0,70.967532,7.3,1.0,1,0,0,0,0,1,0,0,0,0,0,0,0,5,40.5,200.0
10778,40.40982,-3.70449,2,1.0,1.0,100.0,0.0,2,0.0,92,50,4503.0,68.043894,0.8,1.0,0,0,0,0,0,1,0,0,1,0,0,0,0,8,18.0,100.0
10779,40.40203,-3.68894,11,3.0,6.0,1100.0,20.0,6,0.04,152,200,3917.0,55.025641,1.9,1.0,1,0,0,0,0,1,0,1,1,0,0,0,0,3,85.5,200.0
10780,40.38064,-3.66558,2,1.0,1.0,28.0,75.0,7,0.21,206,50,1890.0,41.443535,5.0,1.0,0,0,0,0,0,0,0,0,0,0,0,0,0,11,18.0,50.0
10781,40.43238,-3.70162,4,1.0,1.0,220.0,60.0,1,0.05,100,200,4855.0,64.056634,2.4,1.0,1,0,0,0,1,1,0,1,1,0,0,0,0,5,33.0,200.0
10782,40.42387,-3.67816,2,1.0,2.0,55.0,99.0,1,3.55,218,200,5328.0,74.694253,2.2,1.0,1,0,0,0,0,1,0,1,1,1,0,0,0,6,18.0,100.0
10784,40.46909,-3.70666,1,1.0,1.0,20.0,87.0,1,0.52,178,50,3476.0,60.621287,5.9,1.5,0,0,0,0,0,1,0,0,0,0,0,0,0,3,12.0,50.0
10785,40.39647,-3.6345,1,1.0,1.0,30.0,1.0,1,1.0,152,50,2547.0,45.581197,5.0,1.0,1,1,1,1,1,1,1,1,1,1,1,1,1,6,10.5,50.0
10786,40.47245,-3.67821,1,2.0,4.0,43.0,0.0,1,0.0,126,50,4508.0,67.220486,5.8,1.0,0,0,0,0,0,1,1,1,1,0,1,0,0,3,10.5,50.0
10787,40.43508,-3.70053,2,1.0,1.0,350.0,0.0,1,0.0,94,50,4855.0,64.056634,2.4,1.0,0,0,0,0,0,1,0,0,0,0,0,0,0,6,18.0,200.0
10788,40.42509,-3.67353,4,1.0,2.0,1000.0,0.0,1,0.0,260,200,5328.0,74.694253,2.2,1.0,1,0,0,0,0,1,0,1,1,0,1,0,0,6,33.0,200.0
10789,40.47283,-3.63669,3,2.0,2.0,71.0,98.0,2,1.12,521,200,3312.0,62.061453,9.2,1.5,1,0,0,0,0,1,0,1,1,1,1,0,0,7,27.0,100.0
10790,40.41171,-3.65245,5,2.0,2.0,650.0,0.0,1,0.0,211,200,2547.0,45.581197,5.0,1.0,1,0,0,0,0,1,0,1,1,0,1,0,0,3,40.5,200.0
10791,40.43269,-3.71605,2,1.0,1.0,400.0,0.0,1,0.0,55,50,4855.0,64.056634,2.4,1.0,1,0,0,0,0,1,0,1,0,0,0,0,0,5,18.0,200.0
10792,40.42313,-3.70781,2,1.0,1.0,35.0,94.0,53,0.33,687,200,4503.0,68.043894,0.8,1.0,1,0,0,0,0,1,0,0,1,0,1,0,0,9,18.0,50.0
10794,40.42663,-3.67405,1,1.0,1.0,255.0,100.0,1,0.04,197,50,5328.0,74.694253,2.2,1.0,1,0,0,0,0,0,0,0,1,0,1,0,0,0,10.5,200.0
10795,40.45327,-3.65402,4,1.0,3.0,625.0,0.0,1,0.0,178,200,2893.0,50.090625,6.5,1.0,1,0,0,0,0,1,0,1,1,0,1,0,0,7,33.0,200.0
10796,40.43065,-3.69925,6,3.0,3.0,1100.0,0.0,1,0.0,155,200,4855.0,64.056634,2.4,2.0,1,0,0,0,0,1,0,1,0,0,1,0,0,3,51.0,200.0
10797,40.4352,-3.61265,4,2.0,3.0,600.0,0.0,1,0.0,110,200,2477.0,70.967532,7.3,1.0,1,0,0,0,0,1,0,1,0,0,0,0,0,8,33.0,200.0
10798,40.4311,-3.64269,1,1.0,1.0,45.0,93.0,1,0.16,90,50,2893.0,50.090625,6.5,1.0,0,0,0,0,0,1,0,0,0,0,0,0,0,6,10.5,50.0
10799,40.44365,-3.67096,4,1.0,1.0,171.0,100.0,1,0.09,265,200,4508.0,67.220486,5.8,1.5,1,0,0,1,0,1,0,0,1,0,0,0,0,8,34.5,200.0
10801,40.43,-3.60694,3,2.0,2.0,950.0,100.0,1,0.04,143,50,2477.0,70.967532,7.3,2.0,1,0,0,0,0,1,0,1,1,0,0,0,0,4,28.5,200.0
10803,40.41303,-3.71857,4,1.0,2.0,39.0,85.0,1,1.45,236,200,3917.0,55.025641,1.9,1.0,1,0,0,0,0,1,0,0,0,0,0,0,0,3,33.0,50.0
10805,40.42195,-3.70319,4,1.0,2.0,950.0,0.0,2,0.0,120,200,4503.0,68.043894,0.8,1.5,1,0,0,0,0,1,0,0,1,0,1,0,0,7,34.5,200.0
10806,40.38561,-3.77007,2,1.0,1.0,235.0,0.0,1,0.0,147,50,2287.0,47.008319,4.7,1.5,1,0,0,0,1,1,0,1,1,0,0,0,0,6,19.5,200.0
10807,40.4223,-3.71656,4,1.0,2.0,67.0,80.0,1,0.26,320,200,3555.0,63.451906,5.9,1.0,1,0,0,0,0,0,0,0,1,0,1,0,0,8,33.0,100.0
10808,40.40445,-3.64059,1,1.0,1.0,16.0,100.0,3,0.87,351,50,2547.0,45.581197,5.0,1.0,0,0,0,0,0,1,0,0,0,0,1,0,0,3,10.5,50.0
10809,40.40756,-3.71657,5,3.0,3.0,650.0,0.0,1,0.0,116,200,3917.0,55.025641,1.9,1.0,1,0,0,0,0,1,0,0,1,0,0,0,0,8,40.5,200.0
10810,40.48248,-3.71532,4,3.0,3.0,800.0,0.0,1,0.0,330,200,3545.0,57.198083,16.4,2.0,1,0,0,0,0,1,0,1,1,0,0,0,0,3,36.0,200.0
10811,40.46015,-3.70372,2,1.0,1.0,350.0,0.0,1,0.0,95,200,3476.0,60.621287,5.9,1.0,1,0,0,0,0,0,0,0,0,0,0,0,0,6,18.0,200.0
10812,40.40021,-3.63727,6,3.0,3.0,452.0,0.0,1,0.0,152,200,2547.0,45.581197,5.0,1.5,1,0,0,0,0,0,0,1,0,0,0,0,0,4,49.5,200.0
10813,40.42487,-3.65483,2,1.0,1.0,200.0,0.0,2,0.0,188,50,2893.0,50.090625,6.5,1.0,0,0,0,0,0,1,0,1,1,0,0,0,0,5,18.0,200.0
10814,40.40677,-3.69963,3,0.0,2.0,40.0,100.0,1,0.04,224,200,4503.0,68.043894,0.8,1.0,1,0,0,0,0,1,0,0,0,0,0,0,0,6,25.5,50.0
10816,40.4205,-3.71457,2,1.0,1.0,150.0,0.0,1,0.0,154,50,4503.0,68.043894,0.8,1.0,0,0,0,0,0,1,0,0,0,0,1,0,0,7,18.0,150.0
10817,40.42759,-3.67537,2,0.0,1.0,68.0,100.0,16,0.07,186,200,5328.0,74.694253,2.2,1.0,1,0,0,0,0,1,0,1,1,0,1,0,0,6,18.0,100.0
10818,40.45514,-3.70371,6,2.0,3.0,600.0,0.0,1,0.0,126,200,3476.0,60.621287,5.9,2.0,1,1,1,1,1,1,0,1,1,0,0,0,0,7,51.0,200.0
10819,40.43683,-3.67721,2,1.0,1.0,190.0,100.0,4,0.04,133,200,5328.0,74.694253,2.2,1.5,1,0,0,0,0,0,0,1,1,0,0,0,0,7,19.5,200.0
10820,40.45264,-3.5936,3,2.0,2.0,320.0,100.0,2,0.04,204,200,3047.0,56.183432,11.8,1.0,1,0,0,0,0,1,0,1,1,0,1,0,0,8,25.5,200.0
10821,40.42689,-3.68423,3,2.0,2.0,600.0,0.0,1,0.0,102,50,5328.0,74.694253,2.2,2.0,1,0,0,0,0,1,0,0,1,0,0,0,0,6,28.5,200.0
10822,40.43984,-3.70985,6,4.0,4.0,168.0,0.0,24,0.0,193,200,4855.0,64.056634,2.4,1.0,1,0,0,0,0,1,0,0,1,0,1,0,0,6,48.0,200.0
10823,40.42071,-3.69905,6,3.0,4.0,94.0,84.0,1,0.22,552,200,4503.0,68.043894,0.8,2.5,1,0,0,0,0,1,0,0,1,0,1,0,0,3,52.5,100.0
10824,40.44383,-3.62319,2,1.0,1.0,294.0,0.0,1,0.0,111,50,2477.0,70.967532,7.3,1.0,0,0,0,0,0,1,0,1,1,0,0,0,0,8,18.0,200.0
10826,40.43525,-3.70787,2,1.0,1.0,550.0,0.0,1,0.0,179,200,4855.0,64.056634,2.4,1.0,1,1,1,1,1,0,0,1,1,0,1,0,0,7,18.0,200.0
10827,40.43781,-3.65839,6,3.0,5.0,100.0,0.0,1,0.0,220,200,2893.0,50.090625,6.5,3.0,1,0,0,0,0,1,0,1,1,0,1,0,0,4,54.0,100.0
10828,40.42986,-3.60531,2,1.0,2.0,190.0,0.0,1,0.0,130,50,2477.0,70.967532,7.3,1.0,0,0,0,0,0,1,0,1,1,0,0,0,0,4,18.0,200.0
10829,40.4397,-3.70832,6,4.0,4.0,185.0,0.0,24,0.0,152,200,4855.0,64.056634,2.4,1.0,1,0,0,0,0,1,0,0,1,0,1,0,0,6,48.0,200.0
10830,40.43598,-3.60904,2,1.0,1.0,850.0,0.0,1,0.0,73,50,2477.0,70.967532,7.3,1.5,0,0,0,0,0,1,0,0,1,0,0,0,0,3,19.5,200.0
10831,40.43723,-3.67651,4,1.0,2.0,1100.0,0.0,1,0.0,192,50,5328.0,74.694253,2.2,1.0,0,0,0,0,0,1,0,1,1,0,0,0,0,4,33.0,200.0
10832,40.41035,-3.63154,2,1.0,2.0,1080.0,0.0,1,0.0,201,50,2547.0,45.581197,5.0,1.0,1,0,0,0,0,1,0,1,1,0,1,0,0,3,18.0,200.0
10833,40.44578,-3.70177,6,2.0,2.0,300.0,0.0,1,0.0,142,200,4855.0,64.056634,2.4,2.5,1,0,0,0,0,1,0,1,1,0,0,0,0,5,52.5,200.0
10834,40.43385,-3.71435,2,1.0,1.0,50.0,97.0,1,0.43,206,50,4855.0,64.056634,2.4,1.0,1,1,1,1,1,0,0,0,1,0,0,0,0,5,18.0,50.0
10835,40.47961,-3.73669,4,1.0,4.0,400.0,100.0,3,0.04,133,50,3545.0,57.198083,16.4,1.0,1,0,0,0,0,1,0,1,0,0,1,0,0,7,33.0,200.0
10836,40.45713,-3.69905,4,0.0,2.0,176.0,89.0,4,0.4,206,200,3476.0,60.621287,5.9,1.0,1,0,0,0,0,1,0,1,1,0,0,0,0,3,33.0,200.0
10837,40.4679,-3.70487,2,1.0,2.0,744.0,0.0,2,0.0,291,50,3476.0,60.621287,5.9,1.0,0,0,0,0,0,0,0,1,1,0,0,0,0,6,18.0,200.0
10838,40.45524,-3.69872,4,0.0,2.0,55.0,75.0,4,0.18,204,200,3476.0,60.621287,5.9,1.0,1,0,0,0,0,1,0,1,0,0,0,0,0,3,33.0,100.0
10839,40.45042,-3.66834,2,1.0,1.0,1100.0,0.0,3,0.0,506,50,4508.0,67.220486,5.8,1.5,1,0,0,0,0,1,0,1,0,1,1,0,0,3,19.5,200.0
10840,40.42246,-3.70676,8,3.0,4.0,210.0,100.0,14,0.95,785,200,4503.0,68.043894,0.8,3.0,1,0,0,0,1,1,0,1,1,1,1,1,1,8,69.0,200.0
10841,40.42049,-3.65097,2,1.0,1.0,50.0,97.0,4,1.27,156,50,2893.0,50.090625,6.5,1.5,0,0,0,0,0,1,0,0,0,0,0,0,0,6,19.5,50.0
10842,40.43944,-3.71835,4,1.0,2.0,685.0,0.0,1,0.0,633,200,3555.0,63.451906,5.9,1.5,1,0,0,1,0,1,1,1,1,1,1,0,1,8,34.5,200.0
10843,40.4153,-3.70839,2,1.0,1.0,82.0,91.0,2,0.4,455,200,4503.0,68.043894,0.8,1.5,1,0,0,0,0,1,0,1,1,0,1,0,0,6,19.5,100.0
10844,40.46602,-3.70513,2,1.0,2.0,750.0,0.0,2,0.0,153,50,3476.0,60.621287,5.9,1.0,0,0,0,0,0,0,0,1,1,0,0,0,0,6,18.0,200.0
10845,40.40921,-3.7367,6,3.0,5.0,149.0,94.0,1,0.92,438,50,2287.0,47.008319,4.7,3.0,1,0,0,1,0,1,0,1,0,1,1,0,0,0,54.0,150.0
10846,40.4322,-3.67468,4,1.0,2.0,500.0,0.0,2,0.0,160,200,5328.0,74.694253,2.2,1.0,1,1,1,1,1,1,0,1,1,0,0,0,0,8,33.0,200.0
10847,40.39231,-3.67021,2,2.0,1.0,925.0,0.0,1,0.0,371,200,1890.0,41.443535,5.0,1.5,1,0,0,0,0,1,0,1,1,0,1,0,0,5,19.5,200.0
10848,40.41114,-3.719,4,2.0,3.0,100.0,0.0,1,0.04,141,200,3917.0,55.025641,1.9,1.0,1,0,0,0,0,1,0,0,1,0,0,0,0,3,33.0,100.0
10849,40.40963,-3.70402,4,2.0,2.0,80.0,0.0,1,0.0,128,200,4503.0,68.043894,0.8,1.0,1,0,0,0,0,1,0,0,1,0,1,0,0,3,33.0,100.0
10850,40.38639,-3.72522,1,0.0,1.0,100.0,100.0,1,0.04,65,50,2195.0,47.402837,6.6,1.0,1,1,1,1,1,1,0,0,0,0,0,0,0,5,10.5,100.0
10851,40.38871,-3.66037,1,1.0,1.0,350.0,0.0,1,0.0,61,50,1890.0,41.443535,5.0,1.5,0,0,0,0,0,1,0,0,0,0,1,0,0,5,12.0,200.0
10852,40.36849,-3.61996,2,0.0,1.0,100.0,0.0,1,0.04,263,50,2382.0,49.659794,11.0,1.0,0,0,0,0,0,1,0,0,0,0,0,0,1,4,18.0,100.0
10853,40.4419,-3.65583,4,2.0,2.0,350.0,0.0,1,0.0,131,200,2893.0,50.090625,6.5,2.0,1,0,0,0,0,1,0,1,1,0,0,0,0,7,36.0,200.0
10856,40.41139,-3.70028,2,1.0,1.0,48.0,100.0,1,0.27,299,200,4503.0,68.043894,0.8,1.0,1,0,0,0,0,1,0,1,1,0,1,0,0,10,18.0,50.0
10857,40.42238,-3.70749,2,1.0,1.0,37.0,80.0,53,0.53,676,200,4503.0,68.043894,0.8,1.0,1,0,0,0,0,1,0,0,1,0,1,0,0,9,18.0,50.0
10858,40.4208,-3.65286,2,1.0,1.0,1200.0,100.0,4,0.09,123,50,2893.0,50.090625,6.5,1.5,0,0,0,0,0,1,0,0,0,0,0,0,0,6,19.5,200.0
10859,40.41341,-3.7011,4,2.0,2.0,1200.0,0.0,1,0.0,89,200,4503.0,68.043894,0.8,1.0,1,0,0,0,0,0,0,1,1,0,0,0,0,3,33.0,200.0
10860,40.43743,-3.60758,2,1.0,1.0,30.0,20.0,1,0.09,125,50,2477.0,70.967532,7.3,1.0,0,0,0,0,0,1,0,0,0,0,0,0,0,3,18.0,50.0
10862,40.43409,-3.60753,4,2.0,3.0,950.0,0.0,1,0.0,98,50,2477.0,70.967532,7.3,1.0,1,0,0,1,0,1,0,1,1,0,0,0,0,3,33.0,200.0
10863,40.42275,-3.70748,3,1.0,2.0,40.0,91.0,53,0.94,604,200,4503.0,68.043894,0.8,1.0,1,0,0,0,0,1,0,0,1,0,1,0,0,9,25.5,50.0
10867,40.41107,-3.70704,2,1.0,1.0,800.0,0.0,1,0.0,83,50,4503.0,68.043894,0.8,1.5,0,0,0,0,0,1,0,0,1,0,0,0,0,3,19.5,200.0
10868,40.39498,-3.74096,2,1.0,1.0,31.0,100.0,1,0.09,105,50,2287.0,47.008319,4.7,1.0,0,0,0,0,0,1,0,1,1,0,0,0,0,9,18.0,50.0
10869,40.43045,-3.61315,2,1.0,1.0,39.0,99.0,1,1.14,417,50,2477.0,70.967532,7.3,1.0,1,0,0,0,0,1,0,0,1,0,1,0,0,3,18.0,50.0
10870,40.40992,-3.70083,2,1.0,1.0,28.0,97.0,2,1.6,524,200,4503.0,68.043894,0.8,1.0,1,0,0,0,0,1,0,1,0,0,1,0,0,6,18.0,50.0
10871,40.42583,-3.65926,2,1.0,1.0,250.0,0.0,1,0.0,229,50,2893.0,50.090625,6.5,1.0,0,0,0,0,1,1,0,1,1,0,1,0,0,6,18.0,200.0
10872,40.42441,-3.60457,2,1.0,1.0,50.0,93.0,1,0.53,198,50,2477.0,70.967532,7.3,1.0,1,0,0,1,0,1,0,0,1,0,1,0,0,8,18.0,50.0
10873,40.42228,-3.70704,4,1.0,2.0,40.0,77.0,53,0.41,676,200,4503.0,68.043894,0.8,1.0,1,0,0,0,0,1,0,0,1,0,1,0,0,9,33.0,50.0
10874,40.47915,-3.7288,6,3.0,6.0,600.0,100.0,3,0.04,133,50,3545.0,57.198083,16.4,1.0,1,0,0,0,0,1,0,1,0,0,1,0,0,7,48.0,200.0
10875,40.40813,-3.73798,5,1.0,2.0,45.0,0.0,1,0.0,229,200,2287.0,47.008319,4.7,1.5,1,0,0,0,0,1,0,1,0,0,0,0,0,7,42.0,50.0
10876,40.42296,-3.70564,6,2.0,3.0,49.0,90.0,53,1.06,654,200,4503.0,68.043894,0.8,1.0,1,0,0,0,0,1,0,0,1,0,1,0,0,9,48.0,50.0
10877,40.41993,-3.70406,2,1.0,1.0,700.0,0.0,1,0.0,186,200,4503.0,68.043894,0.8,1.0,1,0,0,0,0,1,0,1,1,0,1,0,0,8,18.0,200.0
10878,40.42701,-3.65783,1,1.0,1.0,34.0,100.0,1,0.21,490,50,2893.0,50.090625,6.5,1.0,0,0,0,0,0,1,0,1,1,0,1,0,0,3,10.5,50.0
10879,40.42572,-3.70278,2,1.0,1.0,150.0,0.0,2,0.0,145,50,4503.0,68.043894,0.8,1.0,1,0,0,0,0,1,0,0,0,0,1,0,0,5,18.0,150.0
10880,40.39234,-3.70549,2,0.0,1.0,300.0,0.0,1,0.0,187,50,2316.0,43.910072,4.6,1.0,0,1,1,1,1,1,0,1,1,0,1,0,0,3,18.0,200.0
10881,40.43493,-3.69863,3,1.0,2.0,90.0,100.0,1,0.04,335,200,4855.0,64.056634,2.4,1.0,1,0,0,0,0,1,0,1,0,0,1,0,0,9,25.5,100.0
10883,40.38206,-3.7077,2,1.0,1.0,17.0,84.0,1,0.27,75,50,2316.0,43.910072,4.6,1.0,0,0,0,0,0,1,0,0,0,0,1,0,0,4,18.0,50.0
10884,40.42273,-3.70584,4,1.0,2.0,44.0,89.0,53,0.53,575,200,4503.0,68.043894,0.8,1.0,1,0,0,0,0,1,0,0,1,0,1,0,0,9,33.0,50.0
10885,40.43074,-3.66172,2,1.0,1.0,500.0,0.0,1,0.0,104,50,5328.0,74.694253,2.2,1.5,0,0,0,0,0,1,0,0,1,0,0,0,0,6,19.5,200.0
10886,40.44437,-3.61309,2,1.0,1.0,800.0,0.0,1,0.0,143,50,2477.0,70.967532,7.3,1.0,0,0,0,0,0,1,0,1,0,0,0,0,0,3,18.0,200.0
10887,40.41995,-3.6176,4,2.0,2.0,1000.0,0.0,1,0.0,199,50,2477.0,70.967532,7.3,3.0,1,0,0,0,1,1,0,1,1,0,0,0,0,3,39.0,200.0
10888,40.44609,-3.66928,3,2.0,2.0,1000.0,0.0,1,0.0,283,50,4508.0,67.220486,5.8,1.5,0,0,0,0,0,1,0,0,1,0,1,0,0,3,27.0,200.0
10889,40.40167,-3.69551,2,1.0,1.0,265.0,0.0,1,0.0,172,50,3917.0,55.025641,1.9,1.0,1,0,0,0,1,1,0,1,1,0,1,0,0,6,18.0,200.0
10890,40.45197,-3.66781,1,1.0,2.0,800.0,0.0,1,0.0,193,50,4508.0,67.220486,5.8,2.0,0,1,1,1,1,1,0,0,1,0,1,0,0,4,13.5,200.0
10891,40.42362,-3.70787,4,1.0,2.0,36.0,91.0,53,1.06,509,200,4503.0,68.043894,0.8,1.0,1,0,0,0,0,1,0,1,1,0,1,0,0,9,33.0,50.0
10892,40.47142,-3.68606,2,1.0,1.0,550.0,0.0,1,0.0,158,50,4508.0,67.220486,5.8,1.0,0,0,0,0,0,1,0,1,1,0,0,0,0,7,18.0,200.0
10893,40.41716,-3.70186,1,1.0,1.0,23.0,60.0,1,0.04,117,50,4503.0,68.043894,0.8,1.0,0,1,1,1,1,1,0,0,0,0,1,0,0,3,10.5,50.0
10894,40.43082,-3.60461,3,2.0,2.0,900.0,0.0,1,0.0,130,50,2477.0,70.967532,7.3,2.0,0,0,0,0,0,1,0,0,1,0,0,0,0,3,28.5,200.0
10895,40.42192,-3.70438,4,2.0,2.0,140.0,0.0,1,0.0,266,200,4503.0,68.043894,0.8,1.5,1,0,0,0,0,1,0,1,0,1,0,0,0,9,34.5,150.0
10896,40.43508,-3.71007,2,1.0,1.0,650.0,0.0,1,0.0,132,50,4855.0,64.056634,2.4,1.0,0,0,0,0,0,1,0,0,1,0,0,0,0,6,18.0,200.0
10898,40.37748,-3.70406,2,1.0,1.0,800.0,0.0,1,0.0,169,50,2316.0,43.910072,4.6,1.0,0,0,0,0,0,1,0,1,1,0,0,0,0,3,18.0,200.0
10899,40.46262,-3.70574,2,0.0,1.0,800.0,0.0,1,0.0,67,50,3476.0,60.621287,5.9,1.0,0,0,0,0,0,1,0,0,0,0,0,0,0,9,18.0,200.0
10900,40.42805,-3.61584,2,0.0,1.0,400.0,0.0,1,0.0,95,50,2477.0,70.967532,7.3,1.0,0,0,0,0,0,1,0,0,0,0,0,0,0,6,18.0,200.0
10903,40.45276,-3.62541,2,1.0,2.0,500.0,0.0,1,0.0,115,50,3312.0,62.061453,9.2,1.0,1,0,0,0,0,1,0,1,1,0,1,0,0,3,18.0,200.0
10904,40.42283,-3.70864,4,1.0,1.0,950.0,0.0,1,0.0,178,200,4503.0,68.043894,0.8,1.0,1,0,0,0,0,1,0,1,1,0,1,0,0,8,33.0,200.0
10905,40.40052,-3.67046,2,1.0,2.0,30.0,96.0,1,0.43,233,50,4220.0,63.672727,3.2,1.0,0,1,1,1,1,1,0,1,1,0,1,0,0,4,18.0,50.0
10906,40.40725,-3.71473,4,2.0,2.0,975.0,0.0,1,0.0,184,200,3917.0,55.025641,1.9,1.0,1,0,0,0,0,1,0,1,1,0,0,0,0,9,33.0,200.0
10907,40.50643,-3.69816,1,1.0,1.0,800.0,0.0,1,0.0,74,50,3545.0,57.198083,16.4,1.0,0,0,0,0,0,1,0,0,0,0,0,0,0,7,10.5,200.0
10908,40.45099,-3.69767,7,3.0,4.0,847.0,0.0,1,0.0,206,200,3476.0,60.621287,5.9,2.0,1,0,0,0,0,1,0,1,1,0,0,0,0,3,58.5,200.0
10909,40.43418,-3.62518,3,0.0,2.0,1050.0,0.0,1,0.0,218,50,2477.0,70.967532,7.3,1.0,0,0,0,0,0,1,0,1,1,0,1,0,0,4,25.5,200.0
10910,40.46067,-3.64407,2,1.0,2.0,90.0,100.0,1,0.09,401,50,3312.0,62.061453,9.2,1.0,0,0,0,1,0,1,0,1,1,0,1,0,0,6,18.0,100.0
10911,40.41319,-3.70515,5,2.0,2.0,1250.0,0.0,5,0.0,347,200,4503.0,68.043894,0.8,1.0,1,0,0,0,0,1,0,0,1,0,1,0,0,8,40.5,200.0
10912,40.41117,-3.71091,4,1.0,2.0,101.0,65.0,3,0.18,413,200,4503.0,68.043894,0.8,1.0,1,0,0,0,0,1,0,0,0,0,1,0,0,4,33.0,150.0
10913,40.48151,-3.73632,6,3.0,6.0,900.0,0.0,3,0.0,95,50,3545.0,57.198083,16.4,1.0,1,0,0,1,0,1,0,0,0,0,0,0,0,7,48.0,200.0
10914,40.41777,-3.71279,2,1.0,1.0,40.0,100.0,3,0.05,316,50,4503.0,68.043894,0.8,4.0,0,0,0,0,0,1,0,0,1,0,1,0,0,12,27.0,50.0
10915,40.42799,-3.65798,1,1.0,1.0,30.0,0.0,1,0.0,521,50,2893.0,50.090625,6.5,1.0,0,0,0,0,0,1,0,1,1,0,1,0,0,3,10.5,50.0
10916,40.36304,-3.76494,1,1.0,1.0,35.0,100.0,2,0.23,221,50,2195.0,47.402837,6.6,1.0,0,0,0,0,0,1,0,0,1,0,0,0,0,5,10.5,50.0
10917,40.39433,-3.66631,2,1.0,1.0,28.0,88.0,1,0.67,190,50,1890.0,41.443535,5.0,1.0,0,0,0,0,0,1,0,1,1,0,0,0,0,3,18.0,50.0
10918,40.40973,-3.69843,4,1.0,1.0,90.0,97.0,1,0.91,228,200,4503.0,68.043894,0.8,1.0,1,0,0,0,0,1,0,1,0,0,1,0,0,8,33.0,100.0
10919,40.41827,-3.71082,1,1.0,1.0,40.0,90.0,3,0.09,339,50,4503.0,68.043894,0.8,4.0,0,0,0,0,0,1,0,0,1,0,1,0,0,12,19.5,50.0
10920,40.45448,-3.64761,2,1.0,1.0,500.0,0.0,1,0.0,113,50,3312.0,62.061453,9.2,1.0,0,0,0,0,0,1,0,0,1,0,0,0,0,6,18.0,200.0
10921,40.40774,-3.70714,2,1.0,2.0,100.0,0.0,1,0.0,133,200,4503.0,68.043894,0.8,1.0,1,0,0,0,0,1,0,0,0,0,0,0,0,4,18.0,100.0
10922,40.4154,-3.62488,1,1.0,1.0,250.0,0.0,1,0.0,60,50,2893.0,50.090625,6.5,1.0,0,0,0,0,0,1,0,0,1,0,0,0,0,5,10.5,200.0
10924,40.40649,-3.68077,2,1.0,1.0,400.0,100.0,1,0.04,124,50,4220.0,63.672727,3.2,1.0,0,0,0,0,0,1,0,1,1,0,0,0,0,10,18.0,200.0
10925,40.47954,-3.66427,2,1.0,1.0,310.0,0.0,1,0.0,204,50,2893.0,50.090625,6.5,1.0,0,0,0,0,0,1,0,1,1,0,0,0,0,5,18.0,200.0
10926,40.41274,-3.70786,1,1.0,1.0,600.0,0.0,1,0.0,218,50,4503.0,68.043894,0.8,1.0,1,0,0,0,0,1,0,0,1,0,1,0,0,8,10.5,200.0
10927,40.42053,-3.62031,2,1.0,1.0,75.0,98.0,2,0.36,595,50,2477.0,70.967532,7.3,1.0,0,0,0,1,0,1,1,0,1,0,1,0,0,5,18.0,100.0
10931,40.42149,-3.70441,3,1.0,1.0,38.0,93.0,5,0.13,376,200,4503.0,68.043894,0.8,1.0,1,0,0,0,0,1,0,1,0,0,1,0,0,9,25.5,50.0
10932,40.41528,-3.70029,6,2.0,3.0,500.0,0.0,1,0.0,118,200,4503.0,68.043894,0.8,1.0,1,0,0,0,0,1,0,1,0,0,0,0,0,4,48.0,200.0
10933,40.48571,-3.66538,3,1.0,1.0,264.0,100.0,1,0.04,507,50,3312.0,62.061453,9.2,1.0,1,0,0,1,0,1,0,1,1,0,1,0,0,5,25.5,200.0
10934,40.39173,-3.66137,3,1.0,1.0,540.0,100.0,1,0.04,164,50,1890.0,41.443535,5.0,1.0,0,0,0,0,0,1,0,1,0,0,0,0,0,0,25.5,200.0
10935,40.46693,-3.62892,6,4.0,4.0,105.0,96.0,1,0.81,268,200,3312.0,62.061453,9.2,1.0,1,0,0,1,0,1,0,0,1,1,0,0,0,6,48.0,150.0
10936,40.39172,-3.66395,4,2.0,2.0,80.0,94.0,1,0.3,452,200,1890.0,41.443535,5.0,1.0,1,0,0,0,0,1,0,1,0,1,1,0,0,3,33.0,100.0
10937,40.41542,-3.71143,3,1.0,2.0,20.0,98.0,2,4.99,561,50,4503.0,68.043894,0.8,1.0,0,0,0,0,1,1,0,1,1,0,1,0,1,6,25.5,50.0
10938,40.42732,-3.63552,4,3.0,3.0,89.0,0.0,1,0.04,114,200,2893.0,50.090625,6.5,1.0,1,0,0,0,0,0,0,0,0,0,1,0,0,6,33.0,100.0
10939,40.41745,-3.67214,1,1.0,1.0,300.0,100.0,2,0.04,139,50,4220.0,63.672727,3.2,1.0,0,1,1,1,1,1,0,1,1,0,1,0,0,7,10.5,200.0
10940,40.4784,-3.71671,1,1.0,1.0,300.0,0.0,1,0.0,195,50,3545.0,57.198083,16.4,2.0,0,0,0,0,0,1,0,1,1,0,1,0,0,6,13.5,200.0
10941,40.42252,-3.70046,3,1.0,2.0,110.0,0.0,1,0.0,210,200,4503.0,68.043894,0.8,1.5,1,0,0,0,0,0,0,1,0,0,1,0,0,8,27.0,150.0
10942,40.42774,-3.63138,2,1.0,1.0,1000.0,0.0,1,0.0,165,50,2893.0,50.090625,6.5,1.0,0,0,0,1,1,1,0,1,0,0,0,0,0,8,18.0,200.0
10943,40.45508,-3.67809,4,1.0,2.0,117.0,100.0,1,0.67,599,200,4508.0,67.220486,5.8,1.0,1,0,0,0,0,1,0,1,1,1,1,0,0,7,33.0,150.0
10944,40.43413,-3.71738,2,1.0,1.0,200.0,0.0,1,0.0,132,50,4855.0,64.056634,2.4,1.0,0,0,0,0,0,1,0,0,0,0,1,0,0,3,18.0,200.0
10945,40.42556,-3.70667,4,1.0,2.0,1200.0,0.0,1,0.0,223,200,4503.0,68.043894,0.8,1.5,1,0,0,0,0,1,0,1,1,0,1,0,0,5,34.5,200.0
10946,40.40843,-3.70314,4,2.0,2.0,58.0,89.0,18,0.89,307,200,4503.0,68.043894,0.8,1.0,1,0,0,0,0,1,0,1,0,1,1,0,0,9,33.0,100.0
10947,40.42146,-3.72075,2,1.0,1.0,54.0,100.0,1,0.56,222,50,3555.0,63.451906,5.9,2.0,1,0,0,0,0,1,0,1,1,0,1,0,0,9,21.0,100.0
10948,40.43697,-3.608,2,2.0,1.0,500.0,0.0,2,0.0,98,50,2477.0,70.967532,7.3,1.5,0,0,0,0,0,1,0,0,0,0,0,0,0,3,19.5,200.0
10949,40.43538,-3.60719,2,0.0,1.0,480.0,0.0,2,0.0,98,50,2477.0,70.967532,7.3,1.0,0,1,1,1,1,1,0,0,0,0,0,0,0,3,18.0,200.0
10950,40.42705,-3.62679,2,1.0,1.0,250.0,0.0,1,0.0,117,50,2477.0,70.967532,7.3,1.0,0,0,0,1,1,1,0,1,1,0,0,0,0,8,18.0,200.0
10951,40.45051,-3.59529,2,1.0,2.0,900.0,0.0,2,0.0,126,50,3047.0,56.183432,11.8,1.0,1,0,0,0,0,1,0,1,0,0,0,0,0,0,18.0,200.0
10952,40.38253,-3.73166,4,1.0,1.0,300.0,70.0,2,0.11,196,200,2195.0,47.402837,6.6,1.0,1,0,0,0,0,1,0,1,0,0,0,0,0,3,33.0,200.0
10953,40.46239,-3.70668,5,3.0,3.0,120.0,92.0,1,0.79,450,200,3476.0,60.621287,5.9,1.0,1,0,0,0,0,1,0,1,0,1,1,0,0,5,40.5,150.0
10955,40.45011,-3.60874,3,1.0,1.0,73.0,100.0,1,0.06,166,200,3312.0,62.061453,9.2,1.0,1,0,0,0,0,1,0,1,0,0,0,0,0,4,25.5,100.0
10956,40.44435,-3.58328,5,2.0,5.0,1200.0,0.0,1,0.0,474,200,2477.0,70.967532,7.3,2.0,1,0,0,0,0,1,1,1,1,1,0,0,0,3,43.5,200.0
10957,40.45813,-3.7062,2,1.0,1.0,225.0,0.0,1,0.0,137,50,3476.0,60.621287,5.9,1.0,0,0,0,0,0,1,0,0,0,0,0,0,0,3,18.0,200.0
10958,40.40477,-3.67599,2,1.0,1.0,500.0,0.0,1,0.0,161,50,4220.0,63.672727,3.2,1.0,0,0,0,0,1,1,0,1,1,0,0,0,0,3,18.0,200.0
10959,40.41079,-3.699,1,1.0,1.0,100.0,100.0,1,0.04,154,50,4503.0,68.043894,0.8,1.0,1,0,0,0,0,1,0,0,0,0,1,0,0,3,10.5,100.0
10960,40.42253,-3.65024,2,0.0,1.0,600.0,0.0,1,0.0,130,50,2893.0,50.090625,6.5,1.0,0,0,0,0,0,1,0,1,0,0,0,0,0,5,18.0,200.0
10961,40.42335,-3.70931,3,2.0,2.0,600.0,0.0,1,0.0,147,200,4503.0,68.043894,0.8,1.0,1,0,0,0,0,1,0,0,1,0,1,0,0,3,25.5,200.0
10962,40.46765,-3.66482,2,1.0,1.0,490.0,0.0,1,0.0,131,50,2893.0,50.090625,6.5,1.0,1,0,0,1,0,1,1,1,1,0,0,0,0,6,18.0,200.0
10963,40.42814,-3.64892,2,1.0,1.0,180.0,0.0,2,0.0,136,50,2893.0,50.090625,6.5,1.0,1,0,0,0,0,1,0,0,0,0,1,0,0,3,18.0,200.0
10964,40.43565,-3.68215,3,1.0,1.0,535.0,0.0,1,0.0,229,200,5328.0,74.694253,2.2,1.0,1,0,0,0,0,1,0,1,1,0,1,0,0,8,25.5,200.0
10965,40.42173,-3.70072,6,2.0,3.0,900.0,0.0,1,0.0,160,200,4503.0,68.043894,0.8,1.0,1,0,0,0,0,1,0,1,1,0,0,0,0,7,48.0,200.0
10966,40.43504,-3.70455,4,1.0,2.0,100.0,0.0,1,0.0,184,200,4855.0,64.056634,2.4,1.0,1,1,1,1,1,1,0,0,1,0,1,0,0,4,33.0,100.0
10967,40.45212,-3.66202,2,1.0,2.0,1200.0,0.0,1,0.0,320,50,2893.0,50.090625,6.5,1.0,1,1,1,1,1,1,1,1,1,0,1,0,0,8,18.0,200.0
10968,40.40974,-3.70708,3,2.0,2.0,550.0,100.0,1,0.04,201,200,4503.0,68.043894,0.8,1.0,1,1,1,1,1,1,0,1,1,0,1,0,0,6,25.5,200.0
10969,40.38401,-3.73375,5,1.0,1.0,375.0,60.0,1,0.09,182,200,2195.0,47.402837,6.6,1.0,1,0,0,0,0,1,0,1,0,0,0,0,0,3,40.5,200.0
10970,40.49604,-3.61546,2,1.0,1.0,1000.0,0.0,1,0.0,165,50,3312.0,62.061453,9.2,2.0,1,0,0,0,0,1,1,0,1,0,0,0,0,3,21.0,200.0
10971,40.40694,-3.70125,2,1.0,1.0,480.0,0.0,1,0.0,123,50,4503.0,68.043894,0.8,1.0,1,0,0,0,0,1,0,0,0,0,0,0,0,3,18.0,200.0
10973,40.38984,-3.70163,2,0.0,1.0,100.0,0.0,1,0.0,173,50,2316.0,43.910072,4.6,1.0,0,0,0,0,0,1,0,1,1,0,0,0,0,3,18.0,100.0
10974,40.4161,-3.70646,4,0.0,2.0,70.0,100.0,13,0.47,250,200,4503.0,68.043894,0.8,1.0,1,0,0,0,0,1,0,1,1,0,0,0,0,4,33.0,100.0
10975,40.44738,-3.60776,4,2.0,6.0,250.0,0.0,1,0.17,255,50,2477.0,70.967532,7.3,1.5,0,0,0,0,0,0,0,1,0,1,0,0,0,3,34.5,200.0
10976,40.44639,-3.67479,4,2.0,2.0,675.0,0.0,1,0.0,129,200,4508.0,67.220486,5.8,2.0,1,0,0,0,0,1,0,1,1,0,1,0,0,8,36.0,200.0
10977,40.422,-3.65258,2,2.0,1.0,600.0,0.0,1,0.0,84,50,2893.0,50.090625,6.5,1.0,0,0,0,0,0,0,0,0,0,0,1,0,0,9,18.0,200.0
10978,40.41224,-3.7217,2,1.0,1.0,150.0,93.0,1,0.13,109,200,3917.0,55.025641,1.9,1.0,1,0,0,0,0,1,0,0,0,0,0,0,0,7,18.0,150.0
10979,40.4772,-3.71736,9,5.0,7.0,300.0,0.0,1,0.0,210,200,3545.0,57.198083,16.4,3.5,1,0,0,0,0,1,0,1,1,0,1,0,0,8,78.0,200.0
10980,40.50786,-3.67355,2,1.0,1.0,75.0,97.0,1,0.39,159,200,3545.0,57.198083,16.4,1.5,1,0,0,0,0,1,1,1,1,0,0,0,0,4,19.5,100.0
10981,40.42246,-3.70373,2,1.0,1.0,500.0,0.0,1,0.0,191,50,4503.0,68.043894,0.8,1.0,0,1,1,1,1,1,0,0,1,0,0,0,0,3,18.0,200.0
10982,40.45075,-3.69791,2,1.0,1.0,500.0,0.0,1,0.0,179,200,3476.0,60.621287,5.9,1.0,1,0,0,1,0,1,0,1,1,0,1,0,0,0,18.0,200.0
10983,40.43343,-3.64848,6,3.0,3.0,960.0,0.0,1,0.0,67,200,2893.0,50.090625,6.5,1.0,1,0,0,0,0,0,0,0,1,0,0,0,0,3,48.0,200.0
10984,40.4051,-3.74972,1,1.0,2.0,17.0,95.0,1,0.74,448,50,2287.0,47.008319,4.7,1.5,0,0,0,0,0,1,0,0,0,0,1,0,1,3,12.0,50.0
10985,40.42447,-3.60233,2,1.0,1.0,450.0,0.0,1,0.0,109,50,2477.0,70.967532,7.3,1.0,0,0,0,0,0,1,0,1,1,0,0,0,0,6,18.0,200.0
10986,40.45671,-3.69243,3,1.0,2.0,550.0,100.0,1,0.04,174,200,3476.0,60.621287,5.9,1.0,1,0,0,0,0,1,0,1,1,0,1,0,0,3,25.5,200.0
10988,40.45517,-3.70065,4,1.0,2.0,200.0,93.0,4,0.35,185,200,3476.0,60.621287,5.9,1.0,1,0,0,0,0,1,0,0,1,0,0,0,0,3,33.0,200.0
10989,40.45614,-3.70715,1,2.0,3.0,65.0,0.0,1,0.0,231,50,3476.0,60.621287,5.9,2.0,1,0,0,0,0,1,0,1,1,0,1,0,0,6,13.5,100.0
10990,40.42891,-3.67687,5,1.0,2.0,25.0,100.0,15,0.17,568,50,5328.0,74.694253,2.2,2.0,0,0,0,0,0,1,0,0,1,0,1,0,0,6,43.5,50.0
10991,40.44052,-3.61915,4,1.0,3.0,140.0,100.0,1,0.16,455,200,2477.0,70.967532,7.3,1.5,1,0,0,1,0,1,0,0,1,0,1,0,0,0,34.5,150.0
10992,40.38059,-3.72506,1,1.0,1.0,15.0,95.0,1,0.82,320,50,2195.0,47.402837,6.6,1.0,0,0,0,0,0,0,0,1,0,0,1,0,0,6,10.5,50.0
10993,40.40852,-3.72276,4,2.0,3.0,65.0,95.0,1,1.84,362,200,2287.0,47.008319,4.7,2.0,1,0,0,0,0,1,0,1,1,0,0,0,0,3,36.0,100.0
10994,40.45549,-3.69238,3,1.0,1.0,50.0,87.0,2,0.79,151,200,3476.0,60.621287,5.9,1.0,1,0,0,0,0,1,0,1,1,0,0,0,0,6,25.5,50.0
10996,40.43594,-3.70464,5,1.0,3.0,500.0,0.0,1,0.0,216,200,4855.0,64.056634,2.4,1.0,1,0,0,0,0,0,0,1,1,0,1,0,0,3,40.5,200.0
10997,40.40305,-3.70449,4,1.0,1.0,1000.0,0.0,1,0.0,217,200,3917.0,55.025641,1.9,1.5,1,0,0,0,0,1,0,1,1,0,0,0,0,4,34.5,200.0
10998,40.45523,-3.70091,4,1.0,1.0,176.0,81.0,4,0.62,224,200,3476.0,60.621287,5.9,1.0,1,0,0,0,0,1,0,1,0,1,0,0,0,3,33.0,200.0
10999,40.42856,-3.67918,2,1.0,2.0,400.0,0.0,1,0.0,257,50,5328.0,74.694253,2.2,1.0,0,0,0,0,0,1,0,1,1,0,1,0,0,0,18.0,200.0
11000,40.43116,-3.70101,2,1.0,1.0,500.0,100.0,1,0.04,142,200,4855.0,64.056634,2.4,1.0,1,0,0,0,0,1,0,1,0,0,0,0,0,3,18.0,200.0
11001,40.47903,-3.6349,2,1.0,2.0,200.0,100.0,3,0.04,418,50,3312.0,62.061453,9.2,1.0,1,0,0,0,0,1,0,1,0,1,1,0,0,7,18.0,200.0
11002,40.47021,-3.77022,4,2.0,3.0,140.0,100.0,1,0.09,291,200,3555.0,63.451906,5.9,2.0,1,0,0,0,0,0,1,1,1,0,1,0,0,8,36.0,150.0
11003,40.47222,-3.71791,6,4.0,5.0,1000.0,0.0,1,0.0,140,200,3545.0,57.198083,16.4,2.0,1,0,0,0,0,1,0,1,1,0,0,0,0,7,51.0,200.0
11004,40.42181,-3.69783,2,1.0,1.0,59.0,96.0,5,0.58,271,50,4503.0,68.043894,0.8,1.0,0,0,0,0,0,1,0,1,1,0,0,0,0,9,18.0,100.0
11005,40.45297,-3.59165,1,1.0,1.0,755.0,0.0,1,0.0,223,50,3047.0,56.183432,11.8,1.0,0,1,1,1,1,1,1,1,1,0,1,0,0,6,10.5,200.0
11006,40.43192,-3.704,2,0.0,2.0,280.0,92.0,1,0.67,299,200,4855.0,64.056634,2.4,1.0,1,0,0,0,0,0,0,1,0,0,1,0,0,5,18.0,200.0
11008,40.42067,-3.70609,4,0.0,2.0,500.0,0.0,1,0.0,181,200,4503.0,68.043894,0.8,1.0,1,0,0,0,0,1,0,1,0,0,0,0,0,7,33.0,200.0
11009,40.47362,-3.588,1,1.0,1.0,350.0,97.0,2,4.21,223,50,3047.0,56.183432,11.8,1.0,0,0,0,0,0,1,0,0,1,1,0,0,0,4,10.5,200.0
11011,40.43922,-3.6624,2,1.0,2.0,150.0,20.0,1,0.04,73,50,5328.0,74.694253,2.2,1.5,0,0,0,0,0,1,0,0,0,0,0,0,0,3,19.5,150.0
11012,40.42644,-3.67656,2,1.0,1.0,49.0,92.0,1,0.45,365,50,5328.0,74.694253,2.2,1.5,1,0,0,0,0,1,0,0,1,0,1,0,0,9,19.5,50.0
11013,40.41733,-3.69741,4,1.0,2.0,99.0,96.0,1,0.7,169,200,4503.0,68.043894,0.8,1.0,1,0,0,0,0,1,0,1,1,0,0,0,0,3,33.0,100.0
11014,40.42861,-3.70503,4,2.0,2.0,400.0,100.0,1,0.06,176,200,4503.0,68.043894,0.8,2.5,1,1,1,1,1,1,0,1,1,0,0,0,0,7,37.5,200.0
11015,40.42689,-3.69373,2,1.0,1.0,950.0,1.0,1,1.0,186,200,4855.0,64.056634,2.4,1.5,1,1,1,1,1,1,1,1,1,1,1,1,1,6,19.5,200.0
11017,40.45905,-3.70034,2,1.0,1.0,490.0,100.0,1,0.06,11,50,3476.0,60.621287,5.9,1.0,0,0,0,0,0,0,0,0,0,0,0,0,0,10,18.0,200.0
11018,40.43362,-3.67648,4,1.0,2.0,800.0,0.0,1,0.0,165,200,5328.0,74.694253,2.2,1.0,1,0,0,0,0,1,0,1,1,0,1,0,0,7,33.0,200.0
11019,40.41223,-3.71599,2,1.0,1.0,129.0,0.0,1,0.0,226,200,4503.0,68.043894,0.8,1.0,1,0,0,0,0,0,0,1,1,0,1,0,0,6,18.0,150.0
11020,40.40662,-3.67622,3,1.0,2.0,250.0,100.0,1,0.04,197,200,4220.0,63.672727,3.2,1.0,1,0,0,0,0,1,0,1,0,0,1,0,0,3,25.5,200.0
11022,40.48354,-3.72898,2,1.0,1.0,500.0,0.0,1,0.0,71,50,3545.0,57.198083,16.4,1.0,0,0,0,0,1,1,0,0,1,0,0,0,0,4,18.0,200.0
11023,40.38577,-3.72053,5,2.0,4.0,96.0,96.0,2,0.81,495,200,2195.0,47.402837,6.6,1.0,1,0,0,0,0,1,0,1,0,0,1,0,0,3,40.5,100.0
11024,40.43154,-3.71115,4,1.0,4.0,150.0,0.0,1,0.0,248,50,4855.0,64.056634,2.4,1.0,0,0,0,0,0,1,0,0,1,0,1,0,0,4,33.0,150.0
11025,40.39512,-3.70056,10,3.0,6.0,127.0,100.0,3,0.22,729,200,3917.0,55.025641,1.9,3.0,1,0,0,0,0,1,0,1,1,0,1,0,1,3,84.0,150.0
11026,40.42139,-3.67457,6,2.0,2.0,140.0,96.0,1,0.27,417,200,4220.0,63.672727,3.2,1.0,1,0,0,0,0,1,0,0,1,0,1,0,0,6,48.0,150.0
11027,40.43335,-3.67322,1,1.0,2.0,440.0,0.0,7,0.0,204,50,5328.0,74.694253,2.2,2.0,0,0,0,0,0,1,0,0,1,0,1,0,0,6,13.5,200.0
11028,40.44923,-3.66771,2,1.0,2.0,1100.0,0.0,3,0.0,506,50,4508.0,67.220486,5.8,1.0,1,0,0,0,0,1,0,1,0,1,1,0,0,3,18.0,200.0
11029,40.41596,-3.70648,6,2.0,4.0,128.0,98.0,6,0.78,298,200,4503.0,68.043894,0.8,2.0,1,0,0,0,0,1,0,1,1,1,1,0,0,10,51.0,150.0
11030,40.46057,-3.69782,2,1.0,1.0,45.0,0.0,1,0.0,120,50,3476.0,60.621287,5.9,1.0,0,0,0,0,0,1,0,1,1,0,0,0,0,6,18.0,50.0
11031,40.42133,-3.61068,2,1.0,1.0,500.0,0.0,1,0.0,157,50,2477.0,70.967532,7.3,1.0,1,0,0,0,0,1,0,1,0,0,0,0,0,3,18.0,200.0
11032,40.43129,-3.70308,2,1.0,1.0,250.0,0.0,2,0.0,152,50,4855.0,64.056634,2.4,1.0,0,0,0,0,0,1,0,0,1,0,1,0,0,4,18.0,200.0
11033,40.47468,-3.64499,3,2.0,2.0,923.0,0.0,1,0.0,119,50,3312.0,62.061453,9.2,1.0,1,0,0,0,0,1,0,0,1,0,1,0,0,5,25.5,200.0
11034,40.44331,-3.6155,2,1.0,1.0,300.0,0.0,1,0.0,112,50,2477.0,70.967532,7.3,2.0,0,0,0,1,0,1,0,0,0,0,0,0,0,9,21.0,200.0
11035,40.46433,-3.63258,4,1.0,4.0,60.0,89.0,1,1.66,490,200,3312.0,62.061453,9.2,1.0,1,0,0,0,0,1,0,0,1,0,0,0,0,3,33.0,100.0
11036,40.42759,-3.6039,2,1.0,1.0,800.0,0.0,1,0.0,97,50,2477.0,70.967532,7.3,1.0,1,0,0,0,0,1,0,1,0,0,0,0,0,3,18.0,200.0
11037,40.45244,-3.59383,2,1.0,1.0,750.0,0.0,1,0.0,198,50,3047.0,56.183432,11.8,1.5,0,0,0,1,0,1,1,1,1,0,1,0,0,3,19.5,200.0
11038,40.40435,-3.69987,2,1.0,1.0,350.0,0.0,1,0.0,45,200,3917.0,55.025641,1.9,1.0,1,0,0,0,0,1,0,0,1,0,0,0,0,8,18.0,200.0
11039,40.43387,-3.67108,2,1.0,1.0,500.0,0.0,1,0.0,81,200,5328.0,74.694253,2.2,1.0,1,0,0,0,0,1,0,1,1,0,0,0,0,3,18.0,200.0
11040,40.39554,-3.72382,3,1.0,2.0,39.0,96.0,2,2.54,520,200,2195.0,47.402837,6.6,1.0,1,0,0,0,0,1,0,1,0,1,1,0,0,5,25.5,50.0
11041,40.43633,-3.61131,4,1.0,2.0,70.0,99.0,1,1.42,362,200,2477.0,70.967532,7.3,1.0,1,0,0,0,0,1,0,1,0,0,0,0,0,3,33.0,100.0
11042,40.44755,-3.71289,4,2.0,2.0,700.0,0.0,1,0.0,53,50,3555.0,63.451906,5.9,2.0,0,1,1,1,1,1,0,0,1,0,0,0,0,5,36.0,200.0
11043,40.42229,-3.70641,2,2.0,2.0,42.0,0.0,3,0.0,60,200,4503.0,68.043894,0.8,1.0,1,0,0,0,0,0,0,0,1,0,0,0,0,5,18.0,50.0
11044,40.36932,-3.76238,4,2.0,4.0,400.0,0.0,4,0.0,175,50,2195.0,47.402837,6.6,2.5,0,0,0,0,0,1,0,1,0,0,0,0,0,3,37.5,200.0
11045,40.45845,-3.58875,2,1.0,2.0,59.0,100.0,2,0.18,325,50,3047.0,56.183432,11.8,1.0,0,0,0,0,0,1,0,0,0,0,1,0,1,5,18.0,100.0
11046,40.42527,-3.70518,2,1.0,2.0,58.0,70.0,5,0.09,300,50,4503.0,68.043894,0.8,1.5,1,0,0,0,0,1,0,0,0,0,1,0,0,3,19.5,100.0
11048,40.39089,-3.66352,10,6.0,10.0,1000.0,0.0,5,0.0,133,50,1890.0,41.443535,5.0,1.0,0,0,0,0,0,1,0,0,0,0,0,0,0,3,78.0,200.0
11049,40.44596,-3.59433,1,1.0,1.0,500.0,0.0,1,0.0,103,50,2477.0,70.967532,7.3,1.0,1,0,0,0,1,1,0,1,1,0,0,0,0,7,10.5,200.0
11051,40.42368,-3.65518,1,1.0,1.0,200.0,0.0,2,0.0,205,50,2893.0,50.090625,6.5,1.0,0,0,0,0,0,1,0,1,1,0,0,0,0,5,10.5,200.0
11052,40.46333,-3.69433,2,1.0,1.0,795.0,0.0,1,0.0,186,200,3476.0,60.621287,5.9,1.0,1,0,0,0,0,1,0,0,1,0,1,0,0,3,18.0,200.0
11053,40.43425,-3.68249,2,0.0,1.0,65.0,100.0,3,0.09,219,50,5328.0,74.694253,2.2,1.0,0,1,1,1,1,1,0,1,1,0,1,0,0,7,18.0,100.0
11054,40.40802,-3.70322,10,4.0,5.0,100.0,90.0,1,1.38,307,200,4503.0,68.043894,0.8,2.0,1,0,0,0,0,1,0,1,1,1,0,0,0,3,81.0,100.0
11055,40.40249,-3.56049,2,1.0,1.0,500.0,0.0,1,0.0,93,50,2246.0,55.472222,11.2,1.0,1,0,0,0,0,1,0,1,1,0,1,0,0,4,18.0,200.0
11056,40.39534,-3.69978,4,1.0,1.0,54.0,100.0,3,0.13,458,50,3917.0,55.025641,1.9,1.0,1,0,0,0,0,1,0,1,1,0,1,0,0,3,33.0,100.0
11057,40.41541,-3.70714,3,0.0,2.0,58.0,97.0,17,0.63,254,200,4503.0,68.043894,0.8,1.0,1,0,0,0,0,1,0,1,0,0,0,0,0,8,25.5,100.0
11058,40.44973,-3.70179,4,2.0,3.0,140.0,90.0,1,0.09,563,200,3476.0,60.621287,5.9,2.0,1,0,0,0,0,1,0,1,1,0,1,0,0,9,36.0,150.0
11059,40.43572,-3.68043,8,3.0,4.0,1000.0,0.0,1,0.0,165,200,5328.0,74.694253,2.2,2.0,1,0,0,0,0,0,0,1,1,0,1,0,0,3,66.0,200.0
11060,40.4096,-3.64349,4,3.0,4.0,500.0,80.0,1,0.04,228,200,2547.0,45.581197,5.0,3.0,1,0,0,0,0,1,0,1,1,0,1,0,0,4,39.0,200.0
11061,40.44555,-3.58619,4,1.0,1.0,800.0,0.0,1,0.0,408,200,2477.0,70.967532,7.3,1.0,1,0,0,0,0,1,1,1,1,0,1,0,1,5,33.0,200.0
11062,40.41776,-3.70922,6,2.0,3.0,130.0,0.0,2,0.05,142,200,4503.0,68.043894,0.8,1.0,1,0,0,0,0,1,0,1,0,0,0,0,0,6,48.0,150.0
11063,40.40501,-3.69291,6,3.0,5.0,1170.0,0.0,4,0.0,117,200,3917.0,55.025641,1.9,2.0,1,0,0,0,0,1,0,1,0,0,0,0,0,3,51.0,200.0
11064,40.39722,-3.69409,2,2.0,1.0,414.0,0.0,1,0.04,121,50,3917.0,55.025641,1.9,1.0,0,0,0,0,0,1,0,0,1,0,0,0,0,3,18.0,200.0
11065,40.37947,-3.72895,1,1.0,1.0,100.0,0.0,1,0.0,88,50,2195.0,47.402837,6.6,1.0,0,0,0,0,0,1,0,0,1,0,0,0,0,4,10.5,100.0
11066,40.42482,-3.61998,4,2.0,4.0,1200.0,0.0,1,0.0,99,200,2477.0,70.967532,7.3,1.0,1,0,0,0,0,0,0,0,0,0,0,0,0,3,33.0,200.0
11067,40.40982,-3.67497,4,2.0,2.0,120.0,100.0,2,0.16,731,200,4220.0,63.672727,3.2,1.0,1,0,0,0,0,1,0,1,1,1,1,0,1,10,33.0,150.0
11068,40.43104,-3.7095,2,0.0,2.0,34.0,93.0,21,1.9,221,200,4855.0,64.056634,2.4,1.0,1,0,0,0,0,1,0,1,0,0,1,0,0,4,18.0,50.0
11069,40.42698,-3.68127,6,3.0,3.0,497.0,0.0,1,0.0,131,200,5328.0,74.694253,2.2,2.0,1,0,0,0,0,1,0,1,1,0,0,0,0,3,51.0,200.0
11070,40.47293,-3.63715,1,1.0,1.0,23.0,100.0,2,0.09,301,50,3312.0,62.061453,9.2,1.0,0,0,0,0,0,1,0,1,1,0,1,0,0,7,10.5,50.0
11071,40.40952,-3.70693,2,1.0,1.0,27.0,98.0,1,3.17,322,50,4503.0,68.043894,0.8,2.0,1,0,0,0,0,1,0,0,0,1,1,0,0,0,21.0,50.0
11072,40.38813,-3.73584,2,1.0,1.0,31.0,0.0,1,0.0,180,50,2195.0,47.402837,6.6,1.0,0,0,0,0,0,1,0,0,0,0,0,0,0,3,18.0,50.0
11073,40.41451,-3.70029,4,1.0,2.0,70.0,88.0,25,1.88,491,200,4503.0,68.043894,0.8,1.0,1,0,0,1,0,1,0,1,1,1,0,0,1,6,33.0,100.0
11074,40.41466,-3.69974,4,2.0,4.0,90.0,96.0,6,0.47,355,200,4503.0,68.043894,0.8,1.0,1,0,0,0,0,1,0,1,0,0,1,0,0,10,33.0,100.0
11075,40.43011,-3.60361,3,2.0,2.0,500.0,0.0,1,0.0,133,50,2477.0,70.967532,7.3,1.0,1,0,0,0,0,1,1,1,1,0,0,0,0,3,25.5,200.0
11076,40.45667,-3.6808,4,3.0,4.0,120.0,100.0,1,0.39,243,200,4508.0,67.220486,5.8,2.0,1,0,0,0,0,1,0,1,1,0,0,0,0,7,36.0,150.0
11077,40.50491,-3.66656,2,2.0,2.0,50.0,0.0,2,0.0,354,50,3545.0,57.198083,16.4,2.0,1,0,0,0,0,1,1,1,1,0,1,0,0,4,21.0,50.0
11078,40.43301,-3.7006,2,1.0,2.0,360.0,80.0,1,0.04,155,50,4855.0,64.056634,2.4,2.0,1,0,0,0,0,1,0,0,1,0,1,0,0,6,21.0,200.0
11079,40.41548,-3.70752,4,0.0,2.0,150.0,0.0,1,0.0,354,200,4503.0,68.043894,0.8,1.0,1,0,0,0,0,1,0,1,1,0,0,0,0,6,33.0,150.0
11080,40.39926,-3.69324,4,2.0,4.0,450.0,100.0,1,0.04,209,50,3917.0,55.025641,1.9,1.0,0,0,0,0,0,1,0,0,1,0,1,0,0,4,33.0,200.0
11082,40.39168,-3.66416,4,0.0,2.0,77.0,91.0,40,0.64,403,200,1890.0,41.443535,5.0,1.0,1,0,0,0,0,1,0,1,0,0,1,0,0,5,33.0,100.0
11083,40.41071,-3.70209,2,1.0,1.0,450.0,0.0,1,0.0,120,50,4503.0,68.043894,0.8,1.0,0,0,0,0,0,1,0,1,0,0,0,0,0,9,18.0,200.0
11084,40.44288,-3.58168,4,1.0,2.0,41.0,95.0,1,3.21,582,200,2477.0,70.967532,7.3,1.0,1,0,0,0,0,1,1,1,1,0,1,0,0,3,33.0,50.0
11086,40.41022,-3.70409,5,1.0,2.0,710.0,0.0,1,0.0,391,200,4503.0,68.043894,0.8,1.0,1,0,0,0,0,1,0,1,0,0,1,0,0,3,40.5,200.0
11087,40.40816,-3.70919,2,1.0,1.0,250.0,0.0,2,0.0,96,50,4503.0,68.043894,0.8,1.0,0,1,1,1,1,1,0,0,1,0,0,0,0,3,18.0,200.0
11088,40.42965,-3.70835,2,1.0,1.0,375.0,0.0,1,0.0,139,50,4503.0,68.043894,0.8,1.0,1,0,0,0,0,1,0,0,1,0,1,0,0,3,18.0,200.0
11090,40.47947,-3.73567,1,1.0,1.0,29.0,100.0,1,0.04,289,50,3545.0,57.198083,16.4,1.0,1,0,0,0,0,1,1,0,1,0,1,0,0,3,10.5,50.0
11091,40.39269,-3.69515,3,2.0,2.0,64.0,80.0,3,0.04,165,200,3917.0,55.025641,1.9,1.0,1,0,0,0,0,1,0,1,0,0,1,0,0,5,25.5,100.0
11092,40.44193,-3.61761,3,2.0,2.0,145.0,0.0,1,0.05,334,200,2477.0,70.967532,7.3,1.5,1,0,0,1,0,1,0,0,0,0,1,0,0,6,27.0,150.0
11094,40.44528,-3.62616,2,1.0,1.0,400.0,0.0,1,0.0,179,50,2477.0,70.967532,7.3,1.5,1,0,0,0,0,1,0,0,1,0,0,0,0,5,19.5,200.0
11095,40.40869,-3.70368,3,1.0,1.0,87.0,89.0,1,0.74,278,200,4503.0,68.043894,0.8,1.0,1,0,0,0,0,1,0,0,0,0,1,0,0,0,25.5,100.0
11096,40.3533,-3.69319,2,1.0,1.0,35.0,0.0,1,0.05,179,50,1696.0,37.641618,9.0,1.5,0,0,0,0,0,1,0,1,1,0,0,0,0,3,19.5,50.0
11097,40.42779,-3.61478,6,3.0,3.0,790.0,0.0,1,0.0,145,50,2477.0,70.967532,7.3,1.0,0,0,0,0,0,1,0,0,0,0,0,0,0,8,48.0,200.0
11099,40.41217,-3.7184,4,0.0,1.0,1000.0,0.0,1,0.0,132,200,3917.0,55.025641,1.9,1.0,1,0,0,0,0,0,0,1,0,0,0,0,0,6,33.0,200.0
11101,40.41876,-3.70283,9,2.0,7.0,299.0,95.0,3,0.52,335,200,4503.0,68.043894,0.8,2.0,1,0,0,0,0,1,0,1,1,0,1,0,0,7,73.5,200.0
11102,40.40773,-3.69957,1,1.0,1.0,31.0,98.0,1,1.01,264,50,4503.0,68.043894,0.8,1.0,0,0,0,0,0,1,0,0,0,0,0,0,0,9,10.5,50.0
11104,40.4304,-3.64721,2,1.0,1.0,170.0,0.0,2,0.0,136,50,2893.0,50.090625,6.5,1.0,0,0,0,0,0,1,0,0,0,0,1,0,0,3,18.0,200.0
11105,40.4337,-3.70769,2,0.0,1.0,35.0,80.0,21,1.96,305,200,4855.0,64.056634,2.4,1.0,1,0,0,0,0,1,0,1,0,0,1,0,0,4,18.0,50.0
11106,40.43102,-3.6575,5,3.0,4.0,600.0,0.0,1,0.0,160,200,2893.0,50.090625,6.5,2.0,1,0,0,0,0,1,0,0,0,0,1,0,0,7,43.5,200.0
11107,40.42497,-3.70683,4,1.0,2.0,495.0,0.0,1,0.0,165,200,4503.0,68.043894,0.8,1.0,1,0,0,0,0,0,0,1,0,0,0,0,0,0,33.0,200.0
11108,40.41241,-3.70891,2,1.0,1.0,110.0,93.0,1,0.13,263,200,4503.0,68.043894,0.8,1.0,1,0,0,0,0,1,0,0,0,0,0,0,0,3,18.0,150.0
11109,40.456,-3.70096,2,1.0,1.0,375.0,0.0,1,0.0,114,50,3476.0,60.621287,5.9,1.0,0,0,0,0,0,1,0,1,1,0,0,0,0,3,18.0,200.0
11110,40.41177,-3.69757,4,1.0,2.0,69.0,90.0,1,1.11,342,200,4503.0,68.043894,0.8,1.0,1,0,0,0,0,1,0,1,0,0,0,0,0,3,33.0,100.0
11111,40.42826,-3.6392,2,1.0,1.0,560.0,100.0,1,0.04,233,50,2893.0,50.090625,6.5,1.0,0,0,0,0,1,1,0,0,0,0,1,0,0,4,18.0,200.0
11112,40.43339,-3.6681,2,1.0,1.0,150.0,100.0,1,0.04,176,50,5328.0,74.694253,2.2,1.0,1,0,0,0,0,1,0,1,1,0,0,0,0,7,18.0,150.0
11113,40.49365,-3.69199,2,1.0,1.0,24.0,100.0,1,2.0,338,50,3545.0,57.198083,16.4,1.0,0,0,0,0,0,1,0,0,0,0,0,0,0,7,18.0,50.0
11114,40.39514,-3.66331,4,0.0,1.0,1000.0,0.0,1,0.0,104,200,1890.0,41.443535,5.0,1.0,1,0,0,0,0,1,0,1,0,0,0,0,0,3,33.0,200.0
11115,40.42322,-3.65452,2,1.0,1.0,16.0,97.0,1,1.26,125,50,2893.0,50.090625,6.5,1.5,0,0,0,0,0,1,0,0,0,0,0,0,0,7,19.5,50.0
11117,40.44516,-3.71128,2,1.0,1.0,110.0,100.0,3,0.16,608,50,4855.0,64.056634,2.4,1.5,1,1,1,1,1,1,1,1,1,1,1,1,1,0,19.5,150.0
11118,40.42667,-3.67576,3,1.0,2.0,59.0,100.0,3,0.09,270,200,5328.0,74.694253,2.2,1.0,1,0,0,0,0,0,0,0,1,0,0,0,0,6,25.5,100.0
11119,40.40906,-3.70957,4,1.0,2.0,70.0,100.0,1,0.04,130,200,4503.0,68.043894,0.8,1.0,1,0,0,0,0,1,0,0,0,0,0,0,0,5,33.0,100.0
11120,40.42455,-3.70865,2,1.0,2.0,240.0,87.0,1,0.13,215,50,4503.0,68.043894,0.8,1.5,1,0,0,0,0,1,0,1,0,0,1,0,0,7,19.5,200.0
11121,40.45854,-3.68825,3,2.0,3.0,500.0,0.0,1,0.0,152,50,4508.0,67.220486,5.8,1.0,1,0,0,0,0,1,0,0,1,0,1,0,0,5,25.5,200.0
11122,40.43949,-3.67084,2,1.0,2.0,190.0,0.0,1,0.0,142,50,5328.0,74.694253,2.2,1.5,1,0,0,0,0,1,0,0,1,0,0,0,0,3,19.5,200.0
11124,40.37678,-3.78363,1,1.0,1.0,60.0,100.0,2,0.04,85,50,2287.0,47.008319,4.7,1.0,0,0,0,0,0,1,0,0,0,0,1,0,0,5,10.5,100.0
11125,40.42742,-3.68426,2,1.0,1.0,39.0,85.0,35,0.52,494,50,5328.0,74.694253,2.2,1.0,1,0,0,0,0,1,0,1,1,0,1,0,0,5,18.0,50.0
11126,40.41723,-3.71013,4,2.0,2.0,130.0,100.0,1,0.48,473,200,4503.0,68.043894,0.8,2.0,1,0,0,0,0,1,0,1,0,1,1,0,0,9,36.0,150.0
11127,40.46331,-3.62787,2,1.0,2.0,350.0,0.0,1,0.0,352,50,3312.0,62.061453,9.2,1.0,0,0,0,0,0,1,0,0,1,0,1,0,0,6,18.0,200.0
11128,40.46646,-3.63911,2,0.0,1.0,365.0,0.0,1,0.0,148,50,3312.0,62.061453,9.2,1.0,1,0,0,1,0,1,1,0,1,0,1,0,0,5,18.0,200.0
11129,40.42793,-3.70373,2,1.0,1.0,1000.0,0.0,2,0.0,186,50,4503.0,68.043894,0.8,2.0,1,0,0,0,0,1,0,0,0,0,1,0,0,5,21.0,200.0
11130,40.36827,-3.62205,5,2.0,3.0,79.0,96.0,1,0.27,292,200,2382.0,49.659794,11.0,2.5,1,0,0,0,0,0,0,0,0,0,1,0,0,4,45.0,100.0
11132,40.39176,-3.66786,2,1.0,2.0,23.0,93.0,1,0.19,256,50,1890.0,41.443535,5.0,1.5,0,0,0,0,0,1,0,1,0,0,0,0,0,3,19.5,50.0
11133,40.42947,-3.70432,4,2.0,2.0,600.0,0.0,1,0.0,126,200,4855.0,64.056634,2.4,1.0,1,0,0,0,0,1,0,1,1,0,0,0,0,3,33.0,200.0
11134,40.44396,-3.6702,2,1.0,2.0,15.0,100.0,2,0.42,201,50,4508.0,67.220486,5.8,1.0,0,1,1,1,1,1,0,0,1,0,1,0,0,6,18.0,50.0
11135,40.48861,-3.70006,4,2.0,4.0,500.0,0.0,1,0.0,199,50,3545.0,57.198083,16.4,2.0,0,0,0,0,0,1,0,1,1,0,1,0,0,5,36.0,200.0
11136,40.38906,-3.75706,4,2.0,2.0,400.0,60.0,2,0.04,137,200,2287.0,47.008319,4.7,1.0,1,0,0,0,0,1,0,1,0,0,0,0,0,3,33.0,200.0
11137,40.35278,-3.6972,1,1.0,1.0,20.0,100.0,1,0.17,127,50,1696.0,37.641618,9.0,1.5,0,0,0,0,0,1,0,0,0,0,0,0,0,3,12.0,50.0
11139,40.45872,-3.70872,2,1.0,1.0,58.0,80.0,2,0.04,425,200,3476.0,60.621287,5.9,1.0,1,0,0,0,0,1,0,1,1,0,1,0,0,5,18.0,100.0
11140,40.37523,-3.62284,4,1.0,1.0,1050.0,0.0,1,0.04,131,200,2382.0,49.659794,11.0,1.0,1,0,0,0,0,1,0,0,0,0,0,0,0,8,33.0,200.0
11141,40.41023,-3.70555,3,0.0,2.0,36.0,98.0,2,4.99,499,200,4503.0,68.043894,0.8,1.0,1,0,0,0,0,1,0,0,0,0,1,0,1,7,25.5,50.0
11142,40.43462,-3.67392,5,3.0,4.0,150.0,96.0,1,0.42,450,200,5328.0,74.694253,2.2,2.0,1,0,0,0,0,1,0,1,1,1,1,0,0,4,43.5,150.0
11143,40.39874,-3.66434,2,1.0,1.0,20.0,81.0,26,2.08,204,50,1890.0,41.443535,5.0,1.0,0,0,0,0,0,1,0,0,0,0,1,0,0,8,18.0,50.0
11144,40.39815,-3.66249,2,1.0,1.0,22.0,89.0,26,6.31,191,50,1890.0,41.443535,5.0,1.0,1,0,0,0,0,1,0,0,0,0,1,0,0,8,18.0,50.0
11145,40.41292,-3.70311,1,1.0,1.0,60.0,0.0,3,0.0,614,50,4503.0,68.043894,0.8,1.0,1,0,0,0,0,1,0,1,1,1,1,0,0,4,10.5,100.0
11147,40.41372,-3.69844,2,1.0,1.0,650.0,0.0,2,0.0,118,200,4503.0,68.043894,0.8,1.0,1,0,0,0,0,0,0,0,0,0,0,0,0,6,18.0,200.0
11148,40.44868,-3.66246,1,2.0,1.0,120.0,100.0,2,0.06,292,50,4508.0,67.220486,5.8,2.5,1,0,0,0,0,1,1,1,1,0,0,0,0,3,15.0,150.0
11150,40.40874,-3.6889,6,3.0,3.0,335.0,98.0,1,1.01,371,200,4220.0,63.672727,3.2,3.0,1,0,0,0,0,1,0,1,1,0,1,0,0,3,54.0,200.0
11151,40.40764,-3.70335,5,3.0,3.0,149.0,91.0,1,0.87,286,200,4503.0,68.043894,0.8,1.0,1,0,0,0,0,1,0,1,0,0,0,0,0,3,40.5,150.0
11152,40.42433,-3.65879,2,1.0,2.0,56.0,67.0,1,0.2,105,200,2893.0,50.090625,6.5,1.0,1,0,0,0,0,0,0,1,0,0,0,0,0,3,18.0,100.0
11153,40.42185,-3.68728,2,1.0,2.0,245.0,0.0,2,0.0,116,50,5328.0,74.694253,2.2,1.0,1,0,0,0,0,1,0,0,1,0,0,0,0,7,18.0,200.0
11154,40.40157,-3.68895,2,0.0,1.0,62.0,0.0,1,0.05,172,200,3917.0,55.025641,1.9,1.0,1,0,0,0,0,1,0,0,1,0,0,0,0,3,18.0,100.0
11155,40.40215,-3.67549,1,0.0,1.0,24.0,96.0,1,1.31,63,50,4220.0,63.672727,3.2,1.5,0,0,0,0,0,1,0,0,0,0,0,0,0,3,12.0,50.0
11156,40.37407,-3.73121,6,3.0,5.0,820.0,0.0,1,0.0,186,200,2195.0,47.402837,6.6,2.0,1,0,0,0,0,1,0,1,1,0,1,0,0,3,51.0,200.0
11157,40.39762,-3.67219,6,2.0,1.0,220.0,0.0,1,0.0,224,200,4220.0,63.672727,3.2,1.5,1,0,0,0,0,1,0,1,1,0,0,0,0,8,49.5,200.0
11158,40.44935,-3.66051,1,1.0,1.0,32.0,98.0,2,0.91,506,50,2893.0,50.090625,6.5,1.5,1,0,0,0,0,1,0,1,1,0,1,0,0,3,12.0,50.0
11159,40.43521,-3.59904,4,2.0,3.0,1100.0,0.0,2,0.0,186,200,2477.0,70.967532,7.3,1.0,1,0,0,0,0,0,0,1,0,0,1,0,0,3,33.0,200.0
11160,40.45453,-3.58874,2,1.0,1.0,32.0,90.0,2,0.22,437,50,3047.0,56.183432,11.8,1.0,1,0,0,0,0,1,0,1,1,1,1,0,0,4,18.0,50.0
11161,40.43245,-3.67492,3,1.0,1.0,450.0,0.0,1,0.0,152,200,5328.0,74.694253,2.2,1.0,1,0,0,0,0,0,0,1,0,0,1,0,0,3,25.5,200.0
11162,40.4463,-3.71216,2,0.0,1.0,450.0,0.0,1,0.0,158,50,4855.0,64.056634,2.4,1.0,0,1,1,1,1,1,0,0,1,0,0,0,0,4,18.0,200.0
11163,40.40316,-3.68903,1,1.0,1.0,60.0,0.0,1,0.0,160,50,3917.0,55.025641,1.9,1.0,0,0,0,0,0,1,0,0,0,0,0,0,0,3,10.5,100.0
11164,40.41465,-3.70243,4,1.0,3.0,80.0,87.0,25,1.87,491,200,4503.0,68.043894,0.8,1.0,1,0,0,0,0,1,0,1,1,1,0,0,1,6,33.0,100.0
11165,40.41136,-3.6969,6,2.0,3.0,450.0,0.0,1,0.04,60,200,4503.0,68.043894,0.8,2.0,1,0,0,0,0,1,0,0,0,0,0,0,0,7,51.0,200.0
11166,40.47038,-3.58434,2,0.0,1.0,440.0,0.0,1,0.0,168,50,3047.0,56.183432,11.8,1.0,0,1,1,1,1,1,0,0,0,0,1,0,0,3,18.0,200.0
11167,40.41098,-3.70519,2,1.0,1.0,400.0,0.0,1,0.0,149,200,4503.0,68.043894,0.8,1.0,1,0,0,0,0,1,0,0,1,0,1,0,0,6,18.0,200.0
11168,40.43529,-3.69902,2,1.0,1.0,350.0,0.0,1,0.0,315,50,4855.0,64.056634,2.4,1.0,0,0,0,0,0,1,0,1,1,0,1,0,0,0,18.0,200.0
11169,40.42829,-3.6656,2,1.0,1.0,60.0,93.0,1,0.27,205,50,5328.0,74.694253,2.2,1.0,1,0,0,0,0,1,0,0,1,1,0,0,0,9,18.0,100.0
11170,40.4305,-3.65513,3,1.0,2.0,500.0,0.0,1,0.0,158,200,2893.0,50.090625,6.5,1.0,1,0,0,1,0,1,0,0,0,0,0,0,0,3,25.5,200.0
11171,40.37578,-3.76982,5,3.0,4.0,500.0,100.0,2,0.04,69,200,2287.0,47.008319,4.7,1.0,1,0,0,0,0,0,0,0,1,0,0,0,0,3,40.5,200.0
11172,40.4134,-3.7075,4,1.0,2.0,580.0,0.0,6,0.0,163,200,4503.0,68.043894,0.8,1.0,1,0,0,0,0,1,0,1,1,0,0,0,0,3,33.0,200.0
11173,40.42104,-3.65477,1,1.0,1.0,23.0,100.0,1,0.17,294,50,2893.0,50.090625,6.5,1.0,0,0,0,0,0,1,0,1,0,0,1,0,0,8,10.5,50.0
11174,40.42642,-3.6521,4,2.0,2.0,239.0,96.0,4,0.26,209,200,2893.0,50.090625,6.5,1.5,1,0,0,0,0,1,0,1,0,0,1,0,0,3,34.5,200.0
11175,40.43041,-3.71149,3,1.0,2.0,400.0,0.0,1,0.0,106,50,4855.0,64.056634,2.4,1.0,0,0,0,0,0,1,0,0,0,0,0,0,0,4,25.5,200.0
11176,40.44496,-3.58995,2,0.0,1.0,350.0,0.0,1,0.0,159,50,2477.0,70.967532,7.3,1.0,1,1,1,1,1,0,0,1,1,0,1,0,0,6,18.0,200.0
11177,40.41805,-3.70534,6,2.0,3.0,256.0,96.0,2,0.89,348,200,4503.0,68.043894,0.8,3.0,1,0,0,0,0,1,0,1,1,0,1,0,0,7,54.0,200.0
11178,40.42107,-3.69681,4,2.0,2.0,330.0,100.0,1,0.04,225,50,4503.0,68.043894,0.8,1.0,0,0,0,0,0,1,0,1,1,0,0,0,0,3,33.0,200.0
11179,40.46732,-3.68146,2,1.0,1.0,50.0,92.0,1,1.08,746,200,4508.0,67.220486,5.8,1.0,1,0,0,0,0,1,1,1,0,1,1,1,0,7,18.0,50.0
11180,40.36439,-3.69493,1,1.0,1.0,15.0,93.0,1,0.13,98,50,1696.0,37.641618,9.0,1.0,1,1,1,1,1,1,1,1,1,1,1,1,1,7,10.5,50.0
11182,40.44991,-3.69219,2,1.0,1.0,90.0,97.0,1,0.64,170,200,3476.0,60.621287,5.9,1.5,1,0,0,0,0,0,0,1,1,0,1,0,0,3,19.5,100.0
11184,40.40878,-3.70502,2,1.0,1.0,50.0,95.0,1,0.53,393,50,4503.0,68.043894,0.8,1.0,1,0,0,0,0,1,0,0,0,1,1,0,0,5,18.0,50.0
11185,40.39743,-3.61945,2,1.0,1.0,400.0,100.0,1,0.04,127,50,2246.0,55.472222,11.2,1.5,0,0,0,1,0,1,0,1,1,0,0,0,0,3,19.5,200.0
11186,40.42913,-3.69467,3,1.0,2.0,130.0,100.0,1,0.04,186,50,4855.0,64.056634,2.4,1.0,1,0,0,0,0,0,0,0,1,0,0,0,0,3,25.5,150.0
11187,40.42413,-3.69543,2,1.0,1.0,1000.0,0.0,1,0.0,433,200,4503.0,68.043894,0.8,1.0,1,0,0,0,0,1,0,0,1,0,0,0,0,11,18.0,200.0
11188,40.40925,-3.70068,4,2.0,3.0,36.0,88.0,5,0.57,168,200,4503.0,68.043894,0.8,1.0,1,0,0,0,0,1,0,1,0,0,0,0,0,7,33.0,50.0
11189,40.41381,-3.69863,4,1.0,2.0,700.0,0.0,1,0.0,73,200,4503.0,68.043894,0.8,1.0,1,0,0,0,0,1,0,0,0,0,0,0,0,5,33.0,200.0
11190,40.43506,-3.69882,6,2.0,3.0,900.0,0.0,1,0.0,297,200,4855.0,64.056634,2.4,2.0,1,0,0,0,0,1,0,1,1,0,1,0,0,6,51.0,200.0
11191,40.43172,-3.70448,4,0.0,3.0,350.0,0.0,2,0.0,166,50,4855.0,64.056634,2.4,1.0,0,0,0,0,0,1,0,0,1,0,1,0,0,4,33.0,200.0
11192,40.42825,-3.70364,2,1.0,1.0,276.0,0.0,2,0.0,186,50,4503.0,68.043894,0.8,2.0,1,1,1,1,1,1,0,0,0,0,1,0,0,5,21.0,200.0
11193,40.39434,-3.66951,1,1.0,2.0,20.0,89.0,2,0.73,100,50,1890.0,41.443535,5.0,1.0,0,0,0,0,0,1,0,0,1,0,0,0,0,3,10.5,50.0
11194,40.3939,-3.72277,2,1.0,1.0,300.0,1.0,2,1.0,76,50,2195.0,47.402837,6.6,1.5,1,1,1,1,1,1,1,1,1,1,1,1,1,3,19.5,200.0
11195,40.43396,-3.70809,1,1.0,1.0,25.0,0.0,3,0.0,223,50,4855.0,64.056634,2.4,1.0,0,0,0,0,0,1,0,0,1,0,1,0,0,11,10.5,50.0
11196,40.4402,-3.69406,2,1.0,2.0,400.0,0.0,1,0.0,118,50,4855.0,64.056634,2.4,1.0,0,1,1,1,1,1,0,0,1,0,0,0,0,8,18.0,200.0
11197,40.42623,-3.68483,4,1.0,1.0,1160.0,0.0,1,0.0,134,200,5328.0,74.694253,2.2,1.5,1,0,0,0,0,1,0,1,1,0,0,0,0,3,34.5,200.0
11198,40.41618,-3.70423,4,1.0,2.0,73.0,95.0,13,5.45,695,200,4503.0,68.043894,0.8,1.0,1,0,0,0,0,1,0,1,1,1,1,0,1,9,33.0,100.0
11199,40.42562,-3.6049,3,2.0,2.0,700.0,0.0,2,0.0,139,50,2477.0,70.967532,7.3,1.5,0,0,0,0,0,1,0,0,1,0,1,0,0,7,27.0,200.0
11200,40.42794,-3.6044,2,1.0,2.0,400.0,0.0,2,0.0,139,50,2477.0,70.967532,7.3,1.0,0,0,0,0,0,1,0,0,1,0,1,0,0,7,18.0,200.0
11202,40.40854,-3.65932,2,1.0,1.0,100.0,0.0,1,0.0,84,50,2547.0,45.581197,5.0,1.0,0,0,0,0,0,1,0,0,1,0,0,0,0,3,18.0,100.0
11203,40.43193,-3.65306,2,0.0,2.0,45.0,94.0,1,0.96,204,200,2893.0,50.090625,6.5,1.0,1,0,0,0,0,1,0,1,1,0,0,0,0,8,18.0,50.0
11204,40.41284,-3.71636,3,1.0,2.0,620.0,0.0,1,0.0,172,200,4503.0,68.043894,0.8,1.0,1,0,0,0,0,1,0,1,1,0,1,0,0,3,25.5,200.0
11205,40.41085,-3.72394,5,3.0,3.0,300.0,0.0,1,0.0,166,200,2287.0,47.008319,4.7,2.0,1,0,0,0,0,1,0,0,1,0,1,0,0,3,43.5,200.0
11207,40.44242,-3.6446,5,2.0,3.0,750.0,0.0,1,0.0,140,200,2893.0,50.090625,6.5,1.0,1,0,0,0,0,1,0,0,0,0,1,0,0,11,40.5,200.0
11208,40.45324,-3.58833,2,2.0,2.0,600.0,0.0,1,0.0,170,50,3047.0,56.183432,11.8,2.0,0,0,0,1,1,1,0,1,1,0,1,0,0,3,21.0,200.0
11209,40.43895,-3.68067,3,1.0,1.0,700.0,0.0,1,0.0,179,200,4508.0,67.220486,5.8,1.0,1,0,0,0,0,1,0,1,1,0,0,0,0,6,25.5,200.0
11210,40.40074,-3.69721,1,3.0,3.0,52.0,100.0,1,0.18,384,50,3917.0,55.025641,1.9,1.0,1,0,0,0,0,1,0,1,1,0,1,0,0,5,10.5,100.0
11211,40.46157,-3.69851,3,1.0,2.0,850.0,0.0,1,0.0,163,200,3476.0,60.621287,5.9,1.0,1,0,0,0,0,1,0,1,1,0,0,0,0,3,25.5,200.0
11212,40.44483,-3.60616,3,1.0,4.0,400.0,0.0,1,0.0,92,50,2477.0,70.967532,7.3,1.5,0,0,0,0,0,1,0,0,0,0,0,0,0,4,27.0,200.0
11213,40.44161,-3.65584,1,1.0,1.0,200.0,100.0,1,0.04,211,50,2893.0,50.090625,6.5,1.0,0,0,0,0,0,1,0,0,0,1,0,0,0,4,10.5,200.0
11214,40.42,-3.6974,2,2.0,1.0,76.0,95.0,10,0.35,258,200,4503.0,68.043894,0.8,1.0,1,0,0,0,0,1,0,1,1,1,1,0,0,4,18.0,100.0
11217,40.41954,-3.67494,2,1.0,1.0,600.0,0.0,1,0.0,199,50,4220.0,63.672727,3.2,1.0,0,1,1,1,1,1,0,1,1,0,1,0,0,7,18.0,200.0
11218,40.44727,-3.59494,4,2.0,2.0,600.0,0.0,1,0.0,175,50,2477.0,70.967532,7.3,1.0,0,1,1,1,1,1,0,1,1,0,0,0,0,7,33.0,200.0
11219,40.4395,-3.63327,3,1.0,3.0,1000.0,0.0,1,0.0,130,50,2477.0,70.967532,7.3,1.5,1,0,0,0,0,1,0,0,1,0,0,0,0,3,27.0,200.0
11220,40.42486,-3.65302,2,1.0,1.0,55.0,98.0,4,0.71,196,50,2893.0,50.090625,6.5,1.0,0,0,0,0,0,1,0,1,0,0,1,0,0,3,18.0,100.0
11223,40.41576,-3.70213,6,2.0,2.0,82.0,98.0,4,0.47,186,200,4503.0,68.043894,0.8,1.0,1,0,0,0,0,1,0,0,1,0,1,0,0,3,48.0,100.0
11224,40.40692,-3.75041,2,1.0,1.0,20.0,100.0,2,0.35,494,50,2287.0,47.008319,4.7,1.0,0,0,0,0,0,1,0,1,1,1,0,0,0,6,18.0,50.0
11225,40.42342,-3.7056,4,1.0,1.0,900.0,0.0,1,0.0,83,200,4503.0,68.043894,0.8,2.0,1,0,0,0,0,0,0,1,0,0,0,0,0,5,36.0,200.0
11226,40.35295,-3.69853,2,1.0,1.0,85.0,0.0,1,0.04,262,50,1696.0,37.641618,9.0,1.0,1,1,1,1,1,1,0,0,0,0,1,0,0,3,18.0,100.0
11227,40.41997,-3.70261,4,1.0,1.0,50.0,0.0,4,0.0,104,200,4503.0,68.043894,0.8,1.0,1,0,0,0,0,1,0,1,0,0,0,0,0,5,33.0,50.0
11228,40.42957,-3.61912,2,1.0,1.0,50.0,100.0,1,0.06,316,200,2477.0,70.967532,7.3,1.0,1,0,0,0,0,1,0,1,0,0,0,0,0,3,18.0,50.0
11229,40.42389,-3.70592,2,1.0,1.0,164.0,0.0,1,0.0,126,50,4503.0,68.043894,0.8,1.0,1,0,0,0,0,1,0,0,0,0,1,0,0,6,18.0,200.0
11230,40.43081,-3.66525,3,1.0,2.0,300.0,0.0,1,0.0,433,200,5328.0,74.694253,2.2,1.0,1,0,0,0,0,1,0,0,0,0,0,0,0,6,25.5,200.0
11231,40.38505,-3.73036,2,1.0,2.0,70.0,93.0,2,0.26,215,50,2195.0,47.402837,6.6,1.5,0,0,0,0,0,1,0,1,0,0,1,0,0,7,19.5,100.0
11232,40.4766,-3.65917,3,3.0,3.0,600.0,0.0,1,0.0,282,50,3312.0,62.061453,9.2,1.0,1,0,0,1,0,1,0,0,1,0,0,0,0,7,25.5,200.0
11233,40.41407,-3.69927,3,1.0,1.0,900.0,0.0,1,0.0,104,50,4503.0,68.043894,0.8,1.0,0,0,0,0,0,1,0,0,1,0,0,0,0,3,25.5,200.0
11234,40.42146,-3.71001,6,1.0,2.0,899.0,0.0,2,0.0,178,200,4503.0,68.043894,0.8,2.0,1,0,0,0,0,1,0,1,1,0,1,0,0,8,51.0,200.0
11235,40.39533,-3.69021,2,1.0,1.0,105.0,100.0,2,0.04,224,50,3917.0,55.025641,1.9,2.0,0,0,0,0,0,1,0,1,1,0,0,0,0,3,21.0,150.0
11236,40.39922,-3.71994,2,1.0,1.0,380.0,0.0,1,0.0,141,50,2195.0,47.402837,6.6,1.0,0,0,0,1,0,1,0,0,1,0,0,0,0,3,18.0,200.0
11237,40.42622,-3.67762,3,1.0,2.0,41.0,97.0,2,2.2,488,200,5328.0,74.694253,2.2,1.0,1,0,0,0,0,1,0,1,1,0,1,0,0,4,25.5,50.0
11238,40.43024,-3.60062,4,1.0,1.0,500.0,0.0,1,0.0,181,50,2477.0,70.967532,7.3,1.0,1,0,0,0,0,1,0,1,1,0,0,0,0,0,33.0,200.0
11239,40.44649,-3.57133,2,1.0,1.0,40.0,0.0,1,0.0,119,50,2477.0,70.967532,7.3,2.0,0,0,0,0,0,1,0,0,0,0,0,0,0,3,21.0,50.0
11240,40.40991,-3.6984,2,1.0,1.0,90.0,0.0,1,0.0,122,200,4503.0,68.043894,0.8,1.0,1,0,0,0,0,1,0,1,0,0,1,0,0,10,18.0,100.0
11241,40.42114,-3.69782,2,1.0,1.0,124.0,90.0,1,0.09,94,50,4503.0,68.043894,0.8,1.0,1,0,0,0,0,1,0,0,1,0,0,0,0,8,18.0,150.0
11242,40.42697,-3.66881,2,1.0,2.0,190.0,0.0,3,0.0,174,50,5328.0,74.694253,2.2,1.0,0,0,0,0,0,1,0,1,1,0,1,0,0,5,18.0,200.0
11243,40.39174,-3.71121,4,2.0,2.0,150.0,98.0,2,0.35,195,200,2195.0,47.402837,6.6,1.5,1,0,0,0,0,1,0,1,1,0,1,0,0,7,34.5,150.0
11244,40.43728,-3.61764,4,2.0,3.0,1200.0,0.0,1,0.0,224,200,2477.0,70.967532,7.3,2.0,1,0,0,0,0,0,1,1,1,0,0,0,0,7,36.0,200.0
11245,40.40378,-3.70904,4,2.0,2.0,320.0,0.0,2,0.0,230,50,3917.0,55.025641,1.9,2.0,1,1,1,1,1,1,0,1,1,0,1,0,0,8,36.0,200.0
11246,40.46208,-3.7074,4,1.0,2.0,54.0,97.0,3,0.64,325,200,3476.0,60.621287,5.9,2.0,1,0,0,0,0,1,0,1,0,1,0,0,0,5,36.0,100.0
11247,40.43141,-3.66565,2,1.0,2.0,690.0,0.0,3,0.0,191,50,5328.0,74.694253,2.2,1.0,0,0,0,0,0,1,0,1,1,0,1,0,0,5,18.0,200.0
11248,40.43572,-3.69802,2,1.0,1.0,120.0,0.0,1,0.0,186,200,4855.0,64.056634,2.4,1.0,1,0,0,0,0,1,0,1,0,0,1,0,0,6,18.0,150.0
11249,40.44071,-3.62519,4,1.0,2.0,90.0,97.0,1,0.54,528,200,2477.0,70.967532,7.3,1.0,1,0,0,0,0,1,0,1,1,1,1,0,0,6,33.0,100.0
11250,40.40763,-3.72014,2,1.0,1.0,160.0,0.0,1,0.0,228,50,3917.0,55.025641,1.9,1.0,0,0,0,0,0,1,0,1,0,0,0,0,0,6,18.0,200.0
11251,40.39721,-3.66781,4,2.0,4.0,60.0,96.0,2,1.78,498,200,1890.0,41.443535,5.0,1.0,1,0,0,0,0,1,0,1,1,0,1,0,0,8,33.0,100.0
11252,40.38503,-3.73196,2,1.0,1.0,100.0,92.0,2,0.22,203,50,2195.0,47.402837,6.6,1.5,0,0,0,0,0,1,0,0,0,0,1,0,0,7,19.5,100.0
11253,40.38595,-3.66928,6,2.0,2.0,81.0,97.0,1,0.73,362,200,1890.0,41.443535,5.0,1.0,1,0,0,0,0,0,0,1,0,1,1,0,0,7,48.0,100.0
11254,40.45345,-3.64205,2,1.0,2.0,209.0,0.0,3,0.0,792,50,3312.0,62.061453,9.2,1.5,1,0,0,0,0,1,1,1,1,1,1,0,0,7,19.5,200.0
11255,40.40379,-3.70556,2,1.0,1.0,200.0,40.0,1,0.04,94,50,3917.0,55.025641,1.9,1.0,1,0,0,0,0,1,0,0,0,0,1,0,0,3,18.0,200.0
11256,40.44213,-3.69515,7,4.0,5.0,221.0,100.0,1,0.13,354,200,4855.0,64.056634,2.4,3.0,1,0,0,0,0,1,0,1,1,0,1,0,0,7,61.5,200.0
11257,40.42195,-3.69857,4,2.0,3.0,39.0,90.0,5,0.09,205,200,4503.0,68.043894,0.8,1.0,1,0,0,0,0,1,0,1,0,0,0,0,0,7,33.0,50.0
11258,40.39003,-3.72601,5,2.0,3.0,750.0,0.0,1,0.0,103,200,2195.0,47.402837,6.6,1.0,1,0,0,0,0,1,0,1,1,0,0,0,0,6,40.5,200.0
11259,40.39566,-3.69695,4,2.0,3.0,650.0,0.0,1,0.0,199,50,3917.0,55.025641,1.9,1.0,0,0,0,0,0,1,0,1,0,0,1,0,0,3,33.0,200.0
11260,40.47349,-3.63941,2,1.0,1.0,600.0,0.0,1,0.0,117,50,3312.0,62.061453,9.2,1.0,0,0,0,0,0,1,0,0,0,0,0,0,0,7,18.0,200.0
11261,40.42404,-3.70604,2,0.0,1.0,37.0,75.0,5,0.54,245,200,4503.0,68.043894,0.8,1.0,1,0,0,0,0,1,0,0,0,0,0,0,0,7,18.0,50.0
11262,40.40854,-3.71131,6,2.0,3.0,116.0,94.0,1,0.74,194,200,4503.0,68.043894,0.8,1.0,1,0,0,0,0,1,0,1,0,0,1,0,0,5,48.0,150.0
11263,40.39036,-3.69446,4,1.0,1.0,50.0,93.0,5,0.4,259,200,3917.0,55.025641,1.9,1.0,1,0,0,0,0,1,0,1,0,0,0,0,0,7,33.0,50.0
11264,40.40671,-3.6083,1,0.0,1.0,200.0,0.0,1,0.0,185,50,2246.0,55.472222,11.2,1.0,0,0,0,0,0,1,0,0,1,0,1,0,0,0,10.5,200.0
11265,40.39263,-3.7116,2,1.0,1.0,50.0,0.0,1,0.0,130,50,2195.0,47.402837,6.6,1.0,0,0,0,0,0,1,0,1,0,0,0,0,0,4,18.0,50.0
11266,40.43667,-3.68065,4,2.0,4.0,100.0,0.0,1,0.0,185,200,5328.0,74.694253,2.2,1.0,1,0,0,0,0,1,0,1,1,0,1,0,0,5,33.0,100.0
11268,40.37314,-3.61769,6,3.0,4.0,70.0,90.0,1,0.92,370,200,2382.0,49.659794,11.0,1.0,1,0,0,0,0,1,0,1,0,0,1,0,1,6,48.0,100.0
11269,40.48335,-3.63083,4,1.0,3.0,700.0,0.0,1,0.0,181,200,3312.0,62.061453,9.2,1.0,1,1,1,1,1,1,0,1,0,0,1,0,0,6,33.0,200.0
11270,40.45559,-3.62185,3,2.0,2.0,600.0,0.0,1,0.0,333,200,3312.0,62.061453,9.2,2.0,1,0,0,1,0,1,1,1,1,0,1,0,0,5,28.5,200.0
11271,40.44457,-3.67845,6,3.0,4.0,279.0,100.0,3,0.05,479,200,4508.0,67.220486,5.8,2.5,1,0,0,0,0,1,0,1,0,1,1,0,0,8,52.5,200.0
11272,40.48631,-3.64927,4,2.0,2.0,550.0,0.0,1,0.0,176,200,3312.0,62.061453,9.2,1.0,1,0,0,1,0,1,0,0,1,0,0,0,0,9,33.0,200.0
11273,40.38876,-3.71254,2,1.0,1.0,41.0,94.0,1,0.32,446,50,2316.0,43.910072,4.6,1.0,1,0,0,0,0,1,0,0,1,0,1,0,0,3,18.0,50.0
11275,40.4025,-3.70826,4,2.0,2.0,500.0,0.0,2,0.0,244,50,3917.0,55.025641,1.9,2.5,0,1,1,1,1,1,0,1,1,0,1,0,0,8,37.5,200.0
11276,40.43002,-3.6941,2,1.0,1.0,259.0,0.0,1,0.0,294,50,4855.0,64.056634,2.4,1.5,1,0,0,0,0,1,0,0,1,1,1,0,0,0,19.5,200.0
11277,40.48681,-3.68955,1,0.0,1.0,50.0,93.0,2,0.13,84,50,3545.0,57.198083,16.4,1.0,0,0,0,0,0,1,0,1,1,0,0,0,0,5,10.5,50.0
11278,40.44671,-3.69686,2,1.0,1.0,51.0,96.0,1,0.24,496,50,3476.0,60.621287,5.9,1.0,1,0,0,0,0,1,0,1,0,1,1,0,1,0,18.0,100.0
11279,40.46775,-3.71668,1,1.0,1.0,95.0,0.0,1,0.0,242,50,3555.0,63.451906,5.9,1.0,0,0,0,0,0,1,0,0,1,0,1,0,0,6,10.5,100.0
11280,40.46585,-3.71621,1,1.0,1.0,250.0,0.0,1,0.0,180,50,3555.0,63.451906,5.9,1.0,0,0,0,0,0,1,0,0,1,0,0,0,0,3,10.5,200.0
11281,40.45782,-3.69635,1,1.0,1.0,650.0,0.0,1,0.0,91,50,3476.0,60.621287,5.9,1.0,0,0,0,0,0,1,0,0,1,0,0,0,0,3,10.5,200.0
11282,40.4093,-3.70762,2,1.0,1.0,500.0,0.0,1,0.0,343,200,4503.0,68.043894,0.8,1.0,1,0,0,0,0,1,0,1,0,1,1,0,0,8,18.0,200.0
11283,40.47952,-3.63342,2,1.0,2.0,100.0,0.0,3,0.0,210,50,3312.0,62.061453,9.2,1.0,1,0,0,0,0,1,0,1,0,0,0,0,0,7,18.0,100.0
11286,40.3799,-3.70768,2,1.0,2.0,79.0,80.0,5,0.14,419,50,2316.0,43.910072,4.6,11.0,0,0,0,0,0,1,0,0,1,0,1,0,0,5,48.0,100.0
11287,40.47954,-3.63356,1,1.0,1.0,100.0,100.0,3,0.18,393,50,3312.0,62.061453,9.2,1.0,1,0,0,1,0,1,0,1,0,0,1,0,0,7,10.5,100.0
11288,40.38334,-3.7155,2,1.0,2.0,28.0,100.0,1,0.09,244,50,2316.0,43.910072,4.6,1.0,0,0,0,0,0,1,0,1,1,0,1,0,0,7,18.0,50.0
11289,40.40924,-3.71048,2,1.0,2.0,21.0,90.0,3,0.46,374,50,4503.0,68.043894,0.8,1.0,0,0,0,0,0,1,0,1,0,0,1,0,0,9,18.0,50.0
11290,40.43206,-3.60569,2,1.0,1.0,55.0,100.0,4,0.04,95,50,2477.0,70.967532,7.3,1.0,0,0,0,0,0,1,0,0,1,0,1,0,0,10,18.0,100.0
11291,40.38556,-3.7456,2,1.0,1.0,30.0,95.0,1,0.48,298,50,2195.0,47.402837,6.6,1.0,0,0,0,0,0,0,0,1,1,0,0,0,0,6,18.0,50.0
11292,40.40676,-3.60229,2,1.0,1.0,550.0,0.0,1,0.0,129,50,2246.0,55.472222,11.2,1.0,0,1,1,1,1,1,0,0,0,0,0,0,0,4,18.0,200.0
11293,40.41068,-3.70845,4,1.0,2.0,250.0,0.0,5,0.0,344,50,4503.0,68.043894,0.8,1.0,0,0,0,0,0,1,0,1,1,1,1,0,0,10,33.0,200.0
11294,40.37934,-3.7041,2,1.0,1.0,34.0,98.0,1,0.48,287,50,2316.0,43.910072,4.6,1.5,1,0,0,0,0,1,0,1,0,0,0,0,0,3,19.5,50.0
11295,40.4111,-3.70951,2,1.0,2.0,46.0,93.0,1,1.93,296,200,4503.0,68.043894,0.8,1.0,1,0,0,0,0,0,0,0,0,1,0,0,0,0,18.0,50.0
11296,40.42893,-3.70165,4,2.0,2.0,400.0,0.0,2,0.0,205,200,4503.0,68.043894,0.8,1.0,1,0,0,0,0,1,0,1,1,0,1,0,0,7,33.0,200.0
11297,40.41749,-3.70561,8,1.0,1.0,123.0,96.0,1,0.97,290,200,4503.0,68.043894,0.8,1.5,1,1,1,1,1,1,1,1,1,1,1,1,1,3,64.5,150.0
11298,40.42045,-3.70884,2,1.0,1.0,53.0,91.0,1,0.53,424,50,4503.0,68.043894,0.8,1.0,0,0,0,0,0,1,0,0,0,0,1,0,0,6,18.0,100.0
11299,40.37631,-3.62763,4,2.0,2.0,275.0,91.0,1,0.39,176,200,2382.0,49.659794,11.0,1.0,1,0,0,0,0,0,0,0,1,0,0,0,0,3,33.0,200.0
11300,40.43613,-3.61768,2,1.0,1.0,500.0,0.0,1,0.0,134,50,2477.0,70.967532,7.3,1.0,1,0,0,0,0,1,0,0,0,0,0,0,0,6,18.0,200.0
11302,40.43255,-3.69253,4,2.0,3.0,184.0,100.0,25,0.14,538,200,4855.0,64.056634,2.4,2.0,1,0,0,0,0,1,0,1,1,0,1,0,0,11,36.0,200.0
11303,40.43396,-3.71167,2,1.0,1.0,250.0,0.0,1,0.0,79,50,4855.0,64.056634,2.4,1.0,0,0,0,0,0,1,0,0,0,0,0,0,0,5,18.0,200.0
11304,40.41066,-3.73248,2,1.0,1.0,24.0,100.0,1,0.04,236,50,2287.0,47.008319,4.7,1.0,0,0,0,0,0,1,0,0,1,0,1,0,0,5,18.0,50.0
11305,40.39464,-3.68902,6,3.0,4.0,170.0,90.0,2,0.09,258,200,3917.0,55.025641,1.9,2.0,1,0,0,0,0,1,0,1,1,0,1,0,0,3,51.0,200.0
11306,40.45158,-3.60863,2,0.0,1.0,300.0,80.0,3,0.05,84,50,3312.0,62.061453,9.2,1.0,1,1,1,1,1,1,0,0,0,0,0,0,0,3,18.0,200.0
11307,40.37878,-3.77656,2,1.0,1.0,48.0,0.0,1,0.0,165,50,2287.0,47.008319,4.7,1.0,0,0,0,0,0,1,0,0,0,0,0,0,0,3,18.0,50.0
11308,40.4327,-3.70207,6,2.0,2.0,220.0,100.0,1,0.05,177,200,4855.0,64.056634,2.4,2.0,1,0,0,0,0,1,0,0,0,0,0,0,0,11,51.0,200.0
11309,40.42836,-3.61353,2,1.0,1.0,195.0,0.0,1,0.0,128,50,2477.0,70.967532,7.3,1.0,0,0,0,0,0,1,0,0,0,0,0,0,0,4,18.0,200.0
11310,40.43422,-3.7039,2,1.0,1.0,800.0,0.0,1,0.0,154,50,4855.0,64.056634,2.4,0.0,0,1,1,1,1,1,0,1,1,0,0,0,0,7,15.0,200.0
11311,40.39893,-3.69349,1,0.0,1.0,27.0,100.0,1,0.5,342,50,3917.0,55.025641,1.9,1.5,0,0,0,0,0,1,0,0,1,1,1,0,0,8,12.0,50.0
11312,40.44798,-3.70074,4,4.0,1.0,400.0,0.0,1,0.0,96,50,3476.0,60.621287,5.9,3.0,0,0,0,0,0,1,0,0,1,0,0,0,0,3,39.0,200.0
11314,40.38703,-3.64496,6,2.0,2.0,1100.0,0.0,1,0.0,171,200,1890.0,41.443535,5.0,1.0,1,0,0,0,0,1,0,0,1,0,0,0,0,3,48.0,200.0
11315,40.50846,-3.66604,2,1.0,2.0,500.0,0.0,1,0.0,247,50,3545.0,57.198083,16.4,1.0,0,0,0,0,0,1,0,1,1,0,1,0,0,3,18.0,200.0
11316,40.43116,-3.71926,6,2.0,4.0,900.0,0.0,1,0.0,169,50,3555.0,63.451906,5.9,1.0,0,0,0,0,0,1,0,0,1,0,1,0,0,0,48.0,200.0
11317,40.47515,-3.72688,2,1.0,2.0,300.0,0.0,1,0.0,83,50,3545.0,57.198083,16.4,1.0,0,0,0,0,0,1,0,0,0,0,1,0,0,3,18.0,200.0
11318,40.3813,-3.70958,2,1.0,1.0,200.0,0.0,1,0.04,98,50,2316.0,43.910072,4.6,1.0,0,0,0,0,0,1,0,1,0,0,1,0,0,3,18.0,200.0
11319,40.4465,-3.6165,2,1.0,1.0,450.0,0.0,1,0.0,22,50,2477.0,70.967532,7.3,1.0,0,0,0,0,0,1,0,0,0,0,0,0,0,3,18.0,200.0
11320,40.44905,-3.69865,5,3.0,3.0,1000.0,0.0,2,0.0,179,50,3476.0,60.621287,5.9,2.0,1,1,1,1,1,1,0,0,1,0,1,0,0,4,43.5,200.0
11321,40.3919,-3.69348,4,2.0,2.0,67.0,98.0,1,2.3,313,200,3917.0,55.025641,1.9,1.5,1,0,0,0,0,1,0,1,1,0,1,0,0,6,34.5,100.0
11322,40.43935,-3.66151,2,1.0,1.0,172.0,0.0,2,0.0,115,50,5328.0,74.694253,2.2,1.0,1,0,0,0,0,0,0,0,1,0,0,0,0,0,18.0,200.0
11323,40.42266,-3.70077,2,1.0,1.0,47.0,90.0,2,0.17,311,50,4503.0,68.043894,0.8,1.5,0,0,0,0,0,1,0,0,1,1,0,0,0,8,19.5,50.0
11324,40.3915,-3.64889,1,1.0,1.0,300.0,0.0,1,0.0,73,50,1890.0,41.443535,5.0,1.0,0,1,1,1,1,1,0,0,0,0,0,0,0,3,10.5,200.0
11325,40.3738,-3.63206,2,1.0,3.0,80.0,100.0,1,0.09,168,50,2382.0,49.659794,11.0,1.5,1,0,0,0,0,1,0,0,0,0,0,0,0,5,19.5,100.0
11326,40.43942,-3.67265,4,2.0,3.0,115.0,92.0,1,0.27,82,200,4508.0,67.220486,5.8,1.0,1,0,0,0,0,1,0,1,1,0,0,0,0,8,33.0,150.0
11327,40.50546,-3.67871,2,1.0,1.0,600.0,0.0,1,0.0,161,50,3545.0,57.198083,16.4,1.0,0,0,0,0,0,1,0,1,1,0,0,0,0,3,18.0,200.0
11328,40.44352,-3.68008,3,2.0,2.0,550.0,0.0,3,0.0,167,50,4508.0,67.220486,5.8,1.5,0,0,0,1,0,1,0,1,0,0,0,0,0,3,27.0,200.0
11329,40.44302,-3.68224,1,1.0,1.0,180.0,0.0,3,0.0,167,50,4508.0,67.220486,5.8,1.0,0,0,0,1,0,1,0,1,0,0,0,0,0,3,10.5,200.0
11330,40.44451,-3.6824,2,1.0,1.0,400.0,0.0,3,0.0,167,50,4508.0,67.220486,5.8,1.0,0,0,0,1,0,1,0,1,0,0,0,0,0,3,18.0,200.0
11332,40.43624,-3.71353,2,1.0,1.0,375.0,0.0,1,0.0,44,50,4855.0,64.056634,2.4,1.0,0,0,0,1,0,1,0,0,0,0,0,0,0,12,18.0,200.0
11333,40.46218,-3.63882,2,1.0,1.0,300.0,0.0,3,0.0,346,50,3312.0,62.061453,9.2,2.0,1,0,0,0,0,1,0,1,1,0,1,0,0,8,21.0,200.0
11334,40.46309,-3.70408,2,1.0,1.0,68.0,91.0,1,0.57,336,200,3476.0,60.621287,5.9,1.0,1,0,0,0,0,1,0,1,1,0,0,0,0,5,18.0,100.0
11335,40.4132,-3.69809,4,2.0,2.0,300.0,90.0,1,0.11,110,200,4503.0,68.043894,0.8,1.0,1,0,0,0,0,1,0,0,0,0,0,0,0,7,33.0,200.0
11336,40.47375,-3.71116,2,1.0,1.0,175.0,100.0,1,0.04,134,50,3545.0,57.198083,16.4,1.0,0,0,0,0,0,1,0,1,1,0,1,0,0,3,18.0,200.0
11337,40.42855,-3.60914,2,1.0,1.0,400.0,0.0,1,0.0,133,50,2477.0,70.967532,7.3,1.0,0,0,0,0,0,1,0,0,1,0,1,0,0,5,18.0,200.0
11338,40.42431,-3.59922,4,2.0,3.0,800.0,0.0,1,0.0,219,50,2477.0,70.967532,7.3,1.0,0,0,0,0,0,1,0,1,1,0,1,0,0,3,33.0,200.0
11339,40.41715,-3.67408,1,1.0,1.0,25.0,94.0,1,4.24,125,50,4220.0,63.672727,3.2,1.0,0,0,0,0,0,1,0,0,1,0,0,0,0,3,10.5,50.0
11340,40.43307,-3.70236,4,1.0,1.0,139.0,99.0,1,1.43,483,200,4855.0,64.056634,2.4,1.0,1,0,0,0,0,1,0,1,0,1,1,0,0,6,33.0,150.0
11341,40.3872,-3.69259,2,1.0,1.0,50.0,0.0,2,0.0,201,50,3917.0,55.025641,1.9,1.0,1,0,0,0,0,1,0,1,1,0,1,0,0,3,18.0,50.0
11342,40.47155,-3.70787,1,1.0,1.0,300.0,0.0,1,0.0,147,50,3476.0,60.621287,5.9,1.0,0,0,0,0,0,0,0,0,1,0,1,0,0,6,10.5,200.0
11344,40.39845,-3.70187,2,2.0,1.0,450.0,0.0,1,0.0,110,50,3917.0,55.025641,1.9,1.0,0,0,0,0,0,1,0,1,1,0,0,0,0,5,18.0,200.0
11345,40.41041,-3.70584,2,1.0,3.0,200.0,0.0,1,0.0,97,50,4503.0,68.043894,0.8,1.0,0,1,1,1,1,1,0,0,0,0,0,0,0,5,18.0,200.0
11346,40.44467,-3.69518,5,2.0,3.0,120.0,100.0,1,0.09,262,50,4855.0,64.056634,2.4,1.5,0,1,1,1,1,1,0,1,1,0,1,0,0,5,42.0,150.0
11347,40.44183,-3.68089,3,1.0,1.0,500.0,0.0,1,0.0,96,200,4508.0,67.220486,5.8,1.0,1,0,0,0,0,0,0,0,0,0,0,0,0,9,25.5,200.0
11348,40.44773,-3.70487,2,1.0,1.0,350.0,0.0,1,0.0,124,200,3476.0,60.621287,5.9,1.0,1,0,0,0,0,1,0,1,0,0,1,0,0,8,18.0,200.0
11349,40.38778,-3.69316,2,1.0,1.0,30.0,0.0,2,0.0,152,50,3917.0,55.025641,1.9,1.0,0,0,0,0,0,1,0,0,1,0,0,0,0,3,18.0,50.0
11350,40.42851,-3.60142,4,2.0,2.0,750.0,0.0,1,0.0,77,50,2477.0,70.967532,7.3,1.0,0,1,1,1,1,1,0,0,1,0,0,0,0,3,33.0,200.0
11351,40.40522,-3.70245,1,1.0,1.0,400.0,0.0,1,0.0,121,50,4503.0,68.043894,0.8,1.5,0,0,0,0,0,0,0,0,1,0,0,0,0,3,12.0,200.0
11352,40.42355,-3.70633,2,1.0,1.0,200.0,0.0,1,0.0,154,50,4503.0,68.043894,0.8,1.0,0,0,0,0,0,1,0,0,0,0,1,0,0,0,18.0,200.0
11353,40.40988,-3.70248,4,1.0,1.0,750.0,0.0,1,0.0,132,200,4503.0,68.043894,0.8,1.0,1,0,0,0,0,1,0,0,0,0,1,0,0,6,33.0,200.0
11354,40.40846,-3.70178,4,1.0,1.0,49.0,100.0,2,0.17,454,200,4503.0,68.043894,0.8,1.0,1,0,0,0,0,1,0,1,1,0,1,0,0,5,33.0,50.0
11356,40.41286,-3.7187,2,2.0,2.0,100.0,96.0,1,0.23,375,200,3917.0,55.025641,1.9,1.0,1,0,0,0,0,1,0,1,0,1,1,0,0,10,18.0,100.0
11357,40.40959,-3.67174,9,5.0,5.0,250.0,100.0,1,0.47,425,200,4220.0,63.672727,3.2,3.0,1,0,0,0,0,0,0,0,0,0,1,0,0,7,76.5,200.0
11358,40.43597,-3.65091,2,1.0,1.0,530.0,0.0,2,0.0,117,50,2893.0,50.090625,6.5,1.0,1,0,0,0,0,1,0,0,0,1,1,0,0,7,18.0,200.0
11359,40.42249,-3.71021,4,1.0,1.0,200.0,0.0,1,0.04,147,200,4503.0,68.043894,0.8,1.0,1,0,0,0,0,1,0,0,0,0,1,0,0,3,33.0,200.0
11361,40.45745,-3.707,2,0.0,1.0,350.0,0.0,1,0.0,125,200,3476.0,60.621287,5.9,1.0,1,0,0,0,0,1,1,0,0,0,1,0,0,6,18.0,200.0
11362,40.43634,-3.65068,1,1.0,1.0,240.0,0.0,2,0.0,233,50,2893.0,50.090625,6.5,1.0,0,0,0,0,0,1,0,0,0,0,0,0,0,7,10.5,200.0
11364,40.39453,-3.69648,1,1.0,1.0,23.0,97.0,1,0.7,123,50,3917.0,55.025641,1.9,1.0,0,0,0,0,0,1,0,0,1,0,1,0,0,0,10.5,50.0
11365,40.39583,-3.69124,2,1.0,1.0,490.0,0.0,4,0.0,131,50,3917.0,55.025641,1.9,1.0,1,0,0,0,0,1,0,1,0,0,0,0,0,3,18.0,200.0
11366,40.43867,-3.63424,4,2.0,4.0,500.0,0.0,1,0.0,246,50,2477.0,70.967532,7.3,1.0,0,1,1,1,1,1,0,0,0,0,1,0,0,0,33.0,200.0
11367,40.42076,-3.69717,3,1.0,1.0,400.0,0.0,1,0.0,174,200,4503.0,68.043894,0.8,1.0,1,0,0,0,0,1,0,1,1,0,1,0,0,4,25.5,200.0
11368,40.39473,-3.68932,2,1.0,2.0,340.0,0.0,4,0.0,131,50,3917.0,55.025641,1.9,1.0,0,0,0,0,0,1,0,1,0,0,0,0,0,3,18.0,200.0
11369,40.38434,-3.742,1,1.0,1.0,55.0,0.0,1,0.0,47,50,2195.0,47.402837,6.6,1.0,0,0,0,0,0,1,0,0,0,0,0,0,0,4,10.5,100.0
11370,40.42538,-3.7066,2,1.0,1.0,175.0,0.0,1,0.0,235,50,4503.0,68.043894,0.8,1.0,0,0,0,0,0,1,0,0,0,0,0,0,0,4,18.0,200.0
11372,40.44264,-3.67881,2,1.0,1.0,70.0,0.0,4,0.0,112,200,4508.0,67.220486,5.8,1.0,1,0,0,0,0,1,0,1,0,0,0,0,0,4,18.0,100.0
11373,40.42546,-3.66683,2,1.0,1.0,36.0,98.0,1,3.68,621,50,5328.0,74.694253,2.2,1.0,0,0,0,0,0,1,0,1,0,1,1,0,0,8,18.0,50.0
11374,40.44164,-3.69973,2,1.0,1.0,300.0,0.0,1,0.0,81,50,4855.0,64.056634,2.4,1.0,1,0,0,0,0,1,0,0,1,0,0,0,0,7,18.0,200.0
11375,40.47741,-3.65878,2,1.0,1.0,42.0,100.0,1,0.09,488,50,3312.0,62.061453,9.2,1.5,0,0,0,0,0,1,0,0,1,1,1,0,1,5,19.5,50.0
11376,40.41576,-3.70213,6,2.0,3.0,82.0,98.0,4,0.78,206,200,4503.0,68.043894,0.8,1.0,1,0,0,0,0,1,0,1,1,0,1,0,0,3,48.0,100.0
11377,40.43747,-3.67567,4,1.0,1.0,73.0,95.0,2,0.57,426,200,5328.0,74.694253,2.2,1.0,1,0,0,0,0,1,0,1,1,1,1,0,0,10,33.0,100.0
11378,40.42725,-3.60481,2,1.0,2.0,300.0,0.0,1,0.0,132,50,2477.0,70.967532,7.3,1.0,1,0,0,0,0,1,1,0,1,0,1,0,0,3,18.0,200.0
11379,40.47579,-3.63042,2,1.0,1.0,519.0,0.0,1,0.0,268,200,3312.0,62.061453,9.2,1.0,1,0,0,0,0,1,1,1,1,0,0,0,0,6,18.0,200.0
11380,40.40487,-3.64915,2,1.0,1.0,150.0,0.0,1,0.04,146,50,2547.0,45.581197,5.0,1.5,0,0,0,0,0,1,0,0,1,0,0,0,0,4,19.5,150.0
11381,40.43751,-3.64773,1,1.0,1.0,40.0,0.0,1,0.0,56,50,2893.0,50.090625,6.5,1.0,1,0,0,0,0,1,0,0,1,0,0,0,0,10,10.5,50.0
11382,40.4306,-3.6941,4,2.0,2.0,400.0,0.0,2,0.0,205,200,4855.0,64.056634,2.4,1.0,1,0,0,0,0,1,0,1,1,0,1,0,0,7,33.0,200.0
11383,40.43392,-3.70984,3,1.0,2.0,71.0,100.0,3,0.13,166,200,4855.0,64.056634,2.4,1.0,1,0,0,0,0,1,0,1,0,0,1,0,0,4,25.5,100.0
11384,40.45668,-3.70518,8,3.0,4.0,750.0,0.0,1,0.0,164,200,3476.0,60.621287,5.9,1.0,1,0,0,0,0,1,0,1,0,0,0,0,0,0,63.0,200.0
11385,40.43262,-3.64766,2,1.0,1.0,350.0,100.0,2,0.04,267,50,2893.0,50.090625,6.5,1.0,0,0,0,0,0,1,0,1,0,0,1,0,0,7,18.0,200.0
11386,40.44109,-3.70671,1,1.0,1.0,140.0,0.0,1,0.0,129,50,4855.0,64.056634,2.4,1.0,1,1,1,1,1,1,0,0,1,0,0,0,0,5,10.5,150.0
11387,40.38143,-3.70803,1,1.0,1.0,35.0,100.0,3,0.04,129,50,2316.0,43.910072,4.6,1.5,0,0,0,0,0,1,0,0,0,0,0,0,0,4,12.0,50.0
11388,40.40739,-3.67839,1,1.0,1.0,193.0,0.0,1,0.0,212,50,4220.0,63.672727,3.2,1.0,0,0,0,1,0,1,0,1,1,0,1,0,0,6,10.5,200.0
11389,40.41617,-3.70094,5,1.0,3.0,89.0,88.0,25,1.98,491,200,4503.0,68.043894,0.8,1.0,1,0,0,1,0,1,0,1,1,1,0,0,1,6,40.5,100.0
11390,40.43705,-3.68447,1,1.0,1.0,40.0,100.0,1,0.13,148,50,5328.0,74.694253,2.2,1.0,0,0,0,0,0,1,0,1,1,0,1,0,0,7,10.5,50.0
11391,40.3677,-3.74494,2,1.0,1.0,350.0,0.0,1,0.0,235,50,2195.0,47.402837,6.6,1.0,0,0,0,0,0,1,1,1,1,0,0,0,0,6,18.0,200.0
11393,40.38952,-3.71811,5,2.0,3.0,89.0,96.0,1,0.51,286,200,2195.0,47.402837,6.6,1.0,1,0,0,0,0,1,0,1,1,1,0,0,0,8,40.5,100.0
11394,40.4576,-3.58891,3,2.0,2.0,500.0,0.0,1,0.0,142,50,3047.0,56.183432,11.8,3.0,0,0,0,0,0,1,0,0,1,0,1,0,0,7,31.5,200.0
11395,40.42016,-3.70762,3,0.0,2.0,700.0,0.0,1,0.0,171,200,4503.0,68.043894,0.8,1.0,1,0,0,0,0,1,0,0,0,0,0,0,0,8,25.5,200.0
11396,40.36457,-3.59104,1,1.0,2.0,35.0,0.0,3,0.0,407,50,2382.0,49.659794,11.0,1.5,0,0,0,0,0,1,0,1,1,0,1,0,0,7,12.0,50.0
11397,40.36425,-3.76364,1,1.0,1.0,35.0,80.0,2,0.13,121,50,2195.0,47.402837,6.6,1.5,0,0,0,0,0,1,0,0,1,0,0,0,0,5,12.0,50.0
11398,40.45567,-3.69358,3,1.0,2.0,150.0,100.0,2,0.04,153,200,3476.0,60.621287,5.9,1.0,1,0,0,0,0,1,0,1,1,0,0,0,0,6,25.5,150.0
11399,40.40016,-3.72226,1,0.0,1.0,300.0,0.0,3,0.0,97,50,2195.0,47.402837,6.6,1.5,0,0,0,0,0,1,0,0,1,0,1,0,0,4,12.0,200.0
11400,40.40463,-3.68208,8,3.0,3.0,800.0,0.0,1,0.0,174,200,4220.0,63.672727,3.2,1.0,1,0,0,0,0,1,0,1,1,0,1,0,0,3,63.0,200.0
11402,40.38815,-3.73963,2,1.0,1.0,180.0,100.0,1,0.04,164,50,2195.0,47.402837,6.6,1.0,0,0,0,0,0,1,0,1,0,0,1,0,0,6,18.0,200.0
11403,40.42704,-3.61564,2,1.0,1.0,1000.0,0.0,1,0.0,68,50,2477.0,70.967532,7.3,1.0,0,1,1,1,1,1,0,0,0,0,0,0,0,3,18.0,200.0
11404,40.43857,-3.62069,1,1.0,1.0,300.0,0.0,1,0.0,88,50,2477.0,70.967532,7.3,1.0,0,1,1,1,1,1,0,1,0,0,0,0,0,6,10.5,200.0
11405,40.43763,-3.69692,2,1.0,2.0,349.0,0.0,2,0.0,93,50,4855.0,64.056634,2.4,1.0,0,0,0,0,0,1,0,0,1,0,0,0,0,3,18.0,200.0
11406,40.4339,-3.65863,2,0.0,1.0,15.0,91.0,1,0.42,95,50,2893.0,50.090625,6.5,1.0,0,0,0,0,0,1,0,0,1,0,0,0,0,0,18.0,50.0
11407,40.43452,-3.69775,3,2.0,2.0,400.0,0.0,1,0.0,166,50,4855.0,64.056634,2.4,1.0,0,0,0,0,0,1,0,0,1,0,1,0,0,7,25.5,200.0
11409,40.43042,-3.70741,2,1.0,1.0,650.0,0.0,1,0.0,56,50,4855.0,64.056634,2.4,1.0,0,0,0,0,0,1,0,1,0,0,0,0,0,6,18.0,200.0
11410,40.38977,-3.74186,4,3.0,3.0,64.0,80.0,1,0.35,131,200,2195.0,47.402837,6.6,1.0,1,0,0,0,0,0,0,0,0,0,0,0,0,5,33.0,100.0
11411,40.3741,-3.62811,1,1.0,1.0,150.0,0.0,2,0.0,255,50,2382.0,49.659794,11.0,1.0,0,0,0,0,0,1,0,0,1,1,1,0,0,7,10.5,150.0
11412,40.45365,-3.59387,2,0.0,2.0,300.0,0.0,1,0.0,162,50,3047.0,56.183432,11.8,1.0,1,0,0,0,0,1,1,0,1,0,1,0,0,3,18.0,200.0
11413,40.40633,-3.74398,1,1.0,1.0,50.0,0.0,1,0.0,351,50,2287.0,47.008319,4.7,2.0,0,0,0,0,0,1,0,0,0,0,0,1,0,3,13.5,50.0
11416,40.42383,-3.62498,2,2.0,2.0,500.0,0.0,1,0.0,258,50,2477.0,70.967532,7.3,1.0,0,1,1,1,1,1,0,0,1,0,1,0,0,3,18.0,200.0
11417,40.42,-3.7094,2,1.0,1.0,100.0,0.0,2,0.0,112,50,4503.0,68.043894,0.8,1.0,0,0,0,0,0,1,0,0,0,0,0,0,0,8,18.0,100.0
11418,40.41523,-3.70137,4,0.0,2.0,69.0,97.0,2,1.11,425,200,4503.0,68.043894,0.8,1.0,1,0,0,0,1,1,0,1,1,0,1,0,0,6,33.0,100.0
11419,40.41742,-3.69845,4,1.0,2.0,154.0,60.0,12,0.09,277,200,4503.0,68.043894,0.8,1.0,1,0,0,0,0,1,0,1,0,1,1,0,0,4,33.0,200.0
11420,40.38071,-3.70579,1,1.0,1.0,150.0,100.0,2,0.04,247,50,2316.0,43.910072,4.6,1.0,1,0,0,0,0,1,0,1,1,1,1,0,0,0,10.5,150.0
11421,40.42635,-3.66567,5,2.0,2.0,600.0,0.0,1,0.0,124,50,5328.0,74.694253,2.2,1.5,0,0,0,1,0,1,0,0,1,0,1,0,0,6,42.0,200.0
11422,40.43117,-3.69715,4,1.0,1.0,300.0,0.0,1,0.0,189,200,4855.0,64.056634,2.4,1.0,1,0,0,1,0,1,0,0,1,0,0,0,0,4,33.0,200.0
11423,40.40135,-3.69994,1,0.0,1.0,55.0,100.0,1,0.04,153,50,3917.0,55.025641,1.9,1.0,0,1,1,1,1,1,0,1,0,0,1,0,0,5,10.5,100.0
11425,40.38382,-3.73075,2,1.0,4.0,350.0,0.0,1,0.0,119,200,2195.0,47.402837,6.6,1.0,1,0,0,0,0,0,0,0,0,0,0,0,0,3,18.0,200.0
11426,40.42371,-3.70454,12,4.0,6.0,439.0,100.0,12,0.21,303,200,4503.0,68.043894,0.8,3.0,1,0,0,0,0,1,0,1,0,0,1,0,0,4,99.0,200.0
11427,40.40361,-3.60249,4,2.0,3.0,400.0,0.0,1,0.0,46,50,2246.0,55.472222,11.2,1.0,0,0,0,1,0,1,0,0,0,0,0,0,0,4,33.0,200.0
11428,40.41509,-3.69645,6,3.0,3.0,257.0,93.0,12,0.14,294,200,4503.0,68.043894,0.8,2.0,1,0,0,0,0,1,0,1,1,1,1,0,0,4,51.0,200.0
11429,40.40489,-3.67896,2,2.0,2.0,154.0,0.0,12,0.07,229,200,4220.0,63.672727,3.2,1.0,1,0,0,0,0,1,0,1,0,0,1,0,0,4,18.0,200.0
11430,40.42966,-3.6247,3,1.0,1.0,280.0,0.0,1,0.0,130,50,2477.0,70.967532,7.3,1.0,0,0,0,0,0,1,0,1,1,0,0,0,0,3,25.5,200.0
11432,40.42668,-3.66554,6,2.0,3.0,160.0,80.0,12,0.27,246,200,5328.0,74.694253,2.2,2.0,1,0,0,0,0,1,0,1,0,0,1,0,0,4,51.0,200.0
11433,40.41576,-3.70213,8,3.0,5.0,95.0,94.0,4,1.26,206,200,4503.0,68.043894,0.8,2.0,1,0,0,0,0,1,0,1,1,0,1,0,0,3,66.0,100.0
11434,40.42334,-3.7043,2,1.0,1.0,25.0,60.0,1,0.09,120,50,4503.0,68.043894,0.8,2.0,0,0,0,0,0,1,0,0,0,0,0,0,0,9,21.0,50.0
11435,40.35603,-3.68904,4,0.0,2.0,100.0,100.0,1,0.15,527,200,1696.0,37.641618,9.0,1.0,1,0,0,0,0,1,0,1,0,0,1,0,1,6,33.0,100.0
11437,40.4208,-3.67634,3,1.0,3.0,400.0,0.0,1,0.0,125,200,4220.0,63.672727,3.2,1.0,1,0,0,0,0,1,0,1,0,0,0,0,0,3,25.5,200.0
11438,40.41936,-3.71619,4,2.0,3.0,150.0,92.0,1,0.27,101,50,4503.0,68.043894,0.8,1.0,0,0,0,0,0,1,0,1,1,0,0,0,0,9,33.0,150.0
11439,40.38735,-3.74083,4,2.0,3.0,60.0,99.0,1,0.9,373,200,2195.0,47.402837,6.6,1.0,1,0,0,1,0,1,0,1,0,1,0,0,0,5,33.0,100.0
11440,40.40263,-3.66664,11,3.0,5.0,235.0,88.0,25,0.8,402,200,1890.0,41.443535,5.0,1.5,1,0,0,0,0,1,0,1,0,1,1,0,0,3,87.0,200.0
11441,40.43729,-3.61814,2,1.0,2.0,300.0,0.0,1,0.0,244,50,2477.0,70.967532,7.3,1.0,1,0,0,0,0,1,0,1,1,0,1,0,0,5,18.0,200.0
11442,40.38089,-3.70601,2,1.0,1.0,20.0,0.0,1,0.0,153,50,2316.0,43.910072,4.6,1.0,0,1,1,1,1,1,0,0,0,0,0,0,0,6,18.0,50.0
11443,40.44456,-3.57863,2,1.0,1.0,55.0,100.0,1,0.39,485,50,2477.0,70.967532,7.3,1.5,1,0,0,0,0,1,1,1,1,0,1,0,0,3,19.5,100.0
11444,40.43835,-3.68362,6,4.0,4.0,500.0,0.0,1,0.0,72,50,4508.0,67.220486,5.8,1.0,0,0,0,0,0,1,0,0,1,0,0,0,0,6,48.0,200.0
11445,40.42429,-3.64187,2,1.0,1.0,150.0,0.0,1,0.0,114,50,2893.0,50.090625,6.5,1.5,0,0,0,0,0,1,0,1,0,0,0,0,0,4,19.5,150.0
11446,40.41432,-3.70286,4,1.0,5.0,85.0,92.0,1,1.13,358,200,4503.0,68.043894,0.8,1.5,1,0,0,0,0,1,0,1,0,1,1,0,0,3,34.5,100.0
11447,40.41571,-3.70203,6,3.0,3.0,81.0,98.0,1,1.33,215,200,4503.0,68.043894,0.8,2.0,1,0,0,0,0,1,0,1,0,0,0,0,0,7,51.0,100.0
11448,40.38823,-3.71527,2,1.0,1.0,25.0,99.0,2,1.75,558,50,2195.0,47.402837,6.6,1.5,0,0,0,0,0,1,0,1,0,1,1,0,1,9,19.5,50.0
11449,40.43428,-3.66475,1,1.0,1.0,195.0,0.0,1,0.0,100,50,5328.0,74.694253,2.2,1.5,0,0,0,0,0,1,0,0,0,0,0,0,0,3,12.0,200.0
11450,40.42282,-3.64347,2,1.0,1.0,50.0,94.0,4,0.36,145,50,2893.0,50.090625,6.5,1.5,0,0,0,0,0,1,0,1,0,0,0,0,0,3,19.5,50.0
11451,40.44944,-3.70258,2,1.0,1.0,500.0,0.0,1,0.0,141,50,3476.0,60.621287,5.9,1.0,0,0,0,0,0,1,0,1,1,0,0,0,0,7,18.0,200.0
11453,40.42396,-3.70681,2,1.0,1.0,164.0,0.0,1,0.0,103,50,4503.0,68.043894,0.8,1.0,0,0,0,0,0,1,0,0,0,0,0,0,0,3,18.0,200.0
11454,40.44275,-3.58518,4,2.0,3.0,700.0,0.0,2,0.0,186,200,2477.0,70.967532,7.3,1.0,1,0,0,0,0,0,0,1,0,0,1,0,0,3,33.0,200.0
11455,40.43105,-3.63512,2,1.0,1.0,35.0,100.0,1,0.09,161,50,2893.0,50.090625,6.5,1.5,0,0,0,0,0,1,0,0,0,0,0,0,0,3,19.5,50.0
11456,40.42521,-3.60677,2,1.0,1.0,400.0,0.0,1,0.0,185,50,2477.0,70.967532,7.3,1.0,1,0,0,0,0,1,0,1,0,0,0,0,0,0,18.0,200.0
11457,40.39089,-3.65463,4,1.0,2.0,46.0,89.0,3,0.57,228,200,1890.0,41.443535,5.0,1.0,1,0,0,0,0,1,0,1,0,0,0,0,0,4,33.0,50.0
11458,40.44557,-3.7084,2,1.0,1.0,900.0,0.0,1,0.0,156,50,4855.0,64.056634,2.4,1.0,0,0,0,0,0,1,0,0,1,0,0,0,0,3,18.0,200.0
11459,40.43616,-3.61925,4,2.0,2.0,800.0,0.0,3,0.0,506,50,2477.0,70.967532,7.3,2.0,1,0,0,0,0,1,0,0,1,0,1,0,0,4,36.0,200.0
11460,40.43977,-3.61025,2,3.0,2.0,500.0,0.0,2,0.0,164,50,2477.0,70.967532,7.3,1.5,0,0,0,0,0,1,0,1,0,0,0,0,0,5,19.5,200.0
11461,40.41009,-3.7285,4,1.0,2.0,18.0,0.0,1,0.0,184,50,2287.0,47.008319,4.7,1.0,1,0,0,0,0,1,0,1,0,0,1,0,0,3,33.0,50.0
11462,40.39656,-3.69489,2,1.0,1.0,139.0,0.0,1,0.0,193,50,3917.0,55.025641,1.9,1.5,0,0,0,0,0,1,0,1,1,0,0,0,0,3,19.5,150.0
11463,40.44911,-3.69897,2,1.0,1.0,360.0,0.0,2,0.0,179,50,3476.0,60.621287,5.9,1.0,1,0,0,1,0,1,0,0,1,0,1,0,0,4,18.0,200.0
11464,40.35938,-3.69089,4,1.0,1.0,900.0,0.0,1,0.0,125,50,1696.0,37.641618,9.0,2.0,1,0,0,0,0,1,0,0,1,0,1,0,0,6,36.0,200.0
11465,40.46094,-3.64662,4,2.0,3.0,280.0,0.0,1,0.0,153,50,3312.0,62.061453,9.2,1.0,0,1,1,1,1,1,0,0,0,0,1,0,0,3,33.0,200.0
11466,40.40243,-3.6902,1,1.0,1.0,49.0,93.0,2,0.52,109,50,3917.0,55.025641,1.9,1.0,0,0,0,0,0,1,0,0,0,0,0,0,0,8,10.5,50.0
11467,40.42185,-3.62188,4,2.0,2.0,250.0,0.0,1,0.0,168,200,2477.0,70.967532,7.3,1.0,1,1,1,1,1,0,0,0,0,0,1,0,0,6,33.0,200.0
11469,40.42797,-3.70156,2,1.0,1.0,155.0,0.0,2,0.0,145,200,4503.0,68.043894,0.8,1.0,1,0,0,0,0,1,0,1,1,0,0,0,0,8,18.0,200.0
11470,40.438,-3.61893,2,1.0,2.0,300.0,0.0,1,0.0,254,50,2477.0,70.967532,7.3,1.0,0,1,1,1,1,1,0,1,1,0,0,0,0,8,18.0,200.0
11471,40.45975,-3.70031,2,1.0,1.0,89.0,0.0,2,0.0,173,50,3476.0,60.621287,5.9,1.0,1,0,0,0,0,0,0,0,1,0,1,0,0,3,18.0,100.0
11472,40.43242,-3.61716,2,0.0,2.0,300.0,0.0,1,0.0,163,50,2477.0,70.967532,7.3,1.0,0,0,0,0,0,1,0,0,0,0,0,0,0,3,18.0,200.0
11473,40.41431,-3.70051,4,0.0,2.0,51.0,91.0,25,1.86,477,200,4503.0,68.043894,0.8,1.0,1,0,0,1,0,1,0,1,1,1,0,0,1,6,33.0,100.0
11474,40.41487,-3.70049,4,1.0,1.0,44.0,82.0,25,1.6,467,200,4503.0,68.043894,0.8,1.0,1,1,1,1,1,1,1,1,1,1,1,1,1,6,33.0,50.0
11475,40.42577,-3.67297,4,1.0,2.0,350.0,0.0,1,0.04,64,50,5328.0,74.694253,2.2,1.0,0,0,0,0,0,1,0,0,1,0,0,0,0,6,33.0,200.0
11476,40.43458,-3.68161,4,2.0,2.0,171.0,90.0,113,0.18,266,200,5328.0,74.694253,2.2,2.0,1,0,0,0,0,1,0,1,1,0,0,0,0,7,36.0,200.0
11477,40.43132,-3.68651,1,1.0,1.0,170.0,0.0,2,0.0,130,50,5328.0,74.694253,2.2,1.0,0,0,0,0,0,1,0,1,1,0,0,0,0,5,10.5,200.0
11478,40.42427,-3.70657,2,1.0,1.0,40.0,80.0,1,0.09,239,50,4503.0,68.043894,0.8,1.0,0,0,0,0,0,1,0,0,0,0,0,0,0,7,18.0,50.0
11479,40.42341,-3.69685,2,1.0,1.0,150.0,0.0,1,0.0,119,50,4503.0,68.043894,0.8,1.0,0,0,0,0,0,1,0,0,0,0,0,0,0,7,18.0,150.0
11480,40.43465,-3.67179,2,1.0,1.0,36.0,0.0,1,0.0,151,50,5328.0,74.694253,2.2,1.0,1,0,0,1,0,1,0,1,1,0,1,0,0,7,18.0,50.0
11481,40.43572,-3.6191,2,1.0,1.0,400.0,0.0,3,0.0,506,50,2477.0,70.967532,7.3,1.0,1,0,0,0,0,1,0,0,1,0,1,0,0,4,18.0,200.0
11482,40.43639,-3.61809,2,1.0,1.0,400.0,0.0,3,0.0,474,50,2477.0,70.967532,7.3,1.0,0,0,0,0,0,1,0,0,1,0,1,0,0,4,18.0,200.0
11483,40.48682,-3.6674,4,1.0,3.0,154.0,85.0,24,0.52,266,200,3312.0,62.061453,9.2,1.0,1,0,0,0,0,1,0,1,0,0,0,0,0,5,33.0,200.0
11484,40.41171,-3.73009,2,1.0,1.0,60.0,92.0,1,1.42,436,200,2287.0,47.008319,4.7,1.0,1,0,0,0,0,1,0,1,0,0,1,0,0,8,18.0,100.0
11485,40.43494,-3.69615,2,1.0,2.0,39.0,90.0,1,0.09,131,50,4855.0,64.056634,2.4,1.0,1,0,0,0,0,1,0,0,1,0,0,0,0,5,18.0,50.0
11486,40.39024,-3.73657,1,1.0,1.0,185.0,0.0,1,0.0,44,50,2195.0,47.402837,6.6,1.0,0,0,0,0,1,1,0,0,0,0,0,0,0,3,10.5,200.0
11487,40.42539,-3.70795,3,1.0,2.0,799.0,0.0,1,0.0,88,50,4503.0,68.043894,0.8,1.0,1,0,0,0,0,1,0,0,0,0,0,0,0,3,25.5,200.0
11489,40.39699,-3.69688,4,2.0,2.0,800.0,0.0,1,0.0,247,200,3917.0,55.025641,1.9,1.0,1,0,0,0,0,1,0,1,1,0,1,0,0,6,33.0,200.0
11490,40.42267,-3.68601,2,1.0,2.0,500.0,0.0,1,0.0,171,50,5328.0,74.694253,2.2,1.0,1,0,0,0,0,1,0,1,1,0,0,0,0,8,18.0,200.0
11491,40.46301,-3.69882,4,3.0,5.0,102.0,80.0,1,0.13,372,200,3476.0,60.621287,5.9,3.0,1,0,0,0,0,1,0,0,0,0,0,0,0,3,39.0,150.0
11492,40.39388,-3.66975,2,1.0,1.0,250.0,0.0,1,0.0,83,50,1890.0,41.443535,5.0,1.0,0,1,1,1,1,0,0,0,0,0,0,0,0,6,18.0,200.0
11493,40.48781,-3.66794,2,1.0,1.0,300.0,0.0,1,0.0,173,50,3312.0,62.061453,9.2,1.0,0,0,0,0,0,1,0,0,1,0,0,0,0,3,18.0,200.0
11494,40.38718,-3.70044,4,2.0,4.0,50.0,100.0,1,0.04,199,200,2316.0,43.910072,4.6,1.0,1,0,0,0,0,1,0,1,1,0,1,0,0,6,33.0,50.0
11495,40.41613,-3.70061,4,1.0,3.0,86.0,92.0,25,1.8,469,200,4503.0,68.043894,0.8,1.0,1,0,0,1,0,1,0,1,1,0,0,0,1,6,33.0,100.0
11496,40.38209,-3.70588,1,1.0,1.0,75.0,1.0,2,1.0,154,50,2316.0,43.910072,4.6,1.0,1,1,1,1,1,1,1,1,1,1,1,1,1,3,10.5,100.0
11497,40.42854,-3.67787,3,1.0,2.0,50.0,100.0,1,0.09,200,200,5328.0,74.694253,2.2,1.0,1,0,0,0,0,0,0,1,1,0,1,0,0,8,25.5,50.0
11498,40.42969,-3.6492,3,2.0,3.0,200.0,0.0,1,0.0,64,200,2893.0,50.090625,6.5,1.0,1,0,0,0,0,0,0,0,0,0,0,0,0,7,25.5,200.0
11499,40.43113,-3.63457,2,1.0,1.0,350.0,0.0,1,0.0,444,50,2893.0,50.090625,6.5,1.0,1,0,0,0,0,1,0,1,1,0,1,0,0,6,18.0,200.0
11500,40.42543,-3.60688,1,1.0,1.0,750.0,0.0,1,0.0,204,50,2477.0,70.967532,7.3,2.0,0,0,0,0,0,1,1,1,1,0,1,0,0,5,13.5,200.0
11501,40.43991,-3.71578,5,3.0,2.0,560.0,0.0,3,0.0,209,50,4855.0,64.056634,2.4,2.0,0,0,0,0,1,1,0,0,1,0,1,0,0,4,43.5,200.0
11502,40.42407,-3.70005,2,1.0,1.0,80.0,100.0,4,0.32,361,200,4503.0,68.043894,0.8,1.5,1,0,0,0,0,1,0,1,1,0,1,0,0,7,19.5,100.0
11503,40.4192,-3.61229,10,5.0,8.0,800.0,0.0,1,0.0,88,50,2477.0,70.967532,7.3,4.0,1,0,0,0,1,1,0,0,0,0,0,0,0,3,87.0,200.0
11504,40.43478,-3.68304,8,3.0,5.0,180.0,100.0,9,0.1,368,200,5328.0,74.694253,2.2,2.0,1,0,0,0,0,1,0,1,1,1,0,0,0,3,66.0,200.0
11505,40.41281,-3.7308,2,1.0,1.0,30.0,80.0,1,0.18,49,50,2287.0,47.008319,4.7,1.5,0,0,0,0,0,1,0,0,0,0,0,0,0,6,19.5,50.0
11506,40.46012,-3.64803,2,1.0,1.0,250.0,0.0,3,0.0,346,50,3312.0,62.061453,9.2,1.0,0,0,0,0,0,1,0,1,1,0,1,0,0,8,18.0,200.0
11508,40.42032,-3.70571,4,1.0,1.0,96.0,93.0,4,2.29,542,200,4503.0,68.043894,0.8,1.0,1,0,0,0,1,1,0,1,0,1,1,0,0,3,33.0,100.0
11509,40.39967,-3.72232,2,1.0,2.0,300.0,0.0,3,0.0,97,50,2195.0,47.402837,6.6,1.5,0,0,0,0,0,1,0,0,1,0,1,0,0,4,19.5,200.0
11510,40.43448,-3.68188,8,3.0,5.0,185.0,97.0,9,0.27,348,200,5328.0,74.694253,2.2,2.0,1,0,0,0,0,1,0,1,1,0,0,0,0,3,66.0,200.0
11511,40.43424,-3.68399,8,3.0,5.0,180.0,90.0,9,0.11,348,200,5328.0,74.694253,2.2,2.0,1,0,0,0,0,1,0,1,1,0,0,0,0,3,66.0,200.0
11512,40.4272,-3.67051,4,0.0,2.0,101.0,60.0,1,0.21,324,200,5328.0,74.694253,2.2,1.5,1,0,0,0,0,1,0,0,1,0,0,0,0,7,34.5,150.0
11513,40.39821,-3.72203,2,3.0,1.0,300.0,0.0,3,0.0,97,50,2195.0,47.402837,6.6,1.5,1,0,0,0,0,1,0,0,1,0,1,0,0,4,19.5,200.0
11514,40.46376,-3.69803,2,2.0,2.0,800.0,0.0,2,0.0,139,200,3476.0,60.621287,5.9,1.0,1,0,0,0,0,0,0,1,0,0,0,0,0,3,18.0,200.0
11515,40.42471,-3.70081,2,1.0,1.0,400.0,0.0,1,0.0,153,50,4503.0,68.043894,0.8,1.0,0,0,0,0,0,1,0,1,1,0,0,0,0,10,18.0,200.0
11516,40.4279,-3.61039,2,1.0,2.0,500.0,0.0,1,0.0,146,50,2477.0,70.967532,7.3,1.0,1,1,1,1,1,1,0,0,1,0,1,0,0,3,18.0,200.0
11518,40.4095,-3.73106,2,0.0,1.0,60.0,60.0,2,0.04,203,50,2287.0,47.008319,4.7,1.0,0,1,1,1,1,1,0,1,0,0,1,0,0,3,18.0,100.0
11519,40.43333,-3.70263,2,1.0,1.0,45.0,0.0,1,0.0,149,200,4855.0,64.056634,2.4,1.0,1,0,0,0,0,1,0,0,0,0,1,0,0,10,18.0,50.0
11520,40.40558,-3.7141,1,1.0,1.0,50.0,91.0,2,0.61,309,50,3917.0,55.025641,1.9,1.5,0,0,0,0,0,1,0,1,0,0,0,0,0,3,12.0,50.0
11521,40.41591,-3.70371,3,1.0,1.0,46.0,96.0,2,2.08,302,200,4503.0,68.043894,0.8,1.0,1,0,0,0,0,1,0,1,0,0,0,0,0,3,25.5,50.0
11522,40.4077,-3.71101,3,2.0,2.0,300.0,0.0,1,0.0,140,200,4503.0,68.043894,0.8,1.0,1,0,0,0,0,0,0,0,1,0,1,0,0,7,25.5,200.0
11523,40.41862,-3.61938,4,2.0,2.0,66.0,97.0,1,1.13,753,200,2477.0,70.967532,7.3,2.0,1,0,0,1,1,1,1,1,1,1,1,0,0,10,36.0,100.0
11524,40.4493,-3.60987,2,1.0,1.0,250.0,0.0,2,0.0,134,50,2477.0,70.967532,7.3,1.0,0,0,0,1,0,1,0,0,0,0,0,0,0,5,18.0,200.0
11525,40.4247,-3.67951,4,1.0,1.0,700.0,0.0,1,0.0,136,200,5328.0,74.694253,2.2,1.5,1,0,0,0,0,1,0,1,0,0,1,0,0,3,34.5,200.0
11526,40.40882,-3.72342,2,1.0,1.0,800.0,0.0,1,0.0,164,50,2287.0,47.008319,4.7,1.0,0,0,0,0,0,1,0,0,1,0,0,0,0,3,18.0,200.0
11527,40.42808,-3.70509,2,1.0,1.0,250.0,0.0,1,0.0,123,200,4503.0,68.043894,0.8,1.0,1,0,0,0,0,0,0,1,0,0,0,0,0,7,18.0,200.0
11528,40.40335,-3.60446,1,1.0,1.0,1000.0,0.0,1,0.0,228,50,2246.0,55.472222,11.2,1.0,0,0,0,0,0,1,0,1,1,0,1,0,0,3,10.5,200.0
11529,40.39501,-3.70751,2,1.0,1.0,400.0,0.0,1,0.0,127,50,2195.0,47.402837,6.6,1.0,0,1,1,1,1,1,0,1,1,0,1,0,0,3,18.0,200.0
11530,40.44848,-3.67754,3,3.0,3.0,99.0,0.0,1,0.0,161,200,4508.0,67.220486,5.8,1.5,1,0,0,0,0,1,0,1,1,0,1,0,0,8,27.0,100.0
11531,40.42264,-3.69873,2,1.0,1.0,300.0,0.0,1,0.0,128,50,4503.0,68.043894,0.8,1.0,0,0,0,0,0,1,0,0,0,0,1,0,0,5,18.0,200.0
11532,40.4224,-3.70262,4,2.0,2.0,200.0,92.0,88,2.38,339,200,4503.0,68.043894,0.8,1.0,1,0,0,0,0,1,0,1,0,0,1,0,0,6,33.0,200.0
11533,40.4077,-3.60843,12,2.0,3.0,240.0,0.0,1,0.0,515,50,2246.0,55.472222,11.2,2.0,0,0,0,0,0,1,0,0,1,1,1,0,0,4,96.0,200.0
11535,40.42807,-3.70096,1,1.0,1.0,25.0,70.0,4,0.32,167,50,4503.0,68.043894,0.8,1.0,0,1,1,1,1,1,0,0,1,0,0,0,0,5,10.5,50.0
11536,40.39333,-3.72737,3,1.0,1.0,75.0,95.0,2,0.53,287,200,2195.0,47.402837,6.6,2.0,1,0,0,0,0,1,0,0,1,1,1,0,0,3,28.5,100.0
11537,40.43764,-3.61036,5,3.0,4.0,500.0,0.0,1,0.0,62,50,2477.0,70.967532,7.3,1.0,0,0,0,0,0,1,0,0,0,0,0,0,0,3,40.5,200.0
11538,40.42211,-3.64568,2,1.0,2.0,25.0,0.0,1,0.0,144,50,2893.0,50.090625,6.5,1.0,0,0,0,0,0,1,0,0,1,0,1,0,0,5,18.0,50.0
11539,40.42247,-3.698,3,2.0,2.0,100.0,0.0,1,0.0,125,200,4503.0,68.043894,0.8,1.0,1,0,0,0,0,1,0,1,1,0,0,0,0,3,25.5,100.0
11540,40.40897,-3.69786,3,2.0,2.0,150.0,0.0,1,0.0,141,200,4503.0,68.043894,0.8,1.0,1,1,1,1,1,1,0,1,0,0,1,0,0,6,25.5,150.0
11541,40.42195,-3.70555,6,3.0,3.0,150.0,99.0,67,1.68,213,200,4503.0,68.043894,0.8,3.0,1,0,0,0,0,1,0,1,1,0,1,0,0,7,54.0,150.0
11542,40.40717,-3.70698,2,1.0,1.0,36.0,100.0,1,0.38,298,50,4503.0,68.043894,0.8,1.5,1,0,0,0,0,1,0,1,0,0,0,0,0,8,19.5,50.0
11543,40.40945,-3.69985,4,1.0,2.0,40.0,89.0,3,1.34,320,200,4503.0,68.043894,0.8,1.0,1,0,0,0,0,1,0,1,0,0,1,0,0,3,33.0,50.0
11544,40.46109,-3.71159,2,1.0,1.0,600.0,0.0,1,0.0,109,50,3555.0,63.451906,5.9,1.0,0,0,0,0,0,1,0,1,1,0,0,0,0,6,18.0,200.0
11545,40.41929,-3.69766,2,1.0,1.0,161.0,100.0,1,0.11,180,200,4503.0,68.043894,0.8,1.0,1,0,0,0,0,1,0,1,1,0,0,0,0,7,18.0,200.0
11546,40.42173,-3.69989,1,1.0,1.0,150.0,100.0,1,0.04,75,50,4503.0,68.043894,0.8,1.5,0,0,0,0,0,1,0,0,0,0,0,0,0,0,12.0,150.0
11547,40.43051,-3.6229,6,3.0,3.0,350.0,0.0,1,0.0,167,50,2477.0,70.967532,7.3,1.0,0,0,0,0,0,1,0,0,1,0,0,0,0,3,48.0,200.0
11548,40.41308,-3.70288,2,0.0,1.0,70.0,94.0,6,2.11,424,200,4503.0,68.043894,0.8,1.0,1,0,0,0,1,1,0,1,1,0,1,0,0,3,18.0,100.0
11549,40.39067,-3.71434,2,1.0,1.0,42.0,97.0,1,0.88,256,50,2195.0,47.402837,6.6,1.0,0,0,0,0,0,1,0,0,1,0,0,0,1,6,18.0,50.0
11550,40.41213,-3.65095,2,1.0,2.0,400.0,0.0,1,0.0,145,50,2547.0,45.581197,5.0,1.0,0,0,0,0,0,1,0,0,1,0,1,0,0,3,18.0,200.0
11551,40.47726,-3.67299,3,2.0,2.0,600.0,0.0,1,0.0,177,200,2893.0,50.090625,6.5,1.0,1,0,0,0,0,1,0,0,0,0,1,0,0,3,25.5,200.0
11552,40.4576,-3.69811,2,1.0,1.0,55.0,100.0,4,0.04,116,50,3476.0,60.621287,5.9,1.0,0,1,1,1,1,1,0,0,0,0,0,0,0,10,18.0,100.0
11553,40.44413,-3.60768,3,2.0,2.0,360.0,0.0,1,0.0,85,50,2477.0,70.967532,7.3,1.0,0,0,0,0,0,1,0,0,1,0,0,0,0,3,25.5,200.0
11554,40.41797,-3.70953,2,1.0,1.0,32.0,91.0,2,0.62,222,50,4503.0,68.043894,0.8,1.0,0,1,1,1,1,1,0,0,0,1,0,0,0,7,18.0,50.0
11555,40.4706,-3.64637,4,2.0,2.0,1000.0,0.0,1,0.0,170,200,3312.0,62.061453,9.2,1.0,1,1,1,1,1,1,0,0,0,0,0,0,0,7,33.0,200.0
11556,40.42507,-3.71229,6,3.0,6.0,300.0,100.0,1,0.09,146,200,3555.0,63.451906,5.9,2.0,1,0,0,0,0,1,0,1,1,0,1,0,0,3,51.0,200.0
11557,40.42615,-3.68471,4,0.0,2.0,111.0,45.0,72,0.19,232,200,5328.0,74.694253,2.2,1.0,1,0,0,0,0,1,0,1,1,0,1,0,0,6,33.0,150.0
11558,40.40947,-3.69659,4,1.0,1.0,66.0,92.0,67,1.37,262,200,4503.0,68.043894,0.8,1.0,1,0,0,0,0,1,0,1,0,0,1,0,0,7,33.0,100.0
11559,40.42245,-3.70429,5,2.0,3.0,140.0,96.0,12,1.23,353,200,4503.0,68.043894,0.8,1.0,1,0,0,0,0,1,0,1,1,1,1,0,0,6,40.5,150.0
11560,40.42621,-3.7067,4,2.0,2.0,168.0,89.0,1,0.89,313,200,4503.0,68.043894,0.8,1.5,1,0,0,0,0,1,0,1,0,0,0,0,0,3,34.5,200.0
11561,40.38207,-3.60721,3,2.0,2.0,29.0,90.0,1,0.21,125,50,2382.0,49.659794,11.0,1.5,0,0,0,0,0,1,0,1,1,0,0,0,0,10,27.0,50.0
11562,40.41507,-3.70919,2,1.0,1.0,27.0,96.0,2,1.77,327,200,4503.0,68.043894,0.8,1.0,1,0,0,0,0,1,0,1,0,0,0,0,0,3,18.0,50.0
11563,40.40353,-3.69149,6,3.0,4.0,86.0,88.0,66,3.4,452,200,3917.0,55.025641,1.9,2.0,1,0,0,0,1,1,0,1,1,1,1,0,0,6,51.0,100.0
11564,40.42943,-3.62857,2,1.0,2.0,230.0,0.0,1,0.0,105,50,2477.0,70.967532,7.3,1.0,0,0,0,0,0,1,0,0,0,0,0,0,0,3,18.0,200.0
11565,40.41727,-3.71101,4,1.0,1.0,150.0,0.0,1,0.0,164,50,4503.0,68.043894,0.8,2.0,0,0,0,0,0,0,0,1,1,0,1,0,0,7,36.0,150.0
11566,40.45213,-3.67364,1,1.0,1.0,836.0,0.0,1,0.0,182,200,4508.0,67.220486,5.8,1.0,1,0,0,0,0,1,0,1,1,0,1,0,0,11,10.5,200.0
11567,40.42153,-3.69956,4,2.0,3.0,55.0,92.0,9,1.55,346,200,4503.0,68.043894,0.8,1.0,1,0,0,0,0,1,0,1,0,0,1,0,0,0,33.0,100.0
11568,40.39717,-3.77249,6,3.0,4.0,66.0,93.0,1,1.13,371,200,2287.0,47.008319,4.7,1.0,1,0,0,0,0,0,0,0,0,0,1,0,1,8,48.0,100.0
11569,40.4325,-3.60373,2,1.0,2.0,100.0,83.0,1,0.59,401,50,2477.0,70.967532,7.3,1.5,1,0,0,0,0,1,1,1,1,0,1,0,0,6,19.5,100.0
11570,40.41967,-3.70233,2,1.0,1.0,120.0,100.0,3,0.13,335,50,4503.0,68.043894,0.8,1.0,0,0,0,0,0,1,0,0,1,0,1,0,0,9,18.0,150.0
11572,40.40766,-3.69653,3,2.0,3.0,76.0,93.0,1,2.29,452,200,4503.0,68.043894,0.8,1.0,1,0,0,1,0,1,0,0,1,1,1,0,0,11,25.5,100.0
11573,40.41148,-3.69973,4,1.0,1.0,100.0,97.0,1,0.58,322,200,4503.0,68.043894,0.8,1.0,1,0,0,0,0,1,0,1,1,0,1,0,0,7,33.0,100.0
11574,40.42013,-3.71617,2,1.0,1.0,150.0,100.0,2,0.04,266,200,4503.0,68.043894,0.8,1.0,1,0,0,0,0,1,0,1,1,0,1,0,0,5,18.0,150.0
11575,40.3573,-3.5854,2,1.0,1.0,250.0,0.0,2,0.0,254,50,2382.0,49.659794,11.0,1.0,0,0,0,0,0,1,1,0,0,0,1,0,0,7,18.0,200.0
11576,40.42442,-3.60478,2,1.0,1.0,500.0,0.0,1,0.0,119,50,2477.0,70.967532,7.3,1.0,0,0,0,0,0,1,0,0,1,0,0,0,0,6,18.0,200.0
11577,40.35967,-3.58489,2,1.0,1.0,250.0,0.0,2,0.0,275,50,2382.0,49.659794,11.0,1.5,0,0,0,0,0,1,1,0,0,0,1,0,0,7,19.5,200.0
11578,40.42211,-3.61311,1,1.0,1.0,400.0,0.0,1,0.0,118,50,2477.0,70.967532,7.3,1.0,0,0,0,0,0,1,0,0,1,0,0,0,0,3,10.5,200.0
11579,40.40627,-3.69974,2,1.0,1.0,70.0,100.0,1,0.28,362,200,4503.0,68.043894,0.8,1.0,1,0,0,0,0,1,0,1,1,0,0,0,0,3,18.0,100.0
11580,40.4097,-3.70278,2,1.0,1.0,35.0,99.0,2,2.4,292,200,4503.0,68.043894,0.8,1.0,1,1,1,1,1,1,1,1,1,1,1,1,1,3,18.0,50.0
11581,40.3938,-3.72669,2,1.0,1.0,63.0,0.0,1,0.0,507,50,2195.0,47.402837,6.6,1.5,0,0,0,0,0,1,0,1,0,0,1,0,0,5,19.5,100.0
11582,40.43493,-3.62433,4,1.0,2.0,800.0,0.0,1,0.0,214,200,2477.0,70.967532,7.3,2.0,1,1,1,1,1,1,1,1,1,0,1,0,0,9,36.0,200.0
11583,40.43551,-3.70542,6,2.0,3.0,400.0,0.0,2,0.04,160,200,4855.0,64.056634,2.4,1.0,1,0,0,0,0,1,0,1,0,0,1,0,0,6,48.0,200.0
11584,40.42716,-3.60073,2,1.0,1.0,250.0,0.0,1,0.0,176,50,2477.0,70.967532,7.3,1.0,1,0,0,0,0,1,0,0,0,1,0,0,0,4,18.0,200.0
11585,40.39969,-3.68701,2,1.0,2.0,397.0,0.0,1,0.0,176,50,3917.0,55.025641,1.9,1.0,0,0,0,0,0,1,0,1,1,0,0,0,0,5,18.0,200.0
11586,40.43398,-3.64673,2,1.0,1.0,370.0,0.0,1,0.0,307,50,2893.0,50.090625,6.5,1.0,0,0,0,0,0,1,0,1,0,0,0,0,0,7,18.0,200.0
11587,40.46575,-3.63345,1,1.0,1.0,38.0,99.0,1,1.92,409,50,3312.0,62.061453,9.2,1.5,1,0,0,0,0,1,0,1,0,0,1,0,0,3,12.0,50.0
11589,40.44022,-3.6985,2,1.0,1.0,40.0,86.0,1,0.71,196,50,4855.0,64.056634,2.4,2.0,0,1,1,1,1,1,0,0,1,0,1,0,0,3,21.0,50.0
11590,40.42772,-3.68204,2,1.0,2.0,100.0,0.0,1,0.0,160,50,5328.0,74.694253,2.2,1.0,1,0,0,0,0,1,0,1,0,0,0,0,0,4,18.0,100.0
11591,40.41036,-3.71211,2,1.0,1.0,270.0,0.0,1,0.0,94,50,4503.0,68.043894,0.8,1.0,0,1,1,1,1,1,0,0,0,0,0,0,0,5,18.0,200.0
11592,40.43658,-3.69784,5,2.0,2.0,800.0,0.0,1,0.0,265,200,4855.0,64.056634,2.4,1.0,1,0,0,0,0,1,0,1,0,0,1,0,0,3,40.5,200.0
11593,40.42575,-3.60548,4,2.0,3.0,520.0,0.0,1,0.0,166,50,2477.0,70.967532,7.3,1.0,1,0,0,0,1,1,0,0,1,0,1,0,0,3,33.0,200.0
11595,40.46661,-3.59259,4,2.0,4.0,344.0,0.0,1,0.0,446,50,3047.0,56.183432,11.8,1.5,1,0,0,1,1,1,1,1,1,1,1,0,0,3,34.5,200.0
11596,40.40455,-3.70254,2,1.0,3.0,40.0,88.0,1,0.27,90,50,3917.0,55.025641,1.9,1.0,0,0,0,0,0,1,0,0,1,0,0,0,0,3,18.0,50.0
11597,40.43882,-3.63511,2,1.0,1.0,800.0,0.0,1,0.0,117,200,2477.0,70.967532,7.3,1.0,1,1,1,1,1,0,0,1,1,0,0,0,0,7,18.0,200.0
11598,40.42165,-3.707,2,0.0,2.0,64.0,91.0,88,4.45,387,200,4503.0,68.043894,0.8,1.0,1,0,0,0,0,1,0,1,1,1,1,0,0,6,18.0,100.0
11599,40.44489,-3.69893,1,1.0,1.0,38.0,100.0,2,0.13,164,50,4855.0,64.056634,2.4,1.0,0,0,0,0,0,1,0,0,0,1,0,0,0,4,10.5,50.0
11601,40.43139,-3.61733,2,1.0,1.0,800.0,0.0,2,0.0,111,50,2477.0,70.967532,7.3,1.0,0,1,1,1,1,1,0,0,0,0,0,0,0,3,18.0,200.0
11602,40.42636,-3.71113,2,1.0,1.0,200.0,0.0,2,0.0,70,50,4503.0,68.043894,0.8,1.0,0,0,0,0,0,1,0,0,0,0,0,0,0,6,18.0,200.0
11603,40.42208,-3.66459,2,2.0,3.0,200.0,0.0,1,0.0,105,50,5328.0,74.694253,2.2,1.0,0,0,0,0,0,1,0,0,1,0,0,0,0,4,18.0,200.0
11604,40.40511,-3.67822,3,1.0,1.0,500.0,0.0,1,0.0,188,200,4220.0,63.672727,3.2,1.0,1,0,0,0,0,1,0,1,1,0,1,0,0,6,25.5,200.0
11605,40.43167,-3.61665,4,2.0,2.0,1100.0,0.0,2,0.0,100,200,2477.0,70.967532,7.3,1.0,1,1,1,1,1,1,0,0,0,0,0,0,0,3,33.0,200.0
11606,40.42642,-3.70922,1,1.0,1.0,25.0,100.0,2,0.09,81,50,4503.0,68.043894,0.8,1.0,0,0,0,0,0,1,0,0,0,0,0,0,0,6,10.5,50.0
11607,40.48807,-3.66858,2,1.0,1.0,125.0,0.0,1,0.0,212,50,3312.0,62.061453,9.2,1.0,0,1,1,1,1,1,0,0,1,0,1,0,0,6,18.0,150.0
11608,40.44865,-3.60688,2,1.0,1.0,25.0,93.0,1,0.35,190,50,2477.0,70.967532,7.3,1.0,0,0,0,0,0,1,0,0,0,0,0,0,0,4,18.0,50.0
11609,40.44401,-3.61288,2,1.0,1.0,400.0,0.0,1,0.0,151,50,2477.0,70.967532,7.3,1.0,0,0,0,1,0,1,0,1,0,0,0,0,0,3,18.0,200.0
11610,40.45736,-3.58859,5,3.0,4.0,1200.0,0.0,1,0.0,2,200,3047.0,56.183432,11.8,2.0,1,0,0,0,0,0,0,0,0,0,0,0,0,8,43.5,200.0
11611,40.44451,-3.68039,2,1.0,1.0,500.0,0.0,1,0.0,190,200,4508.0,67.220486,5.8,1.0,1,0,0,0,0,1,0,0,0,0,1,0,0,3,18.0,200.0
11612,40.45753,-3.69536,4,1.0,3.0,93.0,100.0,1,0.13,395,200,3476.0,60.621287,5.9,1.0,1,0,0,0,0,1,1,1,1,0,1,0,0,8,33.0,100.0
11613,40.4078,-3.67733,4,1.0,2.0,500.0,0.0,1,0.0,143,200,4220.0,63.672727,3.2,1.0,1,0,0,0,0,0,0,1,1,0,1,0,0,6,33.0,200.0
11614,40.41176,-3.70693,6,2.0,4.0,59.0,60.0,43,0.07,408,200,4503.0,68.043894,0.8,2.0,1,0,0,0,0,1,0,0,0,0,0,0,0,6,51.0,100.0
11615,40.42317,-3.70576,5,2.0,2.0,400.0,0.0,1,0.0,152,200,4503.0,68.043894,0.8,1.0,1,0,0,0,0,1,0,0,1,0,1,0,0,3,40.5,200.0
11616,40.39021,-3.73513,1,1.0,1.0,400.0,0.0,1,0.0,41,50,2195.0,47.402837,6.6,1.0,0,0,0,0,0,1,0,0,0,0,0,0,0,6,10.5,200.0
11617,40.41557,-3.70918,3,1.0,2.0,100.0,0.0,1,0.0,273,50,4503.0,68.043894,0.8,1.0,0,0,0,0,0,1,0,0,1,0,0,0,0,6,25.5,100.0
11618,40.39479,-3.69149,7,3.0,6.0,550.0,0.0,1,0.0,173,200,3917.0,55.025641,1.9,2.0,1,0,0,0,0,1,0,1,1,0,1,0,0,3,58.5,200.0
11619,40.4447,-3.5833,2,1.0,1.0,800.0,0.0,1,0.0,265,50,2477.0,70.967532,7.3,1.0,0,0,0,0,0,1,0,1,1,0,0,0,0,3,18.0,200.0
11620,40.42872,-3.67889,6,3.0,3.0,600.0,0.0,1,0.0,107,200,5328.0,74.694253,2.2,2.5,1,0,0,0,0,1,0,0,1,0,0,0,0,4,52.5,200.0
11621,40.45592,-3.67622,1,1.0,1.0,250.0,20.0,1,0.04,130,50,4508.0,67.220486,5.8,1.0,0,1,1,1,1,1,0,0,1,0,1,0,0,5,10.5,200.0
11622,40.38602,-3.64536,1,2.0,2.0,22.0,0.0,1,0.0,133,50,1890.0,41.443535,5.0,1.0,1,0,0,0,0,1,0,0,1,0,1,0,0,3,10.5,50.0
11623,40.44706,-3.61107,6,0.0,3.0,69.0,97.0,2,4.83,415,200,2477.0,70.967532,7.3,1.0,1,0,0,0,0,1,0,1,0,0,1,0,0,3,48.0,100.0
11624,40.43406,-3.68163,2,1.0,1.0,450.0,0.0,72,0.0,196,50,5328.0,74.694253,2.2,1.0,0,0,0,0,0,1,0,1,0,0,1,0,0,6,18.0,200.0
11625,40.38044,-3.70635,1,1.0,1.0,50.0,100.0,2,0.04,124,50,2316.0,43.910072,4.6,1.0,1,1,1,1,1,1,1,1,1,1,1,1,1,3,10.5,50.0
11626,40.43216,-3.71323,2,0.0,1.0,45.0,92.0,1,0.22,130,50,4855.0,64.056634,2.4,1.0,0,0,0,0,0,1,0,0,1,0,0,0,0,3,18.0,50.0
11627,40.4385,-3.64528,4,3.0,4.0,63.0,0.0,1,0.0,401,200,2893.0,50.090625,6.5,1.0,1,0,0,0,0,1,0,0,0,1,1,0,0,9,33.0,100.0
11628,40.37504,-3.60703,2,1.0,1.0,102.0,0.0,1,0.0,473,200,2382.0,49.659794,11.0,1.0,1,0,0,0,0,1,0,0,1,0,1,0,0,4,18.0,150.0
11629,40.42697,-3.62934,2,1.0,1.0,600.0,0.0,1,0.0,98,50,2477.0,70.967532,7.3,1.0,0,0,0,0,0,1,0,0,0,0,0,0,0,6,18.0,200.0
11630,40.43844,-3.68528,2,1.0,2.0,275.0,0.0,2,0.0,197,200,4508.0,67.220486,5.8,1.0,1,1,1,1,1,0,0,1,1,0,1,0,0,8,18.0,200.0
11631,40.46537,-3.70181,3,2.0,2.0,600.0,0.0,1,0.0,105,50,3476.0,60.621287,5.9,1.5,0,0,0,0,0,1,0,1,0,0,0,0,0,3,27.0,200.0
11632,40.42719,-3.671,2,1.0,1.0,220.0,0.0,1,0.0,115,50,5328.0,74.694253,2.2,1.0,1,0,0,0,0,1,0,0,1,0,0,0,0,0,18.0,200.0
11633,40.38789,-3.64395,1,1.0,1.0,60.0,0.0,2,0.0,300,50,1890.0,41.443535,5.0,1.5,0,0,0,0,0,1,0,1,0,0,1,0,0,7,12.0,100.0
11634,40.38403,-3.72846,1,1.0,1.0,36.0,80.0,1,0.04,148,50,2195.0,47.402837,6.6,1.0,0,0,0,0,0,1,0,1,0,0,0,0,0,3,10.5,50.0
11635,40.47906,-3.7053,4,2.0,2.0,44.0,92.0,1,0.26,208,200,3545.0,57.198083,16.4,1.0,1,0,0,0,0,0,0,1,1,0,1,0,0,6,33.0,50.0
11636,40.46371,-3.67325,2,1.0,1.0,195.0,0.0,2,0.0,153,50,4508.0,67.220486,5.8,1.0,0,0,0,0,0,1,0,0,0,0,1,0,0,3,18.0,200.0
11637,40.41014,-3.70257,2,1.0,1.0,49.0,96.0,7,5.34,665,200,4503.0,68.043894,0.8,1.0,1,0,0,0,0,1,0,1,1,1,1,1,0,6,18.0,50.0
11638,40.4357,-3.61656,4,2.0,2.0,75.0,100.0,3,0.04,149,200,2477.0,70.967532,7.3,1.0,1,0,0,0,0,1,0,0,0,0,0,0,0,3,33.0,100.0
11639,40.39121,-3.71498,2,1.0,1.0,49.0,0.0,3,0.0,217,50,2195.0,47.402837,6.6,1.0,0,0,0,0,0,1,0,0,1,0,1,0,0,4,18.0,50.0
11640,40.42386,-3.67149,4,0.0,4.0,200.0,80.0,1,0.05,152,200,5328.0,74.694253,2.2,1.5,1,0,0,0,0,1,0,0,1,0,1,0,0,3,34.5,200.0
11641,40.39189,-3.71686,5,3.0,4.0,135.0,0.0,24,0.0,317,200,2195.0,47.402837,6.6,1.0,1,0,0,0,0,1,1,1,1,0,1,0,0,6,40.5,150.0
11642,40.39502,-3.71464,3,2.0,4.0,95.0,0.0,24,0.0,278,200,2195.0,47.402837,6.6,1.0,1,0,0,0,0,1,1,1,1,0,1,0,0,6,25.5,100.0
11643,40.47129,-3.58015,6,3.0,3.0,155.0,96.0,1,0.24,355,200,3047.0,56.183432,11.8,2.0,1,0,0,0,0,1,0,0,0,0,1,0,0,3,51.0,200.0
11644,40.4184,-3.61572,3,2.0,3.0,250.0,0.0,1,0.0,220,50,2477.0,70.967532,7.3,1.0,0,1,1,1,1,1,0,0,1,0,1,0,0,3,25.5,200.0
11645,40.47119,-3.69615,2,1.0,2.0,450.0,0.0,1,0.0,136,50,3476.0,60.621287,5.9,1.0,0,0,0,0,0,1,0,1,1,0,0,0,0,3,18.0,200.0
11646,40.40443,-3.60873,2,1.0,1.0,155.0,0.0,4,0.0,176,50,2246.0,55.472222,11.2,1.0,0,0,0,0,0,1,0,0,1,0,1,0,0,7,18.0,200.0
11647,40.44901,-3.60807,2,1.0,1.0,16.0,99.0,1,2.23,501,50,2477.0,70.967532,7.3,1.0,0,0,0,0,0,1,0,0,0,1,1,0,0,3,18.0,50.0
11648,40.3817,-3.58557,2,1.0,1.0,210.0,0.0,2,0.0,197,50,2246.0,55.472222,11.2,2.5,0,0,0,0,0,1,0,0,1,0,0,0,0,7,22.5,200.0
11649,40.40828,-3.70557,1,1.0,1.0,25.0,96.0,1,1.14,203,50,4503.0,68.043894,0.8,1.0,0,0,0,0,0,1,0,1,0,0,0,0,0,3,10.5,50.0
11650,40.46723,-3.68867,3,1.0,3.0,179.0,0.0,2,0.0,361,200,4508.0,67.220486,5.8,1.0,1,0,0,0,0,1,0,1,1,0,1,0,0,4,25.5,200.0
11651,40.46113,-3.65043,4,2.0,3.0,600.0,0.0,1,0.0,61,200,3312.0,62.061453,9.2,1.0,1,0,0,0,0,1,0,0,0,0,0,0,0,3,33.0,200.0
11652,40.41329,-3.72743,3,2.0,3.0,345.0,0.0,1,0.0,112,200,2287.0,47.008319,4.7,1.0,1,1,1,1,1,1,0,0,1,0,0,0,0,3,25.5,200.0
11653,40.42617,-3.68514,2,1.0,1.0,30.0,0.0,1,0.0,88,50,5328.0,74.694253,2.2,3.0,0,0,0,0,0,1,0,0,0,0,1,0,0,6,24.0,50.0
11654,40.4204,-3.67539,2,1.0,1.0,200.0,0.0,2,0.0,120,50,4220.0,63.672727,3.2,1.0,0,0,0,0,1,1,0,0,1,0,1,0,0,3,18.0,200.0
11655,40.42069,-3.67581,2,1.0,1.0,200.0,0.0,2,0.0,122,50,4220.0,63.672727,3.2,1.0,0,0,0,0,1,1,0,0,0,0,1,0,0,3,18.0,200.0
11657,40.46072,-3.68297,6,3.0,3.0,152.0,0.0,1,0.0,271,200,4508.0,67.220486,5.8,2.0,1,0,0,0,0,1,1,1,1,0,1,0,0,8,51.0,200.0
11658,40.41782,-3.7046,2,1.0,1.0,500.0,0.0,1,0.0,94,50,4503.0,68.043894,0.8,1.0,1,0,0,0,0,1,0,1,0,0,0,0,0,4,18.0,200.0
11659,40.42998,-3.67274,4,1.0,1.0,550.0,0.0,1,0.0,189,200,5328.0,74.694253,2.2,1.0,1,0,0,0,0,1,0,0,1,0,0,0,0,7,33.0,200.0
11660,40.41797,-3.67356,2,1.0,1.0,150.0,0.0,1,0.0,100,50,4220.0,63.672727,3.2,1.0,1,0,0,0,0,1,0,0,0,0,0,0,0,5,18.0,150.0
11661,40.37925,-3.77796,1,1.0,1.0,47.0,0.0,1,0.0,173,50,2287.0,47.008319,4.7,1.0,0,0,0,0,0,1,0,0,0,0,0,0,0,3,10.5,50.0
11662,40.47323,-3.57464,2,1.0,1.0,400.0,0.0,1,0.0,26,50,3047.0,56.183432,11.8,1.0,0,0,0,0,0,1,0,0,1,0,0,0,0,3,18.0,200.0
11663,40.39921,-3.72284,4,1.0,1.0,200.0,0.0,1,0.0,129,50,2195.0,47.402837,6.6,1.0,0,0,0,0,0,1,0,0,1,0,0,0,0,3,33.0,200.0
11664,40.40697,-3.70218,1,1.0,1.0,21.0,97.0,1,1.07,364,50,4503.0,68.043894,0.8,1.0,0,0,0,0,0,1,0,1,0,0,1,0,0,5,10.5,50.0
11666,40.39876,-3.73652,2,1.0,1.0,100.0,0.0,1,0.0,246,50,2287.0,47.008319,4.7,1.0,0,0,0,0,0,1,0,0,1,0,0,0,0,3,18.0,100.0
11667,40.38793,-3.69421,2,1.0,2.0,60.0,100.0,1,0.16,209,50,3917.0,55.025641,1.9,1.0,0,0,0,0,0,1,0,1,1,0,0,0,0,4,18.0,100.0
11668,40.40999,-3.70563,4,2.0,2.0,500.0,0.0,1,0.0,130,200,4503.0,68.043894,0.8,1.0,1,0,0,0,0,1,0,1,1,0,0,0,0,6,33.0,200.0
11669,40.44764,-3.60751,3,2.0,2.0,800.0,0.0,1,0.0,52,50,2477.0,70.967532,7.3,1.0,0,1,1,1,1,1,0,0,0,0,0,0,0,3,25.5,200.0
11670,40.43029,-3.60298,2,1.0,2.0,850.0,0.0,2,0.0,175,50,2477.0,70.967532,7.3,1.0,0,0,0,0,0,1,0,1,0,0,0,0,0,3,18.0,200.0
11671,40.42555,-3.70436,2,1.0,1.0,41.0,0.0,1,0.0,187,200,4503.0,68.043894,0.8,1.0,1,0,0,0,0,1,0,1,0,0,1,0,0,7,18.0,50.0
11672,40.43115,-3.67851,2,2.0,3.0,390.0,0.0,2,0.0,193,50,5328.0,74.694253,2.2,1.0,1,1,1,1,1,1,0,1,1,0,1,0,0,5,18.0,200.0
11673,40.42446,-3.65523,2,2.0,2.0,300.0,0.0,1,0.0,358,50,2893.0,50.090625,6.5,1.0,0,0,0,1,0,1,0,1,1,0,1,0,0,3,18.0,200.0
11674,40.42348,-3.71269,4,2.0,3.0,140.0,0.0,1,0.0,338,200,3555.0,63.451906,5.9,2.0,1,0,0,0,0,1,0,0,0,0,0,0,0,10,36.0,150.0
11675,40.4306,-3.68022,1,1.0,1.0,135.0,0.0,2,0.0,189,50,5328.0,74.694253,2.2,1.0,0,1,1,1,1,1,0,1,1,0,0,0,0,5,10.5,150.0
11676,40.3904,-3.71462,2,1.0,1.0,49.0,80.0,3,0.04,252,50,2195.0,47.402837,6.6,1.0,0,0,0,0,0,1,0,0,1,0,1,0,0,4,18.0,50.0
11677,40.40419,-3.68185,3,2.0,2.0,120.0,0.0,3,0.0,161,200,4220.0,63.672727,3.2,1.0,1,0,0,0,0,1,0,1,1,0,1,0,0,5,25.5,150.0
11678,40.43848,-3.61177,2,1.0,1.0,300.0,0.0,1,0.0,122,50,2477.0,70.967532,7.3,1.0,0,0,0,0,0,1,0,0,1,0,1,0,0,3,18.0,200.0
11679,40.42475,-3.61202,4,2.0,2.0,500.0,0.0,1,0.04,107,50,2477.0,70.967532,7.3,2.0,0,0,0,0,0,1,0,0,1,0,0,0,0,9,36.0,200.0
11680,40.40213,-3.75893,2,1.0,1.0,120.0,0.0,1,0.0,147,50,2287.0,47.008319,4.7,1.0,0,1,1,1,1,1,0,0,0,0,0,0,0,8,18.0,150.0
11682,40.43725,-3.61922,6,3.0,4.0,1200.0,0.0,1,0.0,178,200,2477.0,70.967532,7.3,2.0,1,0,0,0,0,1,1,1,1,0,0,0,0,5,51.0,200.0
11683,40.38976,-3.71539,1,1.0,1.0,160.0,0.0,1,0.0,206,50,2195.0,47.402837,6.6,1.5,0,0,0,0,0,1,0,0,0,0,1,0,0,8,12.0,200.0
11684,40.40789,-3.6981,2,1.0,1.0,300.0,0.0,1,0.0,74,50,4503.0,68.043894,0.8,1.0,1,0,0,0,0,1,0,0,0,0,0,0,0,3,18.0,200.0
11685,40.41183,-3.71868,3,2.0,3.0,46.0,0.0,1,0.0,138,200,3917.0,55.025641,1.9,1.0,1,0,0,0,0,1,0,1,0,0,0,0,0,7,25.5,50.0
11686,40.38975,-3.71552,4,2.0,2.0,150.0,100.0,3,0.04,393,50,2195.0,47.402837,6.6,1.0,1,0,0,0,0,1,0,0,1,0,1,0,0,4,33.0,150.0
11687,40.44104,-3.58593,1,1.0,1.0,350.0,0.0,1,0.0,143,50,2477.0,70.967532,7.3,1.0,1,0,0,0,0,1,0,1,0,0,0,0,0,9,10.5,200.0
11688,40.50568,-3.67796,2,1.0,1.0,500.0,0.0,2,0.0,214,200,3545.0,57.198083,16.4,1.0,1,0,0,1,0,1,0,0,1,0,0,0,0,0,18.0,200.0
11689,40.44141,-3.68413,12,5.0,10.0,784.0,100.0,1,1.04,718,200,4508.0,67.220486,5.8,4.5,1,0,0,0,0,1,1,1,0,1,1,0,0,6,103.5,200.0
11690,40.42828,-3.61992,2,1.0,1.0,300.0,0.0,1,0.0,137,50,2477.0,70.967532,7.3,1.0,0,0,0,0,1,1,0,1,0,0,0,0,0,5,18.0,200.0
11691,40.41167,-3.73395,2,1.0,1.0,40.0,99.0,1,0.96,458,50,2287.0,47.008319,4.7,1.0,0,0,0,0,0,1,0,0,0,0,1,0,0,6,18.0,50.0
11692,40.42167,-3.70198,4,1.0,2.0,356.0,96.0,2,1.97,611,200,4503.0,68.043894,0.8,1.0,1,0,0,0,0,1,0,1,0,0,1,0,0,10,33.0,200.0
11693,40.4081,-3.70442,4,1.0,2.0,400.0,0.0,1,0.0,95,200,4503.0,68.043894,0.8,1.0,1,0,0,0,0,1,0,1,1,0,0,0,0,8,33.0,200.0
11694,40.39181,-3.69615,2,1.0,2.0,900.0,0.0,1,0.0,107,50,3917.0,55.025641,1.9,1.5,0,0,0,0,0,1,0,0,0,0,1,0,0,3,19.5,200.0
11695,40.4278,-3.6451,2,1.0,1.0,101.0,1.0,1,1.0,167,50,2893.0,50.090625,6.5,1.0,1,1,1,1,1,1,1,1,1,1,1,1,1,4,18.0,150.0
11696,40.42229,-3.60595,2,1.0,1.0,150.0,100.0,3,0.05,124,50,2477.0,70.967532,7.3,1.0,0,0,0,0,0,1,0,1,1,0,0,0,0,7,18.0,150.0
11697,40.42572,-3.71147,4,1.0,2.0,200.0,80.0,2,0.09,186,200,4503.0,68.043894,0.8,1.0,1,0,0,0,0,1,0,0,0,0,1,0,0,8,33.0,200.0
11698,40.42684,-3.70128,1,1.0,1.0,25.0,100.0,4,0.23,104,50,4503.0,68.043894,0.8,1.0,0,0,0,0,0,1,0,0,1,0,0,0,0,5,10.5,50.0
11699,40.39388,-3.69356,3,2.0,2.0,85.0,100.0,2,0.06,232,200,3917.0,55.025641,1.9,1.0,1,0,0,0,0,1,0,0,0,1,0,0,0,8,25.5,100.0
11700,40.38634,-3.63968,2,1.0,1.0,18.0,99.0,2,0.7,236,50,1890.0,41.443535,5.0,1.5,1,0,0,0,0,1,0,1,0,0,0,0,0,7,19.5,50.0
11701,40.42832,-3.62926,2,1.0,2.0,300.0,0.0,1,0.0,315,50,2477.0,70.967532,7.3,1.0,0,0,0,0,0,1,0,0,0,0,0,0,0,3,18.0,200.0
11702,40.41703,-3.70394,2,1.0,2.0,47.0,97.0,6,0.31,118,50,4503.0,68.043894,0.8,1.5,0,0,0,0,0,1,0,0,0,0,0,0,0,4,19.5,50.0
11703,40.49201,-3.69365,2,1.0,1.0,27.0,98.0,2,3.91,634,50,3545.0,57.198083,16.4,1.0,0,0,0,0,1,1,0,0,0,1,1,0,0,3,18.0,50.0
11704,40.47078,-3.58482,1,1.0,1.0,500.0,0.0,1,0.0,72,50,3047.0,56.183432,11.8,1.0,1,1,1,1,1,1,0,0,1,0,0,0,0,4,10.5,200.0
11705,40.43614,-3.60969,4,2.0,4.0,121.0,0.0,3,0.0,148,50,2477.0,70.967532,7.3,1.0,0,0,0,1,0,1,0,0,0,0,1,0,0,3,33.0,150.0
11706,40.44276,-3.58933,2,0.0,1.0,100.0,0.0,1,0.0,137,50,2477.0,70.967532,7.3,1.0,1,1,1,1,1,1,0,1,1,0,0,0,0,4,18.0,100.0
11707,40.44925,-3.7054,4,2.0,2.0,500.0,0.0,1,0.0,127,200,3476.0,60.621287,5.9,1.0,1,0,0,0,0,1,0,0,0,0,1,0,0,3,33.0,200.0
11708,40.3938,-3.65514,3,1.0,1.0,120.0,0.0,3,0.0,196,50,1890.0,41.443535,5.0,1.0,0,1,1,1,1,1,0,1,1,0,0,0,0,3,25.5,150.0
11709,40.4027,-3.68876,3,2.0,3.0,175.0,85.0,1,0.18,83,50,3917.0,55.025641,1.9,1.0,1,0,0,0,0,1,0,0,1,0,0,0,0,3,25.5,200.0
11710,40.4303,-3.71758,2,1.0,1.0,220.0,0.0,1,0.0,107,50,3555.0,63.451906,5.9,1.0,1,0,0,0,0,1,0,0,1,0,1,0,0,7,18.0,200.0
11712,40.43689,-3.70737,2,1.0,1.0,59.0,100.0,1,0.13,205,50,4855.0,64.056634,2.4,1.0,0,0,0,0,0,1,0,0,0,0,1,0,0,7,18.0,100.0
11713,40.40318,-3.56397,4,2.0,2.0,900.0,0.0,1,0.0,325,200,2246.0,55.472222,11.2,2.0,1,0,0,0,0,1,1,1,1,0,1,0,0,3,36.0,200.0
11714,40.42906,-3.61137,1,1.0,1.0,500.0,0.0,1,0.0,162,50,2477.0,70.967532,7.3,2.0,0,0,0,0,0,1,0,1,1,0,1,0,0,3,13.5,200.0
11715,40.413,-3.70754,4,2.0,2.0,140.0,0.0,3,0.0,277,200,4503.0,68.043894,0.8,1.5,1,0,0,0,0,1,0,1,1,0,1,0,0,4,34.5,150.0
11716,40.4375,-3.62381,3,0.0,1.0,800.0,0.0,2,0.0,236,200,2477.0,70.967532,7.3,2.0,1,0,0,0,0,1,1,1,1,0,0,0,0,10,28.5,200.0
11717,40.46413,-3.70079,4,3.0,5.0,102.0,100.0,1,0.19,261,200,3476.0,60.621287,5.9,3.0,1,0,0,0,0,1,0,1,0,0,0,0,0,10,39.0,150.0
11718,40.42649,-3.67761,1,1.0,1.0,450.0,0.0,1,0.0,135,50,5328.0,74.694253,2.2,1.0,0,0,0,0,0,1,0,1,1,0,0,0,0,6,10.5,200.0
11719,40.39831,-3.73845,2,2.0,2.0,1000.0,0.0,1,0.0,53,50,2287.0,47.008319,4.7,1.0,0,0,0,0,0,0,0,0,0,0,0,0,0,4,18.0,200.0
11720,40.37968,-3.66288,4,2.0,3.0,350.0,0.0,1,0.0,163,50,1890.0,41.443535,5.0,1.0,1,0,0,0,0,1,0,1,0,0,0,0,0,0,33.0,200.0
11721,40.39881,-3.6605,2,1.0,1.0,21.0,95.0,1,0.18,260,50,1890.0,41.443535,5.0,1.0,0,0,0,0,0,0,0,0,0,0,0,0,0,3,18.0,50.0
11723,40.40509,-3.68084,2,1.0,1.0,195.0,0.0,3,0.0,71,50,4220.0,63.672727,3.2,1.0,1,0,0,0,0,1,0,0,0,0,0,0,0,5,18.0,200.0
11724,40.43955,-3.62516,3,0.0,1.0,1000.0,0.0,2,0.0,236,200,2477.0,70.967532,7.3,2.0,1,0,0,0,0,1,1,1,1,0,0,0,0,10,28.5,200.0
11725,40.4458,-3.67572,3,1.0,1.0,500.0,0.0,2,0.0,327,50,4508.0,67.220486,5.8,1.0,0,0,0,0,0,0,0,1,1,0,1,0,0,3,25.5,200.0
11726,40.40551,-3.68049,2,1.0,2.0,245.0,0.0,3,0.0,71,50,4220.0,63.672727,3.2,1.0,1,0,0,0,0,1,0,0,0,0,0,0,0,5,18.0,200.0
11727,40.47656,-3.71361,2,1.0,1.0,300.0,0.0,1,0.0,183,50,3545.0,57.198083,16.4,1.0,0,0,0,0,0,1,0,0,0,0,0,0,0,8,18.0,200.0
11728,40.44107,-3.61044,2,1.0,1.0,500.0,0.0,1,0.0,156,50,2477.0,70.967532,7.3,1.0,0,1,1,1,1,1,0,0,1,0,0,0,0,3,18.0,200.0
11729,40.40856,-3.64227,4,2.0,2.0,450.0,0.0,1,0.0,193,50,2547.0,45.581197,5.0,2.0,1,0,0,0,0,1,0,0,1,0,0,0,0,3,36.0,200.0
11730,40.41106,-3.70713,2,1.0,1.0,41.0,100.0,1,0.1,427,50,4503.0,68.043894,0.8,1.5,0,0,0,0,0,1,0,0,0,1,1,0,1,9,19.5,50.0
11731,40.44517,-3.58333,4,1.0,1.0,60.0,67.0,3,0.36,308,200,2477.0,70.967532,7.3,1.0,1,1,1,1,1,1,1,1,1,0,0,0,0,4,33.0,100.0
11732,40.46762,-3.6635,4,2.0,1.0,650.0,0.0,1,0.0,244,200,2893.0,50.090625,6.5,1.0,1,0,0,0,0,1,0,1,1,0,1,0,0,10,33.0,200.0
11733,40.44592,-3.58746,6,2.0,6.0,1000.0,0.0,1,0.0,222,50,2477.0,70.967532,7.3,1.0,1,0,0,0,0,1,1,1,1,0,1,0,0,3,48.0,200.0
11734,40.42353,-3.7115,3,1.0,2.0,250.0,0.0,1,0.09,312,200,3555.0,63.451906,5.9,1.0,1,0,0,0,0,1,0,1,1,0,1,0,0,8,25.5,200.0
11735,40.4354,-3.70888,3,2.0,2.0,300.0,0.0,1,0.0,115,50,4855.0,64.056634,2.4,1.0,0,1,1,1,1,1,0,0,0,0,1,0,0,5,25.5,200.0
11736,40.43069,-3.62837,4,2.0,3.0,420.0,0.0,1,0.0,95,50,2477.0,70.967532,7.3,2.0,1,0,0,0,0,1,0,1,1,0,0,0,0,3,36.0,200.0
11737,40.45391,-3.59327,2,1.0,1.0,50.0,100.0,3,0.22,533,50,3047.0,56.183432,11.8,1.0,0,0,0,1,0,1,1,0,1,0,1,0,0,10,18.0,50.0
11738,40.41243,-3.7202,2,1.0,1.0,55.0,100.0,1,0.06,107,50,3917.0,55.025641,1.9,1.0,0,0,0,0,0,1,0,0,1,0,0,0,0,9,18.0,100.0
11739,40.41298,-3.71452,3,2.0,2.0,46.0,95.0,1,0.55,423,200,4503.0,68.043894,0.8,1.0,1,0,0,0,0,1,0,0,0,0,0,0,0,12,25.5,50.0
11741,40.46409,-3.69697,2,1.0,1.0,170.0,0.0,1,0.0,55,50,3476.0,60.621287,5.9,1.0,0,0,0,0,0,1,0,0,1,0,0,0,0,7,18.0,200.0
11742,40.41188,-3.70273,2,1.0,1.0,100.0,0.0,1,0.0,198,50,4503.0,68.043894,0.8,1.0,0,0,0,0,1,1,0,0,0,1,0,0,0,8,18.0,100.0
11744,40.44982,-3.71336,4,1.0,2.0,1000.0,0.0,1,0.0,114,200,3555.0,63.451906,5.9,1.0,1,0,0,0,0,1,0,0,1,0,0,0,0,3,33.0,200.0
11745,40.41214,-3.73172,1,1.0,1.0,23.0,100.0,1,0.27,198,50,2287.0,47.008319,4.7,1.0,0,0,0,0,0,1,0,1,0,0,1,0,0,4,10.5,50.0
11746,40.42213,-3.70226,4,2.0,3.0,650.0,0.0,6,0.0,145,200,4503.0,68.043894,0.8,1.0,1,0,0,0,0,0,0,1,1,0,0,0,0,3,33.0,200.0
11747,40.40659,-3.71241,5,3.0,4.0,500.0,0.0,1,0.0,70,200,3917.0,55.025641,1.9,2.0,1,0,0,0,0,1,0,1,0,0,0,0,0,4,43.5,200.0
11748,40.42938,-3.70704,2,1.0,2.0,35.0,100.0,1,0.18,235,50,4503.0,68.043894,0.8,1.0,0,0,0,0,0,1,0,0,0,0,0,0,0,3,18.0,50.0
11749,40.43098,-3.64165,2,1.0,1.0,350.0,0.0,1,0.0,93,50,2893.0,50.090625,6.5,1.0,0,0,0,0,0,1,0,1,1,0,0,0,0,4,18.0,200.0
11750,40.40739,-3.71697,3,1.0,1.0,35.0,100.0,1,0.06,227,200,3917.0,55.025641,1.9,1.0,1,0,0,0,0,1,0,1,1,0,1,0,0,8,25.5,50.0
11751,40.39964,-3.67092,2,1.0,1.0,33.0,0.0,3,0.0,342,200,4220.0,63.672727,3.2,1.0,1,0,0,0,0,1,0,1,1,0,0,0,0,7,18.0,50.0
11752,40.44048,-3.61089,4,2.0,2.0,580.0,0.0,1,0.0,215,50,2477.0,70.967532,7.3,2.0,1,0,0,1,0,1,0,1,1,0,0,0,0,3,36.0,200.0
11753,40.40021,-3.63756,2,1.0,1.0,250.0,0.0,1,0.0,170,50,2547.0,45.581197,5.0,1.5,0,1,1,1,1,1,0,1,0,0,0,0,0,8,19.5,200.0
11754,40.42506,-3.64857,2,2.0,2.0,500.0,0.0,2,0.0,21,50,2893.0,50.090625,6.5,1.0,0,0,0,0,0,1,0,0,0,0,0,0,0,3,18.0,200.0
11755,40.42505,-3.64044,1,1.0,1.0,150.0,0.0,1,0.0,203,50,2893.0,50.090625,6.5,2.0,0,0,0,0,0,1,0,1,1,0,1,0,0,3,13.5,150.0
11757,40.44925,-3.70679,2,1.0,1.0,68.0,0.0,1,0.0,137,200,3476.0,60.621287,5.9,1.5,1,0,0,0,1,1,0,1,0,0,0,0,0,9,19.5,100.0
11758,40.44885,-3.70034,2,1.0,1.0,950.0,0.0,1,0.0,184,200,3476.0,60.621287,5.9,1.0,1,0,0,0,0,1,0,1,0,0,1,0,0,0,18.0,200.0
11759,40.44183,-3.71675,2,1.0,2.0,300.0,0.0,1,0.0,83,50,4855.0,64.056634,2.4,1.0,0,0,0,0,0,1,0,0,1,0,0,0,0,3,18.0,200.0
11760,40.4335,-3.66866,3,0.0,1.0,300.0,0.0,1,0.0,110,200,5328.0,74.694253,2.2,1.0,1,0,0,0,0,0,0,1,0,0,0,0,0,6,25.5,200.0
11761,40.40857,-3.71078,2,1.0,1.0,40.0,100.0,2,0.05,143,50,4503.0,68.043894,0.8,1.0,0,0,0,0,0,1,0,1,1,0,0,0,0,6,18.0,50.0
11762,40.42795,-3.60439,2,1.0,2.0,850.0,0.0,2,0.0,175,50,2477.0,70.967532,7.3,0.0,1,0,0,0,0,1,0,1,0,0,0,0,0,3,15.0,200.0
11763,40.43974,-3.65588,1,0.0,2.0,300.0,0.0,1,0.0,104,50,2893.0,50.090625,6.5,1.0,1,1,1,1,1,1,0,0,0,0,0,0,0,6,10.5,200.0
11764,40.40374,-3.75089,4,2.0,2.0,200.0,0.0,1,0.0,68,50,2287.0,47.008319,4.7,1.0,0,0,0,0,0,1,0,0,0,0,0,0,0,7,33.0,200.0
11765,40.424,-3.69275,4,0.0,2.0,120.0,0.0,1,0.0,176,200,4503.0,68.043894,0.8,1.0,1,1,1,1,1,1,0,1,1,0,0,0,0,3,33.0,150.0
11766,40.43529,-3.70302,5,2.0,2.0,40.0,50.0,1,0.1,100,200,4855.0,64.056634,2.4,2.0,1,0,0,0,0,1,0,0,0,0,0,0,0,3,43.5,50.0
11767,40.40231,-3.66342,2,1.0,1.0,140.0,0.0,3,0.0,145,50,1890.0,41.443535,5.0,1.0,0,1,1,1,1,1,0,1,0,0,0,0,0,3,18.0,150.0
11768,40.40964,-3.70975,2,1.0,1.0,35.0,95.0,6,0.71,333,50,4503.0,68.043894,0.8,1.0,0,0,0,0,0,1,0,0,1,0,0,0,0,3,18.0,50.0
11770,40.37975,-3.66796,3,2.0,2.0,900.0,0.0,1,0.0,167,50,1890.0,41.443535,5.0,1.5,0,0,0,0,0,1,0,1,1,0,1,0,0,4,27.0,200.0
11771,40.41993,-3.71716,6,2.0,3.0,90.0,97.0,1,0.67,316,200,4503.0,68.043894,0.8,1.0,1,0,0,0,0,1,0,1,0,0,1,0,0,6,48.0,100.0
11772,40.43178,-3.61584,5,0.0,3.0,400.0,0.0,1,0.0,138,200,2477.0,70.967532,7.3,1.0,1,0,0,0,0,1,0,0,0,0,0,0,0,4,40.5,200.0
11773,40.41706,-3.70812,2,1.0,2.0,26.0,98.0,6,0.53,367,50,4503.0,68.043894,0.8,1.5,0,0,0,0,0,1,0,0,1,1,0,0,0,3,19.5,50.0
11774,40.4181,-3.67587,4,2.0,3.0,125.0,0.0,1,0.0,242,200,4220.0,63.672727,3.2,1.0,1,0,0,0,0,1,0,1,1,0,1,0,0,9,33.0,150.0
11775,40.42969,-3.61082,4,2.0,2.0,1000.0,0.0,1,0.0,125,200,2477.0,70.967532,7.3,1.0,1,0,0,0,0,1,0,1,1,0,0,0,0,3,33.0,200.0
11777,40.43519,-3.71312,2,1.0,1.0,150.0,100.0,1,0.1,153,200,4855.0,64.056634,2.4,1.0,1,0,0,0,0,0,0,1,0,0,0,0,0,7,18.0,150.0
11778,40.4441,-3.67558,2,1.0,1.0,199.0,0.0,2,0.0,171,50,4508.0,67.220486,5.8,1.0,0,0,0,0,0,1,0,1,1,0,1,0,0,10,18.0,200.0
11779,40.39233,-3.66861,2,1.0,2.0,80.0,100.0,1,0.05,156,50,1890.0,41.443535,5.0,1.5,1,0,0,0,0,1,0,0,1,0,1,0,0,8,19.5,100.0
11780,40.4058,-3.75252,1,1.0,1.0,150.0,0.0,2,0.0,110,50,2287.0,47.008319,4.7,1.0,0,1,1,1,1,1,0,0,1,0,0,0,0,5,10.5,150.0
11781,40.42694,-3.71676,1,1.0,1.0,150.0,0.0,1,0.0,84,50,3555.0,63.451906,5.9,1.0,0,0,0,0,0,1,0,0,0,0,0,0,0,4,10.5,150.0
11782,40.43504,-3.71165,4,2.0,2.0,39.0,88.0,1,4.01,361,200,4855.0,64.056634,2.4,1.0,1,0,0,0,0,1,0,1,0,0,1,0,0,3,33.0,50.0
11783,40.42599,-3.70193,3,1.0,1.0,249.0,0.0,1,0.0,125,200,4503.0,68.043894,0.8,1.0,1,0,0,0,0,1,0,0,1,0,0,0,0,3,25.5,200.0
11784,40.41084,-3.70026,2,1.0,1.0,110.0,0.0,1,0.0,216,200,4503.0,68.043894,0.8,1.5,1,0,0,0,0,1,0,1,1,0,1,0,0,6,19.5,150.0
11785,40.41328,-3.69757,2,1.0,1.0,40.0,93.0,1,1.23,226,50,4503.0,68.043894,0.8,1.0,0,1,1,1,1,1,0,1,0,0,0,0,0,3,18.0,50.0
11786,40.43196,-3.69559,4,2.0,3.0,500.0,0.0,1,0.0,366,200,4855.0,64.056634,2.4,2.0,1,0,0,0,0,1,0,1,1,1,1,0,0,7,36.0,200.0
11787,40.40895,-3.70194,4,1.0,3.0,100.0,93.0,2,0.15,259,200,4503.0,68.043894,0.8,1.0,1,0,0,0,0,1,0,1,0,0,0,0,0,10,33.0,100.0
11788,40.40822,-3.70864,1,1.0,1.0,38.0,0.0,1,0.05,223,200,4503.0,68.043894,0.8,1.0,1,0,0,0,0,1,0,1,0,0,0,0,0,11,10.5,50.0
11789,40.42682,-3.69759,2,1.0,1.0,150.0,0.0,1,0.0,91,50,4503.0,68.043894,0.8,1.0,0,0,0,0,0,1,0,0,0,0,0,0,0,6,18.0,150.0
11790,40.44694,-3.70829,3,2.0,2.0,400.0,0.0,1,0.0,73,50,4855.0,64.056634,2.4,1.5,0,0,0,0,0,1,0,0,1,0,0,0,0,3,27.0,200.0
11791,40.47491,-3.7147,4,3.0,1.0,15.0,0.0,1,0.0,167,50,3545.0,57.198083,16.4,1.0,0,1,1,1,1,1,0,0,1,0,0,0,0,3,33.0,50.0
11792,40.43119,-3.7174,6,3.0,4.0,250.0,0.0,1,0.0,426,200,3555.0,63.451906,5.9,2.0,1,1,1,1,1,1,0,1,1,1,0,0,0,8,51.0,200.0
11793,40.43441,-3.60877,1,1.0,1.0,25.0,97.0,2,2.13,159,50,2477.0,70.967532,7.3,1.0,0,0,0,0,0,1,0,0,0,0,1,0,0,3,10.5,50.0
11794,40.40432,-3.55804,4,1.0,2.0,38.0,100.0,1,0.13,282,50,2246.0,55.472222,11.2,1.5,1,0,0,0,0,1,1,1,1,0,1,0,0,3,34.5,50.0
11795,40.46118,-3.70046,4,1.0,2.0,78.0,98.0,8,4.73,667,200,3476.0,60.621287,5.9,1.0,1,0,0,0,0,1,0,1,1,0,1,0,0,6,33.0,100.0
11796,40.45442,-3.69934,2,1.0,2.0,400.0,0.0,1,0.0,8,200,3476.0,60.621287,5.9,1.0,1,0,0,0,0,1,0,0,0,0,0,0,0,3,18.0,200.0
11797,40.45404,-3.59281,3,2.0,2.0,300.0,0.0,1,0.0,112,50,3047.0,56.183432,11.8,2.0,1,0,0,0,0,1,0,1,1,0,0,0,0,3,28.5,200.0
11798,40.42321,-3.63703,3,2.0,2.0,400.0,0.0,1,0.0,53,50,2893.0,50.090625,6.5,1.5,0,1,1,1,1,1,0,0,1,0,0,0,0,6,27.0,200.0
11799,40.43078,-3.60412,6,3.0,3.0,400.0,0.0,1,0.0,200,50,2477.0,70.967532,7.3,3.0,1,0,0,0,0,1,0,0,1,0,1,0,0,3,54.0,200.0
11800,40.3652,-3.76055,3,2.0,2.0,250.0,0.0,1,0.0,60,50,2195.0,47.402837,6.6,1.0,0,0,0,1,0,1,0,0,0,0,0,0,0,8,25.5,200.0
11801,40.4671,-3.69702,2,1.0,1.0,40.0,100.0,1,0.04,146,50,3476.0,60.621287,5.9,1.0,0,0,0,0,0,1,0,0,0,0,1,0,0,9,18.0,50.0
11802,40.438,-3.67264,2,1.0,1.0,75.0,100.0,2,0.09,169,200,5328.0,74.694253,2.2,1.0,1,0,0,1,0,0,0,0,0,0,0,0,0,7,18.0,100.0
11803,40.37082,-3.69783,2,1.0,1.0,18.0,0.0,9,0.0,169,50,2316.0,43.910072,4.6,1.0,0,0,0,0,0,1,0,0,0,0,1,0,0,4,18.0,50.0
11804,40.40975,-3.71054,2,1.0,1.0,100.0,0.0,1,0.0,101,50,4503.0,68.043894,0.8,1.5,0,0,0,0,0,1,0,0,1,0,0,0,0,7,19.5,100.0
11805,40.37087,-3.69613,1,1.0,1.0,12.0,0.0,9,0.06,169,50,2316.0,43.910072,4.6,1.0,0,0,0,0,0,1,0,0,0,0,1,0,0,4,10.5,50.0
11806,40.37085,-3.69727,1,1.0,1.0,13.0,0.0,9,0.0,169,50,2316.0,43.910072,4.6,1.0,0,0,0,0,0,1,0,0,0,0,1,0,0,4,10.5,50.0
11808,40.36959,-3.69585,1,1.0,1.0,14.0,100.0,9,0.05,169,50,2316.0,43.910072,4.6,1.0,0,0,0,0,0,1,0,0,0,0,1,0,0,4,10.5,50.0
11809,40.40097,-3.70938,2,1.0,1.0,350.0,0.0,1,0.0,133,50,3917.0,55.025641,1.9,2.0,0,0,0,0,0,1,0,0,1,0,1,0,0,6,21.0,200.0
11810,40.39717,-3.69851,1,2.0,3.0,116.0,80.0,2,0.11,295,200,3917.0,55.025641,1.9,1.0,1,0,0,0,0,0,0,1,0,1,0,0,0,3,10.5,150.0
11811,40.36803,-3.76345,2,0.0,1.0,20.0,92.0,2,1.63,320,50,2287.0,47.008319,4.7,1.5,1,0,0,0,0,1,0,0,1,0,1,0,0,4,19.5,50.0
11812,40.46872,-3.58592,4,2.0,4.0,500.0,0.0,1,0.0,110,50,3047.0,56.183432,11.8,1.0,0,0,0,1,0,1,0,0,1,0,1,0,0,4,33.0,200.0
11813,40.45688,-3.58812,2,0.0,1.0,350.0,0.0,1,0.0,146,50,3047.0,56.183432,11.8,1.0,1,1,1,1,1,1,0,0,1,0,0,0,0,3,18.0,200.0
11814,40.43924,-3.62995,2,1.0,1.0,46.0,0.0,4,0.0,130,50,2477.0,70.967532,7.3,1.5,0,0,0,0,0,1,0,0,1,0,1,0,0,3,19.5,50.0
11815,40.38965,-3.66201,3,2.0,2.0,500.0,0.0,1,0.0,160,200,1890.0,41.443535,5.0,0.0,1,1,1,1,1,1,0,1,0,0,1,0,0,6,22.5,200.0
11816,40.48128,-3.72118,2,1.0,1.0,50.0,94.0,2,0.31,272,50,3545.0,57.198083,16.4,1.0,0,0,0,0,1,1,0,1,1,0,1,0,0,3,18.0,50.0
11817,40.46034,-3.63108,2,1.0,1.0,100.0,1.0,1,0.05,240,50,3312.0,62.061453,9.2,1.5,1,1,1,1,1,1,1,1,1,1,1,1,1,4,19.5,100.0
11818,40.42175,-3.62958,2,2.0,2.0,500.0,0.0,1,0.0,161,50,2893.0,50.090625,6.5,1.0,0,1,1,1,1,1,1,0,1,0,1,0,0,3,18.0,200.0
11819,40.42939,-3.61535,3,0.0,1.0,300.0,0.0,1,0.0,62,50,2477.0,70.967532,7.3,1.0,0,1,1,1,1,1,0,0,0,0,0,0,0,5,25.5,200.0
11823,40.42972,-3.70403,1,2.0,2.0,300.0,0.0,1,0.0,65,50,4855.0,64.056634,2.4,1.0,0,0,0,0,0,0,0,0,0,0,0,0,0,5,10.5,200.0
11825,40.42658,-3.61196,3,2.0,3.0,500.0,0.0,1,0.0,243,50,2477.0,70.967532,7.3,2.0,0,0,0,1,1,1,0,1,1,0,1,0,0,5,28.5,200.0
11826,40.48278,-3.70303,5,3.0,3.0,550.0,0.0,1,0.0,226,200,3545.0,57.198083,16.4,2.0,1,1,1,1,1,1,1,1,1,0,1,0,0,7,43.5,200.0
11827,40.40377,-3.60052,3,1.0,1.0,250.0,0.0,1,0.0,83,200,2246.0,55.472222,11.2,1.0,1,0,0,0,0,0,0,0,0,0,0,0,0,8,25.5,200.0
11828,40.44439,-3.61021,5,3.0,4.0,600.0,0.0,1,0.0,170,200,2477.0,70.967532,7.3,1.0,1,0,0,0,0,0,0,0,0,0,0,0,0,5,40.5,200.0
11829,40.4124,-3.70449,6,2.0,4.0,50.0,86.0,3,0.81,314,200,4503.0,68.043894,0.8,1.0,1,0,0,0,0,1,0,1,0,0,1,0,0,3,48.0,50.0
11830,40.43448,-3.61723,1,1.0,1.0,500.0,0.0,1,0.0,116,50,2477.0,70.967532,7.3,1.0,1,0,0,0,0,1,0,0,1,0,0,0,0,5,10.5,200.0
11831,40.44206,-3.67211,4,3.0,3.0,300.0,0.0,1,0.0,132,200,4508.0,67.220486,5.8,2.0,1,0,0,0,0,1,0,0,0,0,0,0,0,3,36.0,200.0
11832,40.42272,-3.6193,4,3.0,3.0,600.0,0.0,1,0.0,112,50,2477.0,70.967532,7.3,1.5,0,0,0,1,1,1,0,0,1,0,1,0,0,3,34.5,200.0
11833,40.41458,-3.70847,2,1.0,1.0,50.0,100.0,2,0.05,86,50,4503.0,68.043894,0.8,2.0,1,0,0,0,0,1,0,0,0,0,0,0,0,6,21.0,50.0
11834,40.40771,-3.70464,2,1.0,1.0,200.0,0.0,1,0.0,33,50,4503.0,68.043894,0.8,1.0,0,0,0,0,0,1,0,0,0,0,0,0,0,5,18.0,200.0
11835,40.44197,-3.66948,2,0.0,1.0,500.0,0.0,1,0.0,216,50,4508.0,67.220486,5.8,1.0,0,1,1,1,1,1,0,1,1,0,1,0,0,8,18.0,200.0
11838,40.38668,-3.69852,4,2.0,2.0,1000.0,0.0,1,0.0,56,50,2316.0,43.910072,4.6,1.5,0,0,0,0,0,0,0,0,1,0,0,0,0,3,34.5,200.0
11839,40.41606,-3.67352,6,2.0,5.0,575.0,20.0,32,0.35,414,200,4220.0,63.672727,3.2,2.0,1,0,0,0,0,1,0,1,0,0,1,0,0,9,51.0,200.0
11840,40.375,-3.73315,1,1.0,1.0,25.0,100.0,3,0.19,499,50,2195.0,47.402837,6.6,1.5,0,0,0,0,0,1,0,0,1,1,1,0,1,6,12.0,50.0
11841,40.44087,-3.67331,2,1.0,1.0,175.0,0.0,1,0.0,117,200,4508.0,67.220486,5.8,1.0,1,0,0,0,0,1,0,0,0,0,0,0,0,3,18.0,200.0
11842,40.44796,-3.60974,8,4.0,4.0,550.0,0.0,1,0.0,11,50,2477.0,70.967532,7.3,1.5,0,0,0,0,0,0,0,0,0,0,0,0,0,4,64.5,200.0
11843,40.38719,-3.73471,1,1.0,1.0,120.0,0.0,1,0.0,104,50,2195.0,47.402837,6.6,1.0,0,0,0,0,0,1,0,1,1,0,0,0,0,3,10.5,150.0
11844,40.41878,-3.74934,4,1.0,2.0,1000.0,0.0,1,0.0,66,200,3555.0,63.451906,5.9,1.0,1,0,0,1,1,0,0,0,0,0,0,0,0,3,33.0,200.0
11845,40.36713,-3.75509,4,3.0,3.0,600.0,0.0,1,0.0,131,50,2195.0,47.402837,6.6,1.0,0,0,0,0,0,1,0,0,0,0,0,0,0,3,33.0,200.0
11846,40.4632,-3.72255,3,1.0,3.0,250.0,0.0,1,0.0,30,50,3555.0,63.451906,5.9,1.0,1,0,0,0,0,1,0,0,0,0,0,0,0,6,25.5,200.0
11847,40.43668,-3.61959,2,1.0,1.0,400.0,0.0,1,0.0,162,50,2477.0,70.967532,7.3,1.0,0,0,0,0,0,1,1,1,1,0,0,0,0,3,18.0,200.0
11848,40.41271,-3.70691,2,1.0,1.0,300.0,0.0,2,0.0,113,50,4503.0,68.043894,0.8,2.0,1,1,1,1,1,1,0,0,0,0,0,0,0,6,21.0,200.0
11850,40.41387,-3.70365,6,2.0,2.0,138.0,80.0,1,1.07,320,200,4503.0,68.043894,0.8,2.0,1,0,0,0,0,1,0,1,0,0,1,0,0,3,51.0,150.0
11851,40.43817,-3.68485,4,3.0,2.0,600.0,0.0,1,0.0,157,50,4508.0,67.220486,5.8,2.0,1,0,0,0,0,1,0,1,1,0,1,0,0,6,36.0,200.0
11852,40.47318,-3.71395,4,1.0,1.0,371.0,0.0,1,0.0,106,200,3545.0,57.198083,16.4,1.0,1,0,0,0,0,0,0,1,1,0,0,0,0,3,33.0,200.0
11853,40.4711,-3.65518,4,1.0,1.0,300.0,0.0,1,0.0,77,50,3312.0,62.061453,9.2,1.0,0,0,0,0,0,1,0,0,0,0,1,0,0,4,33.0,200.0
11855,40.4236,-3.69982,2,1.0,1.0,60.0,0.0,1,0.0,143,50,4503.0,68.043894,0.8,1.0,0,0,0,0,0,1,0,0,0,0,1,0,0,0,18.0,100.0
11856,40.42055,-3.69718,4,1.0,2.0,50.0,92.0,2,0.52,248,50,4503.0,68.043894,0.8,1.5,0,0,0,0,0,1,0,0,0,0,1,0,0,12,34.5,50.0
11857,40.41082,-3.71079,3,2.0,2.0,600.0,0.0,1,0.0,142,50,4503.0,68.043894,0.8,1.0,0,0,0,0,0,1,0,0,0,0,0,0,0,3,25.5,200.0
11858,40.43234,-3.64543,2,2.0,2.0,150.0,0.0,1,0.0,126,50,2893.0,50.090625,6.5,1.0,0,1,1,1,1,1,0,1,0,0,0,0,0,4,18.0,150.0
11859,40.40366,-3.69772,2,1.0,1.0,140.0,0.0,1,0.0,67,50,3917.0,55.025641,1.9,1.5,0,0,0,0,0,1,0,0,1,0,0,0,0,6,19.5,150.0
11860,40.44547,-3.67365,6,3.0,4.0,600.0,0.0,2,0.0,155,200,4508.0,67.220486,5.8,1.0,1,0,0,0,0,1,0,0,0,0,1,0,0,3,48.0,200.0
11861,40.4307,-3.6174,3,2.0,3.0,920.0,0.0,1,0.0,100,200,2477.0,70.967532,7.3,1.0,1,0,0,0,0,1,0,1,0,0,0,0,0,3,25.5,200.0
11862,40.42861,-3.60124,1,1.0,1.0,300.0,0.0,2,0.0,123,50,2477.0,70.967532,7.3,1.0,0,0,0,0,0,1,0,0,1,0,0,0,0,8,10.5,200.0
11863,40.43456,-3.71522,4,2.0,3.0,295.0,0.0,1,0.0,137,50,4855.0,64.056634,2.4,1.0,0,0,0,0,0,1,0,1,1,0,0,0,0,7,33.0,200.0
11864,40.43127,-3.61234,5,2.0,2.0,1050.0,0.0,1,0.0,104,50,2477.0,70.967532,7.3,1.5,0,0,0,0,0,1,0,1,1,0,0,0,0,6,42.0,200.0
11865,40.34283,-3.70851,2,1.0,1.0,16.0,100.0,1,0.05,69,50,1696.0,37.641618,9.0,1.0,0,0,0,0,0,1,0,0,0,0,1,0,0,11,18.0,50.0
11866,40.40424,-3.60633,2,1.0,1.0,820.0,0.0,1,0.0,90,200,2246.0,55.472222,11.2,1.0,1,0,0,0,0,1,0,0,0,0,0,0,0,4,18.0,200.0
11867,40.47584,-3.58225,1,1.0,1.0,41.0,93.0,2,0.49,181,50,3047.0,56.183432,11.8,1.5,1,0,0,0,0,1,0,0,1,0,0,0,0,3,12.0,50.0
11868,40.4298,-3.67019,2,1.0,1.0,250.0,0.0,1,0.0,122,50,5328.0,74.694253,2.2,1.0,1,0,0,0,0,1,0,0,0,0,1,0,0,8,18.0,200.0
11869,40.4454,-3.67553,2,1.0,1.0,300.0,0.0,2,0.0,142,50,4508.0,67.220486,5.8,1.0,0,0,0,0,0,1,0,0,0,0,1,0,0,3,18.0,200.0
11870,40.41016,-3.70264,4,1.0,2.0,56.0,91.0,1,2.98,339,200,4503.0,68.043894,0.8,1.0,1,0,0,0,0,1,0,1,0,1,1,0,0,3,33.0,100.0
11871,40.44805,-3.68993,2,1.0,2.0,150.0,0.0,1,0.0,204,50,4508.0,67.220486,5.8,1.0,1,0,0,1,0,0,0,1,1,0,0,0,0,6,18.0,150.0
11872,40.36724,-3.7616,2,1.0,2.0,250.0,0.0,4,0.0,146,50,2195.0,47.402837,6.6,1.5,0,0,0,0,0,1,0,1,0,0,1,0,0,3,19.5,200.0
11873,40.49226,-3.66243,2,1.0,1.0,350.0,0.0,1,0.0,239,200,3312.0,62.061453,9.2,1.0,1,0,0,0,0,1,1,1,1,0,0,0,0,6,18.0,200.0
11874,40.43844,-3.71199,6,3.0,3.0,235.0,100.0,24,0.04,284,200,4855.0,64.056634,2.4,1.0,1,0,0,0,0,1,0,0,1,0,1,0,0,6,48.0,200.0
11875,40.42688,-3.68182,3,3.0,3.0,400.0,100.0,1,0.16,158,200,5328.0,74.694253,2.2,1.0,1,1,1,1,1,1,0,1,1,0,0,0,0,6,25.5,200.0
11876,40.41248,-3.66075,2,0.0,1.0,25.0,100.0,1,0.13,164,50,2547.0,45.581197,5.0,1.0,0,0,0,0,0,1,0,0,1,0,0,0,0,3,18.0,50.0
11877,40.42225,-3.61375,2,1.0,2.0,300.0,0.0,1,0.0,123,50,2477.0,70.967532,7.3,1.0,0,0,0,0,0,1,0,0,1,0,1,0,0,5,18.0,200.0
11878,40.43034,-3.66764,1,1.0,1.0,999.0,0.0,1,0.0,309,50,5328.0,74.694253,2.2,1.0,1,1,1,1,1,1,0,1,0,0,1,0,0,9,10.5,200.0
11879,40.36905,-3.76244,2,1.0,2.0,250.0,0.0,4,0.0,173,50,2195.0,47.402837,6.6,1.5,0,0,0,0,0,1,0,1,0,0,1,0,0,3,19.5,200.0
11880,40.43086,-3.7095,3,1.0,3.0,289.0,0.0,1,0.0,144,50,4855.0,64.056634,2.4,1.0,1,1,1,1,1,1,0,1,1,0,0,0,0,3,25.5,200.0
11882,40.3816,-3.7061,1,1.0,1.0,400.0,0.0,2,0.0,107,50,2316.0,43.910072,4.6,1.0,0,1,1,1,1,1,0,1,0,0,0,0,0,0,10.5,200.0
11883,40.42547,-3.69479,4,1.0,2.0,200.0,0.0,1,0.0,185,200,4503.0,68.043894,0.8,2.0,1,0,0,0,0,1,0,1,1,0,1,0,0,8,36.0,200.0
11884,40.42895,-3.60146,4,2.0,2.0,500.0,0.0,1,0.0,254,50,2477.0,70.967532,7.3,1.0,0,0,0,0,0,1,1,1,1,0,1,0,0,3,33.0,200.0
11885,40.44129,-3.62892,2,2.0,1.0,200.0,0.0,1,0.0,92,50,2477.0,70.967532,7.3,2.0,0,0,0,0,0,1,0,0,1,0,0,0,0,6,21.0,200.0
11886,40.43976,-3.65068,5,2.0,3.0,96.0,93.0,1,0.42,419,200,2893.0,50.090625,6.5,1.0,1,0,0,0,0,0,0,1,1,1,1,0,0,4,40.5,100.0
11887,40.42784,-3.70544,6,2.0,4.0,700.0,0.0,1,0.0,153,50,4503.0,68.043894,0.8,1.5,0,0,0,0,0,1,0,0,1,0,1,0,0,7,49.5,200.0
11888,40.47262,-3.63813,2,1.0,1.0,250.0,0.0,1,0.0,114,50,3312.0,62.061453,9.2,1.0,0,0,0,0,0,1,0,0,0,0,0,0,0,6,18.0,200.0
11889,40.39927,-3.64051,6,0.0,5.0,900.0,0.0,1,0.0,179,200,2547.0,45.581197,5.0,1.5,1,1,1,1,1,1,0,0,1,0,1,0,0,4,49.5,200.0
11891,40.38172,-3.74871,2,1.0,1.0,20.0,0.0,1,0.0,168,50,2195.0,47.402837,6.6,1.0,0,0,0,0,0,1,0,1,1,0,1,0,0,6,18.0,50.0
11892,40.39531,-3.76924,2,1.0,2.0,80.0,100.0,1,0.04,261,50,2287.0,47.008319,4.7,1.0,0,0,0,0,0,1,0,0,0,0,0,0,0,3,18.0,100.0
11893,40.41063,-3.6997,5,2.0,5.0,46.0,90.0,1,1.82,297,200,4503.0,68.043894,0.8,1.0,1,0,0,0,0,1,0,1,1,0,1,0,0,0,40.5,50.0
11894,40.411,-3.73531,2,1.0,1.0,400.0,0.0,1,0.0,169,50,2287.0,47.008319,4.7,1.0,1,0,0,0,1,1,0,1,1,0,0,0,0,7,18.0,200.0
11895,40.40131,-3.64457,2,1.0,1.0,25.0,0.0,1,0.0,159,50,2547.0,45.581197,5.0,1.5,1,0,0,0,0,1,0,0,0,0,1,0,0,3,19.5,50.0
11896,40.43042,-3.60327,1,1.0,1.0,180.0,0.0,2,0.0,108,50,2477.0,70.967532,7.3,1.0,0,0,0,0,0,1,0,0,1,0,0,0,0,8,10.5,200.0
11897,40.40966,-3.63627,2,1.0,1.0,40.0,92.0,1,0.25,299,50,2547.0,45.581197,5.0,1.5,1,0,0,0,0,1,1,0,1,0,1,0,0,4,19.5,50.0
11898,40.42386,-3.69727,4,1.0,1.0,179.0,0.0,1,0.05,349,200,4503.0,68.043894,0.8,1.0,1,0,0,0,0,1,0,0,1,1,1,0,0,3,33.0,200.0
11899,40.47116,-3.6496,2,2.0,3.0,30.0,94.0,3,1.84,404,50,3312.0,62.061453,9.2,1.0,0,0,0,0,0,1,0,1,1,0,1,0,0,3,18.0,50.0
11900,40.43983,-3.60951,3,2.0,2.0,600.0,0.0,1,0.0,115,50,2477.0,70.967532,7.3,1.0,0,0,0,1,0,1,0,0,0,0,0,0,0,3,25.5,200.0
11901,40.44677,-3.5787,2,2.0,2.0,1000.0,0.0,1,0.0,138,200,2477.0,70.967532,7.3,2.0,1,0,0,0,0,1,0,1,1,0,0,0,0,4,21.0,200.0
11902,40.3893,-3.76643,4,1.0,3.0,45.0,0.0,4,0.0,237,50,2287.0,47.008319,4.7,1.5,1,0,0,0,0,1,0,0,1,0,0,0,0,3,34.5,50.0
11903,40.42545,-3.68261,2,1.0,1.0,750.0,0.0,2,0.0,175,200,5328.0,74.694253,2.2,1.5,1,0,0,0,0,1,0,1,1,0,1,0,0,5,19.5,200.0
11904,40.43581,-3.68415,1,1.0,1.0,30.0,94.0,1,0.45,193,50,5328.0,74.694253,2.2,1.0,0,0,0,0,0,1,0,0,0,0,1,0,0,3,10.5,50.0
11905,40.425,-3.66584,4,1.0,1.0,191.0,1.0,2,1.0,221,200,5328.0,74.694253,2.2,1.0,1,1,1,1,1,1,1,1,1,1,1,1,1,5,33.0,200.0
11906,40.45826,-3.70558,2,1.0,1.0,300.0,0.0,1,0.0,74,50,3476.0,60.621287,5.9,1.0,0,0,0,0,0,1,0,1,0,0,0,0,0,5,18.0,200.0
11907,40.45325,-3.69929,1,1.0,1.0,399.0,0.0,1,0.0,138,50,3476.0,60.621287,5.9,1.0,0,0,0,0,0,1,0,0,0,0,1,0,0,5,10.5,200.0
11908,40.44465,-3.58397,2,1.0,1.0,650.0,0.0,1,0.0,207,200,2477.0,70.967532,7.3,1.0,1,0,0,0,0,0,1,1,1,0,0,0,0,3,18.0,200.0
11909,40.42196,-3.62591,2,1.0,2.0,450.0,0.0,2,0.0,97,50,2477.0,70.967532,7.3,1.5,0,0,0,0,0,1,0,0,1,0,0,0,0,7,19.5,200.0
11910,40.41438,-3.69962,4,1.0,3.0,89.0,94.0,23,1.89,470,200,4503.0,68.043894,0.8,1.0,1,0,0,0,0,1,0,1,1,1,0,0,0,10,33.0,100.0
11912,40.43211,-3.62524,1,1.0,1.0,350.0,0.0,2,0.0,97,50,2477.0,70.967532,7.3,1.5,0,0,0,0,0,1,0,0,1,0,0,0,0,7,12.0,200.0
11913,40.40479,-3.69276,2,1.0,1.0,60.0,94.0,1,1.1,446,200,3917.0,55.025641,1.9,1.0,1,0,0,0,0,1,0,0,0,1,1,0,0,0,18.0,100.0
11914,40.34161,-3.71677,5,2.0,3.0,150.0,100.0,1,0.16,410,200,1696.0,37.641618,9.0,1.0,1,0,0,0,0,1,0,1,0,1,1,0,0,5,40.5,150.0
11915,40.39495,-3.66928,1,1.0,1.0,40.0,0.0,1,0.0,122,50,1890.0,41.443535,5.0,1.0,0,1,1,1,1,0,0,0,0,0,1,0,0,4,10.5,50.0
11916,40.39259,-3.72484,2,1.0,1.0,200.0,0.0,1,0.0,52,50,2195.0,47.402837,6.6,1.0,0,0,0,0,0,1,0,0,0,0,0,0,0,7,18.0,200.0
11917,40.45569,-3.68938,4,1.0,2.0,1100.0,0.0,1,0.0,186,50,4508.0,67.220486,5.8,0.0,0,1,1,1,1,1,0,0,1,0,1,0,0,5,30.0,200.0
11918,40.444,-3.64845,4,1.0,1.0,500.0,0.0,1,0.0,165,50,2893.0,50.090625,6.5,1.5,1,0,0,0,0,1,0,0,1,0,1,0,0,8,34.5,200.0
11919,40.42542,-3.67345,7,4.0,4.0,110.0,96.0,6,0.91,318,200,5328.0,74.694253,2.2,2.0,1,0,0,0,0,1,0,1,1,0,1,0,0,3,58.5,150.0
11920,40.42898,-3.6133,2,0.0,1.0,600.0,0.0,1,0.0,121,50,2477.0,70.967532,7.3,1.0,0,1,1,1,1,1,0,0,1,0,0,0,0,3,18.0,200.0
11921,40.42452,-3.61933,2,1.0,1.0,950.0,0.0,1,0.0,25,50,2477.0,70.967532,7.3,1.0,0,0,0,0,0,1,0,0,0,0,0,0,0,3,18.0,200.0
11922,40.44743,-3.60449,2,1.0,1.0,500.0,0.0,1,0.0,144,50,2477.0,70.967532,7.3,2.0,1,0,0,0,0,1,0,1,1,0,0,0,0,3,21.0,200.0
11923,40.44304,-3.58532,2,1.0,1.0,650.0,0.0,1,0.0,192,50,2477.0,70.967532,7.3,1.5,0,0,0,1,0,1,0,1,1,0,0,0,0,3,19.5,200.0
11924,40.44315,-3.61253,2,1.0,1.0,500.0,0.0,1,0.0,93,50,2477.0,70.967532,7.3,1.0,0,1,1,1,1,1,0,0,0,0,0,0,0,3,18.0,200.0
11925,40.41103,-3.71189,5,2.0,5.0,173.0,0.0,1,0.0,193,200,4503.0,68.043894,0.8,1.0,1,0,0,0,0,1,0,1,0,0,1,0,0,3,40.5,200.0
11926,40.40943,-3.7293,2,1.0,1.0,120.0,0.0,2,0.0,160,50,2287.0,47.008319,4.7,1.5,0,0,0,0,0,1,0,1,0,0,0,0,0,4,19.5,150.0
11927,40.40377,-3.69609,2,1.0,1.0,150.0,0.0,1,0.0,113,50,3917.0,55.025641,1.9,1.0,0,1,1,1,1,1,0,0,1,0,0,0,0,7,18.0,150.0
11928,40.4262,-3.64849,4,2.0,2.0,500.0,0.0,2,0.0,46,50,2893.0,50.090625,6.5,1.0,0,0,0,0,0,1,0,0,0,0,0,0,0,3,33.0,200.0
11929,40.42268,-3.70496,2,1.0,1.0,29.0,90.0,1,0.11,542,50,4503.0,68.043894,0.8,1.0,0,0,0,0,0,1,0,1,0,0,1,0,0,9,18.0,50.0
11930,40.48345,-3.69402,2,1.0,1.0,650.0,0.0,1,0.0,241,50,3545.0,57.198083,16.4,1.0,1,1,1,1,1,1,1,1,1,0,1,0,0,6,18.0,200.0
11931,40.43566,-3.7048,6,3.0,3.0,400.0,0.0,2,0.0,101,200,4855.0,64.056634,2.4,1.0,1,0,0,0,0,1,0,1,0,0,0,0,0,6,48.0,200.0
11932,40.42659,-3.70443,2,1.0,2.0,130.0,90.0,1,0.18,359,200,4503.0,68.043894,0.8,1.0,1,0,0,0,0,0,0,0,0,1,1,0,0,0,18.0,150.0
11933,40.44506,-3.6099,5,4.0,5.0,1000.0,0.0,1,0.0,146,200,2477.0,70.967532,7.3,1.0,1,1,1,1,1,0,0,0,1,0,0,0,0,3,40.5,200.0
11934,40.41111,-3.72918,2,1.0,1.0,120.0,0.0,2,0.0,93,50,2287.0,47.008319,4.7,1.0,0,0,0,0,0,1,0,0,0,0,0,0,0,4,18.0,150.0
11935,40.41382,-3.70568,3,1.0,2.0,300.0,0.0,1,0.0,142,50,4503.0,68.043894,0.8,1.5,0,0,0,0,0,1,0,0,1,0,1,0,0,7,27.0,200.0
11937,40.41308,-3.70737,2,1.0,1.0,69.0,96.0,1,1.47,271,200,4503.0,68.043894,0.8,1.0,1,0,0,0,0,1,0,1,0,1,0,0,0,3,18.0,100.0
11938,40.43085,-3.64057,4,2.0,2.0,750.0,0.0,1,0.0,204,50,2893.0,50.090625,6.5,1.0,0,1,1,1,1,1,0,1,0,0,1,0,0,4,33.0,200.0
11939,40.43924,-3.71509,2,1.0,2.0,350.0,0.0,1,0.0,187,50,4855.0,64.056634,2.4,1.0,1,1,1,1,1,1,0,1,1,0,1,0,0,6,18.0,200.0
11940,40.42947,-3.63458,1,0.0,1.0,500.0,0.0,2,0.0,60,50,2893.0,50.090625,6.5,1.0,0,0,0,0,0,1,0,0,0,0,0,0,0,7,10.5,200.0
11941,40.44214,-3.70125,3,1.0,2.0,45.0,80.0,1,0.09,212,200,4855.0,64.056634,2.4,1.0,1,0,0,0,0,0,0,1,1,0,0,0,0,8,25.5,50.0
11942,40.36553,-3.76138,3,2.0,3.0,250.0,0.0,1,0.0,147,50,2195.0,47.402837,6.6,1.0,0,0,0,0,0,1,0,0,1,0,0,0,0,4,25.5,200.0
11943,40.35593,-3.69487,2,2.0,2.0,1000.0,0.0,1,0.0,158,50,1696.0,37.641618,9.0,1.5,0,0,0,0,0,1,0,0,1,0,1,0,0,8,19.5,200.0
11944,40.4461,-3.58302,3,1.0,2.0,69.0,93.0,1,0.75,263,200,2477.0,70.967532,7.3,1.0,1,0,0,0,0,1,1,1,0,0,0,0,0,4,25.5,100.0
11945,40.42821,-3.66896,2,1.0,1.0,150.0,0.0,1,0.0,155,50,5328.0,74.694253,2.2,1.0,0,0,0,0,0,1,0,0,1,0,1,0,0,6,18.0,150.0
11946,40.39624,-3.70121,2,1.0,1.0,30.0,99.0,1,0.79,534,50,3917.0,55.025641,1.9,1.0,0,0,0,0,0,1,0,0,1,0,1,0,1,6,18.0,50.0
11947,40.50587,-3.64142,1,1.0,1.0,350.0,0.0,1,0.0,100,50,3312.0,62.061453,9.2,1.0,0,0,0,0,0,1,0,0,0,0,1,0,0,8,10.5,200.0
11948,40.40792,-3.65686,2,3.0,1.0,43.0,100.0,4,0.09,241,50,2547.0,45.581197,5.0,1.0,0,0,0,0,0,1,0,1,0,0,1,0,0,4,18.0,50.0
11949,40.42669,-3.63587,2,1.0,3.0,26.0,100.0,1,0.88,462,50,2893.0,50.090625,6.5,1.0,0,0,0,0,0,1,0,0,0,1,0,0,0,7,18.0,50.0
11950,40.38733,-3.64358,2,1.0,1.0,30.0,0.0,2,0.0,247,50,1890.0,41.443535,5.0,1.5,0,0,0,0,0,1,0,0,1,0,1,0,0,3,19.5,50.0
11951,40.43333,-3.70263,5,1.0,3.0,109.0,80.0,72,0.48,236,200,4855.0,64.056634,2.4,1.0,1,0,0,0,0,1,0,1,0,0,1,0,0,6,40.5,150.0
11952,40.41065,-3.70544,4,2.0,2.0,78.0,97.0,1,0.26,226,200,4503.0,68.043894,0.8,1.0,1,0,0,0,0,1,0,1,0,0,1,0,0,8,33.0,100.0
11953,40.43642,-3.67264,4,2.0,4.0,1100.0,0.0,1,0.0,233,200,5328.0,74.694253,2.2,2.0,1,0,0,0,0,1,0,1,0,0,1,0,0,3,36.0,200.0
11954,40.43964,-3.62306,4,0.0,1.0,900.0,0.0,1,0.0,145,200,2477.0,70.967532,7.3,1.0,1,0,0,0,0,1,0,1,0,0,0,0,0,3,33.0,200.0
11955,40.40435,-3.69647,4,0.0,3.0,87.0,96.0,1,0.27,383,200,3917.0,55.025641,1.9,1.0,1,0,0,0,0,1,1,1,1,0,1,0,0,3,33.0,100.0
11957,40.43517,-3.67331,1,1.0,1.0,300.0,0.0,1,0.0,121,50,5328.0,74.694253,2.2,1.5,0,0,0,0,0,1,0,1,0,0,0,0,0,5,12.0,200.0
11958,40.42976,-3.7224,2,1.0,1.0,300.0,0.0,1,0.0,89,50,3555.0,63.451906,5.9,1.0,1,0,0,0,0,1,0,0,1,0,0,0,0,4,18.0,200.0
11959,40.43559,-3.61088,2,1.0,1.0,300.0,0.0,2,0.0,107,50,2477.0,70.967532,7.3,1.0,0,1,1,1,1,1,0,0,0,0,1,0,0,3,18.0,200.0
11961,40.43521,-3.69926,2,1.0,1.0,20.0,90.0,26,0.28,133,50,4855.0,64.056634,2.4,2.5,0,0,0,0,0,0,0,0,0,0,1,0,0,4,22.5,50.0
11962,40.42664,-3.68296,2,1.0,1.0,500.0,0.0,1,0.0,209,200,5328.0,74.694253,2.2,1.0,1,0,0,0,0,1,0,1,1,0,0,0,0,7,18.0,200.0
11963,40.42141,-3.71306,2,1.0,1.0,25.0,100.0,1,0.13,117,50,4503.0,68.043894,0.8,2.5,0,0,0,0,0,1,0,0,1,0,1,0,0,4,22.5,50.0
11964,40.40614,-3.63642,1,1.0,1.0,500.0,0.0,1,0.0,131,50,2547.0,45.581197,5.0,1.0,0,0,0,0,0,1,0,0,1,0,0,0,0,5,10.5,200.0
11966,40.4251,-3.70374,2,1.0,2.0,400.0,73.0,1,0.18,121,50,4503.0,68.043894,0.8,1.0,1,1,1,1,1,1,0,0,0,0,0,0,0,9,18.0,200.0
11970,40.43162,-3.61689,2,1.0,1.0,1000.0,1.0,1,1.0,93,50,2477.0,70.967532,7.3,1.0,1,1,1,1,1,1,1,1,1,1,1,1,1,3,18.0,200.0
11973,40.43777,-3.60938,6,2.0,3.0,150.0,0.0,1,0.0,118,50,2477.0,70.967532,7.3,1.0,0,0,0,1,0,1,0,1,0,0,0,0,0,7,48.0,150.0
11974,40.40437,-3.6904,3,2.0,2.0,120.0,100.0,1,0.37,154,200,3917.0,55.025641,1.9,1.0,1,0,0,0,0,1,0,0,1,0,1,0,0,7,25.5,150.0
11976,40.40817,-3.7028,1,1.0,1.0,35.0,60.0,2,0.1,183,50,4503.0,68.043894,0.8,1.0,0,0,0,0,0,1,0,1,1,0,1,0,0,5,10.5,50.0
11977,40.435,-3.61656,4,3.0,4.0,135.0,0.0,24,0.0,216,200,2477.0,70.967532,7.3,1.0,1,0,0,0,0,1,1,1,1,0,1,0,0,6,33.0,150.0
11980,40.44024,-3.61218,2,1.0,2.0,36.0,96.0,1,0.27,234,50,2477.0,70.967532,7.3,1.0,0,0,0,0,0,1,0,0,0,0,1,0,0,3,18.0,50.0
11981,40.50533,-3.67103,2,1.0,1.0,30.0,100.0,1,0.22,328,50,3545.0,57.198083,16.4,1.0,1,0,0,0,0,1,1,0,1,0,1,0,0,3,18.0,50.0
11982,40.37648,-3.76264,4,2.0,4.0,200.0,0.0,2,0.0,187,50,2287.0,47.008319,4.7,1.5,0,0,0,0,0,1,0,0,0,0,0,0,0,4,34.5,200.0
11983,40.36466,-3.60016,4,2.0,3.0,400.0,0.0,1,0.0,131,50,2382.0,49.659794,11.0,2.0,0,1,1,1,1,1,0,0,1,0,0,0,0,6,36.0,200.0
11984,40.444,-3.59137,6,3.0,3.0,85.0,0.0,1,0.0,282,200,2477.0,70.967532,7.3,2.0,1,0,0,0,0,1,1,1,1,0,1,0,0,8,51.0,100.0
11985,40.5195,-3.7785,3,1.0,1.0,500.0,0.0,1,0.0,150,200,3545.0,57.198083,16.4,1.0,1,0,0,0,0,1,0,1,0,0,0,0,0,6,25.5,200.0
11986,40.43125,-3.70969,1,1.0,1.0,25.0,73.0,2,0.13,131,50,4855.0,64.056634,2.4,1.0,0,0,0,0,0,0,0,1,0,0,1,0,0,4,10.5,50.0
11987,40.43025,-3.61878,5,2.0,2.0,900.0,0.0,1,0.0,149,200,2477.0,70.967532,7.3,1.0,1,1,1,1,1,1,0,0,0,0,1,0,0,3,40.5,200.0
11988,40.41623,-3.70907,4,1.0,2.0,79.0,96.0,2,5.75,698,200,4503.0,68.043894,0.8,1.0,1,0,0,0,0,1,0,1,1,1,0,0,0,4,33.0,100.0
11989,40.44341,-3.6093,1,1.0,1.0,250.0,0.0,1,0.0,166,50,2477.0,70.967532,7.3,1.5,0,0,0,0,1,1,0,1,1,0,0,0,0,5,12.0,200.0
11990,40.39993,-3.66285,4,2.0,2.0,105.0,100.0,1,0.37,403,200,1890.0,41.443535,5.0,1.5,1,0,0,0,0,1,0,1,0,0,1,0,0,5,34.5,150.0
11991,40.39596,-3.71411,5,3.0,3.0,800.0,0.0,1,0.0,162,200,2195.0,47.402837,6.6,2.0,1,1,1,1,1,0,0,0,1,0,0,0,0,3,43.5,200.0
11992,40.43486,-3.64787,3,1.0,1.0,65.0,0.0,1,0.0,118,50,2893.0,50.090625,6.5,1.0,1,0,0,0,0,1,0,0,1,0,1,0,0,6,25.5,100.0
11993,40.43398,-3.71461,2,2.0,2.0,600.0,0.0,1,0.0,71,50,4855.0,64.056634,2.4,1.0,1,0,0,0,0,1,0,0,0,0,0,0,0,3,18.0,200.0
11994,40.48078,-3.72067,2,1.0,1.0,60.0,100.0,2,0.06,232,50,3545.0,57.198083,16.4,1.0,0,0,0,0,1,1,0,1,1,0,0,0,0,3,18.0,100.0
11995,40.44373,-3.58723,2,1.0,2.0,900.0,0.0,1,0.0,113,50,2477.0,70.967532,7.3,1.0,1,0,0,0,0,1,1,1,0,0,0,0,0,3,18.0,200.0
11996,40.37183,-3.71901,4,2.0,3.0,500.0,0.0,1,0.0,190,50,2316.0,43.910072,4.6,1.5,0,0,0,0,0,1,0,1,1,0,0,0,0,0,34.5,200.0
11997,40.4216,-3.71231,2,1.0,1.0,300.0,0.0,1,0.0,111,50,4503.0,68.043894,0.8,1.0,0,1,1,1,1,1,0,0,0,0,0,0,0,6,18.0,200.0
11998,40.45903,-3.69765,2,1.0,1.0,54.0,98.0,1,0.5,286,200,3476.0,60.621287,5.9,1.0,1,0,0,0,0,1,0,0,0,0,1,0,0,8,18.0,100.0
11999,40.44152,-3.67005,2,1.0,1.0,67.0,97.0,1,0.32,273,50,4508.0,67.220486,5.8,1.0,0,0,0,0,0,1,0,0,0,1,1,0,0,4,18.0,100.0
12001,40.47516,-3.7088,1,1.0,1.0,35.0,94.0,1,0.31,170,50,3545.0,57.198083,16.4,1.5,0,0,0,0,0,1,0,0,1,0,1,0,0,3,12.0,50.0
12002,40.41405,-3.69614,2,1.0,2.0,259.0,0.0,1,0.0,78,50,4503.0,68.043894,0.8,1.0,0,0,0,0,0,1,0,0,0,0,0,0,0,3,18.0,200.0
12004,40.43709,-3.62448,3,1.0,2.0,200.0,100.0,1,0.11,316,200,2477.0,70.967532,7.3,1.0,1,0,0,0,1,1,0,1,1,0,1,0,0,10,25.5,200.0
12005,40.42256,-3.70993,5,2.0,3.0,66.0,92.0,67,1.47,246,200,4503.0,68.043894,0.8,2.0,1,0,0,0,0,1,0,1,0,0,1,0,0,7,43.5,100.0
12007,40.38416,-3.74357,1,1.0,1.0,40.0,0.0,2,0.0,125,50,2195.0,47.402837,6.6,1.5,1,1,1,1,1,1,0,0,0,0,0,0,0,3,12.0,50.0
12008,40.41784,-3.70921,4,1.0,2.0,600.0,0.0,1,0.0,169,200,4503.0,68.043894,0.8,1.0,1,1,1,1,1,0,0,1,1,0,0,0,0,4,33.0,200.0
12009,40.39961,-3.69708,2,1.0,1.0,110.0,100.0,1,0.31,152,50,3917.0,55.025641,1.9,1.0,0,0,0,0,0,1,0,1,1,0,1,0,0,9,18.0,150.0
12010,40.42147,-3.70128,6,2.0,4.0,150.0,0.0,1,0.0,176,200,4503.0,68.043894,0.8,2.0,1,0,0,0,0,1,0,0,1,0,1,0,0,0,51.0,150.0
12012,40.43682,-3.63117,5,3.0,4.0,250.0,0.0,2,0.0,125,200,2477.0,70.967532,7.3,1.0,1,0,0,0,0,1,0,0,0,0,0,0,0,5,40.5,200.0
12013,40.38111,-3.79426,2,1.0,2.0,1000.0,0.0,1,0.0,246,50,2287.0,47.008319,4.7,1.0,0,0,0,0,0,1,0,0,1,0,0,0,0,5,18.0,200.0
12014,40.42906,-3.63619,1,0.0,1.0,35.0,0.0,1,0.0,121,50,2893.0,50.090625,6.5,1.0,0,0,0,0,0,1,0,0,1,0,0,0,0,3,10.5,50.0
12015,40.41113,-3.70128,6,2.0,2.0,69.0,84.0,66,2.94,410,200,4503.0,68.043894,0.8,1.0,1,0,0,0,0,1,0,1,0,1,0,0,0,6,48.0,100.0
12016,40.48806,-3.66785,1,1.0,1.0,500.0,0.0,1,0.0,8,50,3312.0,62.061453,9.2,1.0,0,0,0,0,0,1,0,0,0,0,0,0,0,3,10.5,200.0
12017,40.44237,-3.64353,2,0.0,1.0,1000.0,0.0,1,0.0,200,50,2893.0,50.090625,6.5,1.0,0,0,0,0,0,1,0,0,0,0,1,0,0,4,18.0,200.0
12018,40.43035,-3.711,3,3.0,3.0,225.0,0.0,1,0.0,139,50,4855.0,64.056634,2.4,2.0,0,0,0,0,0,1,0,0,1,0,1,0,0,3,28.5,200.0
12019,40.43228,-3.71491,2,1.0,1.0,600.0,0.0,1,0.0,94,50,4855.0,64.056634,2.4,2.0,0,1,1,1,1,1,0,1,1,0,0,0,0,5,21.0,200.0
12020,40.40994,-3.73807,2,1.0,1.0,135.0,0.0,1,0.0,256,50,2287.0,47.008319,4.7,1.0,0,0,0,0,0,1,0,1,1,0,1,0,0,6,18.0,150.0
12022,40.42411,-3.6009,1,1.0,1.0,1200.0,0.0,1,0.0,115,50,2477.0,70.967532,7.3,1.5,0,0,0,0,0,1,0,0,0,0,1,0,0,3,12.0,200.0
12023,40.44566,-3.70505,1,0.0,1.0,1111.0,0.0,1,0.0,111,50,4855.0,64.056634,2.4,1.0,0,1,1,1,1,1,0,0,1,0,0,0,0,3,10.5,200.0
12024,40.4936,-3.72292,2,0.0,2.0,230.0,0.0,1,0.0,264,50,3545.0,57.198083,16.4,1.0,1,0,0,0,1,1,1,1,1,0,1,0,0,4,18.0,200.0
12025,40.34269,-3.7131,2,1.0,1.0,200.0,1.0,1,1.0,112,50,1696.0,37.641618,9.0,1.0,1,1,1,1,1,1,1,1,1,1,1,1,1,6,18.0,200.0
12026,40.48052,-3.66636,2,0.0,1.0,75.0,0.0,1,0.0,143,50,2893.0,50.090625,6.5,1.0,0,1,1,1,1,1,0,0,1,0,1,0,0,3,18.0,100.0
12027,40.47665,-3.72553,8,5.0,8.0,170.0,100.0,1,0.28,478,200,3545.0,57.198083,16.4,2.0,1,0,0,0,0,1,0,1,0,1,1,0,0,5,66.0,200.0
12028,40.43086,-3.71386,4,2.0,2.0,200.0,95.0,1,0.22,287,200,4855.0,64.056634,2.4,1.0,1,0,0,0,0,1,0,0,1,0,1,0,1,5,33.0,200.0
12029,40.40371,-3.68967,2,1.0,1.0,31.0,0.0,8,0.0,348,50,3917.0,55.025641,1.9,1.0,0,0,0,0,0,1,0,0,1,0,1,0,0,4,18.0,50.0
12030,40.40722,-3.70188,4,1.0,2.0,106.0,100.0,72,0.07,206,200,4503.0,68.043894,0.8,1.0,1,0,0,0,0,1,0,1,0,0,1,0,0,6,33.0,150.0
12031,40.43089,-3.70899,6,2.0,3.0,1000.0,0.0,1,0.0,181,200,4855.0,64.056634,2.4,2.0,1,0,0,0,0,1,0,0,1,0,1,0,0,9,51.0,200.0
12032,40.46219,-3.68805,3,1.0,1.0,850.0,0.0,1,0.0,236,200,4508.0,67.220486,5.8,1.0,1,0,0,0,0,1,0,1,1,0,1,0,0,7,25.5,200.0
12033,40.42272,-3.70566,6,3.0,3.0,276.0,98.0,2,1.53,336,200,4503.0,68.043894,0.8,2.0,1,0,0,0,1,1,0,1,0,0,0,0,0,8,51.0,200.0
12034,40.47038,-3.70097,2,2.0,2.0,200.0,0.0,1,0.0,93,50,3476.0,60.621287,5.9,1.0,0,1,1,1,1,1,0,1,0,0,0,0,0,4,18.0,200.0
12035,40.43361,-3.71169,2,1.0,1.0,500.0,0.0,1,0.0,187,50,4855.0,64.056634,2.4,1.0,0,0,0,0,0,1,0,1,1,0,1,0,0,4,18.0,200.0
12036,40.42369,-3.63883,2,2.0,2.0,150.0,100.0,1,0.04,204,50,2893.0,50.090625,6.5,1.0,0,0,0,0,0,1,0,1,1,0,0,0,0,6,18.0,150.0
12037,40.42787,-3.70034,1,1.0,1.0,52.0,88.0,1,0.35,126,50,4503.0,68.043894,0.8,1.0,0,0,0,1,0,1,0,0,1,0,0,0,0,9,10.5,100.0
12038,40.43688,-3.67296,3,1.0,2.0,80.0,93.0,1,1.76,280,50,5328.0,74.694253,2.2,1.5,0,0,0,0,0,1,0,0,0,0,1,0,0,3,27.0,100.0
12039,40.41653,-3.67258,2,2.0,1.0,60.0,1.0,1,1.0,66,50,4220.0,63.672727,3.2,1.0,1,1,1,1,1,1,1,1,1,1,1,1,1,6,18.0,100.0
12040,40.50432,-3.67806,2,1.0,1.0,500.0,0.0,2,0.0,154,50,3545.0,57.198083,16.4,1.0,1,0,0,0,0,1,0,0,1,0,0,0,0,0,18.0,200.0
12041,40.4325,-3.61792,5,3.0,3.0,1000.0,0.0,1,0.0,90,200,2477.0,70.967532,7.3,2.0,1,0,0,0,0,1,0,1,1,0,0,0,0,3,43.5,200.0
12042,40.43803,-3.60775,8,4.0,7.0,500.0,0.0,1,0.0,81,50,2477.0,70.967532,7.3,1.5,1,0,0,0,0,0,0,0,1,0,0,0,0,3,64.5,200.0
12044,40.4263,-3.71885,4,2.0,2.0,100.0,100.0,3,0.04,166,200,3555.0,63.451906,5.9,1.0,1,0,0,0,0,1,0,0,1,0,1,0,0,6,33.0,100.0
12045,40.34312,-3.6875,3,1.0,2.0,39.0,0.0,2,0.0,93,50,1696.0,37.641618,9.0,1.0,0,0,0,0,0,1,0,0,0,0,0,0,0,3,25.5,50.0
12046,40.44864,-3.67212,3,2.0,2.0,400.0,0.0,1,0.0,326,200,4508.0,67.220486,5.8,1.0,1,0,0,0,0,0,0,1,1,0,1,0,0,6,25.5,200.0
12047,40.40025,-3.5998,2,1.0,1.0,350.0,0.0,1,0.0,117,50,2246.0,55.472222,11.2,1.0,1,0,0,0,0,1,0,1,1,0,0,0,0,8,18.0,200.0
12048,40.42341,-3.70782,4,1.0,1.0,270.0,0.0,1,0.0,165,200,4503.0,68.043894,0.8,1.0,1,0,0,0,0,1,0,1,0,0,1,0,0,7,33.0,200.0
12049,40.41128,-3.71149,2,1.0,1.0,80.0,89.0,1,0.37,178,50,4503.0,68.043894,0.8,1.0,0,1,1,1,1,1,0,1,0,0,1,0,0,4,18.0,100.0
12050,40.43247,-3.61189,2,0.0,2.0,150.0,0.0,1,0.0,95,50,2477.0,70.967532,7.3,1.0,1,0,0,0,0,1,0,0,1,0,0,0,0,5,18.0,150.0
12051,40.40308,-3.69332,6,3.0,3.0,86.0,90.0,66,3.73,446,200,3917.0,55.025641,1.9,2.0,1,0,0,0,1,1,0,1,1,1,1,0,0,6,51.0,100.0
12052,40.43714,-3.70496,7,3.0,6.0,500.0,0.0,1,0.0,83,200,4855.0,64.056634,2.4,1.0,1,0,0,0,0,0,0,0,1,0,0,0,0,8,55.5,200.0
12053,40.39749,-3.69327,1,1.0,1.0,75.0,0.0,1,0.0,22,50,3917.0,55.025641,1.9,1.0,0,0,0,0,0,1,0,0,0,0,0,0,0,5,10.5,100.0
12054,40.41844,-3.70299,1,0.0,1.0,40.0,95.0,6,0.18,118,50,4503.0,68.043894,0.8,1.0,0,0,0,0,0,1,0,0,0,0,0,0,0,4,10.5,50.0
12055,40.40408,-3.69286,6,3.0,4.0,86.0,87.0,66,3.45,458,200,3917.0,55.025641,1.9,1.0,1,0,0,0,1,1,0,1,1,1,1,0,0,6,48.0,100.0
12056,40.38092,-3.69786,2,0.0,1.0,25.0,93.0,1,1.51,405,200,2316.0,43.910072,4.6,1.0,1,0,0,0,0,1,1,1,1,0,1,0,0,3,18.0,50.0
12057,40.43701,-3.61917,2,1.0,1.0,250.0,0.0,2,0.0,74,50,2477.0,70.967532,7.3,1.0,1,0,0,0,0,1,0,0,0,0,0,0,0,6,18.0,200.0
12058,40.43339,-3.70053,2,1.0,1.0,50.0,99.0,2,0.7,377,50,4855.0,64.056634,2.4,1.5,0,0,0,0,0,1,0,1,1,0,1,0,0,3,19.5,50.0
12059,40.41629,-3.61807,2,2.0,3.0,70.0,100.0,1,0.11,188,50,2477.0,70.967532,7.3,1.0,0,0,0,0,0,1,0,1,1,0,0,0,0,3,18.0,100.0
12060,40.38272,-3.7449,2,1.0,1.0,40.0,0.0,1,0.0,204,50,2195.0,47.402837,6.6,1.0,0,1,1,1,1,0,0,0,0,0,1,0,0,3,18.0,50.0
12061,40.40804,-3.64565,4,2.0,2.0,600.0,0.0,1,0.0,46,50,2547.0,45.581197,5.0,1.0,0,0,0,0,0,1,0,0,0,0,0,0,0,3,33.0,200.0
12062,40.42535,-3.67885,4,1.0,2.0,132.0,82.0,72,0.4,283,200,5328.0,74.694253,2.2,1.0,1,0,0,0,0,1,0,0,1,0,1,0,0,6,33.0,150.0
12063,40.45223,-3.70778,2,1.0,1.0,300.0,0.0,1,0.0,115,50,3476.0,60.621287,5.9,1.0,0,0,0,1,0,1,0,0,0,0,1,0,0,6,18.0,200.0
12064,40.41024,-3.70178,2,1.0,1.0,50.0,83.0,2,0.27,227,50,4503.0,68.043894,0.8,1.5,0,0,0,0,0,1,0,0,1,0,1,0,0,8,19.5,50.0
12065,40.4242,-3.69989,4,1.0,3.0,70.0,0.0,1,0.0,415,50,4503.0,68.043894,0.8,1.0,0,0,0,0,0,1,0,1,0,0,1,0,0,7,33.0,100.0
12066,40.42514,-3.7056,4,1.0,1.0,87.0,97.0,3,1.19,309,200,4503.0,68.043894,0.8,1.0,1,0,0,0,0,1,0,1,0,0,1,0,0,4,33.0,100.0
12067,40.37623,-3.76386,2,0.0,1.0,460.0,0.0,2,0.0,176,50,2287.0,47.008319,4.7,1.0,0,0,0,0,0,1,0,0,0,0,0,0,0,4,18.0,200.0
12069,40.42887,-3.71492,2,2.0,2.0,50.0,100.0,1,0.04,122,50,3555.0,63.451906,5.9,1.0,0,0,0,0,0,1,0,1,1,0,0,0,0,8,18.0,50.0
12070,40.40863,-3.6055,2,1.0,2.0,750.0,0.0,1,0.0,212,50,2246.0,55.472222,11.2,1.0,1,1,1,1,1,1,0,0,0,0,0,0,0,5,18.0,200.0
12071,40.43701,-3.66271,2,1.0,1.0,750.0,0.0,1,0.0,42,50,5328.0,74.694253,2.2,1.0,1,0,0,1,0,1,0,0,1,0,0,0,0,5,18.0,200.0
12072,40.43982,-3.62385,2,1.0,1.0,500.0,0.0,1,0.0,427,50,2477.0,70.967532,7.3,1.5,0,0,0,0,0,1,0,1,0,0,1,0,0,3,19.5,200.0
12073,40.38064,-3.67214,2,0.0,1.0,80.0,0.0,1,0.0,83,50,1890.0,41.443535,5.0,1.5,0,0,0,0,0,1,0,0,0,0,0,0,0,5,19.5,100.0
12074,40.48656,-3.67134,3,1.0,1.0,1200.0,0.0,1,0.0,283,200,3312.0,62.061453,9.2,1.0,1,0,0,0,0,1,1,1,1,0,1,0,0,3,25.5,200.0
12075,40.4099,-3.69809,6,2.0,5.0,79.0,0.0,72,0.0,195,200,4503.0,68.043894,0.8,1.0,1,0,0,0,0,1,0,1,0,0,1,0,0,6,48.0,100.0
12076,40.4264,-3.62066,2,0.0,1.0,800.0,0.0,1,0.0,116,50,2477.0,70.967532,7.3,1.0,0,0,0,1,0,1,0,1,0,0,0,0,0,3,18.0,200.0
12077,40.4572,-3.70083,2,1.0,1.0,200.0,0.0,1,0.0,144,50,3476.0,60.621287,5.9,1.0,0,0,0,0,0,1,0,0,1,0,1,0,0,0,18.0,200.0
12078,40.43487,-3.70638,2,1.0,1.0,35.0,92.0,1,0.66,382,50,4855.0,64.056634,2.4,1.0,1,1,1,1,1,1,1,1,1,1,1,1,1,3,18.0,50.0
12079,40.40841,-3.6405,2,1.0,1.0,46.0,90.0,4,0.11,188,50,2547.0,45.581197,5.0,1.0,0,0,0,0,0,1,0,1,0,0,1,0,0,4,18.0,50.0
12080,40.36458,-3.75915,1,1.0,1.0,300.0,0.0,1,0.0,119,50,2195.0,47.402837,6.6,1.0,0,0,0,0,0,1,0,0,1,0,0,0,0,3,10.5,200.0
12081,40.3933,-3.6909,1,1.0,1.0,1200.0,0.0,1,0.0,99,50,3917.0,55.025641,1.9,1.0,1,1,1,1,1,1,0,1,0,0,0,0,0,3,10.5,200.0
12082,40.43615,-3.71728,4,2.0,2.0,120.0,0.0,1,0.0,104,200,4855.0,64.056634,2.4,2.0,1,0,0,0,0,1,0,0,0,0,0,0,0,3,36.0,150.0
12083,40.39675,-3.77188,2,1.0,2.0,700.0,0.0,1,0.0,14,50,2287.0,47.008319,4.7,1.5,0,0,0,0,0,1,0,0,0,0,0,0,0,3,19.5,200.0
12084,40.42287,-3.69931,10,4.0,4.0,497.0,95.0,24,1.57,293,200,4503.0,68.043894,0.8,3.0,1,0,0,0,0,1,0,1,0,0,1,0,0,7,84.0,200.0
12085,40.47133,-3.70469,1,1.0,1.0,33.0,100.0,5,0.04,33,50,3476.0,60.621287,5.9,3.0,0,0,0,0,0,1,0,0,0,0,0,0,0,4,16.5,50.0
12086,40.50495,-3.67403,3,1.0,3.0,150.0,0.0,1,0.0,457,200,3545.0,57.198083,16.4,1.5,1,0,0,0,0,0,1,1,1,0,1,0,0,3,27.0,150.0
12088,40.44238,-3.57244,2,1.0,1.0,40.0,93.0,2,0.95,458,50,2477.0,70.967532,7.3,1.5,0,0,0,0,0,1,0,0,0,0,1,0,0,3,19.5,50.0
12089,40.44139,-3.60201,4,2.0,3.0,38.0,100.0,3,0.09,432,50,2477.0,70.967532,7.3,1.0,0,0,0,0,0,1,0,1,0,0,1,0,0,6,33.0,50.0
12090,40.4083,-3.64829,2,1.0,1.0,350.0,0.0,1,0.0,245,50,2547.0,45.581197,5.0,1.5,0,1,1,1,1,1,0,0,1,0,1,0,0,3,19.5,200.0
12092,40.39853,-3.66808,4,1.0,1.0,600.0,0.0,1,0.0,84,200,1890.0,41.443535,5.0,1.0,1,0,0,0,0,1,0,0,1,0,0,0,0,3,33.0,200.0
12093,40.41919,-3.6784,2,1.0,1.0,40.0,93.0,1,0.14,391,50,4220.0,63.672727,3.2,1.0,0,0,0,0,0,1,0,0,1,0,1,0,0,3,18.0,50.0
12094,40.41241,-3.69708,1,1.0,1.0,35.0,100.0,1,0.62,280,50,4503.0,68.043894,0.8,1.0,0,0,0,0,0,1,0,1,1,1,0,0,0,8,10.5,50.0
12096,40.38426,-3.64642,2,2.0,1.0,500.0,0.0,3,0.0,103,50,1890.0,41.443535,5.0,1.0,0,1,1,1,1,1,0,0,0,0,0,0,0,3,18.0,200.0
12097,40.38236,-3.70584,1,0.0,1.0,50.0,84.0,1,0.26,55,50,2316.0,43.910072,4.6,1.0,0,1,1,1,1,1,0,0,0,0,0,0,0,3,10.5,50.0
12098,40.42144,-3.61298,1,1.0,1.0,800.0,0.0,2,0.0,86,50,2477.0,70.967532,7.3,1.0,0,0,0,0,0,1,0,0,0,0,0,0,0,3,10.5,200.0
12099,40.43492,-3.60853,2,1.0,2.0,300.0,0.0,3,0.0,105,50,2477.0,70.967532,7.3,1.0,0,0,0,1,0,1,0,0,0,0,1,0,0,3,18.0,200.0
12100,40.45182,-3.65906,2,1.0,2.0,900.0,0.0,1,0.0,357,50,2893.0,50.090625,6.5,3.0,1,0,0,0,0,1,1,1,1,0,1,0,0,6,24.0,200.0
12102,40.37272,-3.74629,2,1.0,1.0,300.0,0.0,1,0.0,248,200,2195.0,47.402837,6.6,1.0,1,0,0,0,0,1,0,1,1,0,1,0,0,3,18.0,200.0
12103,40.4075,-3.64047,2,2.0,1.0,150.0,0.0,1,0.0,188,50,2547.0,45.581197,5.0,1.0,0,1,1,1,1,0,0,0,1,0,1,0,0,3,18.0,150.0
12104,40.50382,-3.63808,2,1.0,1.0,65.0,100.0,1,0.65,350,200,3312.0,62.061453,9.2,1.0,1,0,0,0,0,1,1,1,0,0,1,0,0,5,18.0,100.0
12105,40.39969,-3.66982,2,1.0,1.0,35.0,100.0,1,0.09,258,50,4220.0,63.672727,3.2,1.0,0,0,0,0,0,1,0,0,0,0,1,0,0,6,18.0,50.0
12106,40.42355,-3.70215,4,1.0,1.0,350.0,0.0,1,0.0,103,200,4503.0,68.043894,0.8,1.0,1,1,1,1,1,1,0,0,0,0,1,0,0,5,33.0,200.0
12107,40.40005,-3.62311,1,1.0,1.0,75.0,0.0,1,0.0,137,50,2246.0,55.472222,11.2,1.0,0,0,0,0,0,1,0,1,1,0,1,0,0,4,10.5,100.0
12108,40.41433,-3.72723,4,3.0,3.0,130.0,100.0,1,0.65,544,200,2287.0,47.008319,4.7,2.0,1,0,0,0,0,1,1,1,1,0,1,0,1,8,36.0,150.0
12109,40.3645,-3.75939,4,2.0,3.0,60.0,94.0,1,0.56,430,200,2195.0,47.402837,6.6,2.0,1,0,0,0,0,0,0,0,1,1,1,0,0,4,36.0,100.0
12110,40.45467,-3.67282,3,1.0,2.0,600.0,0.0,1,0.0,90,200,4508.0,67.220486,5.8,1.0,1,0,0,0,0,1,0,0,1,0,0,0,0,6,25.5,200.0
12111,40.40957,-3.69818,2,1.0,1.0,30.0,95.0,1,0.57,195,50,4503.0,68.043894,0.8,1.0,0,0,0,0,0,1,0,0,0,0,1,0,0,6,18.0,50.0
12112,40.44797,-3.70957,5,2.0,2.0,900.0,0.0,3,0.0,150,50,3555.0,63.451906,5.9,1.5,0,0,0,0,0,1,0,0,1,0,1,0,0,4,42.0,200.0
12113,40.46275,-3.70685,2,1.0,1.0,26.0,99.0,1,0.75,339,50,3476.0,60.621287,5.9,1.5,1,0,0,0,0,1,0,0,0,0,1,0,0,3,19.5,50.0
12114,40.46196,-3.7112,2,1.0,1.0,450.0,0.0,3,0.0,161,50,3555.0,63.451906,5.9,1.0,0,0,0,0,0,1,0,0,1,0,1,0,0,4,18.0,200.0
12115,40.44136,-3.68016,4,2.0,2.0,750.0,0.0,1,0.0,73,50,4508.0,67.220486,5.8,1.0,1,0,0,0,0,1,0,1,0,0,0,0,0,3,33.0,200.0
12116,40.47549,-3.70156,2,1.0,1.0,150.0,0.0,1,0.0,105,50,3545.0,57.198083,16.4,1.0,0,0,0,0,0,1,0,0,1,0,0,0,0,6,18.0,150.0
12118,40.41116,-3.71057,3,1.0,2.0,800.0,0.0,1,0.0,165,50,4503.0,68.043894,0.8,1.0,0,0,0,0,0,1,0,0,1,0,1,0,0,3,25.5,200.0
12119,40.42516,-3.70526,4,1.0,3.0,94.0,98.0,1,1.06,577,200,4503.0,68.043894,0.8,1.0,1,0,0,0,0,1,0,1,1,1,1,1,0,8,33.0,100.0
12120,40.48293,-3.69925,2,1.0,1.0,100.0,0.0,1,0.0,148,50,3545.0,57.198083,16.4,1.0,0,0,0,0,0,1,0,0,0,0,0,0,0,5,18.0,100.0
12121,40.4964,-3.65208,2,1.0,1.0,400.0,0.0,1,0.0,236,50,3312.0,62.061453,9.2,1.0,1,0,0,0,0,1,1,1,1,0,1,0,0,3,18.0,200.0
12122,40.42562,-3.65744,2,1.0,1.0,40.0,1.0,1,1.0,74,50,2893.0,50.090625,6.5,1.0,1,1,1,1,1,1,1,1,1,1,1,1,1,3,18.0,50.0
12123,40.34318,-3.68543,2,1.0,1.0,35.0,0.0,2,0.0,50,50,1696.0,37.641618,9.0,1.0,0,0,0,0,0,1,0,0,0,0,0,0,0,3,18.0,50.0
12124,40.41816,-3.70028,2,1.0,1.0,35.0,92.0,4,0.22,119,200,4503.0,68.043894,0.8,1.0,1,1,1,1,1,1,1,1,1,1,1,1,1,4,18.0,50.0
12125,40.4502,-3.78314,6,3.0,3.0,90.0,100.0,1,0.15,213,200,3555.0,63.451906,5.9,2.0,1,0,0,0,0,1,1,1,1,0,1,0,0,3,51.0,100.0
12126,40.37465,-3.76786,1,1.0,1.0,28.0,0.0,1,0.0,209,50,2287.0,47.008319,4.7,1.0,0,0,0,0,0,1,0,1,0,0,1,0,0,4,10.5,50.0
12127,40.40801,-3.71356,3,1.0,3.0,76.0,80.0,1,0.24,189,200,4503.0,68.043894,0.8,1.0,1,0,0,0,0,1,0,1,0,0,1,0,0,3,25.5,100.0
12128,40.43601,-3.67469,1,1.0,1.0,16.0,94.0,1,0.44,287,50,5328.0,74.694253,2.2,1.5,0,0,0,0,0,1,0,0,1,0,1,0,0,6,12.0,50.0
12129,40.39683,-3.65802,3,2.0,2.0,20.0,100.0,2,0.53,281,50,1890.0,41.443535,5.0,1.0,0,0,0,0,0,1,0,1,1,0,1,0,0,6,25.5,50.0
12130,40.41049,-3.72142,2,2.0,4.0,36.0,20.0,7,0.04,322,50,3917.0,55.025641,1.9,1.5,0,0,0,0,0,1,0,0,1,0,1,0,0,7,19.5,50.0
12131,40.38831,-3.64819,3,1.0,2.0,30.0,100.0,1,0.22,208,50,1890.0,41.443535,5.0,1.0,0,0,0,0,0,1,0,0,0,0,0,0,0,6,25.5,50.0
12132,40.40618,-3.67949,3,1.0,2.0,100.0,100.0,1,0.31,220,200,4220.0,63.672727,3.2,1.0,1,1,1,1,1,1,0,0,1,0,0,0,0,3,25.5,100.0
12134,40.46881,-3.68626,1,1.0,1.0,28.0,100.0,1,0.49,334,50,4508.0,67.220486,5.8,1.5,0,0,0,0,0,1,0,1,1,0,1,0,0,5,12.0,50.0
12135,40.41091,-3.69714,5,2.0,2.0,200.0,0.0,20,0.0,522,200,4503.0,68.043894,0.8,2.0,1,0,0,0,0,1,0,1,1,0,1,0,0,7,43.5,200.0
12136,40.41858,-3.70291,2,1.0,1.0,11.0,86.0,9,2.97,238,50,4503.0,68.043894,0.8,2.0,0,0,0,0,0,1,0,0,0,0,0,0,0,3,21.0,50.0
12137,40.39,-3.72378,2,1.0,1.0,40.0,100.0,1,1.22,430,50,2195.0,47.402837,6.6,1.0,1,0,0,0,0,1,0,0,0,1,1,0,1,3,18.0,50.0
12138,40.4227,-3.70799,4,1.0,2.0,126.0,100.0,8,0.13,540,200,4503.0,68.043894,0.8,1.0,1,0,0,0,0,1,0,1,1,1,1,0,0,6,33.0,150.0
12139,40.43423,-3.65173,4,1.0,1.0,53.0,98.0,11,0.54,596,200,2893.0,50.090625,6.5,1.0,1,0,0,1,0,1,0,1,0,0,1,0,0,9,33.0,100.0
12140,40.43599,-3.6607,4,2.0,3.0,210.0,0.0,2,0.0,219,200,5328.0,74.694253,2.2,1.0,1,0,0,0,0,1,0,1,1,0,1,0,0,3,33.0,200.0
12141,40.43273,-3.65321,6,2.0,4.0,67.0,96.0,11,0.82,701,200,2893.0,50.090625,6.5,1.0,1,0,0,1,0,1,0,1,0,1,1,0,0,9,48.0,100.0
12142,40.41402,-3.6958,6,4.0,8.0,61.0,99.0,10,1.6,528,200,4503.0,68.043894,0.8,2.0,1,0,0,0,0,1,0,1,0,0,1,1,1,6,51.0,100.0
12143,40.41075,-3.69927,1,1.0,1.0,24.0,100.0,1,0.09,27,50,4503.0,68.043894,0.8,1.0,0,1,1,1,1,0,0,0,0,0,0,0,0,6,10.5,50.0
12144,40.42195,-3.70054,2,1.0,1.0,40.0,85.0,1,0.36,187,50,4503.0,68.043894,0.8,1.0,0,0,0,0,0,1,0,0,1,0,0,0,0,4,18.0,50.0
12145,40.38473,-3.71507,2,1.0,1.0,28.0,88.0,3,1.06,323,50,2316.0,43.910072,4.6,1.0,0,0,0,0,0,1,0,0,1,1,0,0,0,5,18.0,50.0
12146,40.39007,-3.73524,1,1.0,1.0,16.0,100.0,4,0.14,415,50,2195.0,47.402837,6.6,2.0,0,0,0,0,0,1,0,1,0,1,1,0,0,3,13.5,50.0
12147,40.37378,-3.73278,2,1.0,1.0,25.0,0.0,1,0.0,158,50,2195.0,47.402837,6.6,3.0,1,0,0,0,0,1,1,1,1,0,0,0,0,4,24.0,50.0
12148,40.41219,-3.72021,2,1.0,1.0,46.0,0.0,7,0.0,266,50,3917.0,55.025641,1.9,1.0,0,0,0,0,0,1,0,0,1,0,0,0,0,7,18.0,50.0
12149,40.41745,-3.67579,6,2.0,4.0,113.0,96.0,1,1.84,421,200,4220.0,63.672727,3.2,2.0,1,0,0,0,0,1,0,1,1,1,1,0,0,3,51.0,150.0
12150,40.42616,-3.70079,2,1.0,1.0,35.0,60.0,3,0.05,201,50,4503.0,68.043894,0.8,3.0,0,0,0,0,0,1,0,0,1,1,1,0,0,6,24.0,50.0
12151,40.42061,-3.70824,4,1.0,2.0,159.0,90.0,62,0.13,437,200,4503.0,68.043894,0.8,1.5,1,0,0,1,0,1,0,1,1,0,1,1,0,5,34.5,200.0
12152,40.39729,-3.69595,2,1.0,1.0,30.0,100.0,1,0.04,78,50,3917.0,55.025641,1.9,1.0,0,0,0,0,0,1,0,0,0,0,1,0,0,7,18.0,50.0
12153,40.46186,-3.70754,1,1.0,1.0,20.0,0.0,2,0.0,79,50,3476.0,60.621287,5.9,1.0,0,1,1,1,1,1,0,0,1,0,0,0,0,9,10.5,50.0
12154,40.43409,-3.62502,2,1.0,1.0,60.0,0.0,2,0.0,97,50,2477.0,70.967532,7.3,1.0,1,0,0,0,0,1,0,0,0,0,0,0,0,3,18.0,100.0
12155,40.41131,-3.731,2,0.0,1.0,400.0,0.0,2,0.0,223,50,2287.0,47.008319,4.7,1.0,1,1,1,1,1,1,0,1,0,0,1,0,0,3,18.0,200.0
12156,40.4074,-3.70237,2,1.0,2.0,25.0,89.0,2,0.67,263,200,4503.0,68.043894,0.8,1.0,1,0,0,0,0,1,0,0,0,0,1,0,0,3,18.0,50.0
12157,40.4218,-3.70421,3,1.0,2.0,23.0,88.0,2,0.45,345,200,4503.0,68.043894,0.8,1.0,1,0,0,0,1,1,0,1,0,0,1,0,0,3,25.5,50.0
12158,40.41467,-3.70307,5,2.0,2.0,31.0,82.0,1,5.83,305,200,4503.0,68.043894,0.8,1.0,1,0,0,0,0,1,0,1,0,0,0,0,0,8,40.5,50.0
12159,40.39199,-3.6402,2,1.0,1.0,29.0,92.0,1,0.58,590,50,1890.0,41.443535,5.0,1.0,0,0,0,0,0,1,0,1,1,0,1,0,0,3,18.0,50.0
12160,40.43869,-3.69663,2,1.0,1.0,60.0,0.0,1,0.0,112,50,4855.0,64.056634,2.4,1.0,1,0,0,0,0,1,0,0,1,0,0,0,0,3,18.0,100.0
12161,40.42446,-3.70498,4,1.0,2.0,89.0,100.0,2,0.14,222,200,4503.0,68.043894,0.8,1.0,1,0,0,0,0,1,0,1,0,0,0,0,0,7,33.0,100.0
12162,40.40878,-3.67703,1,1.0,1.0,35.0,100.0,3,0.05,308,50,4220.0,63.672727,3.2,1.0,0,0,0,0,0,1,0,0,1,1,1,0,0,3,10.5,50.0
12163,40.38456,-3.74325,1,0.0,1.0,30.0,80.0,2,0.05,115,50,2195.0,47.402837,6.6,1.0,0,1,1,1,1,1,0,0,0,0,0,0,0,3,10.5,50.0
12164,40.43679,-3.61506,1,1.0,1.0,25.0,100.0,3,0.71,168,50,2477.0,70.967532,7.3,1.0,0,0,0,0,0,1,0,0,0,0,0,0,0,3,10.5,50.0
12165,40.4093,-3.70747,4,0.0,2.0,48.0,99.0,1,0.91,316,200,4503.0,68.043894,0.8,1.0,1,0,0,0,0,1,0,1,1,0,0,0,0,6,33.0,50.0
12166,40.42834,-3.67332,1,1.0,1.0,30.0,0.0,1,0.0,186,50,5328.0,74.694253,2.2,1.0,1,1,1,1,1,1,0,1,1,0,0,0,0,5,10.5,50.0
12167,40.3803,-3.71343,4,1.0,2.0,32.0,89.0,2,1.82,469,200,2316.0,43.910072,4.6,1.5,1,0,0,0,0,1,0,0,0,0,1,0,0,5,34.5,50.0
12168,40.42451,-3.70078,2,1.0,1.0,50.0,93.0,2,0.73,351,200,4503.0,68.043894,0.8,1.0,1,1,1,1,1,1,0,1,1,1,0,0,0,5,18.0,50.0
12169,40.44458,-3.68071,3,2.0,2.0,100.0,80.0,4,0.09,115,200,4508.0,67.220486,5.8,1.0,1,0,0,0,0,1,0,0,0,0,1,0,0,4,25.5,100.0
12170,40.42175,-3.69624,2,1.0,1.0,120.0,84.0,1,0.31,149,200,4503.0,68.043894,0.8,1.0,1,0,0,0,0,1,0,1,1,0,1,0,0,9,18.0,150.0
12171,40.41765,-3.69561,4,3.0,3.0,75.0,0.0,1,0.0,233,200,4503.0,68.043894,0.8,1.0,1,1,1,1,1,1,0,1,1,0,0,0,0,3,33.0,100.0
12172,40.47077,-3.70115,4,2.0,2.0,89.0,96.0,1,0.46,399,200,3476.0,60.621287,5.9,2.0,1,0,0,0,0,1,0,1,1,0,1,0,0,6,36.0,100.0
12173,40.3893,-3.73547,1,1.0,1.0,15.0,100.0,4,0.19,249,50,2195.0,47.402837,6.6,2.0,0,0,0,0,0,1,0,1,0,0,1,0,0,3,13.5,50.0
12174,40.3531,-3.68068,1,1.0,1.0,15.0,100.0,1,0.18,378,50,1696.0,37.641618,9.0,1.0,0,0,0,0,0,1,0,0,1,1,1,0,0,4,10.5,50.0
12175,40.38793,-3.73639,1,1.0,1.0,16.0,80.0,4,0.09,292,50,2195.0,47.402837,6.6,2.0,0,0,0,0,0,1,0,1,0,0,1,0,0,3,13.5,50.0
12176,40.3887,-3.73782,1,1.0,1.0,16.0,100.0,4,0.09,395,50,2195.0,47.402837,6.6,2.0,0,0,0,0,0,1,0,1,0,1,1,0,0,3,13.5,50.0
12177,40.39537,-3.69675,6,2.0,3.0,280.0,0.0,2,0.0,136,200,3917.0,55.025641,1.9,1.0,1,0,0,0,0,0,0,1,0,0,1,0,0,3,48.0,200.0
12178,40.41194,-3.70186,4,1.0,2.0,48.0,83.0,1,1.39,387,200,4503.0,68.043894,0.8,1.0,1,0,0,0,0,1,0,1,0,0,1,0,0,3,33.0,50.0
12179,40.43207,-3.62518,2,1.0,1.0,40.0,100.0,3,0.62,176,50,2477.0,70.967532,7.3,1.0,0,0,0,0,0,1,0,0,0,0,0,0,0,3,18.0,50.0
12180,40.41642,-3.67569,8,4.0,5.0,126.0,100.0,1,0.1,118,200,4220.0,63.672727,3.2,2.5,1,0,0,0,0,1,0,0,1,0,0,0,0,8,67.5,150.0
12181,40.41027,-3.70124,2,1.0,1.0,46.0,70.0,2,0.27,167,50,4503.0,68.043894,0.8,1.5,0,0,0,0,0,1,0,0,1,0,1,0,0,8,19.5,50.0
12182,40.42451,-3.6748,7,3.0,5.0,208.0,100.0,25,0.19,533,200,5328.0,74.694253,2.2,2.5,1,0,0,0,1,1,0,1,0,0,1,0,0,11,60.0,200.0
12183,40.42538,-3.70505,2,1.0,1.0,40.0,0.0,1,0.0,228,50,4503.0,68.043894,0.8,1.0,1,0,0,0,0,1,0,1,1,0,0,0,0,6,18.0,50.0
12184,40.39726,-3.77253,3,2.0,2.0,50.0,89.0,3,0.59,389,50,2287.0,47.008319,4.7,1.0,0,0,0,0,0,1,0,0,0,0,1,0,1,3,25.5,50.0
12185,40.41401,-3.70512,6,3.0,3.0,300.0,94.0,88,2.99,351,200,4503.0,68.043894,0.8,1.0,1,0,0,0,0,1,0,1,1,0,1,0,0,6,48.0,200.0
12186,40.43534,-3.71657,1,1.0,1.0,35.0,100.0,19,0.05,254,50,4855.0,64.056634,2.4,8.0,1,0,0,0,0,1,0,1,1,0,1,0,0,6,31.5,50.0
12187,40.48956,-3.72783,1,1.0,1.0,59.0,0.0,2,0.0,490,50,3545.0,57.198083,16.4,1.5,0,0,0,0,0,1,1,1,1,1,1,0,0,8,12.0,100.0
12188,40.44728,-3.67358,6,3.0,4.0,250.0,0.0,92,0.0,172,200,4508.0,67.220486,5.8,3.0,1,0,0,0,0,1,0,1,0,0,1,0,0,7,54.0,200.0
12189,40.44083,-3.67596,4,2.0,2.0,155.0,0.0,92,0.0,191,200,4508.0,67.220486,5.8,2.0,1,0,0,0,0,1,0,1,0,0,1,0,0,7,36.0,200.0
12190,40.39129,-3.66828,8,3.0,5.0,118.0,93.0,40,0.94,417,200,1890.0,41.443535,5.0,2.0,1,0,0,0,0,1,0,1,0,1,1,0,0,5,66.0,150.0
12191,40.39112,-3.66767,8,3.0,5.0,121.0,97.0,40,1.48,412,200,1890.0,41.443535,5.0,2.0,1,0,0,0,1,1,0,1,0,1,1,0,0,5,66.0,150.0
12192,40.452,-3.70952,1,1.0,1.0,24.0,98.0,1,0.8,320,50,3476.0,60.621287,5.9,1.0,0,0,0,0,0,1,0,0,1,0,1,0,0,6,10.5,50.0
12193,40.40901,-3.70263,2,1.0,1.0,34.0,93.0,20,2.65,301,200,4503.0,68.043894,0.8,1.0,1,0,0,0,0,1,0,1,0,0,1,0,0,9,18.0,50.0
12194,40.43549,-3.70953,1,1.0,1.0,28.0,90.0,1,0.18,142,50,4855.0,64.056634,2.4,1.5,0,0,0,0,0,1,0,0,1,0,0,0,0,3,12.0,50.0
12195,40.41626,-3.70036,6,2.0,4.0,87.0,82.0,25,1.34,457,200,4503.0,68.043894,0.8,1.0,1,0,0,1,0,1,0,1,0,1,0,0,1,6,48.0,100.0
12196,40.42558,-3.69916,1,1.0,1.0,23.0,100.0,3,0.05,141,50,4503.0,68.043894,0.8,3.0,0,0,0,0,0,1,0,0,1,0,1,0,0,6,16.5,50.0
12197,40.40098,-3.6663,2,2.0,2.0,30.0,100.0,1,0.14,196,50,1890.0,41.443535,5.0,2.0,1,0,0,0,0,1,0,1,1,0,1,0,0,3,21.0,50.0
12198,40.39237,-3.7325,2,1.0,1.0,40.0,85.0,1,0.18,169,50,2195.0,47.402837,6.6,1.0,0,0,0,0,0,1,0,1,1,0,1,0,0,3,18.0,50.0
12199,40.41032,-3.67255,2,1.0,1.0,43.0,99.0,1,1.3,427,50,4220.0,63.672727,3.2,1.0,0,0,0,0,0,1,0,0,0,1,1,0,0,3,18.0,50.0
12200,40.42646,-3.68661,2,1.0,1.0,83.0,80.0,113,0.48,144,200,5328.0,74.694253,2.2,1.0,1,0,0,0,0,1,0,1,0,0,0,0,0,7,18.0,100.0
12202,40.4277,-3.6759,1,1.0,1.0,51.0,93.0,1,0.16,190,50,5328.0,74.694253,2.2,1.0,0,0,0,0,0,1,0,0,0,0,0,0,0,5,10.5,100.0
12203,40.43213,-3.71829,1,1.0,1.0,100.0,0.0,1,0.0,102,50,3555.0,63.451906,5.9,1.0,1,0,0,0,0,1,0,0,0,0,0,0,0,3,10.5,100.0
12204,40.42367,-3.69944,3,1.0,2.0,85.0,0.0,2,0.0,256,200,4503.0,68.043894,0.8,1.0,1,0,0,0,0,1,0,1,0,0,0,0,0,8,25.5,100.0
12205,40.40482,-3.7044,2,1.0,1.0,24.0,0.0,1,0.0,171,200,3917.0,55.025641,1.9,1.0,1,0,0,0,0,1,0,1,0,0,0,0,0,6,18.0,50.0
12206,40.42065,-3.7053,4,1.0,1.0,180.0,0.0,1,0.0,153,200,4503.0,68.043894,0.8,1.0,1,0,0,0,0,1,0,1,1,0,1,0,0,3,33.0,200.0
12207,40.41003,-3.69879,3,1.0,2.0,70.0,87.0,1,0.49,133,200,4503.0,68.043894,0.8,1.5,1,1,1,1,1,0,0,0,0,0,0,0,0,0,27.0,100.0
12208,40.41005,-3.73033,2,0.0,1.0,85.0,100.0,1,0.14,220,200,2287.0,47.008319,4.7,1.0,1,0,0,0,0,1,0,1,0,0,1,0,0,4,18.0,100.0
12209,40.40478,-3.72434,6,2.0,4.0,115.0,0.0,1,0.0,199,200,2287.0,47.008319,4.7,1.0,1,0,0,0,0,1,0,1,1,0,1,0,0,8,48.0,150.0
12210,40.40048,-3.69426,1,1.0,1.0,20.0,90.0,1,0.21,317,50,3917.0,55.025641,1.9,1.0,0,0,0,0,0,1,0,0,0,0,1,0,0,8,10.5,50.0
12211,40.41159,-3.69616,7,2.0,4.0,44.0,87.0,1,2.23,313,200,4503.0,68.043894,0.8,2.0,1,0,0,0,0,1,0,1,1,1,0,0,0,3,58.5,50.0
12212,40.4271,-3.60073,2,1.0,1.0,160.0,0.0,1,0.0,359,50,2477.0,70.967532,7.3,1.0,1,0,0,0,0,1,1,0,1,0,1,0,0,3,18.0,200.0
12213,40.38915,-3.65279,2,1.0,1.0,25.0,0.0,3,0.0,116,50,1890.0,41.443535,5.0,1.0,0,0,0,0,0,1,0,0,1,0,0,0,0,3,18.0,50.0
12214,40.38942,-3.65449,2,1.0,1.0,25.0,0.0,3,0.0,129,50,1890.0,41.443535,5.0,1.0,0,1,1,1,1,1,0,0,1,0,0,0,0,3,18.0,50.0
12217,40.42126,-3.71094,2,1.0,1.0,36.0,96.0,2,0.45,629,50,4503.0,68.043894,0.8,1.5,1,0,0,0,0,1,1,0,1,1,1,0,0,3,19.5,50.0
12218,40.4057,-3.71146,1,1.0,1.0,30.0,100.0,1,0.22,179,50,3917.0,55.025641,1.9,1.5,0,0,0,0,1,1,1,0,1,0,1,0,0,8,12.0,50.0
12219,40.48487,-3.65052,1,1.0,1.0,15.0,100.0,1,0.14,44,50,3312.0,62.061453,9.2,1.0,0,0,0,0,0,0,0,0,0,0,0,0,0,9,10.5,50.0
12220,40.47276,-3.57669,2,1.0,1.0,25.0,96.0,1,3.54,171,50,3047.0,56.183432,11.8,1.0,0,0,0,0,0,1,0,0,0,0,0,0,0,3,18.0,50.0
12221,40.40636,-3.70839,2,1.0,1.0,28.0,95.0,1,0.78,321,50,4503.0,68.043894,0.8,1.0,0,0,0,0,0,1,0,0,0,0,1,0,0,8,18.0,50.0
12222,40.42145,-3.70365,3,1.0,2.0,64.0,85.0,2,1.08,397,200,4503.0,68.043894,0.8,1.0,1,0,0,0,1,1,0,1,0,0,1,0,0,3,25.5,100.0
12223,40.47707,-3.7044,1,1.0,1.0,31.0,100.0,1,0.05,288,50,3545.0,57.198083,16.4,1.0,0,0,0,0,0,1,0,0,1,0,1,0,0,7,10.5,50.0
12225,40.47408,-3.70885,4,2.0,2.0,50.0,84.0,1,1.34,306,200,3545.0,57.198083,16.4,1.0,1,0,0,0,0,1,0,0,1,0,1,0,0,7,33.0,50.0
12226,40.41829,-3.66812,4,1.0,1.0,70.0,96.0,3,0.51,358,200,4220.0,63.672727,3.2,1.0,1,0,0,0,0,1,0,1,0,1,1,0,0,8,33.0,100.0
12227,40.39967,-3.64627,2,1.0,1.0,46.0,1.0,1,0.04,304,50,2547.0,45.581197,5.0,1.5,1,1,1,1,1,1,1,1,1,1,1,1,1,7,19.5,50.0
12228,40.41348,-3.70989,2,1.0,2.0,90.0,0.0,1,0.0,201,200,4503.0,68.043894,0.8,1.0,1,0,0,0,0,1,0,1,0,0,1,0,0,9,18.0,100.0
12229,40.45555,-3.70387,4,1.0,1.0,52.0,40.0,8,0.05,324,200,3476.0,60.621287,5.9,1.0,1,0,0,0,0,1,0,1,1,0,1,0,0,3,33.0,100.0
12230,40.41946,-3.68929,4,1.0,2.0,115.0,99.0,1,1.14,431,200,4220.0,63.672727,3.2,1.0,1,0,0,0,0,1,0,1,1,0,0,1,0,3,33.0,150.0
12231,40.45426,-3.70231,4,0.0,2.0,52.0,100.0,8,0.05,324,200,3476.0,60.621287,5.9,1.0,1,0,0,0,0,1,0,1,1,0,1,0,0,3,33.0,100.0
12232,40.4029,-3.70403,2,1.0,3.0,40.0,90.0,1,0.1,404,200,3917.0,55.025641,1.9,1.5,1,0,0,0,0,1,0,0,0,0,1,0,0,6,19.5,50.0
12233,40.4323,-3.70078,4,1.0,2.0,60.0,95.0,1,1.04,474,200,4855.0,64.056634,2.4,1.0,1,0,0,0,0,1,0,1,0,1,1,0,0,7,33.0,100.0
12234,40.44406,-3.63545,4,3.0,3.0,99.0,100.0,1,0.06,175,200,2477.0,70.967532,7.3,2.0,1,0,0,0,0,1,0,1,1,0,1,0,0,8,36.0,100.0
12235,40.44536,-3.64555,2,1.0,3.0,83.0,100.0,1,0.27,387,200,2893.0,50.090625,6.5,1.0,1,0,0,0,0,1,0,0,0,0,1,0,0,6,18.0,100.0
12236,40.43223,-3.69846,1,1.0,1.0,30.0,0.0,1,0.0,109,50,4855.0,64.056634,2.4,1.0,0,0,0,0,0,1,0,0,0,0,1,0,0,3,10.5,50.0
12237,40.43027,-3.67603,1,1.0,1.0,40.0,0.0,1,0.0,213,50,5328.0,74.694253,2.2,1.0,0,0,0,0,0,1,0,0,1,0,1,0,0,3,10.5,50.0
12238,40.41138,-3.69459,5,2.0,2.0,150.0,93.0,1,0.16,358,200,4503.0,68.043894,0.8,2.0,1,0,0,1,0,1,0,1,0,0,1,0,0,5,43.5,150.0
12239,40.43207,-3.66477,4,1.0,2.0,82.0,99.0,2,0.86,471,200,5328.0,74.694253,2.2,1.0,1,0,0,0,0,1,0,1,1,1,1,0,0,7,33.0,100.0
12240,40.45372,-3.6797,4,2.0,4.0,87.0,100.0,1,0.31,501,200,4508.0,67.220486,5.8,1.0,1,0,0,0,0,1,0,1,1,1,1,0,0,3,33.0,100.0
12241,40.41437,-3.70163,6,3.0,6.0,60.0,88.0,1,1.85,293,200,4503.0,68.043894,0.8,1.0,1,0,0,0,0,1,0,0,0,0,0,0,0,3,48.0,100.0
12242,40.44278,-3.68057,2,1.0,1.0,85.0,0.0,92,0.0,184,200,4508.0,67.220486,5.8,1.0,1,0,0,0,0,1,0,1,1,0,1,0,0,7,18.0,100.0
12245,40.43973,-3.65633,2,1.0,1.0,33.0,0.0,1,0.0,160,50,2893.0,50.090625,6.5,1.0,0,0,0,0,0,1,0,0,1,0,0,0,0,5,18.0,50.0
12246,40.4564,-3.70387,6,1.0,4.0,57.0,0.0,8,0.0,186,200,3476.0,60.621287,5.9,1.0,1,0,0,0,0,1,0,1,1,0,1,0,0,3,48.0,100.0
12247,40.42053,-3.70947,4,2.0,2.0,183.0,88.0,113,0.27,432,200,4503.0,68.043894,0.8,2.0,1,0,0,0,0,1,0,1,1,1,1,0,1,7,36.0,200.0
12248,40.43313,-3.69236,4,2.0,2.0,95.0,0.0,1,0.0,149,200,4855.0,64.056634,2.4,2.0,1,0,0,0,0,1,0,1,1,0,0,0,0,7,36.0,100.0
12249,40.42682,-3.70893,3,0.0,2.0,44.0,95.0,1,1.6,294,200,4503.0,68.043894,0.8,1.0,1,0,0,0,0,1,0,1,0,0,1,0,0,3,25.5,50.0
12251,40.45541,-3.69486,4,0.0,2.0,57.0,60.0,8,0.1,324,200,3476.0,60.621287,5.9,1.0,1,0,0,0,0,1,0,1,1,0,1,0,0,3,33.0,100.0
12252,40.42664,-3.68561,2,1.0,1.0,35.0,100.0,15,0.06,636,50,5328.0,74.694253,2.2,2.5,0,0,0,0,0,1,1,0,1,1,1,0,0,6,22.5,50.0
12253,40.45754,-3.69568,6,1.0,4.0,63.0,0.0,8,0.0,324,200,3476.0,60.621287,5.9,1.0,1,0,0,0,0,1,0,1,1,0,1,0,0,3,48.0,100.0
12254,40.458,-3.69989,2,1.0,1.0,21.0,98.0,1,3.3,299,50,3476.0,60.621287,5.9,1.0,0,0,0,0,0,1,0,0,0,0,0,0,0,3,18.0,50.0
12257,40.402,-3.67089,5,3.0,4.0,125.0,0.0,1,0.0,209,200,4220.0,63.672727,3.2,2.0,1,0,0,0,0,1,0,1,1,0,1,0,0,4,43.5,150.0
12259,40.42757,-3.69228,2,1.0,1.0,999.0,0.0,4,0.0,275,50,4855.0,64.056634,2.4,1.0,1,0,0,0,0,1,0,1,1,0,1,0,0,3,18.0,200.0
12260,40.45921,-3.7101,1,1.0,1.0,21.0,90.0,2,0.09,529,50,3476.0,60.621287,5.9,1.0,0,0,0,0,0,1,0,1,0,1,1,0,0,0,10.5,50.0
12261,40.45791,-3.68313,3,2.0,2.0,159.0,100.0,14,0.29,471,200,4508.0,67.220486,5.8,1.0,1,0,0,0,0,1,0,1,1,1,1,0,0,10,25.5,200.0
12262,40.44112,-3.69529,4,1.0,2.0,70.0,75.0,1,0.36,277,200,4855.0,64.056634,2.4,1.5,1,0,0,0,0,1,0,1,1,0,0,0,0,4,34.5,100.0
12263,40.42128,-3.70508,3,2.0,2.0,165.0,0.0,1,0.0,264,200,4503.0,68.043894,0.8,1.0,1,1,1,1,1,1,0,1,0,0,1,0,0,3,25.5,200.0
12266,40.39641,-3.60594,2,1.0,1.0,56.0,60.0,3,0.05,245,50,2246.0,55.472222,11.2,1.5,1,1,1,1,1,1,1,1,1,1,1,1,1,3,19.5,100.0
12267,40.34322,-3.69311,2,0.0,1.0,35.0,0.0,1,0.0,267,50,1696.0,37.641618,9.0,1.0,1,0,0,0,0,1,0,0,1,0,0,0,0,3,18.0,50.0
12268,40.4088,-3.71,4,1.0,1.0,87.0,89.0,4,2.4,184,200,4503.0,68.043894,0.8,1.0,1,0,0,0,0,1,0,1,1,0,0,0,0,3,33.0,100.0
12269,40.4088,-3.71,4,1.0,1.0,105.0,92.0,4,0.97,184,200,4503.0,68.043894,0.8,1.0,1,0,0,0,0,1,0,1,1,0,0,0,0,3,33.0,150.0
12270,40.4088,-3.71,6,2.0,2.0,196.0,92.0,4,0.66,224,200,4503.0,68.043894,0.8,2.0,1,0,0,0,0,1,0,1,1,0,0,0,0,3,51.0,200.0
12271,40.40723,-3.67537,1,1.0,1.0,30.0,1.0,3,1.0,210,50,4220.0,63.672727,3.2,1.0,1,1,1,1,1,1,1,1,1,1,1,1,1,3,10.5,50.0
12272,40.41114,-3.71327,2,1.0,1.0,35.0,89.0,1,0.5,214,200,4503.0,68.043894,0.8,1.0,1,0,0,0,0,1,0,1,0,0,0,0,0,3,18.0,50.0
12273,40.43037,-3.65364,5,2.0,3.0,100.0,95.0,1,1.57,399,200,2893.0,50.090625,6.5,1.0,1,0,0,0,0,1,0,0,0,0,1,0,0,3,40.5,100.0
12274,40.40605,-3.71516,4,2.0,2.0,70.0,95.0,1,0.37,244,200,3917.0,55.025641,1.9,1.5,1,0,0,0,0,1,0,0,1,0,1,0,0,11,34.5,100.0
12275,40.42177,-3.70513,4,0.0,2.0,99.0,98.0,1,1.27,252,200,4503.0,68.043894,0.8,1.0,1,0,0,0,0,1,0,1,1,0,0,0,0,3,33.0,100.0
12276,40.41101,-3.6971,2,1.0,1.0,69.0,100.0,1,0.36,190,50,4503.0,68.043894,0.8,1.0,0,0,0,0,0,1,0,1,1,1,0,0,0,3,18.0,100.0
12277,40.42253,-3.69978,12,5.0,6.0,283.0,96.0,3,1.42,602,200,4503.0,68.043894,0.8,5.0,1,0,0,0,0,1,0,1,0,1,1,0,0,4,105.0,200.0
12279,40.43479,-3.6507,2,1.0,3.0,40.0,0.0,1,0.0,446,200,2893.0,50.090625,6.5,1.0,1,0,0,0,0,1,0,1,1,1,1,0,0,5,18.0,50.0
12280,40.41046,-3.69723,5,2.0,4.0,150.0,97.0,1,1.13,567,200,4503.0,68.043894,0.8,1.0,1,0,0,0,0,1,0,1,1,1,1,0,0,4,40.5,150.0
12281,40.40344,-3.64482,2,1.0,2.0,33.0,96.0,2,0.41,538,50,2547.0,45.581197,5.0,2.0,0,0,0,0,0,1,0,1,1,0,1,0,0,0,21.0,50.0
12282,40.42168,-3.6979,4,1.0,1.0,78.0,96.0,1,0.93,254,200,4503.0,68.043894,0.8,1.0,1,0,0,0,0,1,0,1,0,0,0,0,0,3,33.0,100.0
12283,40.39033,-3.66773,2,1.0,1.0,30.0,99.0,1,1.08,384,50,1890.0,41.443535,5.0,1.0,1,0,0,0,0,1,0,1,0,1,1,0,0,10,18.0,50.0
12284,40.46398,-3.68726,2,1.0,1.0,30.0,87.0,1,0.31,185,50,4508.0,67.220486,5.8,1.5,1,0,0,0,0,1,0,1,1,0,0,0,0,9,19.5,50.0
12285,40.40883,-3.71169,2,1.0,1.0,74.0,96.0,1,0.5,365,200,4503.0,68.043894,0.8,1.0,1,0,0,0,0,1,0,1,1,0,1,0,0,12,18.0,100.0
12286,40.40713,-3.69435,2,1.0,1.0,80.0,0.0,1,0.0,193,200,3917.0,55.025641,1.9,1.0,1,0,0,0,0,1,0,1,0,0,1,0,0,8,18.0,100.0
12287,40.46443,-3.72458,1,0.0,1.0,16.0,95.0,8,0.18,186,50,3555.0,63.451906,5.9,1.0,0,0,0,0,0,1,0,0,0,0,1,0,0,4,10.5,50.0
12288,40.40968,-3.70456,1,1.0,1.0,30.0,100.0,1,0.18,134,50,4503.0,68.043894,0.8,1.0,0,0,0,0,0,1,0,0,0,0,1,0,0,9,10.5,50.0
12289,40.4229,-3.7014,2,1.0,1.0,43.0,97.0,1,0.69,128,50,4503.0,68.043894,0.8,1.0,0,0,0,1,0,1,0,0,1,0,0,0,0,5,18.0,50.0
12290,40.39582,-3.6972,4,2.0,3.0,51.0,89.0,3,1.52,305,200,3917.0,55.025641,1.9,1.0,1,0,0,0,0,1,0,1,1,0,0,0,0,5,33.0,100.0
12291,40.41276,-3.70694,4,1.0,2.0,82.0,91.0,18,1.54,395,200,4503.0,68.043894,0.8,1.0,1,0,0,0,0,1,0,1,1,0,1,0,0,6,33.0,100.0
12292,40.39337,-3.69632,6,2.0,3.0,88.0,75.0,4,0.62,283,200,3917.0,55.025641,1.9,1.0,1,0,0,0,0,1,0,1,0,0,0,0,0,3,48.0,100.0
12293,40.41145,-3.70824,1,1.0,1.0,25.0,100.0,1,0.2,199,50,4503.0,68.043894,0.8,1.0,0,0,0,0,0,1,0,1,1,0,0,0,0,8,10.5,50.0
12294,40.47784,-3.70318,2,1.0,1.0,80.0,0.0,1,0.0,77,50,3545.0,57.198083,16.4,1.0,0,0,0,0,0,0,0,0,1,0,0,0,0,3,18.0,100.0
12295,40.42552,-3.70377,5,2.0,3.0,71.0,0.0,43,0.0,459,200,4503.0,68.043894,0.8,2.0,1,0,0,1,0,1,0,1,0,1,0,0,0,6,43.5,100.0
12296,40.39071,-3.66712,2,1.0,1.0,30.0,93.0,2,1.67,379,50,1890.0,41.443535,5.0,1.0,1,1,1,1,1,1,1,1,1,1,1,1,1,3,18.0,50.0
12297,40.42403,-3.70705,2,1.0,1.0,45.0,80.0,5,0.32,395,50,4503.0,68.043894,0.8,2.0,0,0,0,0,0,1,0,0,0,1,1,0,0,3,21.0,50.0
12298,40.40045,-3.63982,5,4.0,4.0,40.0,87.0,3,0.15,240,200,2547.0,45.581197,5.0,1.0,1,0,0,0,0,1,0,0,0,0,0,0,0,8,40.5,50.0
12299,40.45458,-3.7037,2,1.0,3.0,40.0,0.0,1,0.0,251,200,3476.0,60.621287,5.9,1.5,1,0,0,0,0,1,0,1,1,0,1,0,0,8,19.5,50.0
12300,40.39492,-3.71961,1,1.0,1.0,100.0,0.0,1,0.0,166,50,2195.0,47.402837,6.6,1.0,0,0,0,0,0,1,0,0,1,0,0,0,0,4,10.5,100.0
12301,40.35148,-3.6869,1,1.0,1.0,15.0,80.0,1,0.09,283,50,1696.0,37.641618,9.0,1.0,0,0,0,0,0,1,0,1,1,0,0,0,0,6,10.5,50.0
12302,40.42219,-3.66772,2,1.0,1.0,70.0,97.0,1,1.05,477,200,5328.0,74.694253,2.2,1.0,1,0,0,0,0,1,0,1,0,0,1,1,1,3,18.0,100.0
12303,40.41267,-3.73004,4,2.0,3.0,45.0,98.0,4,1.3,463,200,2287.0,47.008319,4.7,1.0,1,0,0,0,0,1,0,1,0,1,1,0,0,4,33.0,50.0
12304,40.42707,-3.71298,2,1.0,1.0,69.0,97.0,1,0.36,431,200,4503.0,68.043894,0.8,1.0,1,0,0,0,0,1,0,1,1,1,1,0,0,9,18.0,100.0
12305,40.4062,-3.60488,2,2.0,2.0,18.0,0.0,1,0.05,257,50,2246.0,55.472222,11.2,1.0,1,0,0,0,0,1,0,1,0,0,1,0,0,6,18.0,50.0
12306,40.48545,-3.68904,2,2.0,2.0,70.0,0.0,2,0.06,85,200,3545.0,57.198083,16.4,1.0,1,1,1,1,1,1,0,1,0,0,0,0,0,5,18.0,100.0
12307,40.41236,-3.69515,4,2.0,2.0,160.0,0.0,1,0.0,243,200,4503.0,68.043894,0.8,1.0,1,1,1,1,1,1,0,1,1,0,1,0,0,6,33.0,200.0
12308,40.45765,-3.69434,2,1.0,2.0,35.0,100.0,1,0.05,180,50,3476.0,60.621287,5.9,1.0,0,1,1,1,1,1,0,1,1,0,1,0,0,4,18.0,50.0
12309,40.4216,-3.71242,2,2.0,2.0,60.0,0.0,2,0.0,46,50,4503.0,68.043894,0.8,1.5,0,0,0,0,0,1,0,0,0,0,0,0,0,10,19.5,100.0
12310,40.41062,-3.69987,4,1.0,2.0,32.0,92.0,3,1.13,284,200,4503.0,68.043894,0.8,1.0,1,0,0,0,0,1,0,1,0,0,1,0,0,3,33.0,50.0
12311,40.43835,-3.67601,1,1.0,1.0,20.0,93.0,2,0.14,175,50,4508.0,67.220486,5.8,1.5,0,0,0,0,0,1,0,0,0,0,0,0,0,0,12.0,50.0
12312,40.42361,-3.71194,3,1.0,2.0,250.0,95.0,2,0.18,398,200,3555.0,63.451906,5.9,1.0,1,0,0,0,0,1,0,1,1,0,1,0,0,8,25.5,200.0
12313,40.39346,-3.69576,6,3.0,3.0,96.0,84.0,4,1.44,283,200,3917.0,55.025641,1.9,1.0,1,0,0,0,0,1,0,1,0,0,0,0,0,3,48.0,100.0
12314,40.42594,-3.70491,4,1.0,1.0,68.0,87.0,2,0.27,27,200,4503.0,68.043894,0.8,2.5,1,0,0,0,0,0,0,0,0,0,0,0,0,6,37.5,100.0
12315,40.37572,-3.73887,5,3.0,3.0,67.0,84.0,4,1.22,283,200,2195.0,47.402837,6.6,1.0,1,0,0,0,0,1,0,1,0,0,0,0,0,3,40.5,100.0
12316,40.38554,-3.71478,6,2.0,2.0,67.0,73.0,4,0.44,306,200,2316.0,43.910072,4.6,1.0,1,0,0,0,0,1,0,1,0,0,0,0,0,3,48.0,100.0
12317,40.39341,-3.69809,4,1.0,2.0,51.0,90.0,2,1.42,278,200,3917.0,55.025641,1.9,1.0,1,0,0,0,0,1,0,1,1,0,0,0,0,3,33.0,100.0
12318,40.40973,-3.7126,6,2.0,4.0,90.0,95.0,2,4.47,423,200,4503.0,68.043894,0.8,1.0,1,0,0,0,0,1,0,0,0,0,1,0,0,4,48.0,100.0
12319,40.42096,-3.70479,3,1.0,1.0,84.0,93.0,4,0.96,351,200,4503.0,68.043894,0.8,1.0,1,0,0,0,0,1,0,1,1,0,1,0,0,0,25.5,100.0
12320,40.40954,-3.72978,2,1.0,1.0,22.0,98.0,2,0.41,385,50,2287.0,47.008319,4.7,1.5,0,0,0,0,0,1,0,1,0,1,1,0,0,8,19.5,50.0
12321,40.42299,-3.70106,4,1.0,2.0,39.0,97.0,4,5.69,468,200,4503.0,68.043894,0.8,1.0,1,0,0,0,0,1,0,1,1,0,0,1,0,0,33.0,50.0
12322,40.42747,-3.70619,4,2.0,2.0,90.0,0.0,2,0.0,466,200,4503.0,68.043894,0.8,1.0,1,0,0,0,0,1,0,1,0,0,1,0,0,9,33.0,100.0
12323,40.4161,-3.70845,4,1.0,2.0,194.0,99.0,1,3.19,463,200,4503.0,68.043894,0.8,1.0,1,0,0,0,0,1,0,1,1,1,1,0,0,13,33.0,200.0
12325,40.38222,-3.7831,1,1.0,1.0,25.0,80.0,1,0.05,445,50,2287.0,47.008319,4.7,1.5,0,0,0,0,0,1,0,0,0,0,1,0,0,3,12.0,50.0
12326,40.41313,-3.69898,2,1.0,1.0,90.0,100.0,3,0.14,166,200,4503.0,68.043894,0.8,1.0,1,0,0,0,0,1,0,1,0,0,0,0,0,10,18.0,100.0
12327,40.46686,-3.68931,3,1.0,1.0,155.0,0.0,3,0.0,609,50,3476.0,60.621287,5.9,1.0,1,0,0,0,0,1,0,1,1,0,1,0,0,3,25.5,200.0
12329,40.42712,-3.67755,1,0.0,1.0,30.0,100.0,1,0.09,131,50,5328.0,74.694253,2.2,1.0,0,1,1,1,1,1,0,0,1,0,0,0,0,4,10.5,50.0
12330,40.39647,-3.65514,1,1.0,1.0,20.0,0.0,1,0.0,171,50,1890.0,41.443535,5.0,0.0,0,0,0,0,0,1,0,0,0,0,0,0,0,5,7.5,50.0
12331,40.50412,-3.67264,8,3.0,6.0,98.0,85.0,3,0.98,556,200,3545.0,57.198083,16.4,2.0,1,0,0,0,0,1,1,1,1,1,0,1,0,4,66.0,100.0
12332,40.41434,-3.70043,6,2.0,5.0,106.0,92.0,25,1.31,458,200,4503.0,68.043894,0.8,2.0,1,0,0,1,0,1,0,1,0,1,0,0,0,6,51.0,150.0
12333,40.39428,-3.6936,1,1.0,1.0,24.0,90.0,3,0.09,174,50,3917.0,55.025641,1.9,1.0,0,0,0,0,0,1,0,1,0,0,1,0,0,5,10.5,50.0
12334,40.43565,-3.67664,6,2.0,2.0,106.0,80.0,1,0.09,326,200,5328.0,74.694253,2.2,1.5,1,0,0,0,0,0,0,0,1,0,1,0,0,3,49.5,150.0
12335,40.46779,-3.69723,2,1.0,2.0,300.0,97.0,1,3.04,465,50,3476.0,60.621287,5.9,1.0,0,0,0,0,0,1,0,1,0,1,1,0,0,3,18.0,200.0
12336,40.44457,-3.68055,3,3.0,3.0,100.0,0.0,4,0.0,115,200,4508.0,67.220486,5.8,1.0,1,0,0,0,0,1,0,0,0,0,1,0,0,4,25.5,100.0
12337,40.39648,-3.71341,4,1.0,4.0,88.0,84.0,1,0.93,224,200,2195.0,47.402837,6.6,1.0,1,0,0,0,0,1,0,0,0,0,0,0,0,3,33.0,100.0
12338,40.40862,-3.67784,1,1.0,1.0,30.0,100.0,3,0.09,252,50,4220.0,63.672727,3.2,1.0,0,0,0,0,0,1,0,0,1,0,1,0,0,3,10.5,50.0
12339,40.42211,-3.70816,2,1.0,1.0,33.0,94.0,20,3.81,146,50,4503.0,68.043894,0.8,1.0,1,1,1,1,1,1,0,0,0,0,0,0,0,8,18.0,50.0
12340,40.41141,-3.7035,2,1.0,1.0,40.0,94.0,10,1.54,413,200,4503.0,68.043894,0.8,1.0,1,0,0,0,0,1,0,1,0,0,1,1,0,6,18.0,50.0
12341,40.46927,-3.77705,1,1.0,1.0,50.0,0.0,2,0.0,196,50,3555.0,63.451906,5.9,1.0,1,0,0,0,0,1,1,1,0,0,1,0,0,9,10.5,50.0
12342,40.4296,-3.7143,4,0.0,2.0,70.0,97.0,3,0.85,639,200,4503.0,68.043894,0.8,1.0,1,0,0,0,0,1,0,1,1,1,1,0,0,8,33.0,100.0
12343,40.42463,-3.60616,4,2.0,2.0,100.0,100.0,3,0.07,324,50,2477.0,70.967532,7.3,2.0,1,0,0,0,0,1,0,1,1,0,0,0,0,7,36.0,100.0
12344,40.42181,-3.70912,2,2.0,1.0,60.0,93.0,1,0.37,150,50,4503.0,68.043894,0.8,1.0,0,0,0,0,0,0,0,1,1,0,0,0,0,6,18.0,100.0
12345,40.47287,-3.58612,4,1.0,2.0,58.0,95.0,1,1.4,331,200,3047.0,56.183432,11.8,1.0,1,0,0,0,0,1,0,0,0,0,1,0,1,6,33.0,100.0
12346,40.46752,-3.77543,1,1.0,1.0,60.0,0.0,2,0.0,196,50,3555.0,63.451906,5.9,1.0,1,0,0,0,0,1,1,1,0,0,1,0,0,9,10.5,100.0
12347,40.42054,-3.69904,2,1.0,1.0,19.0,80.0,18,0.09,331,50,4503.0,68.043894,0.8,2.0,0,0,0,0,0,1,0,0,1,0,1,0,0,7,21.0,50.0
12348,40.40136,-3.66601,1,1.0,1.0,35.0,0.0,2,0.0,143,50,1890.0,41.443535,5.0,1.0,0,0,0,0,0,1,0,0,0,0,1,0,0,3,10.5,50.0
12349,40.43533,-3.70116,2,1.0,1.0,50.0,0.0,3,0.0,98,200,4855.0,64.056634,2.4,1.0,1,0,0,0,0,1,0,0,0,0,0,0,0,5,18.0,50.0
12351,40.44224,-3.68087,2,1.0,1.0,80.0,0.0,4,0.0,92,200,4508.0,67.220486,5.8,1.0,1,0,0,0,0,1,0,0,0,0,0,0,0,4,18.0,100.0
12352,40.42911,-3.67375,1,1.0,1.0,18.0,0.0,1,0.0,81,50,5328.0,74.694253,2.2,1.0,0,0,0,0,0,0,0,0,0,0,1,0,0,0,10.5,50.0
12353,40.46991,-3.58012,2,1.0,1.0,20.0,90.0,5,8.03,348,50,3047.0,56.183432,11.8,1.0,0,0,0,0,0,1,0,0,0,0,1,0,0,8,18.0,50.0
12354,40.42777,-3.70356,3,1.0,1.0,83.0,73.0,1,0.18,220,200,4503.0,68.043894,0.8,1.0,1,0,0,0,0,1,0,1,0,0,1,0,0,3,25.5,100.0
12355,40.4087,-3.66617,1,1.0,1.0,33.0,0.0,2,0.0,179,50,4220.0,63.672727,3.2,1.0,0,0,0,0,0,1,0,0,0,0,0,0,0,8,10.5,50.0
12356,40.42899,-3.68059,2,1.0,1.0,71.0,20.0,69,0.08,172,200,5328.0,74.694253,2.2,1.0,1,0,0,0,0,1,0,1,1,0,0,0,0,3,18.0,100.0
12357,40.42671,-3.6869,4,2.0,3.0,173.0,0.0,69,0.0,347,200,5328.0,74.694253,2.2,2.0,1,0,0,0,0,1,0,1,1,0,0,0,0,3,36.0,200.0
12358,40.413,-3.70316,5,2.0,3.0,64.0,97.0,3,0.63,543,200,4503.0,68.043894,0.8,1.0,1,0,0,0,0,1,0,1,1,0,1,1,0,7,40.5,100.0
12359,40.40657,-3.70118,2,1.0,2.0,67.0,95.0,1,1.3,418,200,4503.0,68.043894,0.8,1.0,1,0,0,0,0,1,0,1,1,0,1,0,0,3,18.0,100.0
12360,40.42148,-3.70726,4,1.0,2.0,130.0,100.0,10,0.19,261,200,4503.0,68.043894,0.8,1.0,1,0,0,0,0,1,0,1,0,0,1,0,0,4,33.0,150.0
12361,40.44571,-3.6752,1,1.0,1.0,45.0,80.0,2,0.05,203,50,4508.0,67.220486,5.8,1.5,0,0,0,0,0,1,0,0,0,0,0,0,0,0,12.0,50.0
12362,40.42146,-3.67916,4,2.0,2.0,90.0,0.0,1,0.0,146,200,4220.0,63.672727,3.2,1.0,1,0,0,0,0,1,0,1,1,0,0,0,0,7,33.0,100.0
12363,40.40655,-3.70534,2,0.0,1.0,41.0,91.0,1,1.96,368,200,4503.0,68.043894,0.8,1.0,1,0,0,0,0,1,0,0,0,0,1,0,0,7,18.0,50.0
12364,40.41718,-3.67399,6,2.0,6.0,113.0,85.0,24,0.97,257,200,4220.0,63.672727,3.2,2.0,1,0,0,0,0,1,0,1,0,0,0,0,0,5,51.0,150.0
12365,40.42833,-3.70418,3,1.0,4.0,75.0,0.0,1,0.0,177,200,4503.0,68.043894,0.8,1.5,1,1,1,1,1,1,0,1,1,0,1,0,0,6,27.0,100.0
12366,40.42198,-3.69724,2,1.0,2.0,130.0,100.0,2,0.17,325,200,4503.0,68.043894,0.8,1.0,1,0,0,0,0,1,0,1,1,0,1,0,0,8,18.0,150.0
12368,40.42583,-3.7059,4,1.0,2.0,100.0,97.0,3,1.79,488,200,4503.0,68.043894,0.8,1.0,1,0,0,0,0,1,0,1,0,0,0,0,0,4,33.0,100.0
12369,40.41564,-3.71127,4,2.0,2.0,108.0,0.0,69,0.0,347,200,4503.0,68.043894,0.8,3.0,1,0,0,0,0,1,0,1,1,0,0,0,0,3,39.0,150.0
12370,40.42611,-3.69065,2,1.0,1.0,62.0,0.0,69,0.0,347,200,4855.0,64.056634,2.4,1.0,1,0,0,0,0,1,0,1,1,0,0,0,0,3,18.0,100.0
12371,40.42777,-3.6417,3,2.0,2.0,70.0,87.0,1,0.52,257,200,2893.0,50.090625,6.5,1.0,1,0,0,0,0,0,0,1,0,0,0,0,0,4,25.5,100.0
12372,40.42309,-3.64535,1,1.0,1.0,25.0,0.0,3,0.0,340,50,2893.0,50.090625,6.5,1.5,0,0,0,0,0,1,0,1,0,0,1,0,0,7,12.0,50.0
12373,40.39891,-3.67241,2,1.0,1.0,52.0,57.0,1,0.41,254,200,4220.0,63.672727,3.2,1.0,1,0,0,0,0,0,0,0,1,0,1,0,0,3,18.0,100.0
12374,40.38986,-3.70259,4,2.0,3.0,59.0,89.0,1,1.05,269,200,2316.0,43.910072,4.6,1.0,1,0,0,0,0,1,0,0,0,0,0,0,0,3,33.0,100.0
12375,40.41311,-3.70505,2,1.0,2.0,48.0,0.0,62,0.0,680,200,4503.0,68.043894,0.8,1.0,1,0,0,1,0,1,0,1,1,1,0,1,0,5,18.0,50.0
12376,40.43011,-3.69857,2,1.0,1.0,121.0,100.0,2,0.23,145,50,4855.0,64.056634,2.4,1.0,0,0,0,0,0,1,0,1,1,0,0,0,0,3,18.0,150.0
12378,40.38599,-3.72692,2,1.0,1.0,16.0,91.0,1,0.68,263,50,2195.0,47.402837,6.6,1.5,0,0,0,0,0,1,0,0,1,0,1,0,0,4,19.5,50.0
12379,40.45225,-3.69901,3,2.0,2.0,60.0,100.0,1,0.05,458,200,3476.0,60.621287,5.9,1.0,1,0,0,0,0,1,0,1,0,1,1,0,0,3,25.5,100.0
12381,40.38431,-3.74613,4,1.0,2.0,65.0,99.0,3,1.42,334,200,2195.0,47.402837,6.6,1.0,1,0,0,0,0,1,0,1,0,0,0,0,0,3,33.0,100.0
12382,40.39435,-3.6528,1,1.0,1.0,19.0,0.0,2,0.0,152,50,1890.0,41.443535,5.0,1.0,0,0,0,0,0,1,0,0,0,0,0,0,0,3,10.5,50.0
12383,40.42457,-3.6989,4,2.0,2.0,118.0,70.0,4,0.13,205,200,4503.0,68.043894,0.8,2.0,1,0,0,0,0,1,0,1,1,0,1,0,0,9,36.0,150.0
12384,40.40277,-3.65907,1,1.0,1.0,38.0,0.0,2,0.0,152,50,1890.0,41.443535,5.0,0.0,1,1,1,1,1,1,0,0,0,0,0,0,0,3,7.5,50.0
12385,40.40272,-3.69949,2,1.0,1.0,40.0,96.0,1,0.23,149,50,3917.0,55.025641,1.9,1.0,0,0,0,0,0,1,0,0,0,0,0,0,0,3,18.0,50.0
12386,40.41634,-3.70064,4,1.0,2.0,60.0,0.0,1,0.0,515,200,4503.0,68.043894,0.8,1.0,1,0,0,0,0,1,0,1,0,1,1,0,0,7,33.0,100.0
12387,40.43238,-3.71202,2,1.0,1.0,43.0,93.0,4,0.16,223,50,4855.0,64.056634,2.4,2.0,0,0,0,0,0,1,0,0,1,0,1,0,0,6,21.0,50.0
12388,40.44816,-3.70081,1,1.0,1.0,22.0,100.0,1,0.31,445,50,3476.0,60.621287,5.9,1.0,0,0,0,0,0,1,0,1,1,0,1,0,0,7,10.5,50.0
12389,40.40166,-3.6435,1,1.0,1.0,30.0,0.0,2,0.0,146,50,2547.0,45.581197,5.0,1.5,0,0,0,0,0,1,0,0,0,0,1,0,0,4,12.0,50.0
12390,40.40765,-3.63849,2,1.0,1.0,40.0,0.0,2,0.05,146,50,2547.0,45.581197,5.0,1.5,0,0,0,0,0,1,0,0,0,0,1,0,0,4,19.5,50.0
12391,40.46959,-3.58608,2,1.0,1.0,20.0,98.0,1,0.98,302,50,3047.0,56.183432,11.8,1.5,1,0,0,0,0,1,0,0,0,0,0,0,0,3,19.5,50.0
12392,40.4239,-3.70037,2,0.0,1.0,70.0,74.0,9,0.52,332,200,4503.0,68.043894,0.8,1.0,1,0,0,0,0,1,0,1,1,0,1,0,0,0,18.0,100.0
12393,40.42373,-3.69666,1,1.0,1.0,50.0,100.0,1,0.31,244,50,4503.0,68.043894,0.8,1.5,0,0,0,0,0,1,0,0,0,0,1,0,0,8,12.0,50.0
12394,40.4151,-3.70005,3,2.0,2.0,59.0,100.0,10,0.23,185,200,4503.0,68.043894,0.8,1.5,1,0,0,0,0,1,0,1,0,0,0,0,0,4,27.0,100.0
12395,40.41656,-3.70434,1,1.0,1.0,60.0,100.0,6,0.05,165,50,4503.0,68.043894,0.8,1.5,0,1,1,1,1,1,0,0,0,1,0,0,0,4,12.0,100.0
12396,40.40056,-3.7054,1,1.0,1.0,30.0,0.0,1,0.0,118,50,3917.0,55.025641,1.9,1.0,0,0,0,0,0,1,0,0,1,0,1,0,0,4,10.5,50.0
12397,40.413,-3.71037,2,1.0,1.0,63.0,99.0,3,1.19,364,200,4503.0,68.043894,0.8,1.0,1,0,0,0,0,1,0,1,0,0,1,0,0,6,18.0,100.0
12398,40.42171,-3.70244,4,2.0,2.0,95.0,100.0,1,0.05,273,200,4503.0,68.043894,0.8,1.5,1,0,0,0,0,1,0,1,0,0,1,0,0,7,34.5,100.0
12399,40.42335,-3.65285,2,1.0,1.0,45.0,100.0,4,0.14,109,50,2893.0,50.090625,6.5,1.5,0,0,0,0,0,1,0,0,0,0,0,0,0,6,19.5,50.0
12400,40.42666,-3.71669,1,1.0,1.0,36.0,0.0,1,0.0,220,50,3555.0,63.451906,5.9,1.0,0,0,0,0,0,1,0,0,1,0,1,0,0,3,10.5,50.0
12401,40.42284,-3.69878,3,1.0,2.0,15.0,100.0,15,0.05,602,50,4503.0,68.043894,0.8,2.0,0,0,0,0,0,1,0,0,0,0,1,0,0,6,28.5,50.0
12402,40.45609,-3.70858,2,1.0,1.0,86.0,80.0,1,0.41,121,50,3476.0,60.621287,5.9,1.0,0,1,1,1,1,1,0,1,0,0,0,0,0,3,18.0,100.0
12403,40.40978,-3.69555,1,1.0,1.0,30.0,0.0,1,0.0,103,50,4503.0,68.043894,0.8,1.0,0,0,0,0,0,1,0,0,0,0,0,0,0,7,10.5,50.0
12404,40.39756,-3.76169,6,4.0,2.0,78.0,0.0,1,0.0,239,200,2287.0,47.008319,4.7,2.0,1,0,0,0,0,1,0,0,1,0,1,0,0,3,51.0,100.0
12405,40.41444,-3.70886,4,1.0,2.0,39.0,88.0,18,0.77,380,200,4503.0,68.043894,0.8,1.0,1,0,0,0,0,1,0,1,1,1,1,0,0,6,33.0,50.0
12406,40.41716,-3.7057,1,1.0,1.0,23.0,98.0,4,3.02,510,50,4503.0,68.043894,0.8,1.5,0,0,0,0,0,1,0,0,1,1,1,0,0,7,12.0,50.0
12407,40.43429,-3.71764,1,5.0,1.0,29.0,0.0,2,0.0,137,50,4855.0,64.056634,2.4,2.5,0,0,0,0,0,1,0,0,1,0,1,0,0,7,15.0,50.0
12408,40.40894,-3.70295,3,1.0,2.0,25.0,85.0,1,1.12,331,50,4503.0,68.043894,0.8,1.5,0,0,0,0,0,1,0,0,0,0,1,0,0,5,27.0,50.0
12409,40.38284,-3.66769,2,1.0,2.0,17.0,100.0,1,0.32,375,50,1890.0,41.443535,5.0,1.0,0,0,0,0,0,1,0,0,0,0,1,0,0,3,18.0,50.0
12410,40.42121,-3.71101,3,2.0,2.0,60.0,0.0,2,0.05,105,50,4503.0,68.043894,0.8,3.0,1,1,1,1,1,1,0,0,0,0,0,0,0,10,31.5,100.0
12411,40.40638,-3.69491,2,1.0,1.0,30.0,1.0,1,1.0,166,50,3917.0,55.025641,1.9,1.0,1,1,1,1,1,1,1,1,1,1,1,1,1,5,18.0,50.0
12412,40.42053,-3.70653,4,1.0,1.0,115.0,96.0,1,0.78,381,200,4503.0,68.043894,0.8,1.0,1,0,0,0,0,1,0,1,1,0,1,0,0,3,33.0,150.0
12413,40.42856,-3.70398,5,2.0,2.0,107.0,100.0,1,0.27,308,200,4503.0,68.043894,0.8,2.0,1,0,0,0,0,1,0,1,1,1,0,0,0,8,43.5,150.0
12414,40.42223,-3.65352,5,1.0,3.0,80.0,95.0,1,2.05,338,200,2893.0,50.090625,6.5,1.0,1,0,0,0,0,1,0,1,0,0,0,0,0,3,40.5,100.0
12415,40.41355,-3.69761,3,1.0,2.0,78.0,100.0,1,0.11,150,200,4503.0,68.043894,0.8,1.0,1,0,0,0,0,1,0,0,0,0,1,0,0,8,25.5,100.0
12416,40.43453,-3.60631,4,2.0,3.0,175.0,95.0,2,0.19,156,50,2477.0,70.967532,7.3,1.0,1,0,0,0,0,1,0,1,1,0,0,0,0,3,33.0,200.0
12417,40.41148,-3.69871,4,1.0,1.0,70.0,0.0,1,0.0,27,200,4503.0,68.043894,0.8,0.0,1,0,0,0,0,0,0,0,0,0,0,0,0,5,30.0,100.0
12418,40.42529,-3.69856,1,1.0,1.0,21.0,100.0,5,0.18,437,50,4503.0,68.043894,0.8,1.0,0,0,0,0,0,1,0,0,0,1,1,0,0,9,10.5,50.0
12419,40.42657,-3.71562,5,2.0,2.0,74.0,88.0,1,2.15,295,200,3555.0,63.451906,5.9,2.0,1,0,0,0,0,1,0,1,0,0,0,0,0,3,43.5,100.0
12420,40.41681,-3.67806,2,1.0,1.0,26.0,90.0,3,5.08,578,50,4220.0,63.672727,3.2,2.0,0,0,0,0,0,1,0,0,1,0,0,0,0,3,21.0,50.0
12421,40.42414,-3.71469,2,1.0,1.0,36.0,0.0,1,0.0,154,50,3555.0,63.451906,5.9,1.0,1,0,0,0,0,1,0,0,1,0,1,0,0,0,18.0,50.0
12422,40.38181,-3.7685,1,1.0,1.0,17.0,100.0,1,0.32,121,50,2287.0,47.008319,4.7,1.0,1,1,1,1,1,1,1,1,1,1,1,1,1,9,10.5,50.0
12423,40.40493,-3.64106,4,2.0,3.0,42.0,100.0,3,0.34,421,50,2547.0,45.581197,5.0,1.0,0,0,0,0,0,1,0,1,0,1,1,0,0,3,33.0,50.0
12424,40.42552,-3.6542,2,1.0,1.0,30.0,60.0,1,0.1,150,50,2893.0,50.090625,6.5,1.0,0,0,0,0,0,1,0,0,0,0,1,0,0,7,18.0,50.0
12425,40.38558,-3.7374,6,3.0,5.0,48.0,67.0,43,0.15,428,200,2195.0,47.402837,6.6,1.0,1,0,0,1,0,1,0,1,0,0,0,0,0,6,48.0,50.0
12426,40.46979,-3.69787,2,1.0,2.0,30.0,100.0,1,0.05,133,50,3476.0,60.621287,5.9,1.0,0,0,0,0,0,1,0,0,0,0,1,0,0,3,18.0,50.0
12427,40.42873,-3.6659,1,1.0,1.0,15.0,96.0,1,0.78,148,50,5328.0,74.694253,2.2,1.5,0,0,0,0,0,1,0,0,0,0,0,0,0,7,12.0,50.0
12428,40.40977,-3.7341,2,1.0,2.0,25.0,100.0,1,0.36,225,50,2287.0,47.008319,4.7,1.0,0,1,1,1,1,1,0,1,1,0,1,0,0,3,18.0,50.0
12429,40.40403,-3.64014,1,1.0,1.0,17.0,100.0,1,0.11,96,50,2547.0,45.581197,5.0,1.5,0,0,0,0,0,0,0,0,1,0,0,0,0,4,12.0,50.0
12430,40.42615,-3.69245,5,2.0,3.0,153.0,98.0,13,1.88,346,200,4855.0,64.056634,2.4,1.0,1,0,0,0,0,1,0,1,1,0,1,0,0,4,40.5,200.0
12431,40.42179,-3.70069,2,1.0,1.0,55.0,90.0,1,0.22,204,50,4503.0,68.043894,0.8,1.0,0,0,0,0,0,1,0,1,0,0,1,0,0,3,18.0,100.0
12432,40.39657,-3.77523,1,0.0,1.0,21.0,100.0,2,0.46,387,50,2287.0,47.008319,4.7,1.0,0,0,0,0,0,1,0,0,1,0,1,0,0,0,10.5,50.0
12433,40.40718,-3.70103,3,1.0,1.0,65.0,100.0,3,0.37,319,50,4503.0,68.043894,0.8,2.0,0,0,0,0,0,0,0,1,1,0,1,0,0,3,28.5,100.0
12434,40.43331,-3.70217,2,1.0,1.0,87.0,100.0,1,0.43,178,200,4855.0,64.056634,2.4,1.5,1,0,0,0,0,1,0,1,0,0,0,0,0,9,19.5,100.0
12435,40.43506,-3.66667,2,1.0,1.0,50.0,95.0,1,0.42,266,50,5328.0,74.694253,2.2,1.0,1,0,0,0,0,1,0,1,1,0,0,0,0,3,18.0,50.0
12436,40.42892,-3.62902,1,1.0,1.0,20.0,100.0,1,0.05,67,50,2477.0,70.967532,7.3,1.0,0,0,0,0,0,1,0,0,0,0,0,0,0,0,10.5,50.0
12437,40.38735,-3.66648,2,1.0,1.0,21.0,100.0,2,0.19,140,50,1890.0,41.443535,5.0,1.0,0,0,0,0,0,1,0,0,1,0,0,0,0,4,18.0,50.0
12438,40.41987,-3.70865,2,1.0,1.0,60.0,100.0,4,0.06,279,50,4503.0,68.043894,0.8,1.0,1,0,0,0,0,1,0,1,1,0,0,0,0,6,18.0,100.0
12439,40.4074,-3.70473,2,1.0,1.0,71.0,81.0,24,0.67,207,200,4503.0,68.043894,0.8,1.0,1,0,0,0,0,1,0,0,0,0,0,0,0,5,18.0,100.0
12443,40.42011,-3.70026,2,1.0,2.0,50.0,100.0,1,0.2,188,200,4503.0,68.043894,0.8,1.0,1,0,0,0,0,1,0,0,0,0,1,0,0,3,18.0,50.0
12444,40.47171,-3.70453,1,1.0,1.0,33.0,80.0,5,0.06,114,50,3476.0,60.621287,5.9,1.5,1,0,0,0,0,1,0,0,1,0,1,0,0,4,12.0,50.0
12445,40.46341,-3.70034,2,1.0,1.0,31.0,95.0,1,0.73,261,50,3476.0,60.621287,5.9,1.0,0,0,0,0,0,1,0,0,1,0,0,0,0,5,18.0,50.0
12446,40.41647,-3.71022,3,1.0,2.0,43.0,98.0,1,2.2,439,50,4503.0,68.043894,0.8,1.0,0,0,0,0,0,1,0,1,1,0,1,0,0,4,25.5,50.0
12447,40.41664,-3.71141,5,2.0,4.0,50.0,95.0,1,3.49,456,200,4503.0,68.043894,0.8,1.5,1,0,0,0,0,1,0,1,1,0,0,0,0,5,42.0,50.0
12448,40.42481,-3.70995,2,1.0,1.0,54.0,100.0,1,0.05,173,50,4503.0,68.043894,0.8,1.0,0,0,0,0,0,1,0,0,0,0,0,0,0,5,18.0,100.0
12449,40.44526,-3.67396,3,1.0,2.0,40.0,0.0,1,0.0,140,50,4508.0,67.220486,5.8,1.0,1,0,0,0,0,1,0,1,0,0,0,0,0,6,25.5,50.0
12450,40.4278,-3.68614,4,2.0,3.0,122.0,83.0,16,0.75,257,200,5328.0,74.694253,2.2,1.0,1,0,0,0,0,1,0,1,0,0,0,0,0,10,33.0,150.0
12453,40.4217,-3.71225,2,1.0,1.0,40.0,0.0,1,0.0,141,50,4503.0,68.043894,0.8,2.5,0,0,0,0,0,1,0,0,1,0,1,0,0,6,22.5,50.0
12455,40.41987,-3.70841,4,1.0,4.0,90.0,90.0,6,0.11,103,50,4503.0,68.043894,0.8,1.5,0,0,0,0,0,1,0,1,1,0,0,0,0,3,34.5,100.0
12457,40.42035,-3.7089,2,1.0,2.0,43.0,93.0,6,0.16,117,50,4503.0,68.043894,0.8,1.0,1,0,0,0,0,1,0,1,1,0,0,0,0,3,18.0,50.0
12458,40.42037,-3.70877,4,1.0,4.0,52.0,97.0,6,0.38,103,50,4503.0,68.043894,0.8,1.5,0,0,0,0,0,1,0,1,1,0,0,0,0,3,34.5,100.0
12459,40.42445,-3.62002,3,2.0,2.0,113.0,0.0,2,0.0,194,200,2477.0,70.967532,7.3,1.0,1,0,0,0,0,1,0,1,0,0,1,0,0,7,25.5,150.0
12461,40.42259,-3.70226,2,1.0,1.0,28.0,91.0,1,0.57,493,200,4503.0,68.043894,0.8,1.0,1,1,1,1,1,1,1,1,1,1,1,1,1,7,18.0,50.0
12462,40.41025,-3.731,1,1.0,1.0,35.0,100.0,1,0.05,92,50,2287.0,47.008319,4.7,1.0,0,0,0,0,0,1,0,1,0,0,0,0,0,4,10.5,50.0
12463,40.43244,-3.65066,5,3.0,3.0,56.0,82.0,2,0.55,274,200,2893.0,50.090625,6.5,1.0,1,0,0,0,0,1,0,0,0,0,1,0,0,8,40.5,100.0
12464,40.43732,-3.67314,3,1.0,3.0,45.0,90.0,1,1.55,214,50,5328.0,74.694253,2.2,1.5,1,0,0,0,0,1,0,0,0,0,1,0,0,3,27.0,50.0
12465,40.4487,-3.67447,4,1.0,2.0,49.0,89.0,3,3.06,402,200,4508.0,67.220486,5.8,1.0,1,0,0,0,0,1,0,1,0,0,1,0,0,3,33.0,50.0
12466,40.38762,-3.74205,4,1.0,1.0,29.0,0.0,1,0.0,151,50,2195.0,47.402837,6.6,1.0,0,0,0,0,0,1,0,0,0,0,0,0,0,3,33.0,50.0
12467,40.43007,-3.71868,1,1.0,1.0,16.0,100.0,31,0.09,322,50,3555.0,63.451906,5.9,2.0,0,0,0,0,0,1,0,1,1,0,1,0,0,5,13.5,50.0
12468,40.41515,-3.70662,4,2.0,3.0,109.0,98.0,5,0.46,410,200,4503.0,68.043894,0.8,1.0,1,0,0,0,0,1,0,1,1,1,1,0,0,8,33.0,150.0
12469,40.42964,-3.71895,1,1.0,1.0,25.0,100.0,31,0.14,331,50,3555.0,63.451906,5.9,1.0,1,0,0,0,0,1,0,1,1,0,1,0,0,5,10.5,50.0
12470,40.40584,-3.70963,1,1.0,1.0,17.0,90.0,31,0.09,180,50,3917.0,55.025641,1.9,1.0,1,0,0,0,0,1,0,0,1,0,0,0,0,5,10.5,50.0
12471,40.43471,-3.62894,2,1.0,1.0,26.0,100.0,2,0.14,510,50,2477.0,70.967532,7.3,1.0,1,0,0,0,0,1,0,0,1,1,1,0,0,5,18.0,50.0
12472,40.41765,-3.70416,2,1.0,1.0,35.0,100.0,15,0.05,533,50,4503.0,68.043894,0.8,2.0,1,1,1,1,1,1,1,1,1,1,1,1,1,6,21.0,50.0
12473,40.42677,-3.71652,1,1.0,1.0,19.0,0.0,31,0.0,179,50,3555.0,63.451906,5.9,1.5,0,0,0,0,0,0,0,0,1,0,1,0,0,5,12.0,50.0
12474,40.37962,-3.72912,2,1.0,1.0,30.0,91.0,2,0.73,170,50,2195.0,47.402837,6.6,1.0,0,0,0,0,0,1,0,0,0,0,1,0,0,4,18.0,50.0
12475,40.41001,-3.70702,2,1.0,1.0,40.0,89.0,2,1.93,401,200,4503.0,68.043894,0.8,1.0,1,0,0,0,0,1,0,0,0,1,1,0,0,6,18.0,50.0
12476,40.42765,-3.67197,5,3.0,4.0,115.0,0.0,69,0.0,367,200,5328.0,74.694253,2.2,2.0,1,0,0,0,0,1,0,1,1,1,0,0,0,3,43.5,150.0
12477,40.43913,-3.67742,2,1.0,1.0,24.0,0.0,1,0.0,70,50,4508.0,67.220486,5.8,1.0,0,0,0,0,0,0,0,0,0,0,0,0,0,5,18.0,50.0
12478,40.4256,-3.69995,4,2.0,2.0,150.0,0.0,2,0.0,210,200,4503.0,68.043894,0.8,1.5,1,0,0,0,0,1,0,1,1,0,0,0,0,0,34.5,150.0
12479,40.42528,-3.70271,2,1.0,1.0,69.0,0.0,69,0.0,347,200,4503.0,68.043894,0.8,1.0,1,0,0,0,0,1,0,1,1,0,0,0,0,3,18.0,100.0
12486,40.41287,-3.70177,1,1.0,2.0,117.0,0.0,7,0.0,288,50,4503.0,68.043894,0.8,1.0,0,0,0,0,0,0,0,0,1,0,0,0,0,3,10.5,150.0
12487,40.42493,-3.70578,1,1.0,1.0,41.0,98.0,2,0.58,142,50,4503.0,68.043894,0.8,1.0,0,0,0,0,0,1,0,1,0,0,0,0,0,7,10.5,50.0
12488,40.41502,-3.70424,4,0.0,2.0,85.0,100.0,1,0.14,291,200,4503.0,68.043894,0.8,1.5,1,0,0,0,0,0,0,1,1,0,0,0,0,5,34.5,100.0
12489,40.45303,-3.59258,1,1.0,1.0,15.0,94.0,2,2.26,313,50,3047.0,56.183432,11.8,1.5,0,0,0,0,0,1,0,0,1,1,1,0,0,3,12.0,50.0
12490,40.42918,-3.72637,1,1.0,1.0,20.0,100.0,31,0.05,266,50,3555.0,63.451906,5.9,2.0,0,0,0,0,0,1,0,0,1,0,1,0,0,5,13.5,50.0
12491,40.35321,-3.67873,1,1.0,1.0,12.0,100.0,1,0.23,182,50,1696.0,37.641618,9.0,1.0,0,0,0,0,0,1,0,0,1,0,1,0,0,6,10.5,50.0
12492,40.4081,-3.65613,1,1.0,1.0,32.0,0.0,1,0.0,137,50,2547.0,45.581197,5.0,1.5,0,0,0,0,0,1,0,0,1,0,0,0,0,6,12.0,50.0
12493,40.45573,-3.68092,2,0.0,1.0,250.0,0.0,1,0.0,68,200,4508.0,67.220486,5.8,2.0,1,0,0,0,0,1,0,1,1,0,0,0,0,3,21.0,200.0
12494,40.40559,-3.71249,4,1.0,1.0,82.0,94.0,1,0.94,348,200,3917.0,55.025641,1.9,1.0,1,0,0,0,0,1,0,1,1,1,1,0,0,3,33.0,100.0
12495,40.41287,-3.70311,5,2.0,4.0,80.0,98.0,4,1.53,467,200,4503.0,68.043894,0.8,1.0,1,0,0,0,0,1,0,1,1,0,0,0,1,10,40.5,100.0
12496,40.42081,-3.70693,4,2.0,3.0,56.0,98.0,1,0.43,336,200,4503.0,68.043894,0.8,2.0,1,0,0,0,0,1,0,1,1,0,1,0,0,3,36.0,100.0
12497,40.47116,-3.68632,4,4.0,5.0,90.0,0.0,1,0.0,100,200,4508.0,67.220486,5.8,2.0,1,0,0,0,0,1,0,0,1,0,0,0,0,4,36.0,100.0
12498,40.42585,-3.70337,4,1.0,2.0,60.0,100.0,1,0.05,229,200,4503.0,68.043894,0.8,1.0,1,1,1,1,1,0,0,1,1,0,0,0,0,0,33.0,100.0
12499,40.42673,-3.67789,4,2.0,2.0,79.0,100.0,45,0.05,373,200,5328.0,74.694253,2.2,1.0,1,0,0,0,0,1,0,1,0,0,1,0,1,4,33.0,100.0
12500,40.37515,-3.74143,2,1.0,2.0,14.0,100.0,1,0.13,589,50,2195.0,47.402837,6.6,1.0,0,0,0,0,0,1,0,0,0,1,1,1,0,3,18.0,50.0
12501,40.39949,-3.69992,1,1.0,1.0,20.0,0.0,1,0.0,122,50,3917.0,55.025641,1.9,2.0,0,0,0,0,0,1,0,0,1,0,1,0,0,5,13.5,50.0
12502,40.47725,-3.70762,3,2.0,2.0,98.0,89.0,1,0.46,897,200,3545.0,57.198083,16.4,1.5,1,0,0,0,0,1,0,1,1,1,1,0,1,3,27.0,100.0
12503,40.38443,-3.71668,2,1.0,2.0,22.0,82.0,3,0.6,289,50,2316.0,43.910072,4.6,1.0,0,0,0,0,0,1,0,0,1,1,0,0,0,5,18.0,50.0
12504,40.40411,-3.70993,1,1.0,1.0,45.0,0.0,2,0.0,133,50,3917.0,55.025641,1.9,1.0,0,0,0,0,0,1,0,0,1,0,0,0,0,6,10.5,50.0
12505,40.42112,-3.70892,2,1.0,1.0,38.0,0.0,26,0.0,163,50,4503.0,68.043894,0.8,2.0,0,0,0,0,0,1,0,0,1,0,1,0,0,4,21.0,50.0
12506,40.47088,-3.64497,4,1.0,2.0,53.0,96.0,2,3.35,403,200,3312.0,62.061453,9.2,1.0,1,0,0,0,0,1,0,0,0,0,0,0,0,6,33.0,100.0
12507,40.40759,-3.71614,1,1.0,1.0,35.0,100.0,1,0.11,211,50,3917.0,55.025641,1.9,1.5,1,1,1,1,1,1,1,1,1,1,1,1,1,3,12.0,50.0
12509,40.38441,-3.71639,2,1.0,1.0,26.0,97.0,3,0.95,294,50,2316.0,43.910072,4.6,1.0,0,0,0,0,0,1,0,0,1,1,0,0,0,5,18.0,50.0
12510,40.42601,-3.70669,2,1.0,1.0,48.0,97.0,1,4.29,607,200,4503.0,68.043894,0.8,1.0,1,0,0,0,0,1,0,1,0,0,1,1,0,6,18.0,50.0
12511,40.42268,-3.69794,1,1.0,1.0,38.0,100.0,1,0.11,116,50,4503.0,68.043894,0.8,1.0,1,0,0,0,0,1,0,0,0,0,1,0,0,7,10.5,50.0
12512,40.41158,-3.69493,6,2.0,2.0,45.0,91.0,1,1.71,314,200,4503.0,68.043894,0.8,2.0,1,0,0,0,0,1,0,1,1,0,0,0,0,3,51.0,50.0
12513,40.40071,-3.65873,1,0.0,1.0,30.0,0.0,1,0.0,156,50,1890.0,41.443535,5.0,1.0,0,0,0,0,0,1,0,0,1,0,0,0,0,3,10.5,50.0
12514,40.45101,-3.58392,2,1.0,1.0,21.0,88.0,5,3.0,313,50,3047.0,56.183432,11.8,1.0,0,0,0,0,0,1,0,0,0,0,1,0,0,8,18.0,50.0
12515,40.407,-3.70146,4,1.0,1.0,45.0,0.0,2,0.0,227,200,4503.0,68.043894,0.8,1.0,1,1,1,1,1,1,0,1,1,0,1,0,0,5,33.0,50.0
12516,40.41287,-3.69769,2,1.0,1.0,40.0,100.0,1,0.05,84,50,4503.0,68.043894,0.8,1.0,0,0,0,0,0,1,0,0,0,0,0,0,0,3,18.0,50.0
12517,40.41219,-3.73017,1,1.0,1.0,35.0,0.0,1,0.0,286,50,2287.0,47.008319,4.7,1.0,0,0,0,0,0,1,0,1,0,0,0,0,0,6,10.5,50.0
12518,40.43074,-3.67279,2,1.0,1.0,65.0,91.0,2,1.76,196,50,5328.0,74.694253,2.2,1.0,1,0,0,0,0,1,0,1,0,0,0,0,0,6,18.0,100.0
12519,40.38522,-3.63819,1,1.0,1.0,15.0,96.0,3,0.23,161,50,1890.0,41.443535,5.0,1.0,0,0,0,0,0,1,0,0,0,0,0,0,0,4,10.5,50.0
12520,40.40955,-3.70389,6,2.0,3.0,140.0,0.0,1,0.0,223,200,4503.0,68.043894,0.8,2.0,1,0,0,0,0,1,0,1,0,0,1,0,0,12,51.0,150.0
12521,40.41983,-3.69725,4,1.0,1.0,93.0,98.0,67,1.54,354,200,4503.0,68.043894,0.8,1.0,1,0,0,0,0,1,0,1,0,0,1,0,0,7,33.0,100.0
12522,40.42982,-3.69648,4,2.0,2.0,183.0,100.0,2,0.05,160,200,4855.0,64.056634,2.4,1.0,1,0,0,0,0,0,0,1,1,0,1,0,0,3,33.0,200.0
12523,40.36654,-3.59959,1,1.0,1.0,100.0,0.0,1,0.0,52,50,2382.0,49.659794,11.0,1.0,0,1,1,1,1,0,0,0,0,0,0,0,0,7,10.5,100.0
12525,40.42769,-3.67868,6,2.0,3.0,157.0,96.0,1,0.7,382,200,5328.0,74.694253,2.2,2.0,1,0,0,0,0,1,0,1,1,1,1,0,0,3,51.0,200.0
12526,40.42198,-3.69848,4,1.0,2.0,98.0,97.0,9,0.77,479,200,4503.0,68.043894,0.8,1.0,1,0,0,0,0,1,0,1,0,1,1,0,0,7,33.0,100.0
12527,40.42036,-3.697,4,1.0,2.0,114.0,80.0,9,0.11,381,200,4503.0,68.043894,0.8,1.0,1,0,0,0,0,1,0,1,0,1,1,0,0,7,33.0,150.0
12528,40.4415,-3.70718,2,1.0,1.0,92.0,96.0,9,2.63,388,200,4855.0,64.056634,2.4,1.0,1,0,0,0,0,1,0,1,0,0,1,0,0,7,18.0,100.0
12529,40.43953,-3.70911,2,1.0,1.0,103.0,100.0,9,0.14,450,200,4855.0,64.056634,2.4,1.0,1,0,0,0,0,1,0,1,0,1,1,0,0,7,18.0,150.0
12530,40.41141,-3.7035,2,1.0,1.0,42.0,95.0,10,1.66,492,200,4503.0,68.043894,0.8,1.0,1,0,0,0,0,1,0,1,0,0,1,1,0,6,18.0,50.0
12531,40.41761,-3.6755,2,1.0,2.0,35.0,100.0,1,0.05,460,50,4220.0,63.672727,3.2,2.0,0,0,0,0,0,1,0,1,1,1,1,0,0,3,21.0,50.0
12532,40.41435,-3.70088,6,2.0,3.0,123.0,83.0,1,0.42,343,200,4503.0,68.043894,0.8,1.0,1,0,0,0,0,1,0,1,1,1,0,0,0,3,48.0,150.0
12533,40.40752,-3.7145,1,1.0,1.0,42.0,100.0,1,0.09,193,50,3917.0,55.025641,1.9,2.0,0,0,0,0,0,1,0,1,1,0,1,0,0,8,13.5,50.0
12534,40.43137,-3.71004,2,1.0,1.0,35.0,55.0,24,0.22,217,50,4855.0,64.056634,2.4,2.0,1,0,0,0,0,1,0,0,0,0,0,0,0,5,21.0,50.0
12535,40.43,-3.70937,2,1.0,1.0,35.0,95.0,24,0.25,206,50,4855.0,64.056634,2.4,2.0,1,0,0,0,0,1,0,0,0,0,0,0,0,5,21.0,50.0
12536,40.39276,-3.68689,7,3.0,1.0,137.0,100.0,2,0.05,260,200,3917.0,55.025641,1.9,2.0,1,1,1,1,1,1,1,1,1,1,1,1,1,3,58.5,150.0
12537,40.42895,-3.7186,3,3.0,3.0,50.0,0.0,1,0.0,386,200,3555.0,63.451906,5.9,2.0,1,0,0,0,0,0,0,0,1,0,1,0,0,8,28.5,50.0
12538,40.42173,-3.7099,1,1.0,1.0,30.0,100.0,1,0.05,356,50,4503.0,68.043894,0.8,1.5,0,0,0,0,0,1,0,1,1,0,1,0,0,3,12.0,50.0
12539,40.39556,-3.69706,4,2.0,2.0,80.0,0.0,1,0.0,116,200,3917.0,55.025641,1.9,1.0,1,0,0,0,0,1,0,0,1,0,0,0,0,9,33.0,100.0
12540,40.39151,-3.69619,2,1.0,1.0,70.0,84.0,1,0.55,316,200,3917.0,55.025641,1.9,1.0,1,0,0,0,0,1,0,1,0,1,1,0,0,3,18.0,100.0
12541,40.4096,-3.69615,1,1.0,2.0,42.0,0.0,2,0.0,179,50,4503.0,68.043894,0.8,1.0,0,1,1,1,1,1,0,0,1,0,1,0,0,9,10.5,50.0
12542,40.42535,-3.70499,1,1.0,1.0,17.0,80.0,5,1.71,191,50,4503.0,68.043894,0.8,3.0,1,1,1,1,1,1,1,1,1,1,1,1,1,3,16.5,50.0
12543,40.43542,-3.60796,2,1.0,2.0,75.0,100.0,2,0.06,167,50,2477.0,70.967532,7.3,1.5,1,0,0,0,0,1,0,1,1,0,0,0,0,3,19.5,100.0
12544,40.43108,-3.72674,1,1.0,1.0,18.0,100.0,31,0.05,237,50,3555.0,63.451906,5.9,2.0,0,0,0,0,0,1,0,0,1,0,1,0,0,5,13.5,50.0
12545,40.44083,-3.67387,3,1.0,2.0,81.0,93.0,1,1.01,285,200,4508.0,67.220486,5.8,1.0,1,0,0,0,0,1,0,1,1,0,0,0,0,0,25.5,100.0
12546,40.4291,-3.72617,1,1.0,1.0,16.0,90.0,31,0.1,237,50,3555.0,63.451906,5.9,2.0,0,0,0,0,0,1,0,0,1,0,1,0,0,5,13.5,50.0
12547,40.42966,-3.7247,1,1.0,1.0,17.0,0.0,31,0.0,237,50,3555.0,63.451906,5.9,2.0,0,0,0,0,0,1,0,0,1,0,1,0,0,5,13.5,50.0
12548,40.45063,-3.7068,4,1.0,2.0,108.0,92.0,25,0.23,306,200,3476.0,60.621287,5.9,1.5,1,0,0,0,0,1,0,1,0,0,1,0,0,3,34.5,150.0
12549,40.41951,-3.70903,2,1.0,1.0,18.0,82.0,29,3.0,141,50,4503.0,68.043894,0.8,2.0,1,0,0,0,0,1,0,0,1,0,1,0,0,3,21.0,50.0
12550,40.38459,-3.72869,1,1.0,1.0,100.0,0.0,1,0.0,52,200,2195.0,47.402837,6.6,1.0,1,0,0,0,0,1,1,0,0,0,0,0,0,3,10.5,100.0
12552,40.41874,-3.6997,4,1.0,2.0,84.0,97.0,1,1.07,350,200,4503.0,68.043894,0.8,1.0,1,0,0,0,0,1,0,1,0,0,0,0,0,3,33.0,100.0
12553,40.42017,-3.70673,1,1.0,1.0,16.0,82.0,29,2.52,118,50,4503.0,68.043894,0.8,2.0,0,0,0,0,0,1,0,0,1,0,0,0,0,3,13.5,50.0
12555,40.42015,-3.70712,1,1.0,1.0,16.0,85.0,29,2.09,117,50,4503.0,68.043894,0.8,2.0,0,0,0,0,0,1,0,0,1,0,1,0,0,3,13.5,50.0
12557,40.40927,-3.69945,4,1.0,2.0,71.0,95.0,62,0.82,405,200,4503.0,68.043894,0.8,1.0,1,0,0,0,0,1,0,1,0,1,1,0,0,5,33.0,100.0
12558,40.42167,-3.70435,4,1.0,2.0,112.0,60.0,72,0.16,238,200,4503.0,68.043894,0.8,1.0,1,0,0,0,0,1,0,1,0,0,1,0,0,6,33.0,150.0
12559,40.38295,-3.65006,2,1.0,1.0,350.0,0.0,1,0.0,67,50,1890.0,41.443535,5.0,1.0,0,0,0,0,0,1,0,0,0,0,0,0,0,3,18.0,200.0
12560,40.42153,-3.712,3,0.0,2.0,137.0,91.0,7,0.79,283,200,4503.0,68.043894,0.8,1.0,1,0,0,0,0,1,0,1,0,0,1,0,0,4,25.5,150.0
12561,40.44752,-3.61102,1,1.0,1.0,20.0,100.0,1,0.14,338,50,2477.0,70.967532,7.3,1.0,0,0,0,0,0,1,0,0,1,0,1,0,0,3,10.5,50.0
12562,40.46666,-3.69727,1,1.0,1.0,17.0,0.0,1,0.0,227,50,3476.0,60.621287,5.9,1.0,0,1,1,1,1,1,0,1,1,0,1,0,0,5,10.5,50.0
12563,40.41801,-3.70432,2,0.0,1.0,60.0,93.0,6,0.16,94,50,4503.0,68.043894,0.8,1.0,0,1,1,1,1,1,0,0,0,0,0,0,0,4,18.0,100.0
12564,40.42083,-3.67837,2,1.0,1.0,37.0,93.0,1,0.79,244,50,4220.0,63.672727,3.2,1.0,0,0,0,0,0,1,0,1,1,0,1,0,0,4,18.0,50.0
12565,40.38472,-3.72705,1,2.0,1.0,100.0,0.0,1,0.0,64,200,2195.0,47.402837,6.6,1.0,1,0,0,0,0,1,0,0,0,0,0,0,0,3,10.5,100.0
12566,40.38475,-3.72476,1,1.0,1.0,100.0,0.0,1,0.0,39,50,2195.0,47.402837,6.6,1.0,1,1,1,1,1,1,0,0,0,0,0,0,0,3,10.5,100.0
12567,40.44502,-3.69991,4,2.0,2.0,75.0,0.0,1,0.0,105,200,4855.0,64.056634,2.4,1.0,1,0,0,0,0,0,0,0,1,0,1,0,0,10,33.0,100.0
12568,40.45108,-3.70885,2,2.0,2.0,38.0,93.0,1,1.03,377,50,3476.0,60.621287,5.9,2.0,1,0,0,0,0,1,0,0,0,0,0,0,0,3,21.0,50.0
12569,40.42595,-3.70606,6,2.0,3.0,55.0,98.0,1,0.42,140,200,4503.0,68.043894,0.8,1.0,1,0,0,0,0,1,0,1,0,0,0,0,0,7,48.0,100.0
12570,40.41285,-3.70531,5,2.0,3.0,119.0,96.0,4,0.7,310,200,4503.0,68.043894,0.8,1.0,1,0,0,0,0,1,0,1,1,0,1,0,0,3,40.5,150.0
12571,40.41078,-3.70757,6,2.0,4.0,48.0,98.0,1,4.57,704,200,4503.0,68.043894,0.8,1.0,1,0,0,0,0,1,0,1,1,0,1,0,1,3,48.0,50.0
12572,40.4352,-3.66954,2,1.0,1.0,30.0,0.0,1,0.0,150,50,5328.0,74.694253,2.2,1.0,0,0,0,0,0,1,0,1,1,0,0,0,0,6,18.0,50.0
12573,40.41773,-3.70226,3,0.0,2.0,60.0,100.0,1,0.05,167,200,4503.0,68.043894,0.8,1.0,1,0,0,0,0,1,0,0,1,0,0,0,0,6,25.5,100.0
12574,40.4092,-3.70527,1,1.0,1.0,20.0,90.0,1,0.48,312,50,4503.0,68.043894,0.8,1.0,0,0,0,0,0,1,0,1,0,0,1,0,0,7,10.5,50.0
12575,40.40161,-3.5626,1,1.0,1.0,35.0,100.0,1,0.05,115,50,2246.0,55.472222,11.2,1.0,1,1,1,1,1,1,1,1,1,1,1,1,1,3,10.5,50.0
12576,40.46866,-3.64492,6,3.0,4.0,95.0,99.0,1,0.7,480,200,3312.0,62.061453,9.2,2.0,1,0,0,0,0,1,0,1,1,0,1,0,0,3,51.0,100.0
12577,40.42333,-3.69577,2,0.0,1.0,170.0,0.0,1,0.0,111,50,4503.0,68.043894,0.8,1.0,0,1,1,1,1,1,0,0,0,0,0,0,0,3,18.0,200.0
12578,40.41818,-3.70068,4,1.0,1.0,104.0,80.0,1,0.41,175,200,4503.0,68.043894,0.8,1.0,1,0,0,0,0,1,0,1,1,0,0,0,0,5,33.0,150.0
12579,40.42235,-3.6287,3,1.0,1.0,50.0,0.0,1,0.0,295,200,2893.0,50.090625,6.5,1.5,1,0,0,0,0,1,0,1,0,0,1,0,0,4,27.0,50.0
12580,40.395,-3.69625,1,1.0,1.0,20.0,80.0,1,0.05,121,50,3917.0,55.025641,1.9,1.0,0,1,1,1,1,1,0,0,1,0,0,0,0,5,10.5,50.0
12581,40.4078,-3.71411,4,1.0,2.0,51.0,98.0,1,1.2,401,200,4503.0,68.043894,0.8,1.0,1,0,0,0,0,1,0,1,1,1,1,0,0,3,33.0,100.0
12582,40.44066,-3.67411,4,2.0,2.0,129.0,90.0,1,0.12,219,50,4508.0,67.220486,5.8,1.5,0,0,0,0,1,1,0,1,0,0,1,0,0,6,34.5,150.0
12583,40.43346,-3.70546,1,1.0,1.0,25.0,100.0,2,0.05,138,50,4855.0,64.056634,2.4,1.0,1,1,1,1,1,1,1,1,1,1,1,1,1,3,10.5,50.0
12585,40.46333,-3.70185,1,1.0,1.0,15.0,94.0,11,1.16,348,50,3476.0,60.621287,5.9,2.0,0,0,0,0,0,1,0,0,1,1,1,0,0,7,13.5,50.0
12586,40.43739,-3.7171,2,1.0,1.0,300.0,0.0,1,0.0,97,50,4855.0,64.056634,2.4,1.0,0,0,0,0,0,1,0,0,1,0,0,0,0,8,18.0,200.0
12587,40.42068,-3.66626,4,1.0,2.0,48.0,73.0,4,0.17,533,200,5328.0,74.694253,2.2,1.0,1,0,0,0,0,1,0,1,0,1,1,0,0,8,33.0,50.0
12588,40.4622,-3.69564,1,1.0,1.0,25.0,96.0,11,0.7,243,50,3476.0,60.621287,5.9,2.0,0,0,0,0,0,1,0,0,0,0,1,0,0,7,13.5,50.0
12589,40.43089,-3.67658,4,2.0,2.0,119.0,0.0,69,0.0,347,200,5328.0,74.694253,2.2,2.0,1,0,0,0,0,1,0,1,1,0,0,0,0,3,36.0,150.0
12590,40.41049,-3.71187,4,1.0,2.0,66.0,98.0,4,1.7,387,200,4503.0,68.043894,0.8,1.0,1,0,0,0,0,1,0,1,0,0,1,0,0,3,33.0,100.0
12591,40.44215,-3.69553,1,1.0,1.0,17.0,80.0,31,0.2,257,50,4855.0,64.056634,2.4,2.0,0,0,0,0,0,1,0,0,1,0,1,0,0,5,13.5,50.0
12592,40.44562,-3.70388,1,1.0,1.0,17.0,100.0,31,0.15,326,50,4855.0,64.056634,2.4,2.0,1,1,1,1,1,1,1,1,1,1,1,1,1,5,13.5,50.0
12593,40.47029,-3.71812,1,1.0,1.0,15.0,100.0,1,0.19,126,50,3555.0,63.451906,5.9,1.0,0,0,0,0,0,1,0,0,1,0,1,0,0,6,10.5,50.0
12594,40.44043,-3.7015,6,2.0,4.0,98.0,94.0,3,1.39,244,200,4855.0,64.056634,2.4,2.0,1,0,0,0,0,1,0,0,1,0,1,0,0,9,51.0,100.0
12595,40.43407,-3.71663,4,0.0,1.0,20.0,87.0,1,0.14,184,50,4855.0,64.056634,2.4,1.5,0,0,0,0,0,1,0,0,0,0,1,0,0,3,34.5,50.0
12596,40.44828,-3.71656,8,2.0,4.0,79.0,85.0,28,1.44,633,200,3555.0,63.451906,5.9,1.5,1,0,0,0,0,1,1,1,1,1,1,0,0,7,64.5,100.0
12597,40.3942,-3.66921,2,1.0,1.0,24.0,95.0,1,0.37,247,50,1890.0,41.443535,5.0,1.5,0,0,0,0,0,1,0,1,0,1,1,0,0,3,19.5,50.0
12598,40.40773,-3.68834,4,2.0,3.0,165.0,0.0,28,0.0,177,200,4220.0,63.672727,3.2,2.0,1,0,0,1,0,1,0,1,0,0,0,0,0,10,36.0,200.0
12599,40.5016,-3.66653,1,1.0,1.0,30.0,100.0,1,0.1,211,50,3545.0,57.198083,16.4,1.0,1,1,1,1,1,0,1,1,1,0,1,0,0,7,10.5,50.0
12600,40.4337,-3.67007,6,2.0,3.0,161.0,96.0,1,0.51,408,200,5328.0,74.694253,2.2,2.5,1,0,0,0,0,1,0,1,1,0,0,0,0,3,52.5,200.0
12601,40.39724,-3.69392,2,1.0,1.0,100.0,0.0,2,0.0,282,50,3917.0,55.025641,1.9,1.5,0,1,1,1,1,1,0,1,1,0,0,0,1,3,19.5,100.0
12602,40.39767,-3.69567,1,1.0,1.0,63.0,0.0,2,0.0,217,50,3917.0,55.025641,1.9,1.0,0,1,1,1,1,1,0,1,1,0,0,0,0,3,10.5,100.0
12603,40.48019,-3.66417,4,2.0,2.0,85.0,0.0,2,0.0,252,200,2893.0,50.090625,6.5,1.5,1,1,1,1,1,1,1,1,1,0,1,0,0,6,34.5,100.0
12604,40.42341,-3.69854,2,1.0,1.0,34.0,93.0,6,0.83,235,50,4503.0,68.043894,0.8,1.0,0,0,0,0,0,1,0,0,1,1,1,0,0,3,18.0,50.0
12605,40.43705,-3.68562,5,3.0,4.0,145.0,90.0,8,0.09,141,200,5328.0,74.694253,2.2,2.0,1,0,0,0,0,1,0,1,0,0,1,0,0,4,43.5,150.0
12606,40.42114,-3.69734,2,1.0,1.0,37.0,99.0,2,4.15,706,50,4503.0,68.043894,0.8,1.0,1,0,0,0,0,1,0,1,1,1,1,0,1,4,18.0,50.0
12607,40.42364,-3.70033,2,1.0,2.0,31.0,80.0,6,0.88,361,50,4503.0,68.043894,0.8,1.0,0,0,0,0,0,1,0,0,0,1,1,0,0,3,18.0,50.0
12608,40.42891,-3.67748,2,1.0,2.0,70.0,90.0,1,0.14,339,200,5328.0,74.694253,2.2,1.0,1,0,0,0,0,1,0,0,1,0,1,0,0,4,18.0,100.0
12609,40.49048,-3.69716,4,1.0,3.0,78.0,95.0,2,0.68,487,200,3545.0,57.198083,16.4,1.0,1,0,0,0,0,1,0,0,0,0,1,0,1,7,33.0,100.0
12610,40.41063,-3.70901,2,1.0,2.0,60.0,93.0,1,0.15,261,50,4503.0,68.043894,0.8,1.5,0,0,0,0,0,1,0,0,1,0,0,0,0,7,19.5,100.0
12611,40.4129,-3.69934,8,4.0,6.0,299.0,98.0,1,0.86,320,200,4503.0,68.043894,0.8,4.0,1,0,0,0,0,1,0,1,0,0,1,0,0,0,72.0,200.0
12612,40.41016,-3.69698,4,1.0,1.0,86.0,90.0,72,0.11,195,200,4503.0,68.043894,0.8,1.0,1,0,0,0,0,1,0,1,0,0,1,0,0,6,33.0,100.0
12613,40.41677,-3.70447,1,0.0,1.0,34.0,0.0,6,0.0,102,50,4503.0,68.043894,0.8,1.0,0,1,1,1,1,1,0,0,0,0,0,0,0,4,10.5,50.0
12614,40.44343,-3.68191,3,1.0,1.0,49.0,95.0,1,0.51,419,200,4508.0,67.220486,5.8,1.0,1,0,0,0,0,1,0,1,1,0,1,0,0,4,25.5,50.0
12615,40.41572,-3.70011,4,1.0,2.0,84.0,96.0,1,1.34,390,200,4503.0,68.043894,0.8,1.0,1,0,0,0,0,1,0,1,1,0,1,0,0,3,33.0,100.0
12616,40.39234,-3.70534,3,1.0,2.0,45.0,100.0,1,0.23,275,200,2316.0,43.910072,4.6,1.0,1,0,0,0,0,1,0,1,0,0,0,0,0,6,25.5,50.0
12617,40.37154,-3.7538,1,1.0,1.0,350.0,0.0,1,0.0,33,50,2195.0,47.402837,6.6,1.0,0,0,0,0,0,1,0,0,0,0,0,0,0,0,10.5,200.0
12618,40.45499,-3.70459,7,3.0,5.0,71.0,87.0,1,1.37,290,200,3476.0,60.621287,5.9,2.0,1,0,0,0,0,1,0,1,0,0,0,0,0,3,58.5,100.0
12619,40.46705,-3.81442,2,1.0,1.0,39.0,87.0,1,0.15,262,50,3555.0,63.451906,5.9,1.0,0,0,0,0,0,1,1,1,0,1,1,0,0,9,18.0,50.0
12620,40.42501,-3.69999,2,1.0,1.0,80.0,0.0,15,0.07,262,200,4503.0,68.043894,0.8,1.5,1,0,0,0,0,1,0,1,1,0,0,0,0,4,19.5,100.0
12621,40.49481,-3.6927,1,1.0,1.0,20.0,100.0,1,0.42,166,50,3545.0,57.198083,16.4,1.0,0,0,0,0,0,1,0,0,0,0,1,0,0,7,10.5,50.0
12622,40.41376,-3.69667,6,2.0,3.0,55.0,95.0,1,3.43,333,200,4503.0,68.043894,0.8,2.0,1,0,0,0,0,1,0,1,1,1,0,0,0,3,51.0,100.0
12623,40.43132,-3.6155,1,0.0,1.0,800.0,0.0,1,0.0,153,50,2477.0,70.967532,7.3,1.0,0,1,1,1,1,1,0,1,0,0,0,0,0,3,10.5,200.0
12624,40.42747,-3.68658,7,3.0,3.0,150.0,0.0,1,0.0,412,200,5328.0,74.694253,2.2,2.0,1,0,0,0,0,1,0,1,1,0,1,0,0,3,58.5,150.0
12625,40.40811,-3.70188,4,2.0,2.0,32.0,99.0,3,2.38,439,200,4503.0,68.043894,0.8,1.0,1,0,0,0,0,1,0,1,0,1,1,0,0,4,33.0,50.0
12626,40.42331,-3.70712,2,1.0,1.0,106.0,100.0,1,2.13,492,200,4503.0,68.043894,0.8,1.0,1,0,0,0,0,1,0,1,0,0,1,0,0,7,18.0,150.0
12627,40.42688,-3.66169,4,1.0,3.0,500.0,0.0,1,0.0,178,200,5328.0,74.694253,2.2,1.5,1,0,0,0,0,0,1,0,1,0,1,0,0,3,34.5,200.0
12628,40.381,-3.66875,1,1.0,1.0,22.0,95.0,1,0.22,424,50,1890.0,41.443535,5.0,1.0,0,0,0,0,0,1,0,0,0,0,1,0,0,3,10.5,50.0
12629,40.389,-3.76126,3,2.0,2.0,100.0,100.0,1,0.16,345,200,2287.0,47.008319,4.7,1.0,1,0,0,0,0,1,0,1,1,0,0,0,0,6,25.5,100.0
12630,40.365,-3.7588,2,1.0,1.0,25.0,100.0,3,0.06,85,50,2195.0,47.402837,6.6,1.0,1,0,0,0,0,1,0,0,1,0,0,0,0,3,18.0,50.0
12631,40.36324,-3.76082,2,1.0,1.0,18.0,100.0,3,0.1,209,50,2195.0,47.402837,6.6,1.0,0,0,0,0,0,1,0,0,1,0,0,0,0,3,18.0,50.0
12632,40.38642,-3.73463,2,1.0,1.0,32.0,88.0,1,0.27,220,50,2195.0,47.402837,6.6,1.0,0,0,0,0,0,1,0,0,0,0,1,0,0,5,18.0,50.0
12633,40.41054,-3.7074,6,2.0,3.0,111.0,91.0,1,1.94,435,200,4503.0,68.043894,0.8,2.0,1,0,0,0,1,1,0,1,0,0,1,0,0,3,51.0,150.0
12634,40.40714,-3.69912,2,1.0,1.0,45.0,100.0,3,0.21,383,50,4503.0,68.043894,0.8,2.0,0,0,0,0,0,0,0,1,1,1,1,0,0,3,21.0,50.0
12636,40.39637,-3.75418,1,1.0,1.0,100.0,0.0,1,0.0,33,50,2287.0,47.008319,4.7,1.0,1,0,0,0,0,1,0,0,0,0,0,0,0,3,10.5,100.0
12637,40.40729,-3.67928,1,1.0,1.0,14.0,95.0,1,1.04,222,50,4220.0,63.672727,3.2,2.0,0,0,0,0,0,1,0,0,1,0,1,0,0,5,13.5,50.0
12638,40.42536,-3.72903,4,1.0,1.0,70.0,0.0,3,0.0,384,200,3555.0,63.451906,5.9,1.0,1,1,1,1,1,1,0,1,1,0,1,0,0,6,33.0,100.0
12640,40.41041,-3.70747,4,1.0,2.0,62.0,94.0,7,1.44,762,200,4503.0,68.043894,0.8,1.0,1,0,0,0,0,1,0,1,0,1,0,0,0,6,33.0,100.0
12641,40.41167,-3.69639,4,1.0,1.0,50.0,80.0,5,0.08,544,200,4503.0,68.043894,0.8,1.0,1,0,0,0,0,1,0,1,0,1,1,0,0,5,33.0,50.0
12642,40.44857,-3.67898,2,1.0,1.0,42.0,91.0,2,1.17,160,50,4508.0,67.220486,5.8,1.0,0,0,0,0,0,1,0,0,1,0,0,0,0,3,18.0,50.0
12643,40.39703,-3.75466,1,1.0,1.0,100.0,0.0,1,0.0,43,50,2287.0,47.008319,4.7,1.0,1,0,0,0,0,1,0,0,0,0,0,0,0,3,10.5,100.0
12644,40.42961,-3.70279,4,2.0,2.0,79.0,89.0,2,1.04,471,200,4855.0,64.056634,2.4,2.0,1,0,0,0,0,1,0,0,0,0,1,0,1,6,36.0,100.0
12645,40.47132,-3.65652,1,1.0,1.0,100.0,0.0,1,0.0,93,50,3312.0,62.061453,9.2,1.0,1,0,0,0,0,1,0,1,0,0,1,0,0,3,10.5,100.0
12646,40.45294,-3.69547,2,1.0,1.0,116.0,0.0,1,0.0,74,50,3476.0,60.621287,5.9,1.0,1,0,0,0,0,1,0,0,0,0,0,0,0,3,18.0,150.0
12647,40.43601,-3.68184,1,1.0,1.0,35.0,0.0,2,0.0,324,50,5328.0,74.694253,2.2,2.0,0,0,0,0,0,1,0,0,1,0,1,0,0,7,13.5,50.0
12648,40.42114,-3.69734,1,1.0,1.0,44.0,98.0,2,2.79,591,50,4503.0,68.043894,0.8,1.0,0,0,0,0,0,1,0,0,1,1,1,0,1,4,10.5,50.0
12649,40.4048,-3.73014,1,1.0,1.0,13.0,86.0,1,3.6,429,50,2287.0,47.008319,4.7,1.0,1,0,0,0,0,1,0,1,0,0,1,0,0,8,10.5,50.0
12650,40.3862,-3.72566,1,1.0,1.0,100.0,0.0,1,0.0,44,50,2195.0,47.402837,6.6,1.0,1,0,0,0,0,1,0,0,0,0,0,0,0,3,10.5,100.0
12651,40.41344,-3.70015,6,3.0,4.0,175.0,73.0,3,0.21,239,200,4503.0,68.043894,0.8,2.0,1,0,0,0,0,1,0,0,1,0,0,0,0,4,51.0,200.0
12652,40.41988,-3.7055,4,1.0,2.0,54.0,90.0,1,1.89,235,200,4503.0,68.043894,0.8,1.0,1,0,0,0,0,1,0,0,1,0,0,0,0,3,33.0,100.0
12653,40.39557,-3.76831,2,1.0,2.0,26.0,0.0,2,0.0,137,50,2287.0,47.008319,4.7,1.0,0,1,1,1,1,1,0,0,1,0,1,0,0,6,18.0,50.0
12654,40.41707,-3.70068,4,1.0,1.0,55.0,96.0,1,0.47,239,200,4503.0,68.043894,0.8,1.0,1,0,0,0,0,1,0,1,0,0,1,0,0,4,33.0,100.0
12655,40.37048,-3.69313,6,2.0,3.0,83.0,97.0,3,1.42,399,200,2316.0,43.910072,4.6,1.0,1,0,0,0,0,1,0,1,1,0,0,0,0,0,48.0,100.0
12656,40.39208,-3.69366,2,1.0,1.0,30.0,100.0,3,0.05,165,50,3917.0,55.025641,1.9,1.0,0,0,0,0,0,1,0,1,0,0,1,0,0,5,18.0,50.0
12657,40.42392,-3.66609,2,0.0,1.0,36.0,87.0,1,0.46,219,200,5328.0,74.694253,2.2,1.0,1,0,0,0,0,1,0,1,0,0,1,0,0,3,18.0,50.0
12658,40.44302,-3.67618,2,1.0,1.0,30.0,93.0,1,0.22,305,50,4508.0,67.220486,5.8,1.0,1,0,0,0,0,1,1,1,1,1,1,0,0,4,18.0,50.0
12659,40.43665,-3.71357,4,2.0,2.0,80.0,0.0,2,0.0,73,200,4855.0,64.056634,2.4,1.0,1,1,1,1,1,1,0,0,0,0,0,0,0,3,33.0,100.0
12660,40.38277,-3.73374,1,1.0,1.0,100.0,0.0,1,0.0,67,50,2195.0,47.402837,6.6,1.0,1,0,0,0,0,1,0,0,1,0,0,0,0,3,10.5,100.0
12661,40.38204,-3.72995,1,1.0,1.0,100.0,0.0,1,0.0,33,50,2195.0,47.402837,6.6,1.0,1,0,0,0,0,1,0,0,0,0,0,0,0,3,10.5,100.0
12662,40.40581,-3.67354,4,1.0,2.0,72.0,99.0,1,1.49,378,200,4220.0,63.672727,3.2,1.0,1,0,0,0,0,1,0,1,1,0,1,0,0,4,33.0,100.0
12664,40.45956,-3.70784,3,1.0,2.0,24.0,95.0,2,0.21,446,50,3476.0,60.621287,5.9,1.5,0,0,0,0,0,1,0,1,0,1,1,0,0,0,27.0,50.0
12665,40.4573,-3.70579,4,1.0,2.0,150.0,0.0,1,0.0,123,200,3476.0,60.621287,5.9,1.0,1,0,0,0,0,1,0,1,0,0,0,0,0,8,33.0,150.0
12669,40.38687,-3.73115,2,1.0,1.0,38.0,0.0,5,0.0,278,50,2195.0,47.402837,6.6,1.0,0,0,0,0,0,1,0,0,0,0,1,0,0,4,18.0,50.0
12670,40.44999,-3.69964,4,2.0,3.0,110.0,100.0,2,0.21,162,200,3476.0,60.621287,5.9,1.0,1,0,0,0,0,1,0,1,1,0,0,0,0,6,33.0,150.0
12673,40.47552,-3.70129,3,3.0,3.0,292.0,0.0,1,0.0,173,50,3545.0,57.198083,16.4,0.0,1,0,0,0,0,1,0,0,0,0,1,0,0,7,22.5,200.0
12674,40.42932,-3.65082,2,1.0,2.0,40.0,0.0,2,0.0,71,50,2893.0,50.090625,6.5,1.0,1,1,1,1,1,1,0,0,0,0,0,0,0,6,18.0,50.0
12675,40.42818,-3.65293,2,1.0,2.0,30.0,0.0,2,0.0,65,50,2893.0,50.090625,6.5,1.0,1,1,1,1,1,1,0,0,0,0,0,0,0,6,18.0,50.0
12676,40.39158,-3.70458,3,2.0,3.0,65.0,0.0,1,0.05,143,200,2316.0,43.910072,4.6,1.0,1,0,0,0,0,1,0,0,0,0,1,0,0,9,25.5,100.0
12677,40.41907,-3.70125,1,1.0,1.0,20.0,0.0,2,0.0,193,50,4503.0,68.043894,0.8,1.0,0,0,0,0,0,1,0,1,0,0,1,0,0,4,10.5,50.0
12678,40.40993,-3.7026,2,1.0,1.0,50.0,96.0,7,5.53,604,200,4503.0,68.043894,0.8,1.0,1,0,0,0,0,1,0,1,1,1,1,0,0,6,18.0,50.0
12679,40.43102,-3.68392,4,2.0,3.0,222.0,87.0,28,0.31,166,200,5328.0,74.694253,2.2,2.0,1,0,0,0,0,1,0,1,1,0,0,0,0,10,36.0,200.0
12680,40.41407,-3.70417,7,2.0,5.0,61.0,89.0,11,1.8,561,200,4503.0,68.043894,0.8,1.0,1,0,0,0,0,1,0,1,1,1,1,0,0,6,55.5,100.0
12681,40.43782,-3.67464,2,1.0,1.0,46.0,94.0,2,1.5,384,200,5328.0,74.694253,2.2,1.5,1,0,0,0,0,1,0,1,1,1,0,0,0,3,19.5,50.0
12682,40.38934,-3.70383,2,1.0,1.0,25.0,90.0,1,0.98,396,50,2316.0,43.910072,4.6,2.0,1,0,0,0,0,1,0,0,0,1,1,0,0,5,21.0,50.0
12683,40.40831,-3.70347,4,2.0,2.0,65.0,0.0,2,0.0,200,200,4503.0,68.043894,0.8,1.0,1,0,0,0,0,0,0,1,1,0,1,0,0,6,33.0,100.0
12684,40.40999,-3.69418,2,1.0,1.0,45.0,0.0,1,0.0,158,50,4503.0,68.043894,0.8,1.0,0,0,0,0,0,1,0,1,1,0,0,0,0,3,18.0,50.0
12685,40.39029,-3.70126,1,1.0,1.0,20.0,97.0,1,0.33,196,50,2316.0,43.910072,4.6,1.5,0,0,0,0,0,1,0,0,1,1,1,0,0,6,12.0,50.0
12686,40.42574,-3.67865,6,3.0,3.0,80.0,0.0,1,0.0,190,200,5328.0,74.694253,2.2,2.0,1,0,0,0,0,0,0,0,0,0,1,0,0,3,51.0,100.0
12687,40.47525,-3.63791,4,2.0,4.0,90.0,0.0,1,0.0,9,200,3312.0,62.061453,9.2,1.0,1,0,0,0,0,0,0,0,0,0,0,0,0,8,33.0,100.0
12688,40.41164,-3.73018,3,2.0,2.0,37.0,98.0,1,0.62,784,200,2287.0,47.008319,4.7,1.0,1,0,0,0,0,1,0,0,0,0,1,0,0,6,25.5,50.0
12689,40.3953,-3.71375,3,1.0,1.0,21.0,90.0,1,0.14,128,50,2195.0,47.402837,6.6,2.0,0,0,0,0,0,1,0,1,1,0,0,0,0,6,28.5,50.0
12690,40.42821,-3.70569,1,1.0,1.0,15.0,80.0,2,0.15,208,50,4503.0,68.043894,0.8,1.0,0,0,0,0,0,1,0,0,0,0,1,0,0,7,10.5,50.0
12691,40.42696,-3.67948,3,1.0,2.0,60.0,92.0,7,0.64,230,200,5328.0,74.694253,2.2,1.0,1,0,0,1,0,1,0,1,0,0,0,0,0,13,25.5,100.0
12692,40.47428,-3.57882,2,1.0,1.0,60.0,100.0,2,1.03,403,200,3047.0,56.183432,11.8,1.0,1,0,0,0,0,1,0,1,0,1,1,0,0,7,18.0,100.0
12693,40.4164,-3.69598,6,2.0,3.0,159.0,96.0,4,1.15,320,200,4503.0,68.043894,0.8,2.0,1,0,0,0,0,1,0,1,0,0,1,0,0,6,51.0,200.0
12694,40.4454,-3.65103,1,1.0,1.0,100.0,0.0,1,0.0,51,50,2893.0,50.090625,6.5,1.0,1,0,0,0,0,1,0,0,1,0,0,0,0,6,10.5,100.0
12695,40.441,-3.70533,1,1.0,1.0,100.0,0.0,1,0.0,33,50,4855.0,64.056634,2.4,1.0,1,0,0,0,0,1,0,0,0,0,0,0,0,3,10.5,100.0
12696,40.42533,-3.68236,1,1.0,1.0,34.0,0.0,1,0.0,175,50,5328.0,74.694253,2.2,1.0,0,0,0,0,1,1,0,1,1,0,0,0,0,10,10.5,50.0
12697,40.49542,-3.71374,2,1.0,1.0,40.0,0.0,1,0.0,299,50,3545.0,57.198083,16.4,1.5,0,0,0,0,0,1,1,0,1,0,1,0,0,4,19.5,50.0
12699,40.39811,-3.64485,1,0.0,1.0,23.0,0.0,1,0.0,143,50,2547.0,45.581197,5.0,1.5,0,1,1,1,1,1,0,0,0,0,0,0,0,3,12.0,50.0
12700,40.38373,-3.70471,6,3.0,5.0,69.0,89.0,5,0.96,298,200,2316.0,43.910072,4.6,1.0,1,0,0,0,0,1,0,1,0,0,0,0,0,9,48.0,100.0
12701,40.3872,-3.73124,1,1.0,1.0,31.0,90.0,2,0.21,284,50,2195.0,47.402837,6.6,1.0,0,0,0,0,0,1,0,0,0,0,0,0,0,3,10.5,50.0
12702,40.42727,-3.70438,4,2.0,2.0,110.0,70.0,2,0.1,524,200,4503.0,68.043894,0.8,2.0,1,0,0,0,0,1,0,1,1,0,1,0,1,6,36.0,150.0
12703,40.37585,-3.60663,2,1.0,1.0,65.0,20.0,1,0.05,222,50,2382.0,49.659794,11.0,1.0,1,1,1,1,1,1,0,1,1,0,1,0,0,4,18.0,100.0
12704,40.41014,-3.70204,1,1.0,1.0,30.0,0.0,1,0.0,188,50,4503.0,68.043894,0.8,1.0,0,0,0,0,0,1,0,0,0,0,1,0,0,7,10.5,50.0
12706,40.4098,-3.7058,6,3.0,4.0,66.0,99.0,1,2.24,359,200,4503.0,68.043894,0.8,1.0,1,0,0,0,0,1,0,0,0,0,1,0,0,8,48.0,100.0
12707,40.43822,-3.64332,1,1.0,1.0,35.0,0.0,1,0.0,44,50,2893.0,50.090625,6.5,1.0,0,0,0,0,0,1,0,0,1,0,0,0,0,4,10.5,50.0
12708,40.39052,-3.69281,2,1.0,1.0,65.0,93.0,1,0.66,411,200,3917.0,55.025641,1.9,1.0,1,0,0,0,0,1,0,1,0,0,1,0,0,4,18.0,100.0
12709,40.42859,-3.71877,4,3.0,3.0,65.0,100.0,3,0.27,290,200,3555.0,63.451906,5.9,1.0,1,0,0,0,0,1,0,0,1,0,1,0,0,8,33.0,100.0
12710,40.43187,-3.71534,6,4.0,4.0,229.0,100.0,4,0.16,253,200,4855.0,64.056634,2.4,3.5,1,0,0,0,0,1,0,1,0,0,1,0,0,9,55.5,200.0
12711,40.41485,-3.70912,4,1.0,2.0,61.0,93.0,4,0.85,409,200,4503.0,68.043894,0.8,1.0,1,0,0,0,0,1,0,1,1,1,1,0,0,4,33.0,100.0
12713,40.43045,-3.71051,3,1.0,2.0,30.0,100.0,6,0.05,267,50,4855.0,64.056634,2.4,2.5,0,0,0,0,0,1,0,0,1,0,1,0,0,5,30.0,50.0
12714,40.42356,-3.69993,2,1.0,1.0,91.0,96.0,6,1.77,438,200,4503.0,68.043894,0.8,1.0,1,0,0,0,1,1,0,1,1,1,0,0,1,3,18.0,100.0
12715,40.41679,-3.70268,5,4.0,5.0,80.0,0.0,1,0.0,131,50,4503.0,68.043894,0.8,2.0,1,0,0,1,0,1,0,0,0,0,0,0,0,6,43.5,100.0
12716,40.47184,-3.69098,1,0.0,1.0,22.0,0.0,1,0.0,146,50,3476.0,60.621287,5.9,1.0,0,0,0,0,0,1,0,1,0,0,1,0,0,9,10.5,50.0
12717,40.37918,-3.66978,2,1.0,1.0,25.0,99.0,2,0.92,344,50,1890.0,41.443535,5.0,1.0,0,0,0,0,0,1,0,0,1,0,0,0,0,5,18.0,50.0
12718,40.44675,-3.70592,6,3.0,4.0,170.0,100.0,31,0.15,726,200,4855.0,64.056634,2.4,1.0,1,0,0,0,0,1,0,1,0,1,1,0,0,8,48.0,200.0
12719,40.40862,-3.70414,4,2.0,3.0,71.0,94.0,12,1.67,414,200,4503.0,68.043894,0.8,1.0,1,0,0,0,0,1,0,1,1,1,1,0,0,5,33.0,100.0
12720,40.43007,-3.7039,1,1.0,1.0,30.0,0.0,1,0.0,146,50,4855.0,64.056634,2.4,1.0,0,0,0,0,0,1,0,1,0,0,0,0,0,3,10.5,50.0
12721,40.42121,-3.71056,2,1.0,1.0,35.0,90.0,26,0.09,208,50,4503.0,68.043894,0.8,2.0,0,0,0,0,0,1,0,1,1,0,1,0,0,4,21.0,50.0
12722,40.39057,-3.75495,1,1.0,1.0,17.0,95.0,2,0.2,266,50,2287.0,47.008319,4.7,1.0,1,1,1,1,1,1,1,1,1,1,1,1,1,0,10.5,50.0
12723,40.3869,-3.66877,2,1.0,1.0,35.0,1.0,2,1.0,126,50,1890.0,41.443535,5.0,1.0,1,1,1,1,1,1,1,1,1,1,1,1,1,4,18.0,50.0
12725,40.43107,-3.71306,2,1.0,1.0,40.0,99.0,1,0.93,286,50,4855.0,64.056634,2.4,1.0,1,0,0,0,0,1,0,1,0,0,0,0,0,8,18.0,50.0
12726,40.41422,-3.69997,2,1.0,1.0,40.0,0.0,1,0.0,145,50,4503.0,68.043894,0.8,1.0,0,0,0,0,0,1,0,1,0,0,1,0,0,3,18.0,50.0
12727,40.42817,-3.6755,1,1.0,1.0,29.0,0.0,1,0.0,113,50,5328.0,74.694253,2.2,1.0,0,0,0,0,0,1,0,0,1,0,1,0,0,6,10.5,50.0
12728,40.39291,-3.66475,2,1.0,1.0,23.0,0.0,1,0.05,137,50,1890.0,41.443535,5.0,1.0,0,0,0,0,0,1,0,0,0,0,0,0,0,3,18.0,50.0
12729,40.42654,-3.63878,1,1.0,2.0,27.0,100.0,1,0.49,412,50,2893.0,50.090625,6.5,1.0,0,0,0,0,0,1,0,1,0,0,1,0,0,3,10.5,50.0
12730,40.39803,-3.77435,1,1.0,1.0,17.0,99.0,3,0.91,408,50,2287.0,47.008319,4.7,1.0,0,0,0,0,0,1,0,0,0,0,1,0,1,3,10.5,50.0
12731,40.3965,-3.77409,2,1.0,1.0,23.0,100.0,3,1.05,400,50,2287.0,47.008319,4.7,1.0,0,0,0,0,0,1,0,0,0,0,1,0,1,3,18.0,50.0
12732,40.43302,-3.67309,6,1.0,3.0,101.0,93.0,28,0.81,445,200,5328.0,74.694253,2.2,1.0,1,0,0,0,0,1,1,1,1,0,1,0,0,7,48.0,150.0
12733,40.41008,-3.70632,6,2.0,3.0,70.0,93.0,1,3.19,328,200,4503.0,68.043894,0.8,1.0,1,0,0,0,0,1,0,0,0,0,1,0,0,3,48.0,100.0
12734,40.42525,-3.69788,2,1.0,1.0,38.0,86.0,3,0.33,165,50,4503.0,68.043894,0.8,3.0,1,1,1,1,1,1,0,0,1,0,1,0,0,6,24.0,50.0
12735,40.38856,-3.71436,2,1.0,1.0,43.0,95.0,1,0.71,451,50,2195.0,47.402837,6.6,1.5,0,0,0,0,0,1,0,0,0,0,1,0,0,4,19.5,50.0
12736,40.39631,-3.76334,1,1.0,1.0,20.0,0.0,4,0.0,137,50,2287.0,47.008319,4.7,1.0,0,0,0,0,0,1,0,0,0,0,1,0,0,7,10.5,50.0
12737,40.43234,-3.70451,3,1.0,2.0,65.0,80.0,3,0.19,212,200,4855.0,64.056634,2.4,1.5,1,0,0,0,0,1,0,1,1,0,1,0,0,4,27.0,100.0
12738,40.42563,-3.69885,2,1.0,1.0,103.0,94.0,6,2.31,377,200,4503.0,68.043894,0.8,1.0,1,0,0,0,1,1,0,1,1,1,0,0,0,3,18.0,150.0
12739,40.43161,-3.71315,6,3.0,5.0,90.0,96.0,6,0.69,717,200,4855.0,64.056634,2.4,2.0,1,0,0,0,0,1,0,1,1,1,1,0,0,9,51.0,100.0
12740,40.42615,-3.68471,6,2.0,4.0,122.0,99.0,7,0.9,397,200,5328.0,74.694253,2.2,1.0,1,0,0,0,0,1,0,1,1,1,1,0,0,6,48.0,150.0
12741,40.48511,-3.61229,2,1.0,2.0,46.0,100.0,1,0.09,398,50,3047.0,56.183432,11.8,1.0,0,0,0,0,0,0,1,1,1,0,0,0,0,4,18.0,50.0
12742,40.40691,-3.70072,3,1.0,2.0,65.0,96.0,1,1.34,378,200,4503.0,68.043894,0.8,1.0,1,0,0,0,0,1,0,1,0,1,1,0,0,8,25.5,100.0
12743,40.42582,-3.70787,6,3.0,5.0,270.0,100.0,5,0.06,554,200,4503.0,68.043894,0.8,2.0,1,0,0,0,0,1,0,1,1,1,1,0,0,4,51.0,200.0
12744,40.42017,-3.71743,5,2.0,3.0,105.0,93.0,2,0.87,371,200,4503.0,68.043894,0.8,1.0,1,0,0,0,0,1,0,1,1,1,1,0,0,10,40.5,150.0
12745,40.42674,-3.67847,6,2.0,3.0,108.0,93.0,1,1.29,323,200,5328.0,74.694253,2.2,2.0,1,0,0,0,0,1,0,1,1,0,0,0,0,3,51.0,150.0
12746,40.44833,-3.7138,1,1.0,1.0,23.0,95.0,1,0.25,185,50,3555.0,63.451906,5.9,1.0,0,0,0,0,0,1,1,0,1,0,1,0,0,7,10.5,50.0
12747,40.41934,-3.67495,2,1.0,2.0,40.0,93.0,1,0.52,367,50,4220.0,63.672727,3.2,1.0,0,0,0,0,0,1,0,1,0,0,1,0,0,6,18.0,50.0
12748,40.43292,-3.64625,2,1.0,1.0,30.0,75.0,15,0.24,224,50,2893.0,50.090625,6.5,3.0,0,0,0,0,0,1,0,1,0,0,1,0,0,4,24.0,50.0
12749,40.44209,-3.64551,2,1.0,1.0,25.0,86.0,15,0.34,224,50,2893.0,50.090625,6.5,3.0,1,0,0,0,0,1,0,1,0,0,1,0,0,4,24.0,50.0
12751,40.42352,-3.70022,2,0.0,1.0,55.0,93.0,2,0.16,145,200,4503.0,68.043894,0.8,1.0,1,0,0,0,0,0,0,1,1,0,0,0,0,3,18.0,100.0
12752,40.4368,-3.64468,1,1.0,2.0,10.0,0.0,3,0.0,253,50,2893.0,50.090625,6.5,1.0,1,1,1,1,1,1,0,0,0,1,1,0,0,6,10.5,50.0
12753,40.33281,-3.70213,2,1.0,1.0,26.0,95.0,1,1.12,582,50,1696.0,37.641618,9.0,1.0,0,0,0,0,0,1,0,1,1,1,0,0,0,3,18.0,50.0
12754,40.33916,-3.69069,5,2.0,3.0,71.0,95.0,45,0.76,714,200,1696.0,37.641618,9.0,1.0,1,0,0,0,0,1,0,1,0,0,1,0,1,4,40.5,100.0
12755,40.39379,-3.69749,1,1.0,1.0,17.0,100.0,1,0.16,344,50,3917.0,55.025641,1.9,1.0,0,0,0,0,0,1,0,0,1,0,1,0,0,3,10.5,50.0
12756,40.42711,-3.70533,2,1.0,1.0,30.0,100.0,2,0.43,150,50,4503.0,68.043894,0.8,2.0,0,0,0,0,0,1,0,0,0,0,1,0,0,6,21.0,50.0
12757,40.3943,-3.69853,1,1.0,1.0,16.0,89.0,3,0.34,364,50,3917.0,55.025641,1.9,1.0,0,0,0,0,0,1,0,1,1,0,0,0,0,3,10.5,50.0
12758,40.39135,-3.66628,8,3.0,5.0,107.0,92.0,40,1.14,417,200,1890.0,41.443535,5.0,2.0,1,0,0,0,0,1,0,1,0,1,1,0,0,5,66.0,150.0
12759,40.41871,-3.67702,2,1.0,1.0,35.0,0.0,2,0.0,128,50,4220.0,63.672727,3.2,1.0,0,1,1,1,1,1,0,0,0,0,0,0,0,3,18.0,50.0
12760,40.46582,-3.63181,1,1.0,1.0,25.0,94.0,2,0.72,104,50,3312.0,62.061453,9.2,1.5,0,1,1,1,1,1,0,1,0,0,0,0,0,0,12.0,50.0
12761,40.45947,-3.68927,1,1.0,1.0,40.0,95.0,1,1.9,258,50,4508.0,67.220486,5.8,1.0,1,0,0,0,0,1,0,0,1,0,0,0,0,6,10.5,50.0
12762,40.41516,-3.70669,4,1.0,2.0,70.0,99.0,7,1.27,312,200,4503.0,68.043894,0.8,1.0,1,0,0,0,0,1,0,1,0,1,1,0,0,13,33.0,100.0
12763,40.42321,-3.66355,2,1.0,2.0,30.0,100.0,2,0.36,549,50,5328.0,74.694253,2.2,1.5,1,0,0,0,0,1,0,1,0,1,1,0,0,10,19.5,50.0
12764,40.42787,-3.67732,3,2.0,1.0,135.0,100.0,1,0.1,344,200,5328.0,74.694253,2.2,2.0,1,0,0,0,0,1,0,1,1,0,1,0,0,3,28.5,150.0
12765,40.46821,-3.70085,1,1.0,1.0,18.0,97.0,4,0.3,235,50,3476.0,60.621287,5.9,1.0,0,0,0,0,0,1,0,1,0,0,1,0,0,0,10.5,50.0
12766,40.46964,-3.70054,2,1.0,1.0,22.0,100.0,1,0.05,125,50,3476.0,60.621287,5.9,1.0,0,0,0,0,0,1,0,1,0,0,1,0,0,3,18.0,50.0
12767,40.42653,-3.70813,6,1.0,3.0,69.0,96.0,28,0.77,447,200,4503.0,68.043894,0.8,1.0,1,0,0,0,0,1,0,1,0,0,1,0,0,7,48.0,100.0
12769,40.41046,-3.72725,2,1.0,1.0,30.0,91.0,1,1.5,202,50,2287.0,47.008319,4.7,1.0,0,0,0,0,0,1,0,0,0,0,0,0,0,3,18.0,50.0
12770,40.40266,-3.69034,2,1.0,1.0,25.0,96.0,1,0.57,229,50,3917.0,55.025641,1.9,1.5,0,0,0,0,0,1,0,0,1,0,0,0,0,8,19.5,50.0
12771,40.44465,-3.67844,4,1.0,4.0,123.0,93.0,25,0.2,195,200,4508.0,67.220486,5.8,2.0,1,0,0,0,0,1,0,1,0,0,1,0,0,3,36.0,150.0
12772,40.41768,-3.70893,2,1.0,1.0,71.0,95.0,1,1.39,354,200,4503.0,68.043894,0.8,1.0,1,0,0,0,0,1,0,1,1,0,1,0,0,3,18.0,100.0
12773,40.40829,-3.74856,2,1.0,2.0,40.0,100.0,4,0.06,421,50,2287.0,47.008319,4.7,1.0,0,0,0,0,0,1,0,0,1,0,1,0,0,4,18.0,50.0
12775,40.39397,-3.73294,2,2.0,2.0,20.0,0.0,1,0.0,121,50,2195.0,47.402837,6.6,1.0,0,0,0,0,0,1,0,0,1,0,0,0,0,6,18.0,50.0
12776,40.42482,-3.66674,2,1.0,2.0,20.0,20.0,1,0.15,406,50,5328.0,74.694253,2.2,1.0,0,0,0,1,1,1,0,1,1,1,1,0,0,3,18.0,50.0
12778,40.41155,-3.69634,4,1.0,2.0,47.0,100.0,1,0.39,265,200,4503.0,68.043894,0.8,2.0,1,0,0,0,0,1,0,1,0,0,0,0,0,3,36.0,50.0
12780,40.38717,-3.65275,2,1.0,1.0,31.0,85.0,7,0.95,337,200,1890.0,41.443535,5.0,1.0,1,1,1,1,1,1,1,1,1,1,1,1,1,8,18.0,50.0
12781,40.39305,-3.65799,1,1.0,1.0,20.0,0.0,2,0.0,149,50,1890.0,41.443535,5.0,1.0,0,0,0,0,0,1,0,0,0,0,1,0,0,4,10.5,50.0
12782,40.44355,-3.58184,4,1.0,2.0,60.0,97.0,1,1.79,513,200,2477.0,70.967532,7.3,1.5,1,0,0,0,0,1,0,1,1,0,0,0,1,4,34.5,100.0
12783,40.42601,-3.66245,4,1.0,2.0,300.0,87.0,1,0.87,326,200,5328.0,74.694253,2.2,1.0,1,0,0,0,0,1,0,1,1,0,0,0,0,4,33.0,200.0
12784,40.41137,-3.70224,1,1.0,1.0,30.0,100.0,3,0.05,259,50,4503.0,68.043894,0.8,1.0,0,0,0,0,0,1,0,0,1,0,1,0,0,7,10.5,50.0
12785,40.43596,-3.69999,1,2.0,1.0,11.0,100.0,1,0.13,575,50,4855.0,64.056634,2.4,2.0,0,0,0,0,0,1,0,1,1,1,1,0,0,8,13.5,50.0
12788,40.42563,-3.68575,2,1.0,1.0,37.0,20.0,35,0.1,494,50,5328.0,74.694253,2.2,1.0,1,0,0,0,0,1,0,1,1,0,1,0,0,5,18.0,50.0
12790,40.42339,-3.68614,4,2.0,3.0,160.0,100.0,4,0.19,535,200,5328.0,74.694253,2.2,1.0,1,0,0,0,0,1,0,1,1,1,1,0,0,5,33.0,200.0
12795,40.46562,-3.69965,4,1.0,1.0,150.0,80.0,4,0.11,180,200,3476.0,60.621287,5.9,1.0,1,0,0,0,0,1,0,1,0,0,1,0,0,3,33.0,150.0
12796,40.47655,-3.70036,4,1.0,1.0,150.0,0.0,4,0.0,180,200,3545.0,57.198083,16.4,1.0,1,0,0,0,0,1,0,1,0,0,1,0,0,3,33.0,150.0
12797,40.38761,-3.7316,5,3.0,4.0,126.0,90.0,5,0.38,441,200,2195.0,47.402837,6.6,1.0,1,0,0,0,0,1,0,0,0,0,1,0,1,4,40.5,150.0
12798,40.43166,-3.72282,6,3.0,3.0,1000.0,91.0,1,1.12,293,200,3555.0,63.451906,5.9,1.0,1,0,0,0,0,0,0,0,0,0,1,0,0,10,48.0,200.0
12799,40.41403,-3.69792,4,2.0,3.0,100.0,0.0,1,0.0,355,200,4503.0,68.043894,0.8,2.0,1,0,0,0,0,1,0,1,1,1,0,0,0,5,36.0,100.0
12800,40.42087,-3.70843,10,4.0,7.0,500.0,100.0,6,0.4,436,200,4503.0,68.043894,0.8,2.5,1,0,0,0,0,1,0,1,1,1,1,0,1,7,82.5,200.0
12801,40.40897,-3.71151,2,0.0,1.0,25.0,93.0,1,2.51,243,200,4503.0,68.043894,0.8,1.0,1,0,0,0,0,1,0,1,0,0,0,0,0,3,18.0,50.0
12802,40.45569,-3.69672,1,1.0,1.0,40.0,0.0,1,0.0,106,50,3476.0,60.621287,5.9,1.5,0,0,0,0,0,1,0,0,1,0,0,0,0,3,12.0,50.0
12803,40.41694,-3.7052,4,2.0,3.0,104.0,100.0,6,0.54,184,200,4503.0,68.043894,0.8,1.0,1,0,0,0,0,1,0,1,1,0,1,0,0,7,33.0,150.0
12804,40.41716,-3.70352,2,1.0,2.0,45.0,88.0,4,1.43,301,200,4503.0,68.043894,0.8,1.0,1,0,0,0,0,1,0,1,0,0,1,0,0,5,18.0,50.0
12805,40.43453,-3.70132,1,1.0,1.0,28.0,0.0,1,0.0,144,50,4855.0,64.056634,2.4,2.0,0,0,0,0,0,1,0,0,0,0,1,0,0,10,13.5,50.0
12806,40.42014,-3.69698,2,1.0,1.0,50.0,90.0,1,0.11,102,200,4503.0,68.043894,0.8,1.0,1,0,0,0,0,0,0,0,1,0,0,0,0,3,18.0,50.0
12807,40.44208,-3.69612,1,1.0,1.0,19.0,0.0,31,0.0,257,50,4855.0,64.056634,2.4,2.0,1,0,0,0,0,1,0,0,1,0,1,0,0,5,13.5,50.0
12808,40.40807,-3.70741,1,1.0,1.0,45.0,0.0,1,0.0,134,50,4503.0,68.043894,0.8,1.5,0,0,0,0,0,1,0,0,1,0,1,0,0,6,12.0,50.0
12810,40.4275,-3.7169,1,1.0,1.0,21.0,100.0,31,0.2,262,50,3555.0,63.451906,5.9,2.0,1,1,1,1,1,1,1,1,1,1,1,1,1,5,13.5,50.0
12811,40.4211,-3.71072,2,1.0,1.0,40.0,100.0,26,0.1,188,50,4503.0,68.043894,0.8,3.0,0,0,0,0,0,1,0,0,1,0,1,0,0,4,24.0,50.0
12812,40.42136,-3.71084,1,1.0,1.0,20.0,100.0,26,0.14,188,50,4503.0,68.043894,0.8,3.0,0,0,0,0,0,1,0,0,1,0,1,0,0,4,16.5,50.0
12814,40.46966,-3.58444,1,0.0,1.0,24.0,96.0,2,3.76,235,50,3047.0,56.183432,11.8,1.0,0,0,0,0,0,1,0,0,0,0,1,0,0,4,10.5,50.0
12815,40.42104,-3.70866,2,1.0,1.0,35.0,100.0,26,0.1,188,50,4503.0,68.043894,0.8,2.0,0,0,0,0,0,1,0,0,1,0,1,0,0,4,21.0,50.0
12816,40.4051,-3.6791,2,1.0,2.0,15.0,0.0,1,0.0,91,50,4220.0,63.672727,3.2,1.0,0,0,0,0,0,1,0,0,1,0,0,0,0,7,18.0,50.0
12817,40.39366,-3.70737,1,1.0,1.0,20.0,100.0,2,0.31,552,50,2195.0,47.402837,6.6,1.0,0,0,0,0,0,1,0,0,1,1,0,1,0,6,10.5,50.0
12818,40.41053,-3.71076,4,2.0,2.0,108.0,0.0,1,0.0,123,50,4503.0,68.043894,0.8,1.0,1,0,0,0,0,1,0,0,0,0,1,0,0,4,33.0,150.0
12819,40.41344,-3.70851,2,1.0,1.0,50.0,100.0,1,0.1,169,50,4503.0,68.043894,0.8,1.0,0,0,0,0,0,1,0,0,0,0,0,0,0,3,18.0,50.0
12823,40.42795,-3.69084,2,1.0,1.0,1099.0,0.0,4,0.0,288,50,4855.0,64.056634,2.4,1.0,1,0,0,0,0,1,0,1,1,0,1,0,0,3,18.0,200.0
12831,40.45246,-3.69578,5,2.0,3.0,180.0,92.0,1,0.59,375,200,3476.0,60.621287,5.9,1.0,1,0,0,1,0,1,0,1,0,0,1,0,1,3,40.5,200.0
12832,40.40962,-3.70442,2,1.0,1.0,78.0,0.0,8,0.0,226,200,4503.0,68.043894,0.8,1.0,1,0,0,0,0,1,0,1,1,0,1,0,0,0,18.0,100.0
12833,40.40643,-3.69723,3,1.0,1.0,69.0,98.0,2,1.5,235,200,3917.0,55.025641,1.9,1.0,1,0,0,0,0,1,0,0,0,0,0,0,0,3,25.5,100.0
12834,40.42802,-3.67661,4,1.0,2.0,85.0,97.0,59,1.56,424,200,5328.0,74.694253,2.2,1.0,1,0,0,0,0,1,0,1,1,0,0,0,0,7,33.0,100.0
12835,40.42125,-3.70934,2,1.0,1.0,50.0,60.0,26,0.05,165,50,4503.0,68.043894,0.8,2.0,0,0,0,0,0,1,0,0,1,0,1,0,0,4,21.0,50.0
12836,40.37535,-3.75766,2,1.0,1.0,35.0,85.0,2,0.24,382,50,2195.0,47.402837,6.6,1.0,0,0,0,0,0,1,0,1,0,1,1,0,0,4,18.0,50.0
12837,40.37534,-3.75811,2,0.0,1.0,25.0,100.0,2,0.1,170,50,2195.0,47.402837,6.6,1.0,0,0,0,0,0,1,0,0,0,0,1,0,0,4,18.0,50.0
12838,40.41036,-3.70198,5,3.0,4.0,160.0,100.0,3,0.15,175,200,4503.0,68.043894,0.8,2.0,1,0,0,0,0,1,0,1,1,0,1,0,0,6,43.5,200.0
12839,40.40615,-3.70267,3,1.0,1.0,30.0,84.0,2,1.84,260,200,4503.0,68.043894,0.8,1.0,1,0,0,0,0,1,0,0,0,0,0,0,0,4,25.5,50.0
12840,40.47634,-3.73527,2,1.0,2.0,120.0,91.0,1,0.58,387,200,3545.0,57.198083,16.4,1.0,1,0,0,0,0,1,0,0,0,1,1,0,0,5,18.0,150.0
12841,40.4555,-3.68176,2,1.0,1.0,88.0,93.0,113,0.16,240,200,4508.0,67.220486,5.8,2.0,1,0,0,0,0,1,0,1,0,0,0,0,0,7,21.0,100.0
12842,40.40623,-3.70442,3,1.0,1.0,30.0,92.0,2,1.64,330,200,4503.0,68.043894,0.8,1.0,1,1,1,1,1,1,1,1,1,1,1,1,1,4,25.5,50.0
12844,40.43795,-3.70033,1,1.0,1.0,17.0,0.0,7,0.0,266,50,4855.0,64.056634,2.4,2.0,0,0,0,0,0,1,0,0,1,0,1,0,0,6,13.5,50.0
12845,40.44706,-3.67548,1,1.0,1.0,14.0,0.0,1,0.0,195,50,4508.0,67.220486,5.8,1.0,0,0,0,0,0,1,0,0,1,0,1,0,0,6,10.5,50.0
12846,40.474,-3.65197,9,2.0,6.0,62.0,88.0,1,0.83,375,200,3312.0,62.061453,9.2,2.5,1,0,0,0,0,1,0,1,0,0,1,0,0,3,75.0,100.0
12847,40.43372,-3.7137,1,1.0,1.0,34.0,100.0,1,0.05,176,50,4855.0,64.056634,2.4,1.0,0,1,1,1,1,1,0,1,1,0,0,0,0,3,10.5,50.0
12848,40.42975,-3.70559,2,1.0,1.0,37.0,60.0,1,0.1,95,200,4855.0,64.056634,2.4,1.0,1,0,0,0,0,1,0,0,0,0,0,0,0,0,18.0,50.0
12849,40.43398,-3.65796,4,1.0,3.0,74.0,96.0,1,1.03,520,200,2893.0,50.090625,6.5,1.0,1,0,0,0,0,1,0,1,1,0,1,0,1,3,33.0,100.0
12850,40.42253,-3.69822,4,2.0,2.0,99.0,100.0,2,0.06,189,200,4503.0,68.043894,0.8,2.0,1,0,0,0,0,1,0,0,0,0,0,0,0,6,36.0,100.0
12851,40.41829,-3.70553,2,1.0,1.0,15.0,70.0,12,0.29,130,50,4503.0,68.043894,0.8,1.0,1,0,0,0,0,1,0,0,1,0,1,0,0,4,18.0,50.0
12852,40.42636,-3.73087,2,1.0,2.0,26.0,100.0,2,0.19,209,50,3555.0,63.451906,5.9,1.0,0,0,0,0,0,1,0,0,0,0,1,0,0,3,18.0,50.0
12853,40.40212,-3.74569,1,0.0,1.0,13.0,90.0,2,0.19,212,50,2287.0,47.008319,4.7,1.0,0,0,0,0,0,0,0,0,0,0,0,0,0,3,10.5,50.0
12854,40.41253,-3.7058,2,1.0,1.0,20.0,93.0,25,0.14,143,50,4503.0,68.043894,0.8,1.0,0,0,0,0,0,1,0,0,1,0,1,0,0,4,18.0,50.0
12859,40.42592,-3.73207,1,1.0,1.0,25.0,98.0,2,0.61,287,50,3555.0,63.451906,5.9,1.0,0,0,0,0,0,1,0,0,0,0,1,0,0,3,10.5,50.0
12862,40.41632,-3.67766,2,1.0,1.0,45.0,0.0,2,0.1,78,50,4220.0,63.672727,3.2,1.0,0,1,1,1,1,1,0,0,1,0,0,0,0,3,18.0,50.0
12867,40.42198,-3.66804,2,1.0,1.0,38.0,100.0,4,0.07,271,200,5328.0,74.694253,2.2,1.5,1,0,0,0,0,1,0,1,0,0,1,0,0,8,19.5,50.0
12868,40.41254,-3.71268,2,1.0,2.0,143.0,98.0,5,0.82,361,200,4503.0,68.043894,0.8,1.0,1,0,0,0,0,1,0,1,0,1,1,0,0,11,18.0,150.0
12870,40.44185,-3.67073,2,1.0,1.0,31.0,99.0,3,0.68,360,50,4508.0,67.220486,5.8,1.0,0,0,0,0,0,1,0,0,1,0,1,0,0,3,18.0,50.0
12871,40.41936,-3.70883,4,1.0,2.0,500.0,0.0,1,0.05,281,200,4503.0,68.043894,0.8,1.5,1,0,0,0,0,1,0,1,1,0,0,0,0,3,34.5,200.0
12872,40.42636,-3.68405,4,1.0,2.0,116.0,82.0,1,0.46,298,200,5328.0,74.694253,2.2,1.0,1,0,0,0,0,1,0,0,1,0,1,0,0,3,33.0,150.0
12873,40.40527,-3.71283,4,2.0,2.0,29.0,88.0,7,2.71,342,200,3917.0,55.025641,1.9,1.0,1,0,0,0,0,1,0,1,0,0,1,0,0,6,33.0,50.0
12874,40.40883,-3.70115,4,1.0,2.0,60.0,0.0,1,0.0,263,200,4503.0,68.043894,0.8,1.0,1,0,0,0,0,1,0,1,0,0,1,0,0,9,33.0,100.0
12878,40.40743,-3.7088,3,2.0,2.0,44.0,0.0,4,0.0,175,50,4503.0,68.043894,0.8,1.0,0,0,0,0,0,1,0,0,1,0,1,0,0,3,25.5,50.0
12879,40.40749,-3.70713,1,1.0,1.0,18.0,97.0,4,0.3,272,50,4503.0,68.043894,0.8,1.0,0,0,0,0,0,1,0,0,1,0,1,0,0,3,10.5,50.0
12880,40.40799,-3.70842,2,1.0,1.0,27.0,60.0,4,0.15,378,50,4503.0,68.043894,0.8,1.0,0,0,0,0,0,1,0,0,1,0,1,0,0,3,18.0,50.0
12881,40.40804,-3.70923,1,1.0,1.0,20.0,0.0,1,0.0,129,50,4503.0,68.043894,0.8,1.0,0,0,0,0,0,1,0,0,1,0,1,0,0,3,10.5,50.0
12882,40.42997,-3.72574,4,1.0,2.0,124.0,40.0,72,0.11,250,200,3555.0,63.451906,5.9,1.0,1,0,0,0,0,1,0,1,1,0,1,0,0,6,33.0,150.0
12883,40.42409,-3.70944,4,1.0,2.0,119.0,95.0,72,0.22,250,200,4503.0,68.043894,0.8,1.0,1,0,0,0,0,1,0,1,1,0,1,0,0,6,33.0,150.0
12885,40.44868,-3.65948,2,1.0,1.0,40.0,83.0,1,0.57,352,50,2893.0,50.090625,6.5,1.5,0,0,0,0,0,1,0,1,0,1,1,0,1,5,19.5,50.0
12886,40.46535,-3.65163,4,2.0,2.0,60.0,86.0,9,0.53,442,200,3312.0,62.061453,9.2,1.0,1,0,0,0,0,1,0,0,0,0,0,0,0,6,33.0,100.0
12887,40.44061,-3.69639,4,1.0,1.0,90.0,92.0,6,1.01,332,200,4855.0,64.056634,2.4,1.0,1,0,0,0,0,1,0,1,1,0,1,0,0,5,33.0,100.0
12888,40.42263,-3.69965,4,1.0,1.0,55.0,92.0,2,1.48,175,200,4503.0,68.043894,0.8,1.0,1,0,0,0,0,0,0,0,1,0,0,0,0,3,33.0,100.0
12889,40.4254,-3.69943,2,1.0,1.0,65.0,0.0,1,0.0,435,200,4503.0,68.043894,0.8,1.0,1,0,0,0,0,1,0,1,1,0,1,0,1,8,18.0,100.0
12890,40.42143,-3.69958,2,1.0,1.0,23.0,90.0,1,0.1,77,50,4503.0,68.043894,0.8,1.0,1,0,0,0,0,1,0,1,0,0,0,0,0,7,18.0,50.0
12891,40.39363,-3.69098,2,1.0,2.0,28.0,100.0,1,0.31,216,50,3917.0,55.025641,1.9,1.5,1,0,0,0,0,1,1,1,1,0,1,0,0,6,19.5,50.0
12892,40.42661,-3.61733,2,1.0,2.0,35.0,97.0,1,1.67,417,50,2477.0,70.967532,7.3,1.0,0,0,0,0,0,1,1,0,0,0,0,0,0,3,18.0,50.0
12893,40.37661,-3.73287,2,1.0,1.0,60.0,80.0,1,0.05,114,50,2195.0,47.402837,6.6,1.0,1,0,0,0,0,1,0,1,1,0,0,0,0,3,18.0,100.0
12894,40.43976,-3.6104,1,1.0,1.0,22.0,0.0,1,0.0,161,50,2477.0,70.967532,7.3,2.0,1,0,0,0,0,1,0,1,1,0,1,0,0,3,13.5,50.0
12895,40.40966,-3.72693,1,1.0,1.0,22.0,0.0,1,0.0,320,50,2287.0,47.008319,4.7,1.0,0,0,0,0,0,1,0,0,0,0,1,0,0,3,10.5,50.0
12896,40.41835,-3.70252,4,1.0,1.0,121.0,91.0,1,0.36,477,200,4503.0,68.043894,0.8,1.0,1,1,1,1,1,1,1,1,1,1,1,1,1,3,33.0,150.0
12897,40.38686,-3.74625,1,1.0,1.0,28.0,0.0,20,0.0,417,50,2195.0,47.402837,6.6,1.0,0,0,0,0,0,1,0,0,0,0,1,0,0,6,10.5,50.0
12898,40.38661,-3.74463,1,1.0,1.0,24.0,100.0,20,0.06,417,50,2195.0,47.402837,6.6,1.0,1,1,1,1,1,1,0,0,0,0,1,0,0,6,10.5,50.0
12899,40.38606,-3.72966,1,1.0,2.0,35.0,0.0,1,0.0,314,50,2195.0,47.402837,6.6,1.5,0,0,0,0,0,1,0,0,1,0,0,0,0,3,12.0,50.0
12900,40.42016,-3.71248,1,1.0,1.0,45.0,95.0,1,0.55,415,50,4503.0,68.043894,0.8,1.5,1,0,0,0,0,1,0,1,1,0,1,0,0,8,12.0,50.0
12901,40.43195,-3.70093,6,2.0,3.0,143.0,97.0,13,0.72,407,200,4855.0,64.056634,2.4,2.0,1,0,0,0,0,1,0,1,1,0,1,0,0,4,51.0,150.0
12902,40.4767,-3.70596,3,2.0,2.0,45.0,83.0,2,2.03,271,200,3545.0,57.198083,16.4,1.0,1,0,0,0,0,0,0,0,0,0,0,0,0,3,25.5,50.0
12904,40.40576,-3.68007,6,3.0,4.0,321.0,100.0,1,0.05,192,200,4220.0,63.672727,3.2,1.5,1,0,0,0,0,1,0,0,0,0,1,0,0,4,49.5,200.0
12906,40.4228,-3.70069,1,1.0,1.0,50.0,40.0,1,0.05,134,50,4503.0,68.043894,0.8,1.5,0,0,0,0,0,1,0,0,0,0,1,0,0,0,12.0,50.0
12907,40.41709,-3.7049,4,1.0,2.0,47.0,93.0,5,0.73,268,200,4503.0,68.043894,0.8,1.0,1,0,0,0,0,1,0,1,1,1,1,0,0,7,33.0,50.0
12908,40.44135,-3.67217,2,1.0,1.0,31.0,100.0,3,0.67,344,50,4508.0,67.220486,5.8,1.0,0,0,0,0,0,1,0,0,1,0,1,0,0,3,18.0,50.0
12909,40.38689,-3.73272,2,1.0,1.0,14.0,100.0,1,0.15,170,50,2195.0,47.402837,6.6,1.5,0,0,0,0,0,1,0,0,0,0,1,0,0,5,19.5,50.0
12910,40.41161,-3.7019,10,4.0,7.0,339.0,99.0,67,1.05,204,200,4503.0,68.043894,0.8,3.0,1,0,0,0,0,1,0,1,1,0,1,0,0,7,84.0,200.0
12911,40.49307,-3.71216,6,5.0,5.0,259.0,93.0,1,0.19,306,200,3545.0,57.198083,16.4,4.5,1,0,0,0,0,1,1,0,0,0,1,0,0,7,58.5,200.0
12912,40.41312,-3.69579,6,3.0,1.0,800.0,0.0,3,0.0,142,200,4503.0,68.043894,0.8,1.5,1,0,0,0,0,1,0,1,1,0,0,0,0,4,49.5,200.0
12913,40.40395,-3.66175,2,0.0,1.0,95.0,0.0,1,0.0,198,200,1890.0,41.443535,5.0,1.0,1,1,1,1,1,1,0,1,1,0,1,0,0,3,18.0,100.0
12914,40.41426,-3.71171,1,2.0,1.0,250.0,1.0,1,1.0,70,200,4503.0,68.043894,0.8,1.0,1,1,1,1,1,1,1,1,1,1,1,1,1,5,10.5,200.0
12915,40.42778,-3.68309,2,1.0,1.0,100.0,95.0,4,0.66,514,200,5328.0,74.694253,2.2,1.0,1,0,0,0,0,1,0,1,1,1,1,0,0,5,18.0,100.0
12916,40.42431,-3.71238,2,1.0,1.0,90.0,95.0,4,0.26,449,200,3555.0,63.451906,5.9,1.0,1,0,0,0,0,0,0,1,1,0,1,0,0,5,18.0,100.0
12917,40.41056,-3.65053,2,1.0,1.0,17.0,89.0,1,0.64,295,50,2547.0,45.581197,5.0,1.0,0,0,0,0,0,1,0,1,0,0,1,0,0,4,18.0,50.0
12918,40.4075,-3.6864,4,1.0,2.0,62.0,98.0,1,2.26,419,200,4220.0,63.672727,3.2,1.0,1,0,0,0,0,1,0,1,1,0,1,0,0,3,33.0,100.0
12919,40.42456,-3.70688,6,3.0,4.0,276.0,100.0,6,0.48,854,200,4503.0,68.043894,0.8,2.0,1,0,0,0,0,1,0,1,0,1,1,0,0,9,51.0,200.0
12920,40.41009,-3.71191,1,1.0,1.0,25.0,92.0,2,1.62,431,50,4503.0,68.043894,0.8,1.0,0,1,1,1,1,1,0,0,1,0,1,0,0,8,10.5,50.0
12921,40.40484,-3.68026,2,1.0,1.0,30.0,60.0,1,0.1,265,200,4220.0,63.672727,3.2,1.0,1,0,0,0,0,1,0,1,0,0,1,0,0,3,18.0,50.0
12923,40.47375,-3.70439,1,1.0,1.0,26.0,97.0,2,0.31,348,50,3545.0,57.198083,16.4,1.0,0,0,0,0,0,1,0,0,1,0,1,0,0,8,10.5,50.0
12924,40.42879,-3.67428,1,1.0,1.0,28.0,0.0,1,0.0,83,50,5328.0,74.694253,2.2,1.0,1,1,1,1,1,0,0,0,1,0,0,0,0,6,10.5,50.0
12925,40.41545,-3.70603,6,3.0,3.0,266.0,95.0,25,0.22,223,200,4503.0,68.043894,0.8,2.0,1,0,0,0,0,1,0,1,1,0,1,0,0,3,51.0,200.0
12926,40.4225,-3.66669,2,1.0,2.0,42.0,0.0,4,0.0,290,200,5328.0,74.694253,2.2,1.0,1,1,1,1,1,1,0,1,0,0,1,0,0,8,18.0,50.0
12927,40.42457,-3.70547,2,1.0,1.0,31.0,76.0,2,0.26,484,50,4503.0,68.043894,0.8,1.5,1,0,0,0,0,1,0,1,1,0,1,0,0,6,19.5,50.0
12928,40.411,-3.71157,2,1.0,1.0,80.0,0.0,1,0.0,163,200,4503.0,68.043894,0.8,1.0,1,0,0,0,0,1,0,1,1,0,0,0,0,3,18.0,100.0
12929,40.44979,-3.70409,5,2.0,2.0,62.0,100.0,1,0.15,801,200,3476.0,60.621287,5.9,1.5,1,0,0,0,0,1,0,1,0,1,1,0,0,9,42.0,100.0
12930,40.4103,-3.71067,2,1.0,1.0,41.0,98.0,1,0.68,317,50,4503.0,68.043894,0.8,1.0,1,0,0,0,0,1,0,1,0,1,1,0,0,3,18.0,50.0
12931,40.4263,-3.71894,2,1.0,1.0,50.0,98.0,3,0.54,254,50,3555.0,63.451906,5.9,1.0,0,0,0,0,0,1,0,0,1,0,1,0,0,6,18.0,50.0
12932,40.45244,-3.70489,2,1.0,1.0,30.0,97.0,2,1.12,222,50,3476.0,60.621287,5.9,1.5,0,0,0,0,0,1,0,0,0,0,0,0,0,0,19.5,50.0
12933,40.39348,-3.666,3,2.0,2.0,44.0,98.0,1,0.85,488,200,1890.0,41.443535,5.0,1.0,1,0,0,0,0,1,0,1,1,1,1,0,0,5,25.5,50.0
12934,40.40319,-3.74783,2,1.0,1.0,25.0,1.0,1,1.0,98,50,2287.0,47.008319,4.7,1.0,1,1,1,1,1,1,1,1,1,1,1,1,1,6,18.0,50.0
12936,40.45892,-3.68076,4,2.0,2.0,59.0,70.0,2,0.39,151,200,4508.0,67.220486,5.8,1.5,1,0,0,0,0,1,0,0,1,0,0,0,0,3,34.5,100.0
12937,40.41181,-3.71194,1,1.0,1.0,23.0,88.0,2,0.25,431,50,4503.0,68.043894,0.8,1.0,0,1,1,1,1,1,0,0,1,0,1,0,0,8,10.5,50.0
12938,40.4339,-3.6519,2,1.0,1.0,35.0,100.0,1,1.06,312,50,2893.0,50.090625,6.5,1.0,0,0,0,0,0,1,0,0,0,0,1,0,0,8,18.0,50.0
12939,40.40155,-3.67922,1,1.0,1.0,25.0,95.0,3,0.78,246,50,4220.0,63.672727,3.2,1.5,0,1,1,1,1,1,0,1,1,0,1,0,0,8,12.0,50.0
12940,40.45545,-3.62505,4,2.0,2.0,143.0,100.0,1,0.32,492,200,3312.0,62.061453,9.2,2.5,1,0,0,0,0,1,1,1,1,0,1,0,0,8,37.5,150.0
12941,40.42236,-3.69536,4,1.0,1.0,65.0,97.0,1,1.07,287,200,4503.0,68.043894,0.8,1.0,1,0,0,0,0,1,0,1,1,0,0,0,0,3,33.0,100.0
12942,40.44483,-3.64683,2,1.0,1.0,30.0,0.0,1,0.0,174,50,2893.0,50.090625,6.5,1.0,0,1,1,1,1,1,0,0,1,0,1,0,0,3,18.0,50.0
12943,40.40936,-3.72938,2,1.0,1.0,42.0,95.0,5,1.56,375,200,2287.0,47.008319,4.7,1.0,1,0,0,0,0,1,0,1,0,1,1,0,0,3,18.0,50.0
12944,40.38663,-3.72895,1,1.0,1.0,30.0,100.0,2,0.22,265,50,2195.0,47.402837,6.6,1.0,0,0,0,0,0,1,0,0,0,0,0,0,0,3,10.5,50.0
12945,40.42697,-3.66663,2,1.0,1.0,20.0,100.0,1,0.59,162,50,5328.0,74.694253,2.2,1.0,0,0,0,0,0,1,0,0,1,0,1,0,0,8,18.0,50.0
12946,40.41502,-3.70929,4,1.0,2.0,50.0,99.0,4,0.98,310,200,4503.0,68.043894,0.8,1.0,1,0,0,0,0,1,0,1,1,0,1,0,0,4,33.0,50.0
12947,40.41264,-3.69839,2,1.0,1.0,85.0,0.0,2,0.0,79,200,4503.0,68.043894,0.8,1.0,1,0,0,0,0,0,0,0,0,0,0,0,0,6,18.0,100.0
12948,40.39293,-3.71012,2,1.0,1.0,24.0,0.0,1,0.0,338,50,2195.0,47.402837,6.6,1.0,0,0,0,0,0,1,0,0,1,1,1,0,0,3,18.0,50.0
12949,40.43849,-3.64141,4,2.0,3.0,46.0,99.0,2,2.81,449,200,2893.0,50.090625,6.5,1.0,1,0,0,0,0,1,0,1,1,0,0,0,1,6,33.0,50.0
12950,40.41249,-3.70676,10,4.0,4.0,400.0,100.0,5,0.31,364,200,4503.0,68.043894,0.8,3.0,1,0,0,0,0,1,0,1,1,1,0,0,0,10,84.0,200.0
12951,40.40685,-3.73532,2,1.0,1.0,36.0,96.0,1,0.26,146,50,2287.0,47.008319,4.7,1.0,1,0,0,0,0,1,0,1,0,0,1,0,0,7,18.0,50.0
12952,40.44067,-3.67226,4,2.0,2.0,53.0,100.0,3,0.06,358,50,4508.0,67.220486,5.8,1.0,0,0,0,0,0,1,0,0,1,0,1,0,0,3,33.0,100.0
12953,40.41977,-3.69858,3,1.0,1.0,55.0,90.0,1,0.78,394,200,4503.0,68.043894,0.8,1.0,1,0,0,0,0,1,0,1,1,1,0,0,0,4,25.5,100.0
12954,40.42475,-3.7051,6,2.0,3.0,65.0,88.0,1,1.74,203,200,4503.0,68.043894,0.8,1.0,1,0,0,0,0,1,0,0,0,0,0,0,0,3,48.0,100.0
12955,40.43732,-3.65165,1,1.0,1.0,20.0,0.0,1,0.05,116,50,2893.0,50.090625,6.5,1.0,1,1,1,1,1,1,0,0,0,0,0,0,0,5,10.5,50.0
12956,40.412,-3.69891,6,3.0,4.0,220.0,100.0,1,0.27,336,200,4503.0,68.043894,0.8,1.5,1,0,0,0,0,1,0,1,1,1,1,0,0,5,49.5,200.0
12957,40.39299,-3.71078,2,1.0,1.0,17.0,0.0,1,0.0,201,50,2195.0,47.402837,6.6,1.0,0,0,0,0,0,1,0,0,1,0,1,0,0,3,18.0,50.0
12958,40.40635,-3.70446,4,1.0,2.0,72.0,90.0,2,4.51,417,200,4503.0,68.043894,0.8,1.0,1,0,0,0,0,1,0,1,1,0,1,0,0,7,33.0,100.0
12959,40.4367,-3.64283,2,1.0,1.0,16.0,0.0,1,0.0,35,50,2893.0,50.090625,6.5,1.0,0,0,0,0,0,1,0,0,0,0,0,0,0,5,18.0,50.0
12960,40.36842,-3.69978,2,1.0,1.0,28.0,93.0,1,0.73,411,50,2316.0,43.910072,4.6,1.0,0,0,0,0,0,1,0,0,1,1,1,0,0,10,18.0,50.0
12961,40.42046,-3.70753,2,1.0,1.0,45.0,90.0,88,2.07,326,200,4503.0,68.043894,0.8,1.0,1,0,0,0,0,1,0,1,1,0,0,0,0,6,18.0,50.0
12962,40.45904,-3.69588,2,1.0,2.0,84.0,100.0,1,0.13,152,200,3476.0,60.621287,5.9,1.0,1,0,0,0,0,1,1,1,0,0,0,0,0,5,18.0,100.0
12966,40.40215,-3.74166,1,1.0,1.0,22.0,0.0,1,0.05,279,50,2287.0,47.008319,4.7,1.0,0,0,0,0,0,1,0,0,0,0,0,0,0,3,10.5,50.0
12967,40.49931,-3.67607,2,1.0,2.0,24.0,91.0,1,0.47,76,50,3545.0,57.198083,16.4,2.0,0,0,0,0,0,0,0,0,0,0,0,0,0,3,21.0,50.0
12969,40.43451,-3.71497,6,2.0,3.0,123.0,92.0,59,1.27,369,200,4855.0,64.056634,2.4,2.0,1,0,0,0,0,1,0,1,0,0,0,0,0,7,51.0,150.0
12970,40.40819,-3.70775,3,1.0,1.0,34.0,0.0,1,0.0,97,50,4503.0,68.043894,0.8,1.0,0,1,1,1,1,1,0,0,0,0,0,0,0,4,25.5,50.0
12971,40.44544,-3.7127,1,1.0,1.0,26.0,0.0,1,0.0,139,50,4855.0,64.056634,2.4,1.5,1,0,0,0,0,1,0,1,1,0,0,0,0,4,12.0,50.0
12972,40.46014,-3.64783,2,1.0,2.0,36.0,100.0,1,0.3,234,50,3312.0,62.061453,9.2,1.5,0,0,0,0,0,1,0,0,0,0,1,0,0,3,19.5,50.0
12973,40.40461,-3.69305,6,2.0,3.0,93.0,83.0,3,2.78,552,200,3917.0,55.025641,1.9,1.5,1,0,0,0,0,1,0,1,1,1,1,0,0,3,49.5,100.0
12974,40.42137,-3.71066,3,1.0,2.0,76.0,100.0,10,0.06,377,50,4503.0,68.043894,0.8,2.0,0,0,0,0,0,1,0,0,0,0,1,0,0,10,28.5,100.0
12976,40.41414,-3.70108,7,3.0,3.0,294.0,90.0,12,0.35,297,200,4503.0,68.043894,0.8,2.0,1,0,0,0,0,1,0,1,1,0,1,0,0,4,58.5,200.0
12977,40.40302,-3.63842,1,0.0,1.0,18.0,90.0,1,1.2,331,50,2547.0,45.581197,5.0,1.0,0,0,0,0,0,0,0,1,0,0,0,0,0,3,10.5,50.0
12978,40.44198,-3.67343,2,1.0,1.0,85.0,96.0,3,0.27,468,200,4508.0,67.220486,5.8,1.0,1,0,0,0,0,1,0,1,1,1,1,0,1,4,18.0,100.0
12979,40.42756,-3.70981,3,1.0,1.0,83.0,0.0,1,0.0,429,200,4503.0,68.043894,0.8,1.0,1,0,0,0,0,1,0,1,0,1,1,0,0,3,25.5,100.0
12980,40.42294,-3.71069,2,1.0,1.0,76.0,100.0,10,0.11,481,50,4503.0,68.043894,0.8,2.0,1,1,1,1,1,1,1,1,1,1,1,1,1,10,21.0,100.0
12981,40.43409,-3.68018,4,2.0,3.0,126.0,0.0,69,0.0,301,200,5328.0,74.694253,2.2,2.5,1,0,0,0,0,1,0,1,0,0,0,0,0,3,37.5,150.0
12982,40.37172,-3.7611,4,1.0,2.0,64.0,96.0,2,0.26,311,200,2195.0,47.402837,6.6,1.0,1,1,1,1,1,0,0,1,1,0,0,0,0,4,33.0,100.0
12983,40.46163,-3.70985,1,1.0,1.0,24.0,0.0,1,0.0,505,50,3555.0,63.451906,5.9,1.5,0,0,0,0,0,1,0,0,1,1,0,0,0,6,12.0,50.0
12984,40.38632,-3.7089,2,1.0,1.0,29.0,99.0,1,0.73,368,50,2316.0,43.910072,4.6,1.0,0,0,0,0,0,1,0,1,1,1,0,0,0,3,18.0,50.0
12985,40.42318,-3.67493,1,0.0,1.0,40.0,0.0,1,0.05,168,50,5328.0,74.694253,2.2,1.0,1,0,0,0,0,0,0,0,1,0,1,0,0,4,10.5,50.0
12986,40.43754,-3.67834,5,2.0,3.0,74.0,100.0,3,0.25,360,200,4508.0,67.220486,5.8,1.0,1,0,0,0,0,1,0,1,0,0,1,0,0,6,40.5,100.0
12987,40.41698,-3.67137,4,2.0,2.0,170.0,0.0,1,0.05,173,200,4220.0,63.672727,3.2,2.0,1,1,1,1,1,0,0,1,0,0,0,0,0,9,36.0,200.0
12988,40.41832,-3.70876,4,2.0,2.0,100.0,0.0,1,0.0,214,200,4503.0,68.043894,0.8,1.0,1,0,0,0,0,1,0,1,1,0,0,0,0,5,33.0,100.0
12989,40.38622,-3.728,1,1.0,1.0,20.0,0.0,1,0.0,203,50,2195.0,47.402837,6.6,1.0,0,0,0,0,0,1,0,0,1,0,1,0,0,6,10.5,50.0
12990,40.42188,-3.69815,3,3.0,3.0,170.0,0.0,2,0.0,154,200,4503.0,68.043894,0.8,1.5,1,1,1,1,1,0,0,0,0,0,1,0,0,9,27.0,200.0
12991,40.41352,-3.7188,1,1.0,1.0,45.0,0.0,1,0.0,101,50,3917.0,55.025641,1.9,1.0,0,0,0,0,0,0,0,0,0,0,0,0,0,3,10.5,50.0
12992,40.40247,-3.69334,4,1.0,2.0,95.0,93.0,20,1.25,661,200,3917.0,55.025641,1.9,1.0,1,0,0,0,0,1,0,0,1,1,1,1,1,8,33.0,100.0
12993,40.42525,-3.66953,6,2.0,3.0,114.0,0.0,2,0.0,231,200,5328.0,74.694253,2.2,1.0,1,0,0,0,0,1,0,1,0,0,0,0,0,4,48.0,150.0
12994,40.42669,-3.67151,2,1.0,1.0,47.0,78.0,2,0.42,60,50,5328.0,74.694253,2.2,1.0,0,0,0,0,0,1,0,0,0,0,0,0,0,4,18.0,50.0
12995,40.42328,-3.70783,2,1.0,1.0,54.0,95.0,1,1.09,401,50,4503.0,68.043894,0.8,1.0,1,0,0,0,0,1,0,1,0,1,1,0,0,3,18.0,100.0
12996,40.41672,-3.70378,4,2.0,3.0,109.0,100.0,1,0.31,278,200,4503.0,68.043894,0.8,1.0,1,0,0,0,0,1,0,1,1,0,0,0,0,6,33.0,150.0
12997,40.47208,-3.6524,4,2.0,3.0,61.0,92.0,5,2.36,365,200,3312.0,62.061453,9.2,3.0,1,0,0,1,0,1,0,1,0,0,1,0,0,7,39.0,100.0
12998,40.42423,-3.70125,2,1.0,1.0,43.0,0.0,1,0.0,269,200,4503.0,68.043894,0.8,1.5,1,0,0,0,0,0,0,1,1,0,0,0,0,3,19.5,50.0
12999,40.41131,-3.73556,2,2.0,2.0,32.0,0.0,1,0.07,181,50,2287.0,47.008319,4.7,1.0,0,1,1,1,1,1,0,0,0,0,1,0,0,3,18.0,50.0
13000,40.42464,-3.63764,2,1.0,1.0,30.0,93.0,1,0.68,121,50,2893.0,50.090625,6.5,1.0,0,0,0,0,0,1,0,0,0,0,1,0,0,3,18.0,50.0
13001,40.42392,-3.69894,4,2.0,2.0,70.0,0.0,1,0.0,175,200,4503.0,68.043894,0.8,1.0,1,0,0,0,0,1,0,1,1,0,1,0,0,3,33.0,100.0
13002,40.44609,-3.58831,5,3.0,5.0,85.0,95.0,1,0.81,435,200,2477.0,70.967532,7.3,2.0,1,0,0,0,0,0,1,1,1,0,1,0,0,8,43.5,100.0
13003,40.41732,-3.70785,1,1.0,1.0,25.0,98.0,4,1.62,252,50,4503.0,68.043894,0.8,1.0,0,0,0,0,0,1,0,0,1,0,1,0,0,7,10.5,50.0
13004,40.41732,-3.70785,1,1.0,1.0,27.0,98.0,4,0.65,362,50,4503.0,68.043894,0.8,1.5,1,0,0,0,0,1,0,1,1,1,1,0,0,7,12.0,50.0
13005,40.41732,-3.70785,2,1.0,2.0,24.0,100.0,4,1.57,244,50,4503.0,68.043894,0.8,1.5,0,0,0,0,0,1,0,1,1,0,1,0,0,7,19.5,50.0
13006,40.42621,-3.61952,1,1.0,1.0,19.0,97.0,1,0.32,166,50,2477.0,70.967532,7.3,1.5,0,0,0,0,0,0,0,0,0,0,1,0,0,3,12.0,50.0
13007,40.42528,-3.7054,4,1.0,2.0,65.0,91.0,1,2.0,348,200,4503.0,68.043894,0.8,1.0,1,0,0,0,0,1,0,1,1,0,1,0,0,6,33.0,100.0
13008,40.40573,-3.69419,4,2.0,2.0,53.0,100.0,1,0.05,594,200,3917.0,55.025641,1.9,2.0,1,0,0,0,0,1,0,1,1,0,1,0,0,6,36.0,100.0
13009,40.46265,-3.68766,2,1.0,1.0,49.0,100.0,1,0.11,129,200,4508.0,67.220486,5.8,1.5,1,0,0,0,0,1,0,0,1,0,0,0,0,3,19.5,50.0
13010,40.42358,-3.65279,1,2.0,1.0,25.0,91.0,1,0.45,186,50,2893.0,50.090625,6.5,1.0,0,0,0,0,0,1,0,0,0,0,0,0,0,3,10.5,50.0
13011,40.39888,-3.62211,1,1.0,1.0,21.0,0.0,1,0.0,140,50,2246.0,55.472222,11.2,1.0,0,0,0,0,0,1,0,0,1,0,0,0,0,9,10.5,50.0
13012,40.46063,-3.70654,5,3.0,3.0,120.0,99.0,8,4.2,721,200,3476.0,60.621287,5.9,2.0,1,0,0,0,0,1,1,1,1,1,1,0,0,6,43.5,150.0
13013,40.44963,-3.69899,4,1.0,1.0,66.0,0.0,1,0.05,194,200,3476.0,60.621287,5.9,1.5,1,0,0,0,0,1,0,1,0,0,1,0,0,7,34.5,100.0
13014,40.44457,-3.69869,5,2.0,4.0,45.0,95.0,2,3.73,509,200,4855.0,64.056634,2.4,2.0,1,0,0,0,0,1,0,1,0,0,1,1,0,8,43.5,50.0
13015,40.44251,-3.69776,5,2.0,4.0,30.0,95.0,2,3.98,426,200,4855.0,64.056634,2.4,1.0,1,0,0,0,0,1,0,1,0,0,1,0,0,8,40.5,50.0
13016,40.42553,-3.70693,4,2.0,3.0,120.0,90.0,1,0.27,177,200,4503.0,68.043894,0.8,1.0,1,0,0,0,0,1,0,1,0,0,0,0,0,6,33.0,150.0
13017,40.39726,-3.66157,2,1.0,1.0,25.0,97.0,1,2.19,468,50,1890.0,41.443535,5.0,1.5,1,0,0,0,0,1,0,0,0,0,1,0,0,4,19.5,50.0
13018,40.40948,-3.71356,4,2.0,3.0,102.0,95.0,1,2.23,285,200,4503.0,68.043894,0.8,2.0,1,0,0,0,0,1,0,1,0,0,0,0,0,3,36.0,150.0
13019,40.42337,-3.70433,4,2.0,2.0,1139.0,60.0,27,0.15,131,200,4503.0,68.043894,0.8,1.0,1,0,0,0,0,1,0,0,0,0,0,0,0,7,33.0,200.0
13020,40.41857,-3.69765,2,1.0,1.0,130.0,93.0,2,0.16,288,200,4503.0,68.043894,0.8,1.0,1,0,0,0,0,1,0,1,1,0,1,0,0,6,18.0,150.0
13021,40.39444,-3.69047,3,2.0,2.0,60.0,80.0,3,0.05,248,200,3917.0,55.025641,1.9,1.0,1,0,0,0,0,1,0,0,0,0,0,0,0,8,25.5,100.0
13022,40.42175,-3.71064,2,1.0,1.0,40.0,0.0,26,0.0,154,50,4503.0,68.043894,0.8,2.0,0,0,0,0,0,1,0,0,1,0,1,0,0,4,21.0,50.0
13023,40.4429,-3.67326,1,1.0,1.0,25.0,100.0,1,0.11,259,50,4508.0,67.220486,5.8,1.0,1,1,1,1,1,1,1,1,1,1,1,1,1,5,10.5,50.0
13024,40.40724,-3.7073,2,1.0,1.0,100.0,100.0,1,0.27,385,200,4503.0,68.043894,0.8,1.0,1,0,0,0,0,1,0,1,0,1,1,0,0,3,18.0,100.0
13025,40.4223,-3.7531,2,1.0,1.0,30.0,1.0,4,1.0,408,50,3555.0,63.451906,5.9,1.0,1,1,1,1,1,1,1,1,1,1,1,1,1,4,18.0,50.0
13026,40.42201,-3.69869,3,0.0,3.0,60.0,86.0,1,0.71,289,200,4503.0,68.043894,0.8,1.0,1,0,0,0,0,0,0,1,1,1,0,0,0,4,25.5,100.0
13027,40.4229,-3.70063,8,3.0,4.0,220.0,0.0,1,0.0,169,200,4503.0,68.043894,0.8,2.0,1,0,0,0,0,1,0,1,1,0,0,0,0,3,66.0,200.0
13028,40.42438,-3.65955,1,0.0,1.0,25.0,81.0,1,0.96,256,50,5328.0,74.694253,2.2,1.0,0,0,0,0,0,1,0,0,1,0,1,0,0,3,10.5,50.0
13030,40.46413,-3.75001,6,2.0,4.0,200.0,100.0,1,0.05,236,200,3555.0,63.451906,5.9,2.0,1,0,0,0,0,0,1,1,0,0,1,0,0,7,51.0,200.0
13031,40.46725,-3.68586,2,1.0,2.0,35.0,98.0,2,1.27,388,50,4508.0,67.220486,5.8,1.0,0,0,0,0,0,1,0,0,1,0,1,0,0,3,18.0,50.0
13032,40.4302,-3.73699,1,1.0,1.0,30.0,1.0,2,0.07,240,50,3555.0,63.451906,5.9,1.5,1,1,1,1,1,1,1,1,1,1,1,1,1,6,12.0,50.0
13033,40.46507,-3.69283,2,0.0,1.0,53.0,95.0,15,0.97,547,200,3476.0,60.621287,5.9,1.0,1,0,0,0,0,1,0,1,1,0,1,0,0,3,18.0,100.0
13034,40.49698,-3.65226,3,1.0,1.0,47.0,92.0,1,1.34,296,50,3312.0,62.061453,9.2,1.0,0,0,0,0,0,1,0,1,1,0,1,0,0,3,25.5,50.0
13035,40.41206,-3.70843,1,1.0,1.0,20.0,0.0,1,0.0,121,50,4503.0,68.043894,0.8,1.0,0,0,0,0,0,1,0,0,0,0,1,0,0,5,10.5,50.0
13036,40.40754,-3.70684,5,0.0,5.0,100.0,80.0,1,0.27,475,200,4503.0,68.043894,0.8,1.0,1,0,0,0,0,1,0,0,0,0,1,0,1,3,40.5,100.0
13037,40.43322,-3.64489,2,1.0,1.0,386.0,0.0,1,0.0,87,50,2893.0,50.090625,6.5,1.0,0,0,0,0,0,1,0,0,0,0,1,0,0,5,18.0,200.0
13038,40.41434,-3.70419,2,1.0,1.0,58.0,97.0,2,2.33,318,200,4503.0,68.043894,0.8,1.0,1,0,0,0,0,1,0,1,1,0,1,0,0,3,18.0,100.0
13039,40.41262,-3.71322,4,1.0,1.0,59.0,90.0,67,1.34,208,200,4503.0,68.043894,0.8,2.0,1,0,0,0,0,1,0,1,0,0,1,0,0,7,36.0,100.0
13040,40.3864,-3.73026,2,0.0,1.0,70.0,60.0,1,0.06,304,50,2195.0,47.402837,6.6,1.0,0,0,0,0,0,0,0,1,0,0,0,0,0,3,18.0,100.0
13041,40.43735,-3.68032,2,1.0,1.0,120.0,100.0,113,0.13,252,200,5328.0,74.694253,2.2,1.0,1,0,0,0,0,1,0,1,1,0,0,0,0,7,18.0,150.0
13042,40.43214,-3.7093,4,2.0,2.0,110.0,0.0,4,0.0,175,200,4855.0,64.056634,2.4,1.0,1,0,0,0,0,1,0,1,1,0,1,0,0,4,33.0,150.0
13043,40.41293,-3.69957,2,1.0,1.0,33.0,98.0,2,3.01,287,50,4503.0,68.043894,0.8,1.0,0,0,0,0,0,1,0,0,1,0,0,0,0,6,18.0,50.0
13044,40.39323,-3.66948,2,1.0,2.0,24.0,89.0,1,0.41,165,50,1890.0,41.443535,5.0,1.0,0,0,0,0,0,1,0,1,1,0,0,0,0,3,18.0,50.0
13045,40.42621,-3.60971,1,1.0,1.0,40.0,90.0,2,0.11,100,50,2477.0,70.967532,7.3,1.0,0,0,0,0,0,1,0,0,0,0,1,0,0,3,10.5,50.0
13046,40.42779,-3.60949,1,1.0,1.0,50.0,92.0,2,0.26,77,50,2477.0,70.967532,7.3,1.0,0,0,0,0,0,1,0,0,0,0,0,0,0,3,10.5,50.0
13047,40.41327,-3.69909,1,1.0,1.0,24.0,99.0,2,2.11,261,50,4503.0,68.043894,0.8,1.0,0,0,0,0,0,1,0,0,0,0,0,0,0,6,10.5,50.0
13048,40.41383,-3.71201,6,2.0,3.0,120.0,96.0,6,0.77,228,200,4503.0,68.043894,0.8,2.5,1,0,0,0,0,1,0,1,0,0,1,0,0,7,52.5,150.0
13049,40.41129,-3.72683,1,1.0,1.0,23.0,97.0,3,1.33,326,50,2287.0,47.008319,4.7,1.5,0,0,0,0,1,1,0,0,1,0,1,0,0,5,12.0,50.0
13050,40.38919,-3.71746,4,3.0,3.0,125.0,20.0,24,0.07,322,200,2195.0,47.402837,6.6,1.0,1,0,0,0,0,1,1,1,1,0,1,0,0,6,33.0,150.0
13051,40.34662,-3.70918,2,1.0,2.0,20.0,96.0,1,0.79,351,50,1696.0,37.641618,9.0,1.5,0,1,1,1,1,1,0,0,0,1,1,0,0,3,19.5,50.0
13052,40.40534,-3.71337,3,1.0,1.0,35.0,93.0,3,0.17,193,200,3917.0,55.025641,1.9,1.0,1,0,0,0,0,1,0,1,1,0,0,0,0,3,25.5,50.0
13053,40.413,-3.68942,4,1.0,2.0,119.0,100.0,2,0.2,525,200,4220.0,63.672727,3.2,1.0,1,0,0,0,0,1,0,1,1,1,1,0,1,9,33.0,150.0
13054,40.4104,-3.67136,8,3.0,3.0,226.0,100.0,1,0.89,656,200,4220.0,63.672727,3.2,3.0,1,0,0,0,0,1,0,1,0,1,1,0,0,5,69.0,200.0
13055,40.42283,-3.69868,5,3.0,4.0,266.0,95.0,28,0.21,200,200,4503.0,68.043894,0.8,2.0,1,0,0,0,0,1,0,1,1,0,0,0,0,10,43.5,200.0
13056,40.41616,-3.70272,4,1.0,2.0,30.0,100.0,15,0.18,382,50,4503.0,68.043894,0.8,2.0,0,0,0,0,0,1,0,1,1,0,1,0,0,6,36.0,50.0
13057,40.43079,-3.70143,1,0.0,1.0,30.0,100.0,1,0.1,190,50,4855.0,64.056634,2.4,1.0,0,0,0,0,0,1,0,0,1,0,1,0,0,3,10.5,50.0
13058,40.41359,-3.71374,2,2.0,2.0,95.0,95.0,1,0.21,294,200,4503.0,68.043894,0.8,1.0,1,0,0,0,0,1,0,0,1,1,0,0,0,7,18.0,100.0
13059,40.46238,-3.7025,2,1.0,1.0,100.0,0.0,1,0.05,193,50,3476.0,60.621287,5.9,1.0,0,0,0,0,0,1,0,1,0,0,1,0,0,3,18.0,100.0
13060,40.50833,-3.67802,4,2.0,4.0,105.0,0.0,1,0.0,182,200,3545.0,57.198083,16.4,2.0,1,0,0,0,0,1,1,1,1,0,0,0,0,9,36.0,150.0
13061,40.40417,-3.74419,2,0.0,1.0,16.0,0.0,1,0.05,113,50,2287.0,47.008319,4.7,1.0,0,0,0,0,0,1,0,0,0,0,0,0,0,3,18.0,50.0
13062,40.40429,-3.71644,2,1.0,1.0,32.0,100.0,2,0.59,257,50,3917.0,55.025641,1.9,1.0,0,0,0,0,0,1,0,1,0,1,0,0,0,3,18.0,50.0
13063,40.34364,-3.7085,2,1.0,2.0,18.0,0.0,3,0.0,209,50,1696.0,37.641618,9.0,1.0,0,0,0,0,0,1,0,1,0,0,1,0,0,3,18.0,50.0
13064,40.34219,-3.71032,1,1.0,1.0,12.0,95.0,3,0.2,178,50,1696.0,37.641618,9.0,1.0,1,1,1,1,1,1,1,1,1,1,1,1,1,3,10.5,50.0
13065,40.46642,-3.70396,3,2.0,2.0,60.0,0.0,1,0.05,167,200,3476.0,60.621287,5.9,1.0,1,1,1,1,1,1,0,0,0,0,1,0,0,5,25.5,100.0
13066,40.33764,-3.69735,1,1.0,1.0,10.0,1.0,3,1.0,178,50,1696.0,37.641618,9.0,1.0,1,1,1,1,1,1,1,1,1,1,1,1,1,3,10.5,50.0
13067,40.43146,-3.72391,6,3.0,3.0,74.0,95.0,1,0.65,356,200,3555.0,63.451906,5.9,1.5,1,0,0,0,0,1,0,0,1,0,1,0,0,5,49.5,100.0
13068,40.40849,-3.70489,5,2.0,4.0,51.0,96.0,1,0.78,380,200,4503.0,68.043894,0.8,1.0,1,0,0,0,0,1,0,1,0,1,1,0,0,3,40.5,100.0
13069,40.4163,-3.70644,2,1.0,2.0,45.0,100.0,1,0.1,147,50,4503.0,68.043894,0.8,1.0,0,0,0,0,0,0,0,1,1,0,1,0,0,7,18.0,50.0
13071,40.43268,-3.67339,2,0.0,1.0,100.0,96.0,8,2.07,217,200,5328.0,74.694253,2.2,1.0,1,1,1,1,1,1,1,1,1,0,1,0,0,0,18.0,100.0
13072,40.41689,-3.70891,4,1.0,2.0,189.0,0.0,11,0.0,254,200,4503.0,68.043894,0.8,1.0,1,0,0,0,0,1,0,1,1,0,1,0,0,3,33.0,200.0
13073,40.3962,-3.66318,1,3.0,2.0,14.0,86.0,3,0.51,341,50,1890.0,41.443535,5.0,1.0,0,0,0,0,0,1,0,0,1,0,1,0,0,3,10.5,50.0
13074,40.43216,-3.63873,5,2.0,3.0,75.0,100.0,1,0.56,438,200,2893.0,50.090625,6.5,1.0,1,0,0,0,0,1,0,1,0,0,0,0,1,3,40.5,100.0
13075,40.41811,-3.7068,2,0.0,2.0,55.0,0.0,11,0.0,264,200,4503.0,68.043894,0.8,1.0,1,0,0,0,0,1,0,1,1,0,1,0,0,3,18.0,100.0
13076,40.43614,-3.71685,4,1.0,2.0,53.0,97.0,1,3.8,343,200,4855.0,64.056634,2.4,1.0,1,0,0,0,0,1,0,1,1,0,0,0,0,3,33.0,100.0
13077,40.40648,-3.67344,4,1.0,3.0,161.0,80.0,25,0.3,235,200,4220.0,63.672727,3.2,1.0,1,0,0,0,0,1,0,1,1,0,1,0,0,3,33.0,200.0
13079,40.40857,-3.71342,2,1.0,1.0,25.0,0.0,3,0.0,209,50,4503.0,68.043894,0.8,1.0,0,0,0,0,0,1,0,0,1,0,1,0,0,9,18.0,50.0
13080,40.41251,-3.70716,4,1.0,1.0,60.0,96.0,18,0.45,407,200,4503.0,68.043894,0.8,1.0,1,0,0,0,0,1,0,1,1,0,1,0,0,6,33.0,100.0
13081,40.41963,-3.70468,10,4.0,6.0,267.0,95.0,3,1.29,578,200,4503.0,68.043894,0.8,3.0,1,0,0,0,0,1,0,1,1,0,1,0,0,5,84.0,200.0
13082,40.42082,-3.70563,8,4.0,6.0,184.0,98.0,3,0.99,629,200,4503.0,68.043894,0.8,2.0,1,0,0,0,0,1,0,1,0,0,1,0,0,5,66.0,200.0
13083,40.42032,-3.6756,2,0.0,1.0,40.0,82.0,8,2.4,362,200,4220.0,63.672727,3.2,1.0,1,0,0,0,0,1,0,1,0,0,1,0,0,6,18.0,50.0
13084,40.42054,-3.67564,2,0.0,1.0,28.0,81.0,8,2.92,362,200,4220.0,63.672727,3.2,1.0,1,0,0,0,0,1,0,1,0,0,1,0,0,6,18.0,50.0
13085,40.41713,-3.68101,2,0.0,1.0,28.0,87.0,8,3.91,333,200,4220.0,63.672727,3.2,1.0,1,0,0,0,0,1,0,1,0,0,1,0,0,6,18.0,50.0
13086,40.41777,-3.70701,2,0.0,2.0,147.0,0.0,11,0.0,281,200,4503.0,68.043894,0.8,1.0,1,0,0,0,0,1,0,1,1,0,1,0,0,3,18.0,150.0
13087,40.41649,-3.70903,2,0.0,2.0,147.0,0.0,11,0.05,228,200,4503.0,68.043894,0.8,1.0,1,0,0,0,0,1,0,1,1,0,1,0,0,3,18.0,150.0
13088,40.41832,-3.70851,4,1.0,3.0,189.0,0.0,11,0.0,264,200,4503.0,68.043894,0.8,1.0,1,0,0,0,0,1,0,1,1,0,1,0,0,3,33.0,200.0
13089,40.3917,-3.74068,6,3.0,3.0,80.0,0.0,1,0.06,170,200,2195.0,47.402837,6.6,1.0,1,1,1,1,1,1,0,0,0,0,0,0,0,3,48.0,100.0
13090,40.46744,-3.70795,2,1.0,1.0,20.0,92.0,1,6.93,577,50,3476.0,60.621287,5.9,1.0,0,0,0,0,0,1,0,0,0,1,0,0,0,5,18.0,50.0
13091,40.41771,-3.7092,3,0.0,4.0,168.0,0.0,11,0.0,241,200,4503.0,68.043894,0.8,1.0,1,0,0,0,0,1,0,1,1,0,0,0,0,3,25.5,200.0
13092,40.45016,-3.71396,4,1.0,2.0,71.0,97.0,1,1.0,301,200,3555.0,63.451906,5.9,1.0,1,0,0,0,0,1,0,1,1,1,0,0,0,3,33.0,100.0
13093,40.40103,-3.63222,6,3.0,2.0,40.0,100.0,1,0.05,602,200,2547.0,45.581197,5.0,1.0,1,0,0,1,0,1,0,1,1,0,1,0,1,8,48.0,50.0
13094,40.41605,-3.70902,4,1.0,4.0,204.0,0.0,11,0.0,264,200,4503.0,68.043894,0.8,1.0,1,0,0,0,0,1,0,1,1,0,1,0,0,3,33.0,200.0
13095,40.41823,-3.70731,6,2.0,5.0,280.0,0.0,11,0.0,264,200,4503.0,68.043894,0.8,2.0,1,0,0,0,0,1,0,1,1,0,1,0,0,3,51.0,200.0
13096,40.41626,-3.70716,5,2.0,5.0,266.0,0.0,11,0.0,264,200,4503.0,68.043894,0.8,1.0,1,0,0,0,0,1,0,1,1,0,1,0,0,3,40.5,200.0
13097,40.42345,-3.69968,1,1.0,1.0,30.0,85.0,2,0.41,301,50,4503.0,68.043894,0.8,2.0,1,0,0,0,0,1,0,0,1,1,1,0,0,3,13.5,50.0
13098,40.40009,-3.66317,2,1.0,1.0,28.0,99.0,1,4.74,522,50,1890.0,41.443535,5.0,1.0,0,0,0,0,0,1,0,1,1,0,0,0,0,0,18.0,50.0
13099,40.41225,-3.70788,4,1.0,2.0,41.0,90.0,18,0.7,429,200,4503.0,68.043894,0.8,1.0,1,0,0,0,0,1,0,1,1,0,1,0,0,6,33.0,50.0
13100,40.40793,-3.68304,3,1.0,1.0,130.0,100.0,1,0.4,75,200,4220.0,63.672727,3.2,1.5,1,0,0,0,0,1,0,0,0,0,0,0,0,3,27.0,150.0
13101,40.43292,-3.68443,2,1.0,1.0,27.0,60.0,2,0.1,73,50,5328.0,74.694253,2.2,1.0,0,1,1,1,1,1,0,0,0,0,0,0,0,3,18.0,50.0
13102,40.48368,-3.65158,2,1.0,1.0,25.0,99.0,1,0.85,193,50,3312.0,62.061453,9.2,1.0,0,0,0,0,0,1,0,0,1,0,1,0,0,6,18.0,50.0
13103,40.4097,-3.71105,2,1.0,1.0,25.0,100.0,1,0.2,82,50,4503.0,68.043894,0.8,1.0,0,0,0,0,0,1,0,0,0,0,0,0,0,8,18.0,50.0
13104,40.39263,-3.72491,7,2.0,4.0,62.0,98.0,1,2.24,411,200,2195.0,47.402837,6.6,2.0,1,0,0,0,0,1,0,1,1,1,1,0,0,4,58.5,100.0
13105,40.40946,-3.7068,1,1.0,1.0,20.0,93.0,1,0.15,141,50,4503.0,68.043894,0.8,1.0,0,1,1,1,1,1,0,0,1,0,1,0,0,3,10.5,50.0
13106,40.42242,-3.7179,2,0.0,1.0,55.0,92.0,1,0.96,309,200,3555.0,63.451906,5.9,1.0,1,0,0,0,0,1,0,1,0,0,1,0,0,8,18.0,100.0
13107,40.40725,-3.7032,3,3.0,1.0,350.0,0.0,1,0.0,127,50,4503.0,68.043894,0.8,1.0,0,0,0,0,0,1,0,0,1,0,1,0,0,3,25.5,200.0
13108,40.43269,-3.70013,1,1.0,1.0,36.0,90.0,5,0.22,234,200,4855.0,64.056634,2.4,1.5,1,0,0,0,0,1,0,0,0,0,1,0,0,7,12.0,50.0
13109,40.43388,-3.70376,4,2.0,4.0,75.0,93.0,1,1.21,315,50,4855.0,64.056634,2.4,1.0,1,0,0,0,0,1,0,1,1,0,0,0,0,3,33.0,100.0
13110,40.47622,-3.72927,2,1.0,1.0,28.0,0.0,1,0.0,260,50,3545.0,57.198083,16.4,1.5,0,0,0,0,0,1,0,0,0,1,0,0,0,7,19.5,50.0
13111,40.4368,-3.70455,5,2.0,2.0,166.0,100.0,1,0.72,703,200,4855.0,64.056634,2.4,2.5,1,0,0,0,0,1,0,1,1,1,1,0,0,3,45.0,200.0
13112,40.40449,-3.70935,4,1.0,2.0,57.0,97.0,4,1.28,373,200,3917.0,55.025641,1.9,1.0,1,0,0,0,0,1,0,1,0,0,1,0,0,3,33.0,100.0
13113,40.43477,-3.64215,2,1.0,1.0,200.0,0.0,1,0.0,107,50,2893.0,50.090625,6.5,1.0,0,1,1,1,1,1,0,0,0,0,0,0,0,3,18.0,200.0
13114,40.41178,-3.71327,4,1.0,2.0,66.0,99.0,4,1.44,189,200,4503.0,68.043894,0.8,1.0,1,0,0,0,0,1,0,1,0,0,0,0,0,3,33.0,100.0
13115,40.40621,-3.71082,4,1.0,3.0,64.0,95.0,4,0.62,323,200,3917.0,55.025641,1.9,1.0,1,0,0,0,0,1,0,1,0,0,1,0,0,3,33.0,100.0
13116,40.42302,-3.68053,4,1.0,2.0,133.0,100.0,72,0.16,207,200,5328.0,74.694253,2.2,1.0,1,0,0,0,0,1,0,1,1,0,1,0,0,6,33.0,150.0
13117,40.42393,-3.61109,2,1.0,1.0,29.0,97.0,1,1.0,543,50,2477.0,70.967532,7.3,1.0,0,0,0,0,0,1,0,1,1,0,0,0,0,3,18.0,50.0
13118,40.41148,-3.70067,5,3.0,4.0,120.0,20.0,4,0.05,511,200,4503.0,68.043894,0.8,1.0,1,1,1,1,1,1,0,1,0,1,1,0,0,8,40.5,150.0
13119,40.43227,-3.62511,1,1.0,1.0,30.0,100.0,2,0.05,210,50,2477.0,70.967532,7.3,1.0,0,0,0,0,0,1,0,1,0,0,1,0,0,7,10.5,50.0
13120,40.41024,-3.64435,4,2.0,3.0,99.0,100.0,1,0.85,286,200,2547.0,45.581197,5.0,2.0,1,0,0,0,0,1,0,0,1,1,0,0,0,9,36.0,100.0
13121,40.38272,-3.66546,1,0.0,1.0,20.0,60.0,7,0.06,211,50,1890.0,41.443535,5.0,1.0,0,1,1,1,1,0,0,0,0,0,1,0,0,11,10.5,50.0
13122,40.41268,-3.72661,2,1.0,1.0,29.0,100.0,1,0.05,116,50,2287.0,47.008319,4.7,1.5,0,0,0,0,0,1,0,0,0,0,1,0,0,8,19.5,50.0
13123,40.43499,-3.69495,2,1.0,1.0,14.0,100.0,1,0.05,190,50,4855.0,64.056634,2.4,2.0,0,0,0,0,0,1,0,0,1,0,1,0,0,9,21.0,50.0
13124,40.41282,-3.69653,2,1.0,1.0,94.0,96.0,1,0.99,557,200,4503.0,68.043894,0.8,1.5,1,0,0,0,0,1,0,0,0,1,1,1,0,10,19.5,100.0
13125,40.49384,-3.69464,1,1.0,1.0,20.0,95.0,2,1.55,296,50,3545.0,57.198083,16.4,1.0,0,0,0,0,0,1,0,0,0,0,1,0,0,4,10.5,50.0
13126,40.42463,-3.69691,6,2.0,4.0,173.0,73.0,72,0.16,195,200,4503.0,68.043894,0.8,1.0,1,0,0,0,0,1,0,1,0,0,1,0,0,6,48.0,200.0
13128,40.49356,-3.68802,2,1.0,1.0,30.0,0.0,1,0.0,294,50,3545.0,57.198083,16.4,1.0,0,0,0,0,0,1,0,0,0,0,1,0,0,3,18.0,50.0
13129,40.40934,-3.71435,2,1.0,1.0,34.0,86.0,1,1.04,125,50,4503.0,68.043894,0.8,1.0,0,0,0,0,0,1,0,0,0,0,0,0,0,3,18.0,50.0
13130,40.41812,-3.70356,3,1.0,2.0,27.0,82.0,29,0.55,421,50,4503.0,68.043894,0.8,1.0,0,0,0,0,0,1,0,1,0,0,0,0,0,4,25.5,50.0
13131,40.41853,-3.70389,2,1.0,1.0,24.0,73.0,29,0.4,409,50,4503.0,68.043894,0.8,0.0,0,0,0,0,0,1,0,0,0,0,0,0,0,4,15.0,50.0
13132,40.4168,-3.70399,3,1.0,2.0,30.0,80.0,29,0.36,421,50,4503.0,68.043894,0.8,1.0,1,0,0,0,0,1,0,1,0,0,0,0,0,4,25.5,50.0
13133,40.39196,-3.66888,3,2.0,2.0,65.0,98.0,1,0.61,234,50,1890.0,41.443535,5.0,1.0,0,0,0,0,0,1,0,1,1,0,0,0,0,3,25.5,100.0
13134,40.45212,-3.68036,4,1.0,1.0,58.0,0.0,5,0.0,183,200,4508.0,67.220486,5.8,1.0,1,0,0,0,0,1,0,1,1,0,0,0,0,5,33.0,100.0
13135,40.42783,-3.65752,2,1.0,1.0,30.0,96.0,1,1.35,177,50,2893.0,50.090625,6.5,1.0,1,1,1,1,1,1,0,0,1,0,0,0,0,3,18.0,50.0
13136,40.41174,-3.70211,2,1.0,1.0,46.0,87.0,3,0.15,261,50,4503.0,68.043894,0.8,1.0,0,0,0,0,0,1,0,0,1,0,1,0,0,7,18.0,50.0
13137,40.42386,-3.70005,6,2.0,3.0,99.0,99.0,9,1.03,585,200,4503.0,68.043894,0.8,2.0,1,0,0,0,0,1,0,1,1,0,0,0,0,7,51.0,100.0
13138,40.37226,-3.62963,1,1.0,1.0,25.0,94.0,1,1.9,463,50,2382.0,49.659794,11.0,1.0,1,0,0,0,0,1,0,0,1,0,1,0,0,3,10.5,50.0
13139,40.38076,-3.63107,2,1.0,1.0,31.0,100.0,1,1.07,206,50,1890.0,41.443535,5.0,1.0,1,1,1,1,1,1,1,1,1,1,1,1,1,7,18.0,50.0
13140,40.41563,-3.70114,2,1.0,1.0,70.0,98.0,2,0.53,253,50,4503.0,68.043894,0.8,2.0,1,0,0,0,0,1,0,1,0,1,0,0,0,3,21.0,100.0
13141,40.48975,-3.71266,2,1.0,2.0,30.0,97.0,1,0.61,315,50,3545.0,57.198083,16.4,1.5,0,0,0,0,0,1,0,0,1,0,1,0,0,3,19.5,50.0
13142,40.43403,-3.70384,2,1.0,1.0,30.0,95.0,1,1.05,324,200,4855.0,64.056634,2.4,1.0,1,0,0,0,0,1,0,1,0,1,0,0,0,7,18.0,50.0
13143,40.42192,-3.68495,7,3.0,5.0,399.0,100.0,1,0.94,487,200,5328.0,74.694253,2.2,3.0,1,0,0,0,0,1,0,1,1,1,1,0,0,3,61.5,200.0
13144,40.3952,-3.7123,1,1.0,1.0,19.0,100.0,2,0.15,152,50,2195.0,47.402837,6.6,1.5,0,0,0,0,0,1,0,1,0,0,1,0,0,3,12.0,50.0
13145,40.40925,-3.71243,4,1.0,2.0,63.0,83.0,1,1.16,269,200,4503.0,68.043894,0.8,1.0,1,0,0,0,0,1,0,1,0,0,0,0,0,8,33.0,100.0
13146,40.34059,-3.69097,4,2.0,2.0,600.0,0.0,1,0.0,118,200,1696.0,37.641618,9.0,1.0,1,0,0,0,0,0,0,1,0,0,0,0,0,5,33.0,200.0
13147,40.42913,-3.70486,4,1.0,2.0,115.0,87.0,3,0.22,215,200,4503.0,68.043894,0.8,1.0,1,0,0,0,0,1,0,1,1,0,0,0,0,5,33.0,150.0
13148,40.41696,-3.704,3,1.0,3.0,29.0,70.0,10,0.3,362,50,4503.0,68.043894,0.8,1.0,1,0,0,0,0,1,0,1,0,0,0,0,0,7,25.5,50.0
13149,40.43843,-3.70359,2,1.0,1.0,45.0,97.0,2,1.36,507,200,4855.0,64.056634,2.4,1.0,1,0,0,0,0,1,0,1,1,1,1,0,0,8,18.0,50.0
13150,40.46135,-3.71147,2,1.0,1.0,31.0,95.0,2,0.41,164,50,3555.0,63.451906,5.9,1.0,0,0,0,0,0,1,0,0,1,0,0,0,0,3,18.0,50.0
13151,40.46194,-3.70432,1,1.0,1.0,27.0,87.0,2,0.57,164,50,3476.0,60.621287,5.9,1.0,0,0,0,0,0,1,0,0,1,0,0,0,0,3,10.5,50.0
13152,40.4341,-3.68034,1,1.0,1.0,35.0,0.0,7,0.0,193,50,5328.0,74.694253,2.2,2.0,1,0,0,0,0,1,0,0,1,0,1,0,0,8,13.5,50.0
13153,40.43616,-3.68229,1,1.0,1.0,30.0,1.0,7,1.0,187,50,5328.0,74.694253,2.2,2.0,1,1,1,1,1,1,1,1,1,1,1,1,1,8,13.5,50.0
13154,40.46509,-3.64879,4,1.0,4.0,37.0,83.0,26,1.38,265,200,3312.0,62.061453,9.2,1.0,1,0,0,0,0,1,0,1,0,0,1,0,0,8,33.0,50.0
13156,40.43685,-3.67782,2,1.0,1.0,59.0,96.0,1,0.58,268,50,5328.0,74.694253,2.2,1.0,1,0,0,0,0,1,0,1,1,0,1,0,0,6,18.0,100.0
13157,40.46899,-3.57001,1,1.0,1.0,18.0,1.0,2,1.0,314,50,3047.0,56.183432,11.8,1.0,1,1,1,1,1,1,1,1,1,1,1,1,1,8,10.5,50.0
13158,40.42809,-3.70535,4,1.0,2.0,110.0,100.0,1,0.42,350,200,4503.0,68.043894,0.8,2.0,1,0,0,0,0,1,0,1,0,1,1,0,0,6,36.0,150.0
13159,40.34144,-3.69241,1,1.0,1.0,25.0,100.0,1,0.05,236,50,1696.0,37.641618,9.0,1.0,0,0,0,0,0,1,0,0,1,0,1,0,0,6,10.5,50.0
13160,40.48218,-3.73777,6,2.0,4.0,100.0,0.0,4,0.0,81,200,3545.0,57.198083,16.4,1.5,1,0,0,0,0,1,0,0,0,0,0,0,0,6,49.5,100.0
13161,40.42107,-3.71183,4,1.0,2.0,37.0,99.0,3,2.77,503,50,4503.0,68.043894,0.8,1.0,1,0,0,0,0,1,0,1,0,1,1,0,0,12,33.0,50.0
13162,40.40467,-3.74319,4,2.0,4.0,60.0,90.0,1,3.01,513,200,2287.0,47.008319,4.7,1.0,1,0,0,0,0,1,0,1,0,1,1,0,0,3,33.0,100.0
13163,40.40454,-3.68145,9,3.0,8.0,60.0,89.0,6,0.82,327,200,4220.0,63.672727,3.2,2.0,1,0,0,0,0,1,0,1,1,0,1,0,0,10,73.5,100.0
13164,40.46555,-3.70457,3,2.0,2.0,30.0,0.0,1,0.0,164,200,3476.0,60.621287,5.9,1.0,1,0,0,0,0,1,0,0,1,0,0,0,0,3,25.5,50.0
13165,40.38723,-3.65387,4,2.0,2.0,40.0,100.0,2,0.26,159,200,1890.0,41.443535,5.0,1.0,1,0,0,0,0,1,0,1,0,0,0,0,0,7,33.0,50.0
13166,40.46367,-3.74922,1,1.0,1.0,9.0,0.0,1,0.0,2,50,3555.0,63.451906,5.9,1.0,1,0,0,0,0,0,0,0,0,0,0,0,0,5,10.5,50.0
13167,40.4073,-3.70036,2,1.0,1.0,35.0,100.0,1,0.05,83,50,4503.0,68.043894,0.8,1.0,0,0,0,0,0,1,0,0,1,0,0,0,0,11,18.0,50.0
13168,40.5069,-3.66622,7,3.0,3.0,92.0,95.0,1,1.74,305,200,3545.0,57.198083,16.4,2.0,1,0,0,0,0,1,1,1,1,0,1,0,0,8,58.5,100.0
13169,40.42203,-3.71104,6,2.0,3.0,163.0,100.0,72,0.07,195,200,4503.0,68.043894,0.8,1.0,1,0,0,0,0,1,0,1,0,0,1,0,0,6,48.0,200.0
13170,40.39033,-3.73921,2,1.0,1.0,100.0,1.0,2,1.0,284,50,2195.0,47.402837,6.6,1.5,1,1,1,1,1,1,1,1,1,1,1,1,1,5,19.5,100.0
13171,40.39454,-3.61018,2,1.0,2.0,10.0,100.0,1,0.06,365,50,2246.0,55.472222,11.2,1.5,1,0,0,0,0,1,1,0,1,1,0,0,0,4,19.5,50.0
13172,40.4187,-3.71059,4,1.0,3.0,56.0,93.0,1,0.17,333,200,4503.0,68.043894,0.8,1.0,1,0,0,0,0,1,0,1,1,0,1,0,0,3,33.0,100.0
13173,40.39997,-3.66414,2,1.0,1.0,23.0,92.0,26,2.24,208,50,1890.0,41.443535,5.0,1.0,1,0,0,0,0,1,0,1,0,0,1,0,0,8,18.0,50.0
13174,40.41508,-3.70238,2,1.0,1.0,60.0,80.0,4,0.26,189,50,4503.0,68.043894,0.8,1.0,0,0,0,0,0,1,0,1,0,0,0,0,0,3,18.0,100.0
13175,40.41816,-3.70296,2,1.0,1.0,29.0,100.0,1,0.3,152,50,4503.0,68.043894,0.8,2.0,1,0,0,0,0,1,0,0,1,0,0,0,0,9,21.0,50.0
13180,40.41533,-3.70308,2,1.0,2.0,49.0,100.0,4,0.47,137,50,4503.0,68.043894,0.8,1.0,0,0,0,0,0,1,0,0,0,1,0,0,0,3,18.0,50.0
13181,40.33344,-3.70278,2,1.0,1.0,42.0,96.0,7,0.6,470,200,1696.0,37.641618,9.0,1.0,1,0,0,0,0,1,0,1,1,1,1,0,1,7,18.0,50.0
13183,40.38797,-3.70293,2,1.0,1.0,24.0,80.0,2,0.21,127,50,2316.0,43.910072,4.6,1.0,0,1,1,1,1,1,0,0,0,0,0,0,0,3,18.0,50.0
13184,40.43665,-3.70301,2,1.0,1.0,55.0,80.0,2,0.11,268,50,4855.0,64.056634,2.4,1.0,0,0,0,0,0,1,0,0,1,0,1,0,0,7,18.0,100.0
13185,40.42394,-3.67362,5,3.0,4.0,150.0,100.0,1,0.19,747,200,5328.0,74.694253,2.2,2.0,1,0,0,0,0,1,0,1,1,1,1,1,0,9,43.5,150.0
13186,40.46405,-3.71853,1,1.0,1.0,23.0,98.0,1,0.62,148,50,3555.0,63.451906,5.9,1.0,0,1,1,1,1,1,0,0,0,0,1,0,0,4,10.5,50.0
13187,40.43131,-3.6796,3,1.0,2.0,30.0,0.0,7,0.0,222,50,5328.0,74.694253,2.2,2.0,0,0,0,0,0,1,0,0,1,0,1,0,0,8,28.5,50.0
13188,40.41678,-3.70679,6,1.0,4.0,125.0,100.0,3,0.27,522,200,4503.0,68.043894,0.8,1.0,1,0,0,0,0,1,0,1,0,1,1,0,0,7,48.0,150.0
13189,40.39876,-3.71626,5,2.0,2.0,71.0,98.0,1,0.51,369,200,2195.0,47.402837,6.6,1.0,1,0,0,0,0,1,0,1,0,0,1,0,0,10,40.5,100.0
13190,40.42833,-3.67802,2,1.0,1.0,50.0,97.0,1,1.4,286,50,5328.0,74.694253,2.2,1.0,1,0,0,0,0,1,0,1,0,0,1,0,0,12,18.0,50.0
13191,40.42871,-3.67871,2,1.0,1.0,26.0,0.0,7,0.0,308,50,5328.0,74.694253,2.2,2.0,0,0,0,0,0,1,0,0,1,0,1,0,0,8,21.0,50.0
13192,40.39842,-3.69919,1,1.0,2.0,25.0,97.0,1,0.62,168,50,3917.0,55.025641,1.9,1.5,0,0,0,0,0,1,0,0,0,0,1,0,0,3,12.0,50.0
13193,40.41518,-3.70259,2,1.0,1.0,70.0,100.0,4,0.34,163,50,4503.0,68.043894,0.8,1.0,1,0,0,0,0,1,0,1,0,0,0,0,0,3,18.0,100.0
13194,40.44606,-3.59655,2,1.0,1.0,24.0,95.0,3,1.23,434,50,2477.0,70.967532,7.3,1.0,0,0,0,0,0,1,0,1,1,0,0,0,0,3,18.0,50.0
13195,40.43509,-3.64703,6,2.0,4.0,85.0,100.0,45,0.52,416,200,2893.0,50.090625,6.5,1.0,1,0,0,0,0,1,0,1,1,0,1,0,1,4,48.0,100.0
13196,40.4068,-3.68133,2,1.0,1.0,28.0,0.0,1,0.0,142,50,4220.0,63.672727,3.2,1.0,0,0,0,0,0,1,0,0,1,0,0,0,0,9,18.0,50.0
13197,40.42012,-3.71378,4,1.0,2.0,85.0,99.0,10,1.58,225,200,4503.0,68.043894,0.8,1.0,1,0,0,0,0,1,0,1,1,0,1,0,0,9,33.0,100.0
13198,40.41674,-3.70398,3,1.0,3.0,25.0,78.0,29,0.66,429,50,4503.0,68.043894,0.8,1.0,1,0,0,0,0,1,0,1,0,0,0,0,0,4,25.5,50.0
13199,40.42658,-3.68192,1,1.0,1.0,50.0,1.0,1,0.1,443,50,5328.0,74.694253,2.2,1.5,1,1,1,1,1,1,1,1,1,1,1,1,1,3,12.0,50.0
13200,40.43527,-3.6723,4,1.0,2.0,39.0,85.0,1,0.62,327,200,5328.0,74.694253,2.2,1.0,1,0,0,0,0,1,0,1,1,1,1,0,0,3,33.0,50.0
13201,40.45727,-3.61688,4,0.0,2.0,65.0,80.0,6,0.05,75,200,3312.0,62.061453,9.2,0.0,1,0,0,0,0,0,0,0,0,0,0,0,0,4,30.0,100.0
13202,40.47705,-3.67301,5,2.0,3.0,61.0,0.0,1,0.0,297,200,2893.0,50.090625,6.5,0.0,1,0,0,0,0,0,0,1,0,0,0,0,0,9,37.5,100.0
13203,40.4447,-3.65494,1,0.0,1.0,480.0,0.0,1,0.0,143,50,2893.0,50.090625,6.5,1.0,1,1,1,1,1,1,0,0,1,0,1,0,0,0,10.5,200.0
13204,40.39465,-3.73609,4,1.0,1.0,75.0,0.0,1,0.0,164,200,2195.0,47.402837,6.6,1.0,1,0,0,0,0,1,0,1,0,0,0,0,0,3,33.0,100.0
13205,40.4227,-3.70719,6,2.0,3.0,136.0,98.0,3,1.26,341,200,4503.0,68.043894,0.8,2.0,1,0,0,0,0,1,0,1,0,0,1,0,0,4,51.0,150.0
13206,40.40495,-3.6614,1,1.0,1.0,15.0,100.0,1,0.3,264,50,1890.0,41.443535,5.0,1.0,0,0,0,0,0,1,0,0,1,0,1,0,0,7,10.5,50.0
13207,40.42685,-3.70572,6,2.0,3.0,100.0,95.0,12,1.51,260,200,4503.0,68.043894,0.8,2.0,1,0,0,0,0,1,0,1,1,0,0,0,0,4,51.0,100.0
13208,40.41301,-3.70721,1,1.0,1.0,20.0,96.0,1,5.88,299,50,4503.0,68.043894,0.8,1.0,0,0,0,0,0,1,0,1,0,0,0,0,0,3,10.5,50.0
13209,40.45478,-3.66058,4,0.0,1.0,500.0,0.0,1,0.0,141,200,2893.0,50.090625,6.5,0.0,1,0,0,0,0,1,0,1,1,0,0,0,0,3,30.0,200.0
13210,40.42778,-3.69846,6,2.0,3.0,123.0,99.0,5,0.91,485,200,4503.0,68.043894,0.8,2.0,1,0,0,0,0,1,0,1,1,0,1,0,0,9,51.0,150.0
13211,40.39729,-3.76168,2,1.0,2.0,20.0,97.0,1,2.91,264,50,2287.0,47.008319,4.7,1.0,0,0,0,0,0,1,0,0,1,0,0,0,0,3,18.0,50.0
13212,40.35394,-3.68363,2,1.0,1.0,34.0,95.0,1,0.4,312,50,1696.0,37.641618,9.0,1.0,1,0,0,0,0,1,1,0,1,0,0,0,0,3,18.0,50.0
13213,40.49339,-3.70328,2,0.0,1.0,96.0,0.0,2,0.0,72,200,3545.0,57.198083,16.4,1.0,1,0,0,0,0,0,0,1,0,0,0,0,0,3,18.0,100.0
13214,40.49349,-3.70535,2,0.0,1.0,97.0,0.0,2,0.0,72,200,3545.0,57.198083,16.4,1.0,1,0,0,0,0,0,0,1,0,0,0,0,0,3,18.0,100.0
13215,40.43312,-3.7188,2,1.0,1.0,30.0,100.0,1,0.05,212,50,3555.0,63.451906,5.9,1.0,0,0,0,0,0,1,0,1,1,0,1,0,0,8,18.0,50.0
13216,40.38332,-3.60856,1,1.0,1.0,320.0,0.0,1,0.0,171,50,2382.0,49.659794,11.0,1.0,1,0,0,0,0,1,0,0,1,0,1,0,0,3,10.5,200.0
13217,40.43239,-3.71842,1,1.0,1.0,25.0,97.0,2,0.36,372,50,3555.0,63.451906,5.9,1.0,0,0,0,0,0,1,0,0,1,0,1,0,1,13,10.5,50.0
13218,40.44185,-3.68056,2,0.0,1.0,35.0,76.0,1,0.27,479,200,4508.0,67.220486,5.8,1.0,1,0,0,0,0,1,0,1,1,0,1,0,0,9,18.0,50.0
13219,40.41049,-3.72138,2,1.0,1.0,33.0,0.0,7,0.0,322,50,3917.0,55.025641,1.9,1.5,1,0,0,0,0,1,0,0,1,0,1,0,0,7,19.5,50.0
13220,40.42416,-3.68616,2,2.0,2.0,61.0,80.0,1,0.11,353,200,5328.0,74.694253,2.2,1.0,1,0,0,0,0,1,0,1,1,0,1,0,0,8,18.0,100.0
13221,40.38087,-3.65252,1,1.0,3.0,32.0,100.0,1,0.11,83,50,1890.0,41.443535,5.0,1.0,0,0,0,0,0,0,0,1,0,0,0,0,0,3,10.5,50.0
13222,40.39643,-3.77167,2,1.0,1.0,45.0,100.0,1,0.05,129,50,2287.0,47.008319,4.7,1.0,0,1,1,1,1,1,0,0,0,0,0,0,0,7,18.0,50.0
13223,40.41192,-3.70539,4,1.0,1.0,83.0,89.0,1,0.71,294,200,4503.0,68.043894,0.8,1.0,1,0,0,0,0,1,0,1,0,0,0,0,0,3,33.0,100.0
13224,40.42229,-3.6971,4,2.0,2.0,115.0,89.0,1,0.92,332,200,4503.0,68.043894,0.8,1.0,1,0,0,0,0,1,0,1,1,0,1,0,0,3,33.0,150.0
13225,40.39411,-3.66876,2,1.0,1.0,47.0,100.0,2,0.24,176,50,1890.0,41.443535,5.0,1.0,0,0,0,0,0,1,0,0,1,0,1,0,0,6,18.0,50.0
13226,40.43268,-3.72062,1,1.0,1.0,45.0,97.0,1,0.37,202,50,3555.0,63.451906,5.9,1.0,1,0,0,0,0,1,0,1,0,0,1,0,0,6,10.5,50.0
13227,40.39894,-3.69448,5,2.0,2.0,122.0,89.0,1,1.13,557,200,3917.0,55.025641,1.9,1.5,1,0,0,0,0,1,0,1,1,1,1,0,1,3,42.0,150.0
13228,40.41823,-3.71082,3,1.0,1.0,70.0,95.0,3,1.14,421,200,4503.0,68.043894,0.8,1.0,1,0,0,0,0,1,0,0,1,0,1,0,0,3,25.5,100.0
13229,40.39383,-3.66071,2,1.0,1.0,45.0,100.0,1,0.32,381,200,1890.0,41.443535,5.0,1.5,1,0,0,0,0,0,0,1,0,1,1,0,0,7,19.5,50.0
13230,40.41187,-3.70928,6,2.0,2.0,136.0,97.0,9,0.65,192,200,4503.0,68.043894,0.8,2.0,1,0,0,0,0,1,0,1,0,0,1,0,0,8,51.0,150.0
13231,40.50266,-3.70343,2,0.0,1.0,138.0,91.0,1,0.37,361,200,3545.0,57.198083,16.4,1.0,1,0,0,0,0,0,1,1,1,1,0,0,0,3,18.0,150.0
13232,40.41533,-3.70077,4,1.0,2.0,144.0,98.0,1,0.88,359,200,4503.0,68.043894,0.8,1.0,1,0,0,0,0,1,0,1,0,1,0,0,0,11,33.0,150.0
13233,40.42374,-3.66815,2,1.0,1.0,51.0,95.0,1,0.21,165,50,5328.0,74.694253,2.2,1.0,0,0,0,0,0,1,0,1,1,1,0,0,0,9,18.0,100.0
13234,40.42218,-3.70133,2,1.0,1.0,54.0,90.0,2,2.08,315,200,4503.0,68.043894,0.8,1.5,1,1,1,1,1,1,1,1,1,1,1,1,1,4,19.5,100.0
13235,40.47784,-3.70592,1,1.0,1.0,20.0,100.0,1,0.15,180,50,3545.0,57.198083,16.4,1.0,0,0,0,0,0,0,0,0,1,0,1,0,0,3,10.5,50.0
13236,40.41695,-3.70675,12,3.0,9.0,314.0,100.0,3,0.43,512,200,4503.0,68.043894,0.8,2.0,1,0,0,0,0,1,0,1,0,1,1,0,0,7,96.0,200.0
13237,40.42567,-3.66755,4,1.0,2.0,79.0,91.0,1,0.36,324,200,5328.0,74.694253,2.2,1.0,1,0,0,0,0,1,0,1,1,0,0,0,0,6,33.0,100.0
13238,40.40997,-3.72025,4,2.0,3.0,75.0,100.0,1,0.72,269,200,3917.0,55.025641,1.9,2.0,1,0,0,0,0,1,1,1,1,0,1,0,0,5,36.0,100.0
13239,40.44265,-3.57248,2,1.0,1.0,55.0,60.0,2,0.06,452,50,2477.0,70.967532,7.3,1.0,0,0,0,0,0,0,0,0,0,0,1,0,0,3,18.0,100.0
13240,40.45226,-3.61498,2,1.0,1.0,33.0,96.0,1,0.51,419,50,3312.0,62.061453,9.2,1.5,1,0,0,0,0,1,0,1,0,0,1,0,0,3,19.5,50.0
13241,40.39699,-3.71826,1,1.0,1.0,20.0,100.0,2,0.74,637,50,2195.0,47.402837,6.6,1.0,0,0,0,0,0,1,0,1,0,0,1,1,0,3,10.5,50.0
13242,40.39922,-3.64308,1,1.0,1.0,23.0,99.0,1,0.74,290,50,2547.0,45.581197,5.0,1.0,0,0,0,0,0,1,0,0,0,0,1,0,0,4,10.5,50.0
13243,40.41021,-3.71615,2,1.0,1.0,40.0,100.0,1,0.1,440,50,4503.0,68.043894,0.8,1.0,0,0,0,0,0,1,0,0,0,0,1,0,0,7,18.0,50.0
13244,40.42274,-3.7027,1,1.0,1.0,62.0,90.0,1,0.21,166,200,4503.0,68.043894,0.8,1.0,1,0,0,0,0,1,0,1,0,0,0,0,0,4,10.5,100.0
13245,40.43884,-3.7095,1,1.0,1.0,21.0,93.0,1,1.98,207,50,4855.0,64.056634,2.4,1.0,0,0,0,0,0,1,0,0,1,0,0,0,0,4,10.5,50.0
13246,40.41248,-3.73237,4,1.0,2.0,53.0,95.0,1,0.66,331,200,2287.0,47.008319,4.7,1.0,1,0,0,0,0,1,0,1,0,0,1,0,0,9,33.0,100.0
13247,40.43098,-3.68532,4,2.0,3.0,189.0,95.0,113,0.22,205,200,5328.0,74.694253,2.2,2.0,1,0,0,0,0,1,0,1,0,0,0,0,0,7,36.0,200.0
13248,40.40325,-3.60517,1,1.0,1.0,45.0,100.0,2,0.43,262,50,2246.0,55.472222,11.2,1.0,0,0,0,0,0,1,0,0,0,1,1,0,0,5,10.5,50.0
13249,40.36321,-3.69851,1,1.0,1.0,25.0,88.0,2,0.83,220,50,1696.0,37.641618,9.0,1.0,1,1,1,1,1,1,0,1,1,0,0,0,0,3,10.5,50.0
13250,40.37398,-3.66717,2,1.0,1.0,17.0,100.0,1,0.12,746,50,1890.0,41.443535,5.0,2.0,0,0,0,0,0,1,0,1,0,1,0,0,1,6,21.0,50.0
13251,40.45355,-3.68059,4,1.0,3.0,61.0,99.0,1,1.0,329,200,4508.0,67.220486,5.8,1.0,1,0,0,0,0,1,0,1,0,0,1,0,0,3,33.0,100.0
13252,40.4201,-3.7036,3,1.0,1.0,99.0,100.0,1,0.21,345,200,4503.0,68.043894,0.8,1.0,1,1,1,1,1,1,0,1,0,0,0,0,0,4,25.5,100.0
13253,40.41389,-3.69513,6,2.0,4.0,62.0,93.0,5,0.72,371,200,4503.0,68.043894,0.8,1.0,1,0,0,0,0,1,0,1,0,0,0,0,0,3,48.0,100.0
13254,40.48838,-3.66539,3,0.0,2.0,46.0,90.0,1,0.65,366,200,3312.0,62.061453,9.2,1.0,1,0,0,0,0,1,0,1,1,0,0,0,0,3,25.5,50.0
13255,40.4713,-3.6621,6,2.0,4.0,200.0,100.0,3,0.27,378,200,3312.0,62.061453,9.2,2.0,1,0,0,1,0,1,1,1,0,0,1,0,0,10,51.0,200.0
13256,40.47176,-3.57673,1,1.0,1.0,17.0,94.0,5,9.01,330,50,3047.0,56.183432,11.8,1.0,0,0,0,0,0,1,0,0,0,0,1,0,0,8,10.5,50.0
13257,40.40944,-3.71288,4,1.0,2.0,101.0,90.0,3,0.35,267,200,4503.0,68.043894,0.8,1.0,1,0,0,0,0,1,0,1,1,0,1,0,0,10,33.0,150.0
13258,40.40273,-3.67577,4,1.0,2.0,51.0,95.0,45,1.0,356,200,4220.0,63.672727,3.2,1.0,1,0,0,0,0,1,0,1,0,0,1,0,0,4,33.0,100.0
13260,40.44206,-3.69635,4,4.0,4.0,145.0,0.0,24,0.0,302,200,4855.0,64.056634,2.4,1.0,1,0,0,0,0,1,0,0,1,0,1,0,0,6,33.0,150.0
13261,40.39516,-3.66697,2,0.0,1.0,34.0,97.0,2,2.56,440,200,1890.0,41.443535,5.0,1.0,1,0,0,0,0,1,0,1,1,1,0,0,1,6,18.0,50.0
13262,40.38495,-3.73934,3,1.0,1.0,15.0,97.0,2,0.73,422,50,2195.0,47.402837,6.6,1.0,0,0,0,0,0,1,0,1,0,1,0,0,0,5,25.5,50.0
13263,40.4091,-3.66017,1,1.0,1.0,49.0,0.0,2,0.0,209,50,2547.0,45.581197,5.0,2.0,0,0,0,0,0,1,0,0,1,0,1,0,0,10,13.5,50.0
13264,40.41007,-3.66032,1,1.0,1.0,49.0,0.0,2,0.0,229,50,2547.0,45.581197,5.0,2.0,1,0,0,0,0,1,0,1,1,0,1,0,0,10,13.5,50.0
13265,40.47101,-3.65362,2,1.0,1.0,39.0,0.0,1,0.0,478,200,3312.0,62.061453,9.2,1.0,1,0,0,0,0,1,0,1,0,1,1,0,0,5,18.0,50.0
13267,40.43544,-3.71306,1,1.0,1.0,20.0,0.0,2,0.0,272,50,4855.0,64.056634,2.4,1.0,0,1,1,1,1,1,0,0,1,0,1,0,0,5,10.5,50.0
13268,40.41728,-3.67497,2,1.0,1.0,31.0,0.0,1,0.0,595,50,4220.0,63.672727,3.2,1.5,0,0,0,0,0,1,0,0,1,0,1,0,0,0,19.5,50.0
13269,40.42251,-3.66716,4,1.0,1.0,48.0,80.0,4,0.05,257,200,5328.0,74.694253,2.2,1.0,1,1,1,1,1,1,0,1,0,0,1,0,0,8,33.0,50.0
13270,40.34309,-3.71196,2,1.0,1.0,18.0,98.0,1,0.57,141,50,1696.0,37.641618,9.0,1.0,0,1,1,1,1,1,0,0,0,0,1,0,0,5,18.0,50.0
13271,40.41185,-3.71338,1,1.0,1.0,340.0,100.0,1,0.05,90,50,4503.0,68.043894,0.8,1.0,1,1,1,1,1,1,1,1,1,1,1,1,1,8,10.5,200.0
13272,40.43159,-3.67249,1,1.0,1.0,80.0,1.0,2,1.0,183,50,5328.0,74.694253,2.2,1.0,1,1,1,1,1,1,1,1,1,1,1,1,1,3,10.5,100.0
13273,40.41423,-3.69647,1,1.0,1.0,27.0,84.0,1,0.78,61,50,4503.0,68.043894,0.8,1.0,0,0,0,0,0,1,0,0,1,0,0,0,0,3,10.5,50.0
13274,40.42289,-3.69973,6,2.0,3.0,183.0,96.0,62,0.31,421,200,4503.0,68.043894,0.8,1.0,1,0,0,1,0,1,0,1,1,0,1,0,0,5,48.0,200.0
13275,40.43502,-3.64588,2,1.0,1.0,34.0,100.0,1,0.51,304,50,2893.0,50.090625,6.5,1.0,0,0,0,1,0,1,0,1,0,1,1,0,0,7,18.0,50.0
13276,40.43835,-3.70177,1,1.0,1.0,60.0,0.0,1,0.0,111,50,4855.0,64.056634,2.4,1.0,1,0,0,0,0,1,0,0,1,0,1,0,0,3,10.5,100.0
13277,40.39291,-3.69539,5,0.0,1.0,360.0,0.0,2,0.0,187,200,3917.0,55.025641,1.9,2.0,1,1,1,1,1,1,0,0,1,0,0,0,0,6,43.5,200.0
13278,40.39411,-3.70945,1,2.0,1.0,28.0,0.0,2,0.0,128,50,2195.0,47.402837,6.6,1.0,0,0,0,0,0,1,0,0,1,0,1,0,0,8,10.5,50.0
13280,40.42199,-3.69849,4,1.0,2.0,62.0,100.0,62,0.06,432,200,4503.0,68.043894,0.8,1.0,1,0,0,1,0,1,0,1,1,0,1,0,0,5,33.0,100.0
13281,40.41166,-3.71272,5,2.0,4.0,210.0,100.0,1,0.19,424,200,4503.0,68.043894,0.8,2.0,1,0,0,0,0,1,0,1,1,0,0,0,0,4,43.5,200.0
13282,40.43833,-3.67198,2,1.0,1.0,21.0,100.0,2,0.17,508,50,5328.0,74.694253,2.2,1.0,0,0,0,0,0,1,0,1,1,0,1,0,0,4,18.0,50.0
13283,40.40951,-3.70968,2,1.0,1.0,60.0,100.0,1,0.14,465,50,4503.0,68.043894,0.8,1.0,1,0,0,0,0,1,0,1,1,1,1,0,1,10,18.0,100.0
13284,40.41686,-3.70195,6,2.0,3.0,110.0,95.0,12,1.15,511,200,4503.0,68.043894,0.8,2.0,1,0,0,0,0,1,0,1,0,0,1,0,0,4,51.0,150.0
13285,40.41159,-3.70078,6,2.0,3.0,123.0,88.0,3,0.66,339,200,4503.0,68.043894,0.8,2.0,1,0,0,0,0,1,0,1,1,0,0,0,0,3,51.0,150.0
13286,40.41159,-3.70078,6,2.0,3.0,122.0,92.0,3,0.96,339,200,4503.0,68.043894,0.8,2.0,1,0,0,0,0,1,0,1,1,0,0,0,0,3,51.0,150.0
13288,40.42352,-3.70677,2,1.0,1.0,39.0,89.0,5,0.37,414,50,4503.0,68.043894,0.8,2.0,0,0,0,0,0,1,0,0,0,1,1,0,0,3,21.0,50.0
13289,40.42317,-3.70872,2,1.0,1.0,40.0,91.0,5,0.37,427,50,4503.0,68.043894,0.8,2.0,0,0,0,0,0,1,0,0,0,1,1,0,0,3,21.0,50.0
13291,40.42411,-3.70819,1,1.0,1.0,46.0,84.0,5,0.27,395,50,4503.0,68.043894,0.8,2.0,0,0,0,0,0,1,0,0,0,1,1,0,0,3,13.5,50.0
13292,40.43786,-3.67574,2,2.0,2.0,120.0,95.0,1,0.22,406,200,5328.0,74.694253,2.2,1.0,1,0,0,1,0,1,0,1,1,1,1,0,0,7,18.0,150.0
13293,40.43205,-3.70077,2,1.0,1.0,42.0,80.0,2,0.19,158,200,4855.0,64.056634,2.4,1.0,1,1,1,1,1,1,0,0,0,0,1,0,0,5,18.0,50.0
13294,40.42172,-3.70171,10,2.0,5.0,196.0,94.0,10,0.68,636,200,4503.0,68.043894,0.8,2.0,1,0,0,0,0,1,0,1,0,1,1,0,0,9,81.0,200.0
13295,40.42414,-3.7122,3,1.0,2.0,368.0,100.0,28,0.17,195,200,3555.0,63.451906,5.9,2.0,1,0,0,0,0,1,0,1,1,1,0,0,0,10,28.5,200.0
13296,40.44217,-3.70057,1,1.0,1.0,150.0,100.0,1,0.16,190,200,4855.0,64.056634,2.4,1.0,1,0,0,0,0,1,0,1,1,0,1,0,0,3,10.5,150.0
13297,40.43431,-3.68608,1,1.0,1.0,45.0,90.0,1,0.43,159,50,5328.0,74.694253,2.2,1.0,1,1,1,1,1,0,0,1,1,0,1,0,0,4,10.5,50.0
13298,40.41117,-3.70227,6,2.0,3.0,141.0,89.0,1,2.18,306,200,4503.0,68.043894,0.8,2.5,1,0,0,0,0,1,0,1,0,0,0,0,0,3,52.5,150.0
13299,40.40593,-3.67504,1,1.0,2.0,30.0,93.0,1,0.51,428,50,4220.0,63.672727,3.2,1.5,0,0,0,0,0,1,0,1,1,1,1,0,0,7,12.0,50.0
13300,40.4234,-3.70574,3,0.0,2.0,69.0,93.0,25,1.09,435,200,4503.0,68.043894,0.8,1.0,1,0,0,0,0,1,0,1,1,0,1,0,0,9,25.5,100.0
13301,40.43759,-3.70098,6,3.0,5.0,124.0,98.0,7,0.83,412,200,4855.0,64.056634,2.4,2.0,1,0,0,0,0,1,0,1,1,0,1,0,0,6,51.0,150.0
13302,40.47495,-3.70819,2,1.0,1.0,43.0,98.0,2,1.81,197,50,3545.0,57.198083,16.4,1.0,1,1,1,1,1,1,0,1,1,0,1,0,0,4,18.0,50.0
13303,40.42287,-3.69075,4,0.0,2.0,50.0,96.0,8,1.94,560,200,5328.0,74.694253,2.2,1.0,1,0,0,0,0,1,0,1,1,0,1,0,0,4,33.0,50.0
13304,40.40097,-3.69205,4,0.0,2.0,47.0,92.0,45,0.62,362,200,3917.0,55.025641,1.9,1.0,1,0,0,0,0,1,0,1,0,0,1,0,0,4,33.0,50.0
13305,40.45003,-3.70754,2,1.0,1.0,72.0,89.0,45,0.98,448,200,3476.0,60.621287,5.9,1.0,1,0,0,0,0,1,0,1,1,1,1,0,0,4,18.0,100.0
13306,40.4069,-3.69659,1,1.0,1.0,26.0,90.0,1,0.1,95,50,4503.0,68.043894,0.8,1.0,0,0,0,0,0,1,0,0,0,0,0,0,0,8,10.5,50.0
13307,40.40404,-3.69289,2,1.0,1.0,25.0,80.0,1,0.27,161,50,3917.0,55.025641,1.9,1.0,0,1,1,1,1,1,0,0,0,0,0,0,0,4,18.0,50.0
13308,40.42593,-3.66494,1,1.0,1.0,30.0,100.0,1,0.05,161,50,5328.0,74.694253,2.2,1.0,0,0,0,0,0,1,0,0,1,0,1,0,0,3,10.5,50.0
13309,40.43865,-3.70712,1,1.0,1.0,63.0,87.0,1,0.16,170,50,4855.0,64.056634,2.4,1.0,1,1,1,1,1,1,1,1,1,1,1,1,1,9,10.5,100.0
13311,40.41616,-3.70551,5,2.0,2.0,300.0,0.0,1,0.0,201,200,4503.0,68.043894,0.8,1.5,1,0,0,0,0,1,0,1,0,0,1,0,0,6,42.0,200.0
13312,40.4061,-3.67428,1,1.0,1.0,22.0,98.0,2,0.42,396,50,4220.0,63.672727,3.2,2.0,0,0,0,0,0,1,0,1,1,1,1,0,0,5,13.5,50.0
13313,40.43143,-3.67621,4,1.0,2.0,71.0,93.0,1,0.2,401,200,5328.0,74.694253,2.2,1.5,1,0,0,0,0,1,0,0,0,0,0,0,0,3,34.5,100.0
13314,40.45633,-3.69986,4,2.0,2.0,86.0,96.0,3,0.5,324,200,3476.0,60.621287,5.9,1.0,1,1,1,1,1,1,0,1,0,1,1,0,0,8,33.0,100.0
13315,40.39543,-3.69474,1,1.0,1.0,30.0,97.0,2,1.86,315,50,3917.0,55.025641,1.9,1.0,0,0,0,0,0,1,0,1,0,1,1,0,0,5,10.5,50.0
13316,40.40433,-3.67565,6,2.0,2.0,89.0,98.0,45,0.48,374,200,4220.0,63.672727,3.2,1.0,1,0,0,0,0,1,0,1,1,0,1,0,0,4,48.0,100.0
13317,40.47851,-3.71311,2,1.0,1.0,22.0,0.0,2,0.0,148,50,3545.0,57.198083,16.4,1.0,0,0,0,0,0,0,0,0,1,0,0,0,0,6,18.0,50.0
13318,40.4513,-3.70407,2,1.0,2.0,30.0,95.0,1,1.04,206,50,3476.0,60.621287,5.9,1.0,0,0,0,0,0,1,0,0,0,0,0,0,0,3,18.0,50.0
13319,40.47895,-3.71265,3,1.0,2.0,70.0,100.0,2,0.16,265,200,3545.0,57.198083,16.4,1.0,1,0,0,0,0,0,0,0,0,0,0,0,0,6,25.5,100.0
13320,40.4334,-3.65131,2,3.0,1.0,500.0,0.0,1,0.0,115,50,2893.0,50.090625,6.5,1.0,0,0,0,0,0,1,0,0,1,0,0,0,0,3,18.0,200.0
13321,40.41589,-3.70029,4,1.0,2.0,157.0,98.0,62,0.62,418,200,4503.0,68.043894,0.8,1.0,1,0,0,0,0,1,0,1,1,0,1,0,0,5,33.0,200.0
13322,40.40808,-3.70765,2,1.0,1.0,35.0,80.0,2,0.31,165,50,4503.0,68.043894,0.8,1.0,0,0,0,0,0,1,0,0,1,0,1,0,0,3,18.0,50.0
13323,40.40686,-3.73992,3,1.0,2.0,56.0,85.0,1,0.53,343,200,2287.0,47.008319,4.7,1.0,1,1,1,1,1,1,0,1,0,1,1,0,0,3,25.5,100.0
13324,40.34929,-3.69431,2,1.0,1.0,90.0,1.0,1,1.0,120,50,1696.0,37.641618,9.0,1.0,1,1,1,1,1,1,1,1,1,1,1,1,1,6,18.0,100.0
13325,40.39268,-3.66752,4,1.0,2.0,54.0,93.0,8,1.83,648,50,1890.0,41.443535,5.0,1.0,1,0,0,0,0,1,0,1,1,1,1,0,0,3,33.0,100.0
13326,40.41734,-3.70425,2,0.0,1.0,38.0,100.0,6,0.11,105,50,4503.0,68.043894,0.8,1.0,0,1,1,1,1,1,0,0,0,0,0,0,0,4,18.0,50.0
13327,40.41849,-3.67763,3,2.0,2.0,70.0,100.0,5,0.98,249,200,4220.0,63.672727,3.2,1.0,1,1,1,1,1,1,0,1,1,0,1,0,0,7,25.5,100.0
13328,40.40295,-3.69685,2,1.0,1.0,44.0,95.0,1,0.41,288,50,3917.0,55.025641,1.9,2.0,1,0,0,0,0,1,0,1,1,0,1,0,0,3,21.0,50.0
13329,40.40084,-3.69338,4,2.0,3.0,89.0,95.0,1,0.21,445,200,3917.0,55.025641,1.9,1.0,1,0,0,0,0,1,0,1,0,0,1,0,0,3,33.0,100.0
13330,40.41974,-3.70664,1,0.0,1.0,81.0,95.0,1,0.22,335,200,4503.0,68.043894,0.8,1.0,1,0,0,0,0,1,0,1,1,0,1,0,0,3,10.5,100.0
13331,40.42414,-3.70414,6,2.0,4.0,106.0,95.0,20,0.58,502,200,4503.0,68.043894,0.8,2.0,1,0,0,0,0,1,0,0,1,1,1,0,0,8,51.0,150.0
13332,40.42414,-3.6987,1,1.0,4.0,47.0,0.0,1,0.0,237,50,4503.0,68.043894,0.8,1.0,1,0,0,0,0,1,0,1,1,0,1,0,0,5,10.5,50.0
13333,40.42233,-3.70914,2,1.0,1.0,75.0,0.0,1,0.0,149,200,4503.0,68.043894,0.8,1.0,1,0,0,0,0,0,0,1,0,0,0,0,0,3,18.0,100.0
13334,40.40179,-3.70712,6,3.0,5.0,88.0,98.0,17,1.82,407,200,3917.0,55.025641,1.9,2.0,1,0,0,0,0,1,0,1,1,0,1,0,0,9,51.0,100.0
13335,40.4268,-3.62007,1,0.0,1.0,35.0,100.0,1,0.1,145,50,2477.0,70.967532,7.3,1.0,0,0,0,0,0,1,0,0,0,0,1,0,0,3,10.5,50.0
13336,40.47051,-3.6533,1,1.0,1.0,30.0,99.0,1,2.99,479,50,3312.0,62.061453,9.2,1.0,1,0,0,0,0,1,0,1,0,0,1,0,0,6,10.5,50.0
13337,40.44913,-3.70119,3,1.0,1.0,53.0,91.0,7,1.36,272,200,3476.0,60.621287,5.9,1.0,1,0,0,0,0,1,0,1,0,0,1,0,0,8,25.5,100.0
13338,40.39735,-3.69274,1,1.0,2.0,20.0,90.0,1,0.31,313,50,3917.0,55.025641,1.9,1.0,0,0,0,0,0,1,0,0,0,1,1,0,0,3,10.5,50.0
13339,40.41055,-3.70112,3,1.0,2.0,79.0,97.0,1,1.26,312,200,4503.0,68.043894,0.8,1.0,1,0,0,0,0,1,0,1,1,1,1,0,0,5,25.5,100.0
13340,40.43335,-3.65151,2,1.0,2.0,36.0,100.0,1,1.34,412,50,2893.0,50.090625,6.5,1.0,1,0,0,0,0,1,0,1,0,0,1,0,0,6,18.0,50.0
13341,40.34995,-3.68823,2,1.0,1.0,30.0,0.0,1,0.05,83,50,1696.0,37.641618,9.0,1.0,0,1,1,1,1,1,0,0,0,0,0,0,0,5,18.0,50.0
13342,40.3938,-3.72448,4,1.0,2.0,75.0,88.0,1,0.97,390,200,2195.0,47.402837,6.6,1.0,1,0,0,0,0,1,0,1,1,0,0,0,0,3,33.0,100.0
13343,40.40603,-3.69241,2,1.0,1.0,36.0,97.0,1,1.67,402,50,3917.0,55.025641,1.9,2.0,0,0,0,0,0,1,0,1,1,1,1,0,0,7,21.0,50.0
13344,40.39525,-3.71225,1,1.0,1.0,14.0,100.0,1,0.26,386,50,2195.0,47.402837,6.6,1.0,0,0,0,0,0,1,0,1,0,0,1,0,0,4,10.5,50.0
13345,40.4578,-3.69412,4,1.0,2.0,105.0,100.0,1,0.06,571,200,3476.0,60.621287,5.9,1.0,1,0,0,0,0,1,1,1,0,1,1,0,1,5,33.0,150.0
13346,40.46695,-3.71831,4,2.0,3.0,56.0,100.0,1,2.13,528,200,3555.0,63.451906,5.9,2.0,1,0,0,0,0,1,0,1,1,0,1,0,1,3,36.0,100.0
13347,40.40347,-3.68341,2,1.0,2.0,50.0,100.0,1,0.47,142,50,4220.0,63.672727,3.2,1.0,1,0,0,0,0,1,0,0,1,0,0,0,0,8,18.0,50.0
13348,40.37461,-3.76348,2,1.0,2.0,80.0,0.0,1,0.0,124,50,2287.0,47.008319,4.7,1.0,0,0,0,0,0,1,0,0,0,0,1,0,0,3,18.0,100.0
13349,40.3992,-3.60497,1,1.0,1.0,20.0,0.0,1,0.05,130,50,2246.0,55.472222,11.2,1.0,1,0,0,0,0,1,1,0,1,0,0,0,0,5,10.5,50.0
13350,40.38793,-3.74252,3,0.0,1.0,60.0,0.0,1,0.0,211,200,2195.0,47.402837,6.6,1.0,1,0,0,0,0,1,0,1,0,0,0,0,0,3,25.5,100.0
13351,40.42312,-3.6963,1,1.0,1.0,30.0,97.0,1,1.25,177,50,4503.0,68.043894,0.8,1.5,1,1,1,1,1,1,1,1,1,1,1,1,1,4,12.0,50.0
13352,40.41211,-3.71178,3,1.0,2.0,86.0,99.0,3,0.83,492,200,4503.0,68.043894,0.8,1.0,1,0,0,0,0,1,0,1,1,1,1,0,0,4,25.5,100.0
13353,40.41034,-3.69976,3,1.0,1.0,71.0,87.0,2,0.53,327,200,4503.0,68.043894,0.8,1.0,1,0,0,0,0,1,0,1,0,0,0,0,0,3,25.5,100.0
13354,40.41915,-3.71349,3,0.0,2.0,85.0,98.0,10,1.28,520,200,4503.0,68.043894,0.8,1.0,1,0,0,0,0,1,0,1,1,0,1,0,0,9,25.5,100.0
13355,40.44103,-3.69458,4,2.0,3.0,164.0,80.0,32,0.59,485,200,4855.0,64.056634,2.4,2.0,1,0,0,0,1,1,1,1,1,1,1,0,0,9,36.0,200.0
13357,40.40037,-3.64796,2,1.0,1.0,55.0,1.0,1,0.05,48,50,2547.0,45.581197,5.0,1.0,1,1,1,1,1,1,1,1,1,1,1,1,1,3,18.0,100.0
13358,40.41684,-3.70297,4,1.0,1.0,45.0,96.0,1,1.96,414,50,4503.0,68.043894,0.8,1.0,1,0,0,0,0,1,0,1,1,0,1,0,0,3,33.0,50.0
13359,40.41752,-3.70941,2,0.0,2.0,100.0,98.0,3,0.58,184,200,4503.0,68.043894,0.8,1.0,1,0,0,0,0,1,0,1,1,0,1,0,0,9,18.0,100.0
13360,40.40871,-3.73767,1,0.0,1.0,90.0,0.0,1,0.0,191,50,2287.0,47.008319,4.7,1.0,0,0,0,0,0,1,0,0,0,0,1,0,0,3,10.5,100.0
13361,40.4567,-3.69168,2,1.0,1.0,40.0,100.0,1,0.06,260,200,3476.0,60.621287,5.9,1.0,1,0,0,0,0,1,0,1,1,0,1,0,0,5,18.0,50.0
13362,40.40327,-3.70324,2,1.0,1.0,24.0,1.0,2,1.0,216,50,3917.0,55.025641,1.9,1.0,1,1,1,1,1,1,1,1,1,1,1,1,1,9,18.0,50.0
13363,40.44188,-3.67255,1,1.0,1.0,22.0,90.0,1,0.71,413,50,4508.0,67.220486,5.8,1.0,0,1,1,1,1,1,0,0,0,0,0,1,0,4,10.5,50.0
13364,40.42048,-3.70372,2,1.0,1.0,68.0,0.0,9,0.0,155,200,4503.0,68.043894,0.8,1.0,1,0,0,1,0,0,0,1,1,0,1,0,0,6,18.0,100.0
13365,40.50208,-3.69179,3,2.0,3.0,89.0,0.0,1,0.0,243,200,3545.0,57.198083,16.4,2.0,1,0,0,0,0,1,0,0,1,0,1,0,0,10,28.5,100.0
13366,40.4607,-3.70306,2,1.0,4.0,22.0,80.0,1,0.11,355,50,3476.0,60.621287,5.9,1.0,1,0,0,0,0,1,0,1,1,0,1,0,0,3,18.0,50.0
13367,40.44134,-3.69824,4,2.0,2.0,98.0,92.0,1,1.15,461,200,4855.0,64.056634,2.4,2.0,1,0,0,1,0,1,0,1,1,1,1,1,0,3,36.0,100.0
13368,40.41415,-3.70644,4,1.0,2.0,82.0,97.0,59,2.34,445,200,4503.0,68.043894,0.8,1.0,1,0,0,0,0,1,0,1,0,1,1,0,0,7,33.0,100.0
13371,40.39611,-3.71327,5,3.0,5.0,80.0,95.0,18,0.62,529,200,2195.0,47.402837,6.6,2.0,1,0,0,0,0,1,0,0,0,0,1,0,0,9,43.5,100.0
13372,40.48411,-3.66488,2,1.0,1.0,90.0,0.0,1,0.0,163,50,3312.0,62.061453,9.2,1.5,0,0,0,0,0,1,0,1,1,0,0,0,0,6,19.5,100.0
13373,40.40799,-3.70797,2,1.0,1.0,33.0,86.0,2,0.37,183,50,4503.0,68.043894,0.8,1.0,0,0,0,0,0,1,0,0,1,0,1,0,0,3,18.0,50.0
13374,40.46621,-3.63314,2,1.0,1.0,21.0,87.0,1,0.41,145,50,3312.0,62.061453,9.2,1.0,0,0,0,0,0,0,0,1,1,0,1,0,0,6,18.0,50.0
13375,40.36342,-3.76003,1,1.0,1.0,22.0,93.0,1,0.15,119,50,2195.0,47.402837,6.6,1.0,1,1,1,1,1,1,1,1,1,1,1,1,1,3,10.5,50.0
13376,40.45639,-3.67563,2,1.0,1.0,189.0,96.0,2,0.28,363,200,4508.0,67.220486,5.8,1.5,1,0,0,0,0,1,0,1,0,0,1,0,1,4,19.5,200.0
13377,40.46988,-3.59117,2,0.0,1.0,50.0,100.0,3,0.22,364,50,3047.0,56.183432,11.8,1.0,0,0,0,0,0,1,0,0,0,0,1,0,0,10,18.0,50.0
13378,40.3913,-3.71134,2,1.0,1.0,35.0,100.0,1,0.52,140,50,2195.0,47.402837,6.6,1.0,1,1,1,1,1,1,1,1,1,1,1,1,1,5,18.0,50.0
13379,40.4139,-3.69598,4,2.0,3.0,133.0,100.0,32,0.17,414,200,4503.0,68.043894,0.8,2.0,1,0,0,0,0,1,0,1,1,1,1,0,0,9,36.0,150.0
13380,40.40981,-3.6938,2,1.0,3.0,79.0,0.0,2,0.0,84,50,4503.0,68.043894,0.8,1.0,0,0,0,0,0,1,0,1,0,0,0,0,0,4,18.0,100.0
13381,40.41815,-3.70683,4,1.0,3.0,238.0,0.0,11,0.0,233,200,4503.0,68.043894,0.8,1.0,1,0,0,0,0,1,0,1,1,0,0,0,0,3,33.0,200.0
13382,40.38971,-3.72783,4,2.0,1.0,75.0,0.0,1,0.0,130,200,2195.0,47.402837,6.6,1.0,1,0,0,0,0,1,0,0,0,0,0,0,0,3,33.0,100.0
13383,40.43368,-3.6752,2,1.0,1.0,60.0,97.0,1,0.36,376,200,5328.0,74.694253,2.2,1.0,1,0,0,0,0,1,0,1,1,0,1,0,0,0,18.0,100.0
13384,40.46062,-3.71151,6,3.0,4.0,170.0,20.0,31,0.06,709,200,3555.0,63.451906,5.9,1.0,1,0,0,0,0,1,0,1,0,1,1,0,0,8,48.0,200.0
13385,40.3957,-3.71404,5,3.0,5.0,80.0,100.0,18,0.23,507,200,2195.0,47.402837,6.6,2.0,1,0,0,0,0,1,0,0,0,0,1,0,0,9,43.5,100.0
13387,40.39968,-3.70102,3,1.0,2.0,75.0,91.0,1,0.72,284,200,3917.0,55.025641,1.9,1.0,1,0,0,0,0,1,0,1,0,0,1,0,0,5,25.5,100.0
13388,40.40438,-3.67728,4,2.0,2.0,58.0,96.0,1,0.98,379,200,4220.0,63.672727,3.2,1.0,1,0,0,0,0,1,0,1,1,0,1,0,0,3,33.0,100.0
13389,40.38963,-3.70929,1,1.0,1.0,35.0,100.0,2,0.05,138,50,2316.0,43.910072,4.6,1.0,0,0,0,0,0,1,0,0,1,0,1,0,0,7,10.5,50.0
13390,40.40786,-3.70208,4,1.0,1.0,92.0,95.0,45,0.42,267,200,4503.0,68.043894,0.8,1.0,1,0,0,0,0,1,0,0,1,0,0,0,0,4,33.0,100.0
13391,40.4228,-3.71035,6,2.0,3.0,199.0,99.0,1,1.61,412,200,4503.0,68.043894,0.8,2.0,1,0,0,0,0,1,0,1,0,0,1,0,0,3,51.0,200.0
13392,40.42074,-3.7061,4,2.0,2.0,58.0,91.0,88,2.45,301,200,4503.0,68.043894,0.8,1.0,1,0,0,0,0,1,0,1,1,0,0,0,0,6,33.0,100.0
13393,40.41822,-3.70741,6,2.0,6.0,322.0,0.0,11,0.0,265,200,4503.0,68.043894,0.8,2.0,1,0,0,0,0,1,0,1,1,0,0,0,0,3,51.0,200.0
13394,40.42102,-3.7081,2,1.0,2.0,57.0,80.0,5,0.23,158,50,4503.0,68.043894,0.8,1.0,1,0,0,0,0,1,0,1,1,0,0,0,0,9,18.0,100.0
13395,40.42118,-3.70804,2,1.0,2.0,36.0,0.0,5,0.0,141,50,4503.0,68.043894,0.8,0.0,1,0,0,0,0,1,0,1,1,0,0,0,0,9,15.0,50.0
13396,40.42139,-3.71002,2,1.0,1.0,69.0,20.0,5,0.19,148,200,4503.0,68.043894,0.8,1.0,1,0,0,0,0,1,0,1,1,0,0,0,0,9,18.0,100.0
13397,40.42549,-3.69778,3,1.0,2.0,54.0,84.0,12,0.53,504,200,4503.0,68.043894,0.8,1.0,1,0,0,0,0,1,0,1,1,1,1,0,0,7,25.5,100.0
13398,40.41408,-3.70098,2,0.0,1.0,71.0,91.0,25,0.83,494,200,4503.0,68.043894,0.8,1.0,1,0,0,1,0,1,0,1,0,1,1,0,1,6,18.0,100.0
13399,40.41647,-3.71077,2,1.0,2.0,26.0,40.0,29,0.1,222,50,4503.0,68.043894,0.8,2.0,0,0,0,0,0,1,0,1,1,0,0,0,0,4,21.0,50.0
13400,40.41274,-3.70319,5,2.0,3.0,100.0,96.0,1,0.27,420,200,4503.0,68.043894,0.8,2.0,1,0,0,0,0,1,0,1,1,0,1,0,0,3,43.5,100.0
13401,40.42231,-3.7072,2,1.0,1.0,65.0,96.0,1,0.78,519,200,4503.0,68.043894,0.8,1.0,1,0,0,0,0,1,0,1,0,1,1,0,0,3,18.0,100.0
13402,40.49175,-3.68474,1,1.0,1.0,20.0,100.0,3,0.05,183,50,3545.0,57.198083,16.4,1.0,1,1,1,1,1,1,1,1,1,1,1,1,1,3,10.5,50.0
13403,40.51026,-3.69346,1,1.0,1.0,45.0,0.0,1,0.0,191,50,3545.0,57.198083,16.4,2.0,1,0,0,0,0,1,1,0,1,0,1,0,0,3,13.5,50.0
13404,40.40961,-3.70206,2,1.0,1.0,50.0,100.0,1,0.05,342,50,4503.0,68.043894,0.8,1.0,1,1,1,1,1,1,1,1,1,1,1,1,1,10,18.0,50.0
13405,40.38319,-3.64477,2,1.0,1.0,60.0,100.0,1,0.05,158,50,1890.0,41.443535,5.0,1.0,0,0,0,0,0,1,0,0,0,1,0,0,0,0,18.0,100.0
13407,40.45454,-3.70207,2,1.0,1.0,51.0,90.0,3,0.11,272,50,3476.0,60.621287,5.9,1.0,1,0,0,0,0,1,0,1,0,0,1,0,0,3,18.0,100.0
13408,40.40429,-3.6696,4,2.0,3.0,109.0,87.0,2,0.68,503,200,4220.0,63.672727,3.2,2.0,1,0,0,0,0,1,1,1,1,0,0,0,0,4,36.0,150.0
13409,40.41648,-3.71077,3,1.0,3.0,29.0,0.0,29,0.0,230,50,4503.0,68.043894,0.8,2.0,0,0,0,0,0,1,0,1,1,0,0,0,0,4,28.5,50.0
13410,40.47878,-3.68458,4,2.0,3.0,104.0,96.0,1,1.53,526,200,4508.0,67.220486,5.8,1.0,1,0,0,0,0,1,0,1,0,0,1,0,1,4,33.0,150.0
13411,40.41648,-3.71077,3,1.0,2.0,25.0,67.0,29,0.16,222,50,4503.0,68.043894,0.8,2.0,0,0,0,0,0,1,0,1,1,0,0,0,0,4,28.5,50.0
13412,40.40192,-3.64098,4,2.0,2.0,95.0,0.0,1,0.0,169,200,2547.0,45.581197,5.0,1.0,1,0,0,0,0,1,0,0,0,0,0,0,0,3,33.0,100.0
13413,40.39323,-3.72727,3,1.0,1.0,42.0,98.0,2,1.0,358,200,2195.0,47.402837,6.6,1.0,1,0,0,0,0,1,0,0,1,0,1,0,0,3,25.5,50.0
13414,40.46075,-3.70723,1,1.0,1.0,30.0,100.0,3,0.05,71,50,3476.0,60.621287,5.9,1.0,0,0,0,0,0,1,0,0,0,0,0,0,0,3,10.5,50.0
13415,40.43573,-3.67639,1,1.0,1.0,35.0,96.0,1,0.26,442,50,5328.0,74.694253,2.2,1.0,0,0,0,0,0,1,0,0,1,0,1,0,0,3,10.5,50.0
13416,40.44427,-3.69985,1,1.0,1.0,16.0,0.0,1,0.0,129,50,4855.0,64.056634,2.4,1.0,0,0,0,0,0,1,0,0,1,0,1,0,0,6,10.5,50.0
13417,40.41651,-3.71175,2,1.0,2.0,18.0,0.0,7,0.0,482,50,4503.0,68.043894,0.8,1.0,1,0,0,0,0,1,0,1,1,1,1,0,0,7,18.0,50.0
13418,40.41689,-3.70674,6,2.0,5.0,161.0,100.0,3,0.27,499,200,4503.0,68.043894,0.8,1.0,1,0,0,0,0,1,0,1,0,1,1,0,0,7,48.0,200.0
13419,40.43303,-3.71064,4,2.0,2.0,85.0,96.0,6,0.54,336,200,4855.0,64.056634,2.4,1.0,1,0,0,0,0,1,0,1,1,0,0,0,0,8,33.0,100.0
13420,40.40806,-3.69312,3,1.0,1.0,118.0,0.0,7,0.0,220,200,4503.0,68.043894,0.8,1.0,1,0,0,0,0,1,0,1,1,0,0,0,0,7,25.5,150.0
13421,40.46741,-3.70361,1,1.0,1.0,25.0,60.0,1,0.11,123,50,3476.0,60.621287,5.9,1.0,1,1,1,1,1,1,0,0,1,0,1,0,0,5,10.5,50.0
13422,40.47212,-3.68622,3,2.0,2.0,86.0,100.0,1,0.11,464,200,4508.0,67.220486,5.8,1.0,1,0,0,0,0,1,0,0,1,0,1,0,0,6,25.5,100.0
13423,40.47131,-3.65259,2,1.0,1.0,50.0,97.0,1,1.01,476,50,3312.0,62.061453,9.2,1.0,0,0,0,0,0,1,0,1,0,1,0,0,0,3,18.0,50.0
13424,40.41552,-3.71154,4,1.0,2.0,28.0,0.0,29,0.0,222,50,4503.0,68.043894,0.8,2.0,0,1,1,1,1,1,0,1,1,0,0,0,0,4,36.0,50.0
13425,40.46526,-3.71362,6,3.0,4.0,55.0,70.0,2,0.35,284,200,3555.0,63.451906,5.9,2.0,1,0,0,0,0,0,0,0,0,0,0,0,0,3,51.0,100.0
13426,40.42348,-3.71452,2,1.0,1.0,45.0,100.0,1,0.63,89,50,3555.0,63.451906,5.9,1.0,1,0,0,0,0,1,0,0,1,0,0,0,0,4,18.0,50.0
13427,40.43707,-3.64773,3,2.0,2.0,100.0,98.0,1,0.47,322,200,2893.0,50.090625,6.5,1.0,1,0,0,0,0,0,0,0,1,0,1,0,0,3,25.5,100.0
13428,40.41674,-3.71168,1,1.0,1.0,24.0,1.0,29,1.0,222,50,4503.0,68.043894,0.8,2.0,1,1,1,1,1,1,1,1,1,1,1,1,1,4,13.5,50.0
13429,40.42456,-3.70488,2,1.0,1.0,99.0,0.0,1,0.05,380,200,4503.0,68.043894,0.8,1.0,1,0,0,0,0,1,0,1,1,0,1,0,0,6,18.0,100.0
13430,40.41025,-3.70233,4,2.0,2.0,70.0,96.0,5,2.08,423,200,4503.0,68.043894,0.8,1.0,1,0,0,0,0,1,0,1,1,1,1,0,0,8,33.0,100.0
13431,40.45666,-3.67556,2,1.0,1.0,25.0,100.0,1,0.27,274,50,4508.0,67.220486,5.8,1.0,0,0,0,0,0,1,0,1,1,0,1,0,0,3,18.0,50.0
13432,40.40615,-3.67477,1,1.0,1.0,18.0,100.0,2,0.05,197,50,4220.0,63.672727,3.2,2.0,0,0,0,0,0,1,0,1,1,0,1,0,0,5,13.5,50.0
13433,40.41801,-3.70718,2,1.0,1.0,56.0,98.0,1,0.57,241,50,4503.0,68.043894,0.8,1.0,0,0,0,0,0,1,0,1,1,0,1,0,0,4,18.0,100.0
13435,40.4204,-3.70815,3,2.0,3.0,114.0,100.0,8,0.37,267,200,4503.0,68.043894,0.8,2.0,1,0,0,0,0,1,0,1,1,0,1,0,0,3,28.5,150.0
13436,40.40554,-3.69425,2,1.0,1.0,25.0,100.0,1,0.21,198,50,3917.0,55.025641,1.9,1.0,0,0,0,0,0,1,0,0,1,1,0,0,0,3,18.0,50.0
13437,40.4191,-3.70969,4,2.0,2.0,180.0,100.0,8,0.11,262,200,4503.0,68.043894,0.8,2.0,1,0,0,0,0,1,0,1,1,0,0,0,0,3,36.0,200.0
13438,40.40683,-3.70725,4,2.0,3.0,53.0,95.0,1,1.01,345,200,4503.0,68.043894,0.8,1.0,1,0,0,0,0,1,0,1,0,0,1,0,0,6,33.0,100.0
13439,40.42135,-3.62095,2,1.0,1.0,21.0,100.0,1,0.05,218,50,2477.0,70.967532,7.3,1.0,0,0,0,0,0,1,0,1,0,0,0,0,0,4,18.0,50.0
13440,40.41636,-3.70608,2,1.0,1.0,46.0,93.0,1,4.04,192,200,4503.0,68.043894,0.8,1.0,1,0,0,0,0,1,0,1,1,0,0,0,0,3,18.0,50.0
13441,40.40914,-3.73519,2,4.0,1.0,18.0,75.0,4,0.21,293,50,2287.0,47.008319,4.7,1.5,0,0,0,0,0,1,0,0,0,1,1,0,0,6,19.5,50.0
13442,40.41135,-3.70565,4,1.0,2.0,74.0,0.0,3,0.0,280,200,4503.0,68.043894,0.8,1.0,1,0,0,0,0,1,0,1,0,0,1,0,0,4,33.0,100.0
13443,40.39317,-3.65486,2,1.0,1.0,60.0,98.0,2,0.55,356,200,1890.0,41.443535,5.0,1.5,1,0,0,0,0,1,0,1,0,0,1,0,0,6,19.5,100.0
13444,40.41932,-3.67804,2,1.0,1.0,90.0,0.0,1,0.0,149,200,4220.0,63.672727,3.2,1.0,1,0,0,0,0,1,0,1,1,0,1,0,0,3,18.0,100.0
13445,40.36878,-3.59338,2,1.0,2.0,33.0,0.0,2,0.0,154,50,2382.0,49.659794,11.0,1.0,0,0,0,0,0,1,0,0,1,0,0,0,0,3,18.0,50.0
13446,40.42268,-3.67628,4,2.0,2.0,130.0,100.0,15,0.18,410,200,5328.0,74.694253,2.2,2.0,1,0,0,0,0,1,0,1,1,0,1,0,0,6,36.0,150.0
13447,40.38809,-3.74276,4,0.0,1.0,67.0,0.0,1,0.0,152,200,2195.0,47.402837,6.6,1.0,1,0,0,0,0,1,0,1,0,0,0,0,0,3,33.0,100.0
13448,40.42312,-3.6984,2,1.0,1.0,100.0,100.0,1,0.12,117,200,4503.0,68.043894,0.8,1.0,1,0,0,0,0,1,0,0,1,0,0,0,0,6,18.0,100.0
13449,40.42422,-3.70261,4,1.0,2.0,67.0,96.0,1,1.36,167,200,4503.0,68.043894,0.8,1.0,1,0,0,0,0,0,0,1,0,0,0,0,0,4,33.0,100.0
13450,40.45312,-3.70247,3,1.0,3.0,65.0,0.0,3,0.0,241,50,3476.0,60.621287,5.9,1.0,1,0,0,0,0,1,0,1,0,0,0,0,0,3,25.5,100.0
13451,40.39227,-3.66687,5,1.0,4.0,44.0,94.0,1,0.7,430,200,1890.0,41.443535,5.0,1.0,1,0,0,0,0,1,0,1,1,0,1,0,0,5,40.5,50.0
13452,40.37681,-3.74162,1,1.0,1.0,26.0,100.0,1,0.31,209,50,2195.0,47.402837,6.6,1.0,0,0,0,0,0,1,0,0,0,1,0,0,0,3,10.5,50.0
13453,40.40992,-3.69955,2,1.0,1.0,46.0,98.0,1,0.48,418,200,4503.0,68.043894,0.8,1.0,1,0,0,0,0,1,0,1,1,0,1,0,0,9,18.0,50.0
13454,40.43337,-3.63768,3,2.0,2.0,53.0,0.0,1,0.0,183,50,2893.0,50.090625,6.5,1.0,0,1,1,1,1,1,0,0,1,0,1,0,0,4,25.5,100.0
13455,40.41085,-3.70891,4,1.0,2.0,118.0,20.0,1,0.27,174,200,4503.0,68.043894,0.8,1.0,1,0,0,0,0,1,0,1,1,0,0,0,0,3,33.0,150.0
13457,40.40422,-3.7207,2,0.0,1.0,44.0,95.0,2,2.8,633,200,3917.0,55.025641,1.9,1.0,1,0,0,0,0,1,0,1,1,0,1,1,1,3,18.0,50.0
13458,40.40435,-3.72122,2,0.0,1.0,36.0,91.0,2,2.94,582,200,3917.0,55.025641,1.9,1.0,1,0,0,0,0,1,0,1,0,0,1,1,1,3,18.0,50.0
13459,40.47649,-3.68301,1,1.0,1.0,18.0,98.0,1,1.71,398,50,4508.0,67.220486,5.8,1.0,0,0,0,0,0,1,0,0,1,1,1,0,0,6,10.5,50.0
13460,40.49183,-3.6919,2,1.0,1.0,23.0,99.0,2,1.5,623,50,3545.0,57.198083,16.4,1.0,0,0,0,0,0,1,0,0,0,1,1,0,0,3,18.0,50.0
13461,40.47001,-3.59301,2,0.0,1.0,48.0,100.0,3,0.31,286,50,3047.0,56.183432,11.8,1.0,0,0,0,0,0,1,0,0,0,0,1,0,0,10,18.0,50.0
13462,40.42397,-3.70288,4,1.0,2.0,46.0,96.0,2,2.9,326,200,4503.0,68.043894,0.8,1.0,1,0,0,0,0,1,0,1,0,1,1,0,0,4,33.0,50.0
13463,40.4897,-3.70024,3,1.0,1.0,90.0,100.0,1,0.11,198,200,3545.0,57.198083,16.4,1.0,1,0,0,0,0,1,1,1,0,0,0,0,0,3,25.5,100.0
13465,40.41967,-3.69689,2,1.0,1.0,75.0,80.0,5,0.05,263,50,4503.0,68.043894,0.8,1.0,1,1,1,1,1,1,1,1,1,1,1,1,1,9,18.0,100.0
13466,40.4637,-3.70252,2,1.0,1.0,42.0,100.0,1,0.05,165,50,3476.0,60.621287,5.9,1.0,1,1,1,1,1,1,1,1,1,1,1,1,1,4,18.0,50.0
13467,40.45883,-3.69905,6,2.0,3.0,86.0,98.0,7,0.64,677,200,3476.0,60.621287,5.9,1.0,1,0,0,0,0,1,0,1,0,1,1,1,0,9,48.0,100.0
13468,40.45871,-3.6947,2,1.0,1.0,320.0,65.0,32,0.22,479,200,3476.0,60.621287,5.9,1.0,1,0,0,0,0,1,1,1,1,0,1,0,0,9,18.0,200.0
13469,40.42426,-3.69058,4,1.0,3.0,116.0,99.0,13,1.16,394,200,5328.0,74.694253,2.2,1.0,1,0,0,0,0,1,0,1,1,0,1,0,0,4,33.0,150.0
13470,40.4249,-3.67253,6,3.0,4.0,150.0,0.0,4,0.0,471,200,5328.0,74.694253,2.2,3.0,1,0,0,0,0,1,0,1,1,1,1,0,0,7,54.0,150.0
13471,40.40817,-3.69866,3,1.0,2.0,60.0,100.0,2,0.81,305,200,4503.0,68.043894,0.8,1.0,1,0,0,0,0,1,0,0,1,0,1,0,0,4,25.5,100.0
13472,40.40684,-3.67632,2,1.0,1.0,23.0,96.0,2,0.95,318,50,4220.0,63.672727,3.2,1.0,0,0,0,0,0,1,0,0,1,0,1,0,0,6,18.0,50.0
13473,40.4178,-3.70821,2,1.0,1.0,29.0,98.0,5,1.47,364,50,4503.0,68.043894,0.8,1.0,1,1,1,1,1,1,0,0,1,0,1,0,0,10,18.0,50.0
13474,40.42527,-3.68327,1,1.0,1.0,49.0,97.0,1,0.32,311,50,5328.0,74.694253,2.2,1.5,0,0,0,0,0,1,0,1,1,0,1,0,0,4,12.0,50.0
13475,40.41054,-3.69739,2,1.0,2.0,96.0,98.0,5,1.81,407,200,4503.0,68.043894,0.8,1.5,1,0,0,0,0,1,0,1,0,0,1,0,0,3,19.5,100.0
13476,40.42928,-3.67016,2,0.0,1.0,29.0,0.0,2,0.0,313,200,5328.0,74.694253,2.2,1.0,1,1,1,1,1,1,0,0,1,0,0,0,0,5,18.0,50.0
13477,40.43316,-3.67318,4,2.0,2.0,200.0,0.0,8,0.0,205,200,5328.0,74.694253,2.2,2.0,1,0,0,0,0,1,1,1,1,0,0,0,0,0,36.0,200.0
13478,40.43244,-3.64511,2,1.0,1.0,50.0,100.0,2,0.16,406,50,2893.0,50.090625,6.5,1.0,1,1,1,1,1,1,1,1,1,1,1,1,1,4,18.0,50.0
13479,40.42554,-3.69076,4,1.0,1.0,110.0,96.0,13,0.99,408,200,4855.0,64.056634,2.4,1.0,1,0,0,0,0,1,0,1,1,0,1,0,0,4,33.0,150.0
13480,40.41297,-3.69727,4,1.0,1.0,83.0,95.0,3,0.89,323,200,4503.0,68.043894,0.8,1.0,1,0,0,0,0,1,0,1,1,0,1,0,0,4,33.0,100.0
13482,40.41683,-3.70346,2,1.0,1.0,42.0,98.0,1,0.65,161,50,4503.0,68.043894,0.8,2.0,1,0,0,0,0,1,0,1,0,0,0,0,0,6,21.0,50.0
13483,40.40753,-3.71234,4,1.0,2.0,82.0,94.0,3,0.85,275,200,4503.0,68.043894,0.8,1.0,1,0,0,0,0,1,0,1,0,0,1,0,0,3,33.0,100.0
13484,40.41063,-3.70649,3,1.0,2.0,39.0,83.0,5,0.63,208,200,4503.0,68.043894,0.8,1.0,1,0,0,0,0,1,0,1,0,0,0,0,0,3,25.5,50.0
13485,40.41465,-3.70666,2,1.0,1.0,70.0,97.0,1,1.68,336,200,4503.0,68.043894,0.8,1.0,1,0,0,0,1,1,0,1,1,1,1,0,0,3,18.0,100.0
13486,40.41841,-3.69922,4,1.0,2.0,130.0,0.0,2,0.0,137,200,4503.0,68.043894,0.8,1.0,1,0,0,0,0,1,0,1,0,0,0,0,0,6,33.0,150.0
13487,40.39395,-3.70924,1,1.0,1.0,20.0,0.0,2,0.0,155,50,2195.0,47.402837,6.6,1.0,1,0,0,0,0,1,0,0,1,0,1,0,0,8,10.5,50.0
13488,40.40885,-3.70377,1,1.0,1.0,25.0,91.0,3,0.37,288,50,4503.0,68.043894,0.8,1.5,0,0,0,0,0,1,0,1,1,0,1,0,0,6,12.0,50.0
13489,40.38706,-3.70044,2,1.0,1.0,44.0,87.0,2,1.84,371,200,2316.0,43.910072,4.6,1.5,1,1,1,1,1,1,1,1,1,1,1,1,1,4,19.5,50.0
13490,40.38277,-3.67029,2,1.0,1.0,21.0,100.0,1,0.32,183,50,1890.0,41.443535,5.0,1.0,1,0,0,0,0,1,0,1,0,0,0,0,0,3,18.0,50.0
13491,40.493,-3.68474,1,1.0,1.0,20.0,1.0,3,1.0,142,50,3545.0,57.198083,16.4,1.0,1,1,1,1,1,1,1,1,1,1,1,1,1,3,10.5,50.0
13492,40.46876,-3.69899,3,1.0,3.0,20.0,90.0,1,2.28,239,50,3476.0,60.621287,5.9,1.0,0,0,0,0,0,1,0,0,0,0,0,0,0,5,25.5,50.0
13493,40.40835,-3.7118,3,1.0,3.0,32.0,64.0,5,0.61,247,200,4503.0,68.043894,0.8,1.0,1,0,0,0,0,1,0,0,0,0,0,0,0,7,25.5,50.0
13494,40.40997,-3.69915,2,1.0,1.0,90.0,97.0,1,0.39,223,200,4503.0,68.043894,0.8,1.0,1,0,0,0,0,1,0,0,0,1,1,0,0,6,18.0,100.0
13495,40.48547,-3.65046,4,1.0,2.0,103.0,0.0,3,0.0,466,200,3312.0,62.061453,9.2,1.0,1,0,0,0,0,0,1,1,1,1,1,0,1,6,33.0,150.0
13496,40.42111,-3.70997,6,3.0,5.0,200.0,94.0,8,0.38,381,200,4503.0,68.043894,0.8,2.0,1,0,0,0,0,1,0,1,1,0,1,0,0,3,51.0,200.0
13497,40.43849,-3.6382,2,1.0,1.0,49.0,100.0,1,0.16,203,50,2893.0,50.090625,6.5,1.0,1,0,0,0,0,1,0,1,0,0,1,0,0,10,18.0,50.0
13498,40.42275,-3.7009,2,1.0,1.0,43.0,94.0,7,4.87,498,200,4503.0,68.043894,0.8,1.0,1,0,0,0,0,1,0,1,1,0,1,0,0,6,18.0,50.0
13499,40.42956,-3.66973,1,1.0,1.0,20.0,100.0,1,1.25,248,50,5328.0,74.694253,2.2,1.0,0,0,0,0,0,1,0,0,1,0,0,0,0,3,10.5,50.0
13500,40.43506,-3.69852,1,1.0,1.0,53.0,100.0,1,0.16,219,50,4855.0,64.056634,2.4,1.0,1,0,0,0,0,1,0,0,0,0,0,0,0,3,10.5,100.0
13501,40.42334,-3.67037,4,2.0,3.0,82.0,98.0,45,0.48,342,200,5328.0,74.694253,2.2,1.0,1,0,0,0,0,1,0,0,1,1,1,0,0,4,33.0,100.0
13502,40.40416,-3.69271,6,2.0,3.0,187.0,90.0,25,0.11,413,200,3917.0,55.025641,1.9,2.0,1,0,0,0,0,1,0,1,0,1,1,0,0,11,51.0,200.0
13503,40.40893,-3.71285,2,1.0,1.0,48.0,88.0,5,0.64,188,200,4503.0,68.043894,0.8,1.0,1,0,0,0,0,1,0,1,0,0,0,0,0,3,18.0,50.0
13504,40.42876,-3.64261,5,2.0,4.0,60.0,96.0,1,1.02,238,200,2893.0,50.090625,6.5,1.0,1,0,0,0,0,1,0,0,0,0,0,0,0,3,40.5,100.0
13505,40.40697,-3.70602,4,2.0,2.0,134.0,91.0,2,0.38,283,200,4503.0,68.043894,0.8,1.0,1,0,0,0,0,1,0,1,0,0,0,0,0,3,33.0,150.0
13506,40.47614,-3.57825,4,1.0,2.0,55.0,97.0,1,3.21,497,200,3047.0,56.183432,11.8,1.0,1,0,0,0,0,1,0,1,1,0,1,0,1,3,33.0,100.0
13507,40.41031,-3.69851,5,2.0,3.0,114.0,80.0,4,0.43,301,200,4503.0,68.043894,0.8,2.0,1,0,0,0,0,1,0,1,1,0,1,0,0,3,43.5,150.0
13508,40.40436,-3.68037,1,1.0,1.0,19.0,97.0,2,3.08,1098,200,4220.0,63.672727,3.2,1.5,1,0,0,0,0,1,0,1,1,1,1,0,1,4,12.0,50.0
13509,40.39706,-3.67414,6,2.0,4.0,83.0,98.0,2,0.54,534,200,4220.0,63.672727,3.2,2.0,1,0,0,0,0,1,1,1,1,0,0,0,0,4,51.0,100.0
13510,40.41041,-3.69745,8,3.0,6.0,182.0,95.0,1,1.17,253,200,4503.0,68.043894,0.8,2.0,1,0,0,0,0,1,0,1,1,0,1,0,0,8,66.0,200.0
13511,40.43241,-3.68096,4,2.0,3.0,83.0,90.0,14,2.94,340,200,5328.0,74.694253,2.2,2.0,1,0,0,0,0,1,0,1,0,0,0,0,0,3,36.0,100.0
13512,40.44074,-3.70679,4,2.0,2.0,400.0,0.0,1,0.0,196,200,4855.0,64.056634,2.4,2.0,1,0,0,0,0,1,0,1,1,0,1,0,0,8,36.0,200.0
13513,40.39077,-3.64571,3,2.0,2.0,118.0,0.0,43,0.0,448,200,1890.0,41.443535,5.0,1.0,1,0,0,1,0,1,0,0,0,0,0,0,0,6,25.5,150.0
13514,40.36548,-3.76067,1,1.0,1.0,14.0,100.0,3,0.11,194,50,2195.0,47.402837,6.6,1.5,1,0,0,0,0,1,0,0,1,0,1,0,0,3,12.0,50.0
13515,40.40774,-3.70211,2,0.0,2.0,40.0,98.0,1,1.9,471,200,4503.0,68.043894,0.8,1.0,1,0,0,0,0,1,0,0,0,0,1,1,0,9,18.0,50.0
13516,40.46293,-3.68368,2,1.0,1.0,65.0,97.0,6,1.92,489,200,4508.0,67.220486,5.8,1.0,1,0,0,0,0,1,0,1,1,0,1,0,0,6,18.0,100.0
13517,40.41202,-3.72041,2,1.0,1.0,35.0,0.0,2,0.0,130,200,3917.0,55.025641,1.9,1.0,1,0,0,0,0,1,0,0,1,0,0,0,0,6,18.0,50.0
13518,40.43748,-3.67234,4,1.0,1.0,95.0,97.0,1,0.38,307,200,5328.0,74.694253,2.2,1.0,1,0,0,0,0,0,0,0,1,0,1,0,0,5,33.0,100.0
13519,40.41303,-3.71176,4,2.0,2.0,156.0,100.0,5,0.06,348,200,4503.0,68.043894,0.8,1.0,1,0,0,0,0,1,0,0,1,0,1,0,0,5,33.0,200.0
13520,40.39869,-3.70625,1,1.0,1.0,110.0,0.0,1,0.0,212,50,3917.0,55.025641,1.9,1.0,1,1,1,1,1,1,0,1,0,0,1,0,0,6,10.5,150.0
13521,40.40949,-3.70759,3,1.0,1.0,100.0,0.0,1,0.0,290,200,4503.0,68.043894,0.8,1.0,1,0,0,0,0,1,0,1,0,0,0,0,0,4,25.5,100.0
13522,40.41467,-3.70397,4,1.0,2.0,54.0,93.0,4,0.77,345,200,4503.0,68.043894,0.8,1.0,1,0,0,0,0,1,0,1,1,1,1,0,0,4,33.0,100.0
13523,40.47565,-3.58236,1,1.0,1.0,30.0,97.0,2,1.63,48,50,3047.0,56.183432,11.8,1.0,0,0,0,0,0,0,0,0,1,0,0,0,0,3,10.5,50.0
13524,40.46863,-3.68882,1,1.0,1.0,150.0,100.0,3,0.05,327,50,3476.0,60.621287,5.9,1.0,1,1,1,1,1,1,1,1,1,1,1,1,1,3,10.5,150.0
13525,40.44168,-3.71689,3,3.0,3.0,100.0,0.0,1,0.05,120,200,4855.0,64.056634,2.4,2.0,1,1,1,1,1,1,0,0,1,0,0,0,0,3,28.5,100.0
13526,40.41646,-3.70467,5,2.0,3.0,122.0,95.0,59,2.77,404,200,4503.0,68.043894,0.8,1.0,1,0,0,0,0,1,0,1,1,0,1,0,0,7,40.5,150.0
13527,40.41256,-3.70765,4,1.0,1.0,70.0,100.0,10,0.11,350,200,4503.0,68.043894,0.8,1.0,1,1,1,1,1,1,1,1,1,1,1,1,1,4,33.0,100.0
13528,40.41324,-3.70347,10,4.0,5.0,225.0,93.0,1,0.27,511,200,4503.0,68.043894,0.8,3.0,1,0,0,0,0,1,0,1,1,1,1,0,0,3,84.0,200.0
13529,40.41844,-3.69041,8,4.0,6.0,456.0,96.0,88,1.76,341,200,4220.0,63.672727,3.2,4.0,1,0,0,0,0,1,0,1,1,0,0,0,0,6,72.0,200.0
13530,40.41428,-3.69974,1,1.0,1.0,33.0,0.0,23,0.0,264,50,4503.0,68.043894,0.8,1.0,0,0,0,0,0,1,0,0,0,0,1,0,0,10,10.5,50.0
13531,40.41875,-3.70895,4,1.0,3.0,41.0,85.0,1,0.7,450,200,4503.0,68.043894,0.8,1.0,1,0,0,0,0,1,0,1,1,0,1,0,1,9,33.0,50.0
13533,40.4727,-3.65448,2,1.0,1.0,45.0,0.0,1,0.11,146,50,3312.0,62.061453,9.2,1.0,0,1,1,1,1,1,0,0,0,0,1,0,0,3,18.0,50.0
13534,40.41669,-3.70049,2,1.0,1.0,45.0,0.0,1,0.0,398,50,4503.0,68.043894,0.8,1.5,1,0,0,0,0,1,0,1,0,0,1,0,0,3,19.5,50.0
13535,40.45842,-3.69354,2,1.0,1.0,70.0,80.0,1,0.06,147,50,3476.0,60.621287,5.9,1.0,1,1,1,1,1,1,1,1,1,1,1,1,1,4,18.0,100.0
13536,40.46231,-3.68193,4,1.0,2.0,65.0,97.0,6,1.55,461,200,4508.0,67.220486,5.8,1.0,1,0,0,0,0,1,0,1,1,0,1,0,0,6,33.0,100.0
13539,40.47556,-3.70373,1,0.0,1.0,25.0,100.0,1,0.11,219,50,3545.0,57.198083,16.4,1.5,1,0,0,0,0,1,0,0,0,0,1,0,0,7,12.0,50.0
13540,40.3966,-3.71906,2,1.0,1.0,20.0,99.0,2,0.85,609,50,2195.0,47.402837,6.6,1.0,0,0,0,0,0,1,0,1,0,0,1,1,0,3,18.0,50.0
13541,40.45403,-3.70222,4,2.0,4.0,90.0,91.0,6,0.4,290,200,3476.0,60.621287,5.9,1.0,1,0,0,0,0,1,0,1,1,0,0,0,0,10,33.0,100.0
13543,40.43985,-3.69944,2,1.0,1.0,58.0,60.0,3,0.13,97,200,4855.0,64.056634,2.4,1.0,1,1,1,1,1,1,1,1,1,1,1,1,1,3,18.0,100.0
13544,40.42563,-3.68492,4,2.0,3.0,200.0,97.0,4,0.33,465,200,5328.0,74.694253,2.2,2.0,1,0,0,0,0,1,0,1,1,1,1,0,0,5,36.0,200.0
13545,40.39598,-3.75618,3,2.0,2.0,70.0,100.0,1,0.16,197,200,2287.0,47.008319,4.7,1.5,1,1,1,1,1,1,0,1,1,0,1,0,0,6,27.0,100.0
13546,40.4249,-3.70342,7,3.0,4.0,91.0,89.0,1,1.19,523,200,4503.0,68.043894,0.8,2.0,1,0,0,0,0,1,0,1,1,0,1,0,1,0,58.5,100.0
13547,40.41407,-3.70417,8,2.0,6.0,69.0,93.0,11,2.19,533,200,4503.0,68.043894,0.8,1.0,1,0,0,0,0,1,0,1,1,1,1,0,0,6,63.0,100.0
13549,40.40411,-3.69526,3,1.0,2.0,35.0,92.0,1,0.77,141,50,3917.0,55.025641,1.9,1.5,0,0,0,0,0,1,0,0,0,0,1,0,0,3,27.0,50.0
13550,40.43041,-3.66839,4,2.0,3.0,61.0,80.0,1,0.45,354,200,5328.0,74.694253,2.2,1.0,1,0,0,0,0,1,0,1,0,0,0,0,1,5,33.0,100.0
13551,40.47258,-3.67309,2,1.0,2.0,37.0,100.0,2,0.48,201,50,4508.0,67.220486,5.8,1.0,0,0,0,0,0,1,0,0,0,0,1,0,0,0,18.0,50.0
13552,40.39619,-3.71485,1,1.0,1.0,30.0,100.0,2,0.32,234,50,2195.0,47.402837,6.6,1.5,0,0,0,0,0,1,0,0,1,0,0,0,0,6,12.0,50.0
13553,40.4258,-3.71402,2,1.0,2.0,40.0,97.0,1,1.18,321,50,3555.0,63.451906,5.9,1.5,0,0,0,0,0,1,0,1,1,0,0,0,0,5,19.5,50.0
13554,40.42089,-3.69924,1,1.0,1.0,48.0,100.0,1,0.06,286,50,4503.0,68.043894,0.8,1.5,1,0,0,0,0,1,0,0,0,0,0,0,0,8,12.0,50.0
13555,40.39284,-3.69471,2,2.0,2.0,45.0,99.0,3,1.09,494,200,3917.0,55.025641,1.9,2.0,1,0,0,0,0,1,0,1,0,0,1,0,0,6,21.0,50.0
13556,40.37972,-3.69566,2,1.0,1.0,30.0,94.0,1,2.38,216,50,2316.0,43.910072,4.6,1.0,0,0,0,0,0,1,0,1,0,0,0,0,0,3,18.0,50.0
13557,40.47257,-3.70438,1,2.0,2.0,35.0,0.0,5,0.0,229,50,3545.0,57.198083,16.4,1.0,1,0,0,0,0,1,0,0,1,0,1,0,0,4,10.5,50.0
13558,40.38931,-3.75731,3,0.0,1.0,70.0,88.0,1,0.32,157,200,2287.0,47.008319,4.7,1.0,1,0,0,0,0,1,0,0,0,0,0,0,0,3,25.5,100.0
13559,40.4167,-3.70605,4,1.0,3.0,48.0,93.0,1,0.53,350,200,4503.0,68.043894,0.8,1.0,1,0,0,0,0,1,0,1,1,0,0,0,0,3,33.0,50.0
13560,40.40576,-3.70039,2,1.0,1.0,115.0,80.0,3,0.27,359,50,4503.0,68.043894,0.8,2.0,0,0,0,0,0,0,0,1,1,1,1,0,0,3,21.0,150.0
13561,40.43289,-3.65125,8,4.0,6.0,109.0,100.0,1,1.02,1311,200,2893.0,50.090625,6.5,2.0,1,0,0,1,0,0,0,0,0,0,0,1,1,3,66.0,150.0
13562,40.39304,-3.73069,3,2.0,2.0,150.0,0.0,1,0.0,214,200,2195.0,47.402837,6.6,1.0,1,0,0,0,0,1,0,0,0,0,0,0,0,4,25.5,150.0
13563,40.38679,-3.71237,5,2.0,2.0,75.0,0.0,1,0.0,126,200,2316.0,43.910072,4.6,1.0,1,0,0,0,0,0,0,0,0,0,0,0,0,3,40.5,100.0
13564,40.41543,-3.6995,1,1.0,2.0,32.0,100.0,18,0.06,368,50,4503.0,68.043894,0.8,2.0,0,0,0,0,0,1,0,0,0,0,1,0,0,7,13.5,50.0
13565,40.41739,-3.69973,1,1.0,1.0,16.0,100.0,18,0.06,230,50,4503.0,68.043894,0.8,2.0,0,0,0,0,0,1,0,0,0,0,1,0,0,7,13.5,50.0
13566,40.44664,-3.61175,4,1.0,2.0,60.0,97.0,2,1.66,374,200,2477.0,70.967532,7.3,1.0,1,0,0,0,0,1,0,1,0,0,1,0,0,3,33.0,100.0
13567,40.43105,-3.61652,2,1.0,1.0,50.0,0.0,1,0.0,133,50,2477.0,70.967532,7.3,1.0,0,0,0,0,0,1,0,1,0,0,0,0,0,3,18.0,50.0
13568,40.42282,-3.70322,2,1.0,1.0,28.0,94.0,2,0.91,308,50,4503.0,68.043894,0.8,1.5,0,0,0,0,0,1,0,1,1,0,0,0,0,6,19.5,50.0
13569,40.43802,-3.64388,6,2.0,3.0,59.0,95.0,1,1.13,337,200,2893.0,50.090625,6.5,1.0,1,0,0,0,0,1,0,1,0,1,0,0,0,3,48.0,100.0
13570,40.40307,-3.63255,2,1.0,1.0,32.0,73.0,1,0.16,292,50,2547.0,45.581197,5.0,1.0,0,0,0,0,0,1,0,1,1,0,1,0,0,8,18.0,50.0
13571,40.46059,-3.70861,1,1.0,1.0,35.0,0.0,3,0.0,109,50,3476.0,60.621287,5.9,1.0,1,1,1,1,1,1,0,0,0,0,0,0,0,3,10.5,50.0
13572,40.50848,-3.67571,2,1.0,1.0,94.0,0.0,2,0.0,507,200,3545.0,57.198083,16.4,1.0,1,0,0,0,0,1,1,1,1,0,0,0,0,6,18.0,100.0
13573,40.38341,-3.70773,1,1.0,1.0,30.0,80.0,1,0.22,81,50,2316.0,43.910072,4.6,1.0,0,0,0,0,0,1,0,0,0,0,0,0,0,3,10.5,50.0
13574,40.42812,-3.70261,1,1.0,1.0,105.0,0.0,1,0.0,69,50,4503.0,68.043894,0.8,1.0,0,0,0,0,0,0,0,0,0,0,0,0,0,3,10.5,150.0
13575,40.46129,-3.64908,4,2.0,2.0,75.0,98.0,2,0.66,498,200,3312.0,62.061453,9.2,1.0,1,0,0,0,0,1,0,1,0,1,1,0,0,6,33.0,100.0
13576,40.40943,-3.7007,2,1.0,1.0,74.0,100.0,1,0.18,265,200,4503.0,68.043894,0.8,1.0,1,0,0,0,0,1,0,0,0,1,1,0,0,6,18.0,100.0
13577,40.41418,-3.69796,4,2.0,3.0,170.0,96.0,3,1.41,475,200,4503.0,68.043894,0.8,2.5,1,0,0,0,0,1,0,1,1,1,1,0,0,3,37.5,200.0
13578,40.43486,-3.71816,2,1.0,1.0,30.0,0.0,1,0.05,214,50,4855.0,64.056634,2.4,1.0,0,0,0,0,0,1,0,1,1,0,0,0,0,7,18.0,50.0
13579,40.41429,-3.69647,4,2.0,3.0,137.0,97.0,3,1.67,455,200,4503.0,68.043894,0.8,2.0,1,0,0,0,0,1,0,1,1,1,1,0,0,3,36.0,150.0
13580,40.41249,-3.69637,4,2.0,3.0,137.0,99.0,3,1.95,476,200,4503.0,68.043894,0.8,2.0,1,0,0,0,0,1,0,1,1,1,1,0,1,3,36.0,150.0
13581,40.46951,-3.6934,3,1.0,1.0,121.0,93.0,1,0.16,473,200,3476.0,60.621287,5.9,2.0,1,0,0,0,0,1,0,1,0,1,1,0,0,10,28.5,150.0
13582,40.49577,-3.72315,4,0.0,1.0,32.0,100.0,1,0.75,415,50,3545.0,57.198083,16.4,1.0,1,0,0,0,0,1,1,1,1,0,1,0,0,8,33.0,50.0
13583,40.44256,-3.67229,3,1.0,2.0,120.0,87.0,3,0.16,274,200,4508.0,67.220486,5.8,1.5,1,0,0,0,0,0,0,1,1,0,0,0,0,4,27.0,150.0
13584,40.44386,-3.67021,3,1.0,2.0,130.0,0.0,3,0.0,411,200,4508.0,67.220486,5.8,1.0,1,1,1,1,1,1,0,1,1,0,1,0,0,4,25.5,150.0
13585,40.38132,-3.66511,1,1.0,1.0,18.0,80.0,1,0.06,162,50,1890.0,41.443535,5.0,1.0,0,1,1,1,1,0,0,0,0,0,1,0,0,3,10.5,50.0
13586,40.39289,-3.75126,2,1.0,1.0,20.0,91.0,1,1.08,474,50,2287.0,47.008319,4.7,1.0,0,0,0,0,0,1,0,1,0,0,0,0,0,4,18.0,50.0
13587,40.4232,-3.71048,4,2.0,3.0,126.0,80.0,4,0.16,264,200,4503.0,68.043894,0.8,2.0,1,0,0,0,0,1,0,1,1,0,1,0,0,3,36.0,150.0
13588,40.45249,-3.70053,1,0.0,1.0,48.0,0.0,3,0.0,158,50,3476.0,60.621287,5.9,1.0,1,0,0,0,0,1,0,1,0,0,0,0,0,3,10.5,50.0
13589,40.45776,-3.78153,1,1.0,1.0,22.0,0.0,1,0.0,254,50,3555.0,63.451906,5.9,1.0,0,0,0,0,0,1,1,1,1,0,1,0,0,3,10.5,50.0
13590,40.4008,-3.68816,1,0.0,1.0,19.0,100.0,1,0.16,119,50,3917.0,55.025641,1.9,1.0,0,0,0,0,0,1,0,0,0,0,0,0,0,6,10.5,50.0
13591,40.42184,-3.70337,2,1.0,1.0,45.0,97.0,1,1.41,231,50,4503.0,68.043894,0.8,1.0,0,0,0,0,0,1,0,0,1,0,0,0,0,3,18.0,50.0
13592,40.43339,-3.71052,3,1.0,2.0,60.0,100.0,6,0.49,397,200,4855.0,64.056634,2.4,1.0,1,0,0,0,0,1,0,1,1,0,0,0,0,8,25.5,100.0
13593,40.42127,-3.71037,3,1.0,2.0,200.0,90.0,4,0.11,170,50,4503.0,68.043894,0.8,1.0,1,0,0,0,0,1,0,1,1,0,1,0,0,3,25.5,200.0
13594,40.47223,-3.57592,1,1.0,1.0,15.0,0.0,1,0.0,218,50,3047.0,56.183432,11.8,1.0,1,0,0,0,0,1,0,1,0,0,0,0,0,4,10.5,50.0
13595,40.41416,-3.70111,2,1.0,2.0,34.0,91.0,5,0.54,354,200,4503.0,68.043894,0.8,1.0,1,0,0,0,0,1,0,1,0,0,0,0,0,3,18.0,50.0
13596,40.43629,-3.64939,1,1.0,1.0,32.0,96.0,1,0.27,254,50,2893.0,50.090625,6.5,1.0,0,0,0,0,0,1,0,1,0,0,1,0,0,9,10.5,50.0
13597,40.3745,-3.62914,2,1.0,1.0,38.0,99.0,1,1.63,482,50,2382.0,49.659794,11.0,1.0,1,0,0,0,0,1,0,0,0,1,1,0,0,3,18.0,50.0
13598,40.39268,-3.66641,2,1.0,1.0,37.0,98.0,2,0.64,451,50,1890.0,41.443535,5.0,1.0,1,1,1,1,1,1,1,1,1,1,1,1,1,3,18.0,50.0
13599,40.42145,-3.70269,2,1.0,1.0,89.0,0.0,20,0.0,186,200,4503.0,68.043894,0.8,1.0,1,0,0,0,0,1,0,1,1,0,1,0,0,6,18.0,100.0
13600,40.37174,-3.74028,2,1.0,1.0,40.0,0.0,3,0.06,121,50,2195.0,47.402837,6.6,1.0,0,0,0,0,0,1,0,0,0,0,0,0,0,3,18.0,50.0
13601,40.41409,-3.69014,1,1.0,1.0,190.0,0.0,3,0.0,156,50,4220.0,63.672727,3.2,1.0,0,0,0,0,0,1,0,0,1,0,1,0,0,9,10.5,200.0
13602,40.42664,-3.67789,3,2.0,2.0,50.0,77.0,1,0.34,235,200,5328.0,74.694253,2.2,1.0,1,1,1,1,1,1,0,1,0,0,1,0,0,4,25.5,50.0
13603,40.40761,-3.69962,2,1.0,1.0,50.0,100.0,1,0.94,368,200,4503.0,68.043894,0.8,1.5,1,0,0,0,0,1,0,1,0,0,1,0,0,8,19.5,50.0
13604,40.37955,-3.65902,1,1.0,1.0,18.0,96.0,1,0.91,119,50,1890.0,41.443535,5.0,1.5,0,0,0,0,0,1,0,0,0,0,0,0,0,3,12.0,50.0
13605,40.36916,-3.69248,6,5.0,7.0,236.0,100.0,3,0.18,310,200,2316.0,43.910072,4.6,2.0,1,0,0,0,0,1,0,1,0,0,1,0,0,6,51.0,200.0
13606,40.43274,-3.70913,4,1.0,2.0,30.0,70.0,15,0.35,208,200,4855.0,64.056634,2.4,1.0,1,0,0,0,0,1,0,1,1,0,0,0,0,4,33.0,50.0
13607,40.41841,-3.70359,4,2.0,3.0,110.0,100.0,1,0.24,452,200,4503.0,68.043894,0.8,1.0,1,0,0,0,0,1,0,1,1,1,1,0,0,3,33.0,150.0
13608,40.4311,-3.67254,4,3.0,3.0,160.0,70.0,8,0.12,438,200,5328.0,74.694253,2.2,1.0,1,0,0,0,0,1,0,1,1,0,0,1,0,8,33.0,200.0
13609,40.42587,-3.70645,2,1.0,1.0,45.0,97.0,9,0.32,311,200,4503.0,68.043894,0.8,1.0,1,0,0,0,0,1,0,1,1,0,1,0,0,10,18.0,50.0
13610,40.40765,-3.70932,4,1.0,2.0,71.0,93.0,1,0.59,392,200,4503.0,68.043894,0.8,2.0,1,0,0,0,0,0,0,1,1,0,1,0,0,3,36.0,100.0
13611,40.41932,-3.70896,4,2.0,3.0,200.0,100.0,1,0.18,110,200,4503.0,68.043894,0.8,1.0,1,0,0,0,0,1,0,0,0,0,0,0,0,3,33.0,200.0
13612,40.42937,-3.67848,6,3.0,5.0,150.0,97.0,13,0.97,427,200,5328.0,74.694253,2.2,2.0,1,0,0,0,0,1,0,1,1,0,1,0,0,4,51.0,150.0
13613,40.37086,-3.74106,1,1.0,1.0,44.0,0.0,3,0.0,217,50,2195.0,47.402837,6.6,1.0,0,0,0,0,0,1,0,1,1,0,1,0,0,3,10.5,50.0
13614,40.44752,-3.70157,2,1.0,2.0,418.0,100.0,1,0.06,63,50,3476.0,60.621287,5.9,1.0,0,1,1,1,1,0,0,0,1,0,0,0,0,3,18.0,200.0
13615,40.42166,-3.71789,8,4.0,4.0,101.0,100.0,1,0.6,383,200,3555.0,63.451906,5.9,3.0,1,0,0,0,0,1,0,1,0,0,1,0,0,3,69.0,150.0
13616,40.42282,-3.65561,2,1.0,1.0,22.0,96.0,2,2.01,448,50,2893.0,50.090625,6.5,1.0,0,0,0,0,0,0,0,0,1,1,0,0,1,6,18.0,50.0
13617,40.45304,-3.70146,2,1.0,1.0,22.0,0.0,1,0.0,85,50,3476.0,60.621287,5.9,1.0,0,0,0,0,0,1,0,0,0,0,0,0,0,3,18.0,50.0
13618,40.48246,-3.72027,2,1.0,1.0,45.0,100.0,1,0.33,287,50,3545.0,57.198083,16.4,1.0,0,0,0,0,0,1,0,1,0,0,0,0,0,3,18.0,50.0
13619,40.4022,-3.6592,2,1.0,2.0,20.0,100.0,1,0.6,286,50,1890.0,41.443535,5.0,1.0,0,0,0,0,0,1,0,1,0,1,1,0,0,6,18.0,50.0
13620,40.41871,-3.71033,2,1.0,1.0,39.0,100.0,1,0.07,178,50,4503.0,68.043894,0.8,1.0,0,0,0,0,0,1,0,0,1,0,1,0,0,8,18.0,50.0
13621,40.41454,-3.70701,2,1.0,2.0,100.0,95.0,1,0.22,104,200,4503.0,68.043894,0.8,1.5,1,0,0,0,0,1,0,0,1,0,0,0,0,5,19.5,100.0
13622,40.35311,-3.6942,1,1.0,1.0,22.0,100.0,3,0.11,108,50,1696.0,37.641618,9.0,1.0,0,0,0,0,0,1,0,0,0,0,0,0,0,3,10.5,50.0
13624,40.43827,-3.69907,2,1.0,1.0,60.0,89.0,45,0.39,386,200,4855.0,64.056634,2.4,1.5,1,0,0,0,0,1,0,1,0,0,1,0,0,4,19.5,100.0
13625,40.43711,-3.69892,3,1.0,2.0,101.0,92.0,45,0.28,332,200,4855.0,64.056634,2.4,1.0,1,0,0,0,0,1,0,0,0,0,0,0,0,4,25.5,150.0
13627,40.42991,-3.69727,5,2.0,2.0,193.0,93.0,25,0.17,219,200,4855.0,64.056634,2.4,2.0,1,0,0,0,0,1,0,1,0,0,1,0,0,3,43.5,200.0
13628,40.40929,-3.7076,5,2.0,4.0,74.0,0.0,25,0.0,175,200,4503.0,68.043894,0.8,1.0,1,0,0,0,0,1,0,0,0,0,1,0,0,3,40.5,100.0
13629,40.41356,-3.72882,2,1.0,1.0,40.0,1.0,1,1.0,200,50,2287.0,47.008319,4.7,1.5,1,1,1,1,1,1,1,1,1,1,1,1,1,4,19.5,50.0
13630,40.42602,-3.70226,2,1.0,1.0,55.0,1.0,1,1.0,114,50,4503.0,68.043894,0.8,1.0,1,1,1,1,1,1,1,1,1,1,1,1,1,5,18.0,100.0
13631,40.43092,-3.7107,1,1.0,1.0,38.0,96.0,1,0.43,571,50,4855.0,64.056634,2.4,1.0,0,0,0,0,0,1,0,1,1,1,1,0,0,7,10.5,50.0
13632,40.42369,-3.6742,5,3.0,3.0,128.0,100.0,1,2.31,474,200,5328.0,74.694253,2.2,2.5,1,0,0,0,0,1,0,1,1,0,1,0,0,3,45.0,150.0
13633,40.41125,-3.69906,2,1.0,1.0,100.0,93.0,3,0.32,318,50,4503.0,68.043894,0.8,1.0,0,0,0,0,0,1,0,0,0,1,1,0,0,5,18.0,100.0
13634,40.43474,-3.66719,2,1.0,1.0,25.0,0.0,2,0.0,73,50,5328.0,74.694253,2.2,1.0,0,0,0,0,0,0,0,0,0,0,0,0,0,10,18.0,50.0
13635,40.4363,-3.66845,1,1.0,1.0,26.0,80.0,1,0.06,52,50,5328.0,74.694253,2.2,1.0,0,0,0,0,0,0,0,0,0,0,0,0,0,3,10.5,50.0
13636,40.39035,-3.73737,5,3.0,1.0,89.0,100.0,1,0.05,180,200,2195.0,47.402837,6.6,1.0,1,1,1,1,1,1,1,1,1,1,1,1,1,3,40.5,100.0
13637,40.4205,-3.70165,4,1.0,2.0,54.0,90.0,12,1.29,414,200,4503.0,68.043894,0.8,1.0,1,0,0,0,0,1,0,1,1,1,1,0,0,7,33.0,100.0
13638,40.40812,-3.70583,1,1.0,1.0,19.0,98.0,2,0.55,367,50,4503.0,68.043894,0.8,1.0,0,0,0,0,0,1,0,0,1,0,1,0,0,6,10.5,50.0
13639,40.40811,-3.70457,1,1.0,1.0,30.0,95.0,1,0.6,163,50,4503.0,68.043894,0.8,1.0,0,0,0,0,0,0,0,0,0,0,0,0,0,3,10.5,50.0
13640,40.42964,-3.70407,2,1.0,1.0,71.0,0.0,43,0.0,492,200,4855.0,64.056634,2.4,1.0,1,0,0,0,0,1,0,1,1,0,0,0,0,6,18.0,100.0
13641,40.45768,-3.69746,7,3.0,4.0,83.0,0.0,43,0.0,452,200,3476.0,60.621287,5.9,1.5,1,0,0,0,0,0,0,1,1,1,0,0,0,6,57.0,100.0
13642,40.41056,-3.69863,5,1.0,3.0,200.0,93.0,2,2.37,125,200,4503.0,68.043894,0.8,1.0,1,0,0,0,0,1,0,0,0,0,0,0,0,4,40.5,200.0
13643,40.42019,-3.70481,2,0.0,1.0,75.0,95.0,6,0.22,703,200,4503.0,68.043894,0.8,1.0,1,0,0,0,0,1,0,1,1,0,1,1,0,3,18.0,100.0
13644,40.43193,-3.7106,2,1.0,1.0,60.0,80.0,6,0.3,311,200,4855.0,64.056634,2.4,1.0,1,0,0,0,0,1,0,1,1,0,0,0,0,8,18.0,100.0
13645,40.37501,-3.69616,1,1.0,1.0,25.0,0.0,3,0.0,83,50,2316.0,43.910072,4.6,1.0,1,0,0,0,0,1,0,0,0,0,0,0,0,3,10.5,50.0
13646,40.42119,-3.70702,2,1.0,1.0,131.0,100.0,6,0.17,698,200,4503.0,68.043894,0.8,1.0,1,0,0,0,0,1,0,1,1,0,1,1,0,3,18.0,150.0
13647,40.4216,-3.70696,4,2.0,2.0,181.0,93.0,6,0.79,698,200,4503.0,68.043894,0.8,2.0,1,0,0,0,0,1,0,1,1,0,1,1,0,3,36.0,200.0
13648,40.41955,-3.70701,2,1.0,1.0,99.0,83.0,6,0.39,486,200,4503.0,68.043894,0.8,1.0,1,0,0,0,0,1,0,1,1,0,1,0,0,3,18.0,100.0
13649,40.42167,-3.70553,3,1.0,2.0,150.0,91.0,6,0.61,707,200,4503.0,68.043894,0.8,1.0,1,0,0,0,0,1,0,1,1,0,1,1,0,3,25.5,150.0
13650,40.42012,-3.70709,2,1.0,1.0,106.0,87.0,6,0.33,682,200,4503.0,68.043894,0.8,1.0,1,0,0,0,0,1,0,1,1,0,1,1,0,3,18.0,150.0
13651,40.44955,-3.5694,4,1.0,3.0,65.0,80.0,2,0.71,185,50,2477.0,70.967532,7.3,1.0,1,0,0,0,0,1,0,1,0,0,0,0,0,7,33.0,100.0
13652,40.44734,-3.56924,2,1.0,1.0,55.0,93.0,2,0.33,146,50,2477.0,70.967532,7.3,1.0,1,0,0,0,0,0,0,0,0,0,0,0,0,7,18.0,100.0
13653,40.42609,-3.7107,4,1.0,3.0,23.0,91.0,1,1.27,77,50,4503.0,68.043894,0.8,1.0,0,0,0,0,0,1,0,0,0,0,0,0,0,3,33.0,50.0
13654,40.411,-3.72099,2,0.0,1.0,35.0,0.0,7,0.0,288,50,3917.0,55.025641,1.9,1.5,0,0,0,0,0,1,0,0,1,0,1,0,0,7,19.5,50.0
13655,40.39486,-3.66043,2,1.0,1.0,23.0,86.0,2,1.24,75,50,1890.0,41.443535,5.0,1.0,1,1,1,1,1,1,1,1,1,1,1,1,1,3,18.0,50.0
13656,40.39406,-3.74278,2,1.0,1.0,45.0,100.0,1,0.06,226,50,2287.0,47.008319,4.7,1.5,0,0,0,0,1,1,0,1,0,0,0,0,0,6,19.5,50.0
13657,40.40999,-3.70728,6,2.0,3.0,140.0,99.0,9,1.16,229,200,4503.0,68.043894,0.8,2.0,1,0,0,0,0,1,0,1,0,0,0,0,0,3,51.0,150.0
13658,40.4132,-3.70126,2,1.0,1.0,47.0,100.0,3,0.05,544,50,4503.0,68.043894,0.8,1.0,0,0,0,0,0,1,0,1,1,0,1,1,0,7,18.0,50.0
13659,40.40861,-3.73515,2,1.0,1.0,70.0,87.0,45,0.64,411,200,2287.0,47.008319,4.7,1.0,1,0,0,0,0,1,0,0,0,0,1,0,0,4,18.0,100.0
13660,40.39093,-3.69532,2,1.0,1.0,23.0,89.0,1,0.39,61,50,3917.0,55.025641,1.9,1.5,0,0,0,0,0,1,0,0,0,0,0,0,0,10,19.5,50.0
13661,40.3853,-3.72954,2,1.0,1.0,35.0,100.0,3,0.05,245,50,2195.0,47.402837,6.6,1.0,0,1,1,1,1,1,0,0,0,0,1,0,0,3,18.0,50.0
13662,40.38818,-3.74353,2,1.0,1.0,200.0,0.0,1,0.05,341,50,2195.0,47.402837,6.6,1.0,0,0,0,0,0,1,0,1,1,0,1,0,0,3,18.0,200.0
13663,40.411,-3.70825,1,1.0,1.0,25.0,98.0,9,1.09,459,50,4503.0,68.043894,0.8,2.0,0,0,0,0,0,1,0,0,0,0,1,0,0,7,13.5,50.0
13664,40.40916,-3.70017,2,0.0,1.0,43.0,80.0,1,0.06,147,200,4503.0,68.043894,0.8,1.0,1,0,0,0,0,1,0,1,1,0,1,0,0,8,18.0,50.0
13665,40.48611,-3.66746,4,2.0,2.0,125.0,0.0,4,0.0,748,200,3312.0,62.061453,9.2,1.0,1,0,0,0,0,1,1,1,1,1,1,0,0,6,33.0,150.0
13666,40.41915,-3.70853,4,2.0,3.0,109.0,95.0,8,0.22,244,200,4503.0,68.043894,0.8,2.0,1,0,0,0,0,1,0,1,1,0,0,0,0,3,36.0,150.0
13667,40.38225,-3.72926,4,2.0,1.0,75.0,0.0,1,0.0,145,200,2195.0,47.402837,6.6,1.0,1,0,0,0,0,1,0,0,0,0,0,0,0,3,33.0,100.0
13668,40.46648,-3.65025,2,1.0,1.0,39.0,93.0,9,0.17,141,50,3312.0,62.061453,9.2,1.0,0,0,0,0,0,1,0,1,0,0,0,0,0,6,18.0,50.0
13669,40.39673,-3.69834,4,1.0,2.0,38.0,95.0,1,3.24,529,200,3917.0,55.025641,1.9,1.0,1,0,0,0,0,1,0,1,1,0,1,1,1,3,33.0,50.0
13670,40.46715,-3.65076,1,1.0,1.0,180.0,100.0,9,0.06,177,50,3312.0,62.061453,9.2,1.0,1,0,0,0,0,1,0,1,0,0,0,0,0,6,10.5,200.0
13671,40.46992,-3.64908,3,2.0,2.0,70.0,100.0,1,0.44,466,200,3312.0,62.061453,9.2,1.5,1,0,0,0,0,1,0,0,1,0,1,0,0,5,27.0,100.0
13672,40.40081,-3.70484,2,0.0,1.0,40.0,98.0,1,0.94,330,50,3917.0,55.025641,1.9,1.0,0,0,0,0,0,1,0,0,1,1,1,0,0,3,18.0,50.0
13673,40.42355,-3.70031,5,2.0,4.0,100.0,97.0,1,0.77,222,200,4503.0,68.043894,0.8,1.5,1,1,1,1,1,1,0,1,0,0,1,0,0,8,42.0,100.0
13674,40.41139,-3.70049,4,0.0,2.0,56.0,91.0,1,1.63,239,200,4503.0,68.043894,0.8,1.5,1,0,0,0,0,1,0,0,0,0,0,0,0,3,34.5,100.0
13675,40.38594,-3.72782,1,1.0,1.0,35.0,0.0,3,0.05,128,50,2195.0,47.402837,6.6,1.0,0,0,0,0,0,1,0,0,0,0,0,0,0,3,10.5,50.0
13676,40.42333,-3.70398,2,1.0,1.0,400.0,0.0,4,0.0,144,50,4503.0,68.043894,0.8,1.0,0,0,0,0,0,1,0,0,1,0,1,0,0,3,18.0,200.0
13677,40.40184,-3.68851,2,1.0,1.0,45.0,96.0,1,0.69,292,50,3917.0,55.025641,1.9,1.0,0,0,0,0,0,1,0,0,1,0,1,0,0,4,18.0,50.0
13678,40.42525,-3.7033,5,2.0,2.0,280.0,100.0,1,0.28,320,200,4503.0,68.043894,0.8,1.0,1,0,0,0,0,1,0,1,1,1,1,0,0,7,40.5,200.0
13679,40.38417,-3.73149,2,1.0,1.0,23.0,70.0,1,0.11,253,50,2195.0,47.402837,6.6,1.5,0,0,0,0,0,1,0,0,0,0,1,0,0,3,19.5,50.0
13680,40.42593,-3.70801,4,1.0,2.0,57.0,100.0,1,0.36,319,200,4503.0,68.043894,0.8,1.0,1,0,0,0,0,1,0,1,1,0,1,0,1,5,33.0,100.0
13681,40.3433,-3.71405,5,2.0,3.0,100.0,90.0,1,0.83,243,200,1696.0,37.641618,9.0,1.0,1,0,0,0,0,1,0,1,0,0,0,0,0,3,40.5,100.0
13682,40.43464,-3.65341,4,1.0,2.0,69.0,87.0,11,0.51,617,200,2893.0,50.090625,6.5,1.0,1,0,0,1,0,1,0,1,0,0,1,0,0,9,33.0,100.0
13683,40.43296,-3.65346,6,2.0,3.0,67.0,96.0,11,0.79,682,200,2893.0,50.090625,6.5,1.0,1,0,0,1,0,1,0,1,0,0,1,0,0,9,48.0,100.0
13684,40.45838,-3.70365,6,2.0,2.0,82.0,80.0,1,0.79,287,200,3476.0,60.621287,5.9,1.0,1,0,0,0,0,1,0,1,0,0,0,0,0,3,48.0,100.0
13685,40.42438,-3.70177,3,0.0,2.0,42.0,88.0,2,0.55,312,200,4503.0,68.043894,0.8,1.5,1,0,0,0,0,1,0,1,1,0,1,0,0,3,27.0,50.0
13686,40.4648,-3.71814,1,0.0,1.0,100.0,0.0,1,0.0,199,50,3555.0,63.451906,5.9,1.0,1,1,1,1,1,1,0,1,1,0,1,0,0,3,10.5,100.0
13687,40.41114,-3.71503,6,2.0,1.0,128.0,85.0,72,0.23,287,200,4503.0,68.043894,0.8,1.0,1,1,1,1,1,1,1,1,1,1,1,1,1,6,48.0,150.0
13688,40.39867,-3.71811,5,2.0,4.0,99.0,100.0,2,0.62,474,200,2195.0,47.402837,6.6,2.0,1,0,0,0,0,1,0,1,1,0,1,0,0,7,43.5,100.0
13689,40.4154,-3.70087,4,1.0,1.0,1139.0,67.0,27,0.17,151,200,4503.0,68.043894,0.8,1.0,1,0,0,0,0,1,0,1,0,0,0,0,0,7,33.0,200.0
13690,40.3501,-3.6881,1,1.0,1.0,39.0,0.0,2,0.0,122,50,1696.0,37.641618,9.0,1.0,0,1,1,1,1,1,0,1,0,0,0,0,0,4,10.5,50.0
13691,40.3921,-3.66622,2,1.0,1.0,20.0,96.0,1,1.54,140,50,1890.0,41.443535,5.0,1.0,1,0,0,0,0,1,0,0,0,0,0,0,0,3,18.0,50.0
13692,40.41197,-3.72816,2,1.0,1.0,47.0,0.0,3,0.05,414,50,2287.0,47.008319,4.7,1.0,0,1,1,1,1,1,0,0,1,1,1,0,0,6,18.0,50.0
13693,40.41383,-3.70975,2,1.0,1.0,43.0,97.0,2,1.2,248,50,4503.0,68.043894,0.8,1.0,0,0,0,0,0,1,0,0,1,0,0,0,0,5,18.0,50.0
13694,40.43648,-3.71637,2,1.0,1.0,64.0,78.0,7,0.58,236,200,4855.0,64.056634,2.4,1.0,1,0,0,0,0,1,0,1,0,0,0,0,0,3,18.0,100.0
13695,40.41491,-3.69151,4,2.0,7.0,224.0,100.0,19,0.4,303,200,4220.0,63.672727,3.2,2.5,1,0,0,0,0,1,0,1,0,0,0,0,0,8,37.5,200.0
13696,40.41491,-3.69151,4,2.0,7.0,133.0,98.0,19,0.68,365,200,4220.0,63.672727,3.2,2.0,1,0,0,0,0,1,0,1,0,0,0,0,0,8,36.0,150.0
13697,40.41041,-3.70919,2,1.0,1.0,50.0,97.0,1,0.83,362,50,4503.0,68.043894,0.8,1.0,1,1,1,1,1,1,1,1,1,1,1,1,1,4,18.0,50.0
13698,40.41278,-3.69144,4,2.0,3.0,133.0,94.0,19,1.53,392,200,4220.0,63.672727,3.2,2.0,1,0,0,0,0,1,0,1,0,0,0,0,0,8,36.0,150.0
13699,40.41278,-3.69144,4,2.0,3.0,133.0,93.0,19,0.51,348,200,4220.0,63.672727,3.2,2.0,1,0,0,0,0,1,0,1,0,0,0,0,0,8,36.0,150.0
13700,40.41491,-3.69151,4,2.0,3.0,145.0,93.0,19,0.45,392,200,4220.0,63.672727,3.2,2.0,1,0,0,0,0,1,0,1,0,0,0,0,0,8,36.0,150.0
13701,40.38233,-3.76705,4,2.0,1.0,65.0,0.0,1,0.0,160,200,2287.0,47.008319,4.7,1.0,1,0,0,0,0,1,0,0,0,0,0,0,0,3,33.0,100.0
13702,40.42408,-3.70029,4,1.0,1.0,63.0,85.0,4,1.97,173,200,4503.0,68.043894,0.8,1.0,1,0,0,0,0,1,0,0,0,0,0,0,0,3,33.0,100.0
13703,40.4727,-3.58465,2,0.0,1.0,40.0,0.0,1,0.0,385,200,3047.0,56.183432,11.8,1.0,1,1,1,1,1,1,0,0,1,0,1,0,0,6,18.0,50.0
13704,40.38506,-3.71138,4,2.0,1.0,73.0,100.0,1,0.05,27,200,2316.0,43.910072,4.6,1.0,1,0,0,0,0,0,0,0,0,0,0,0,0,3,33.0,100.0
13705,40.40067,-3.65311,1,1.0,1.0,19.0,95.0,2,0.65,376,50,1890.0,41.443535,5.0,1.0,0,0,0,0,0,1,0,0,0,0,0,0,0,5,10.5,50.0
13706,40.42212,-3.70006,4,1.0,2.0,44.0,96.0,2,5.66,467,200,4503.0,68.043894,0.8,1.0,1,0,0,0,0,1,0,1,1,0,1,1,1,3,33.0,50.0
13707,40.3966,-3.65873,6,2.0,3.0,63.0,91.0,3,0.85,406,200,1890.0,41.443535,5.0,1.0,1,0,0,0,0,1,0,1,1,0,0,0,1,4,48.0,100.0
13708,40.42007,-3.70348,3,0.0,1.0,120.0,98.0,45,0.67,319,200,4503.0,68.043894,0.8,1.0,1,0,0,0,0,1,0,0,0,0,1,0,1,4,25.5,150.0
13709,40.43712,-3.63236,2,0.0,1.0,56.0,73.0,2,0.18,486,200,2477.0,70.967532,7.3,1.0,1,0,0,0,0,1,1,1,1,0,1,0,0,8,18.0,100.0
13710,40.3941,-3.69592,6,2.0,4.0,65.0,95.0,2,1.17,296,200,3917.0,55.025641,1.9,1.0,1,0,0,0,0,1,0,0,0,0,0,0,0,3,48.0,100.0
13711,40.40662,-3.69868,2,1.0,1.0,68.0,100.0,1,0.17,286,50,4503.0,68.043894,0.8,1.0,1,0,0,0,0,1,0,0,1,0,1,0,0,7,18.0,100.0
13712,40.4771,-3.65873,2,0.0,1.0,36.0,99.0,2,0.89,372,200,3312.0,62.061453,9.2,1.0,1,0,0,0,0,1,0,1,0,0,1,0,0,7,18.0,50.0
13713,40.40206,-3.65449,1,1.0,1.0,18.0,95.0,3,0.5,602,50,1890.0,41.443535,5.0,1.0,1,0,0,0,0,1,0,0,1,0,0,0,0,3,10.5,50.0
13714,40.38521,-3.72963,1,1.0,1.0,40.0,0.0,3,0.0,216,50,2195.0,47.402837,6.6,1.0,0,1,1,1,1,1,0,0,0,0,0,0,0,3,10.5,50.0
13715,40.41339,-3.69782,1,1.0,1.0,20.0,85.0,1,0.23,301,50,4503.0,68.043894,0.8,2.0,1,1,1,1,1,1,1,1,1,1,1,1,1,3,13.5,50.0
13716,40.38205,-3.72594,1,1.0,1.0,15.0,97.0,1,0.39,285,50,2195.0,47.402837,6.6,1.0,0,0,0,0,0,1,0,0,0,0,1,0,0,3,10.5,50.0
13717,40.43599,-3.68419,2,1.0,1.0,105.0,0.0,1,0.0,120,50,5328.0,74.694253,2.2,1.0,1,0,0,0,0,0,1,1,1,0,0,0,0,5,18.0,150.0
13718,40.4139,-3.70059,6,2.0,3.0,89.0,0.0,12,0.0,209,200,4503.0,68.043894,0.8,1.0,1,0,0,0,0,1,0,0,1,0,1,0,0,4,48.0,100.0
13719,40.38305,-3.70951,1,1.0,1.0,20.0,95.0,1,0.92,205,50,2316.0,43.910072,4.6,1.0,0,0,0,0,0,1,0,0,0,1,0,0,0,3,10.5,50.0
13720,40.42136,-3.71744,3,1.0,1.0,115.0,100.0,1,0.11,383,200,3555.0,63.451906,5.9,1.0,1,0,0,0,0,1,0,1,1,0,1,0,0,7,25.5,150.0
13721,40.41224,-3.70186,2,1.0,1.0,100.0,1.0,1,1.0,110,200,4503.0,68.043894,0.8,1.0,1,1,1,1,1,1,1,1,1,1,1,1,1,3,18.0,100.0
13722,40.40934,-3.71734,6,2.0,2.0,155.0,97.0,1,0.65,545,200,3917.0,55.025641,1.9,2.0,1,0,0,0,0,1,0,1,0,0,1,0,0,3,51.0,200.0
13724,40.33661,-3.70092,5,2.0,4.0,210.0,0.0,1,0.0,265,200,1696.0,37.641618,9.0,1.5,1,0,0,0,0,1,0,1,0,0,1,0,0,3,42.0,200.0
13725,40.43306,-3.6693,2,1.0,1.0,49.0,50.0,1,0.11,292,50,5328.0,74.694253,2.2,1.0,0,0,0,0,0,1,0,1,0,0,1,0,0,6,18.0,50.0
13726,40.4243,-3.70215,4,2.0,2.0,180.0,100.0,1,0.11,402,200,4503.0,68.043894,0.8,1.0,1,0,0,0,0,1,0,0,0,1,1,0,0,3,33.0,200.0
13727,40.43647,-3.71646,1,1.0,2.0,25.0,0.0,18,0.0,492,50,4855.0,64.056634,2.4,1.5,0,0,0,0,0,1,0,0,1,1,1,0,0,7,12.0,50.0
13728,40.41291,-3.7061,2,1.0,1.0,38.0,100.0,1,0.06,138,50,4503.0,68.043894,0.8,1.0,0,0,0,0,0,1,0,0,0,0,1,0,0,3,18.0,50.0
13729,40.40812,-3.71272,2,1.0,1.0,38.0,93.0,18,0.9,314,200,4503.0,68.043894,0.8,1.5,1,0,0,0,0,1,0,0,0,0,1,0,0,8,19.5,50.0
13730,40.41864,-3.67896,3,0.0,2.0,85.0,100.0,9,0.33,186,200,4220.0,63.672727,3.2,1.0,1,0,0,0,0,1,0,1,1,0,1,0,0,3,25.5,100.0
13731,40.44826,-3.69949,2,1.0,1.0,60.0,0.0,1,0.0,181,50,3476.0,60.621287,5.9,1.0,0,0,0,0,0,1,0,1,1,0,1,0,0,6,18.0,100.0
13732,40.47423,-3.57719,4,1.0,1.0,105.0,0.0,3,0.0,541,200,3047.0,56.183432,11.8,1.0,1,0,0,0,0,1,0,1,0,0,1,0,1,8,33.0,150.0
13733,40.46708,-3.69498,2,1.0,1.0,20.0,92.0,1,1.16,454,50,3476.0,60.621287,5.9,1.5,0,0,0,0,0,1,0,0,0,0,1,0,1,3,19.5,50.0
13734,40.43676,-3.70391,8,4.0,6.0,250.0,0.0,1,0.0,544,50,4855.0,64.056634,2.4,3.0,0,0,0,0,0,1,1,0,1,1,1,0,0,5,69.0,200.0
13735,40.45081,-3.701,2,1.0,1.0,80.0,93.0,45,0.5,569,200,3476.0,60.621287,5.9,1.5,1,0,0,1,0,1,0,0,0,1,1,0,0,4,19.5,100.0
13736,40.45615,-3.58809,2,1.0,2.0,33.0,94.0,2,0.39,181,50,3047.0,56.183432,11.8,1.0,0,0,0,0,0,1,0,0,1,0,1,0,0,6,18.0,50.0
13737,40.40658,-3.65551,1,1.0,1.0,10.0,90.0,2,1.25,121,50,2547.0,45.581197,5.0,1.0,1,1,1,1,1,1,1,1,1,1,1,1,1,0,10.5,50.0
13738,40.42369,-3.71006,4,2.0,3.0,254.0,98.0,67,1.05,256,200,4503.0,68.043894,0.8,2.0,1,0,0,0,0,1,1,1,1,0,1,0,0,7,36.0,200.0
13739,40.48272,-3.68525,1,1.0,1.0,20.0,74.0,1,0.39,603,50,3545.0,57.198083,16.4,1.5,1,1,1,1,1,1,1,1,1,1,1,1,1,3,12.0,50.0
13740,40.4816,-3.71839,1,1.0,1.0,15.0,94.0,1,0.88,186,50,3545.0,57.198083,16.4,1.0,0,0,0,0,0,1,0,0,1,0,1,0,0,7,10.5,50.0
13741,40.41853,-3.6774,2,1.0,1.0,40.0,0.0,2,0.0,107,50,4220.0,63.672727,3.2,1.0,1,0,0,0,0,1,0,0,1,0,0,0,0,3,18.0,50.0
13742,40.41476,-3.70094,5,2.0,2.0,109.0,96.0,2,0.29,199,200,4503.0,68.043894,0.8,1.0,1,0,0,0,0,1,0,0,1,0,0,0,0,3,40.5,150.0
13743,40.43559,-3.67578,2,1.0,1.0,100.0,0.0,1,0.0,400,50,5328.0,74.694253,2.2,1.0,0,1,1,1,1,1,0,1,1,0,1,0,0,3,18.0,100.0
13744,40.42435,-3.71655,5,3.0,3.0,259.0,0.0,1,0.0,223,200,3555.0,63.451906,5.9,2.0,1,0,0,0,0,1,0,1,1,0,0,0,0,13,43.5,200.0
13745,40.37802,-3.66608,2,1.0,2.0,13.0,100.0,1,0.34,296,50,1890.0,41.443535,5.0,1.0,0,0,0,0,0,1,0,0,0,1,1,0,0,3,18.0,50.0
13746,40.42529,-3.66328,4,2.0,2.0,71.0,95.0,1,0.45,280,50,5328.0,74.694253,2.2,1.0,1,0,0,0,0,0,0,0,0,0,0,0,0,8,33.0,100.0
13747,40.41295,-3.71157,4,2.0,2.0,64.0,84.0,1,0.5,314,200,4503.0,68.043894,0.8,1.0,1,0,0,0,0,1,0,1,0,1,1,0,0,3,33.0,100.0
13748,40.41876,-3.69829,3,1.0,3.0,193.0,100.0,2,0.06,187,50,4503.0,68.043894,0.8,1.0,1,0,0,0,0,1,0,1,1,0,0,0,0,4,25.5,200.0
13749,40.40912,-3.73457,1,1.0,1.0,28.0,95.0,1,0.24,242,50,2287.0,47.008319,4.7,1.0,0,0,0,0,0,1,0,1,0,0,1,0,0,4,10.5,50.0
13750,40.44204,-3.67127,4,1.0,2.0,100.0,97.0,7,1.08,280,200,4508.0,67.220486,5.8,1.0,1,0,0,0,0,1,0,1,0,0,0,0,0,3,33.0,100.0
13751,40.40253,-3.71469,4,2.0,2.0,110.0,75.0,2,0.22,164,200,3917.0,55.025641,1.9,1.0,1,0,0,0,0,0,0,0,1,0,1,0,0,6,33.0,150.0
13753,40.40248,-3.59296,1,1.0,1.0,29.0,100.0,1,0.18,168,50,2246.0,55.472222,11.2,1.0,0,0,0,0,0,1,0,1,1,0,0,0,0,6,10.5,50.0
13754,40.41934,-3.70921,4,2.0,2.0,127.0,60.0,7,0.44,212,200,4503.0,68.043894,0.8,1.0,1,1,1,1,1,1,0,1,1,0,1,0,0,7,33.0,150.0
13755,40.43202,-3.71207,3,1.0,2.0,60.0,100.0,6,0.44,406,200,4855.0,64.056634,2.4,1.0,1,1,1,1,1,1,0,1,1,0,0,0,0,8,25.5,100.0
13756,40.43275,-3.65927,2,1.0,1.0,85.0,100.0,1,0.11,39,50,2893.0,50.090625,6.5,1.0,0,0,0,0,0,1,0,0,1,0,0,0,0,6,18.0,100.0
13757,40.40756,-3.71453,3,2.0,2.0,110.0,100.0,2,0.11,188,200,3917.0,55.025641,1.9,2.0,1,0,0,0,0,1,0,1,1,0,1,0,0,8,28.5,150.0
13758,40.34981,-3.68537,5,1.0,3.0,22.0,68.0,13,0.29,217,50,1696.0,37.641618,9.0,1.0,0,0,0,0,0,1,0,0,0,0,1,0,0,5,40.5,50.0
13759,40.48869,-3.66559,3,1.0,1.0,100.0,0.0,1,0.0,271,50,3312.0,62.061453,9.2,1.5,0,0,0,0,0,1,0,1,1,0,0,0,0,5,27.0,100.0
13760,40.44686,-3.70241,2,1.0,1.0,120.0,0.0,2,0.07,411,200,3476.0,60.621287,5.9,1.0,1,0,0,0,0,1,0,1,1,0,1,0,0,3,18.0,150.0
13761,40.42789,-3.70503,4,2.0,3.0,56.0,86.0,88,2.43,316,200,4503.0,68.043894,0.8,1.0,1,0,0,0,0,1,0,1,0,1,0,0,0,6,33.0,100.0
13762,40.40996,-3.66051,6,4.0,6.0,350.0,100.0,1,0.17,176,200,2547.0,45.581197,5.0,3.0,1,0,0,0,0,1,1,0,1,0,1,0,0,8,54.0,200.0
13763,40.41057,-3.71002,4,1.0,1.0,56.0,92.0,1,0.71,630,200,4503.0,68.043894,0.8,1.0,1,0,0,0,0,1,0,1,0,1,1,1,0,3,33.0,100.0
13764,40.4102,-3.70047,2,0.0,1.0,43.0,90.0,1,0.18,279,200,4503.0,68.043894,0.8,1.0,1,0,0,0,0,1,0,1,1,0,1,0,0,7,18.0,50.0
13765,40.41749,-3.70235,2,1.0,2.0,98.0,100.0,1,0.47,424,200,4503.0,68.043894,0.8,1.0,1,0,0,0,0,1,0,1,0,1,1,0,0,9,18.0,100.0
13766,40.37651,-3.69046,2,1.0,1.0,31.0,100.0,1,0.51,519,50,2316.0,43.910072,4.6,1.0,0,0,0,0,0,1,0,1,1,1,1,0,0,5,18.0,50.0
13767,40.4239,-3.64785,2,1.0,1.0,20.0,0.0,1,0.0,70,50,2893.0,50.090625,6.5,1.0,0,0,0,0,0,0,0,0,1,0,0,0,0,5,18.0,50.0
13768,40.42095,-3.70821,2,0.0,1.0,90.0,95.0,8,0.25,173,200,4503.0,68.043894,0.8,1.0,1,0,0,0,0,1,0,1,1,0,0,0,0,3,18.0,100.0
13769,40.42578,-3.7162,2,1.0,1.0,49.0,93.0,1,0.97,421,200,3555.0,63.451906,5.9,1.0,1,0,0,0,0,1,0,1,0,0,1,0,0,6,18.0,50.0
13770,40.41444,-3.71822,4,1.0,2.0,62.0,93.0,5,0.36,414,200,4503.0,68.043894,0.8,1.0,1,0,0,0,0,1,0,1,0,0,1,0,0,4,33.0,100.0
13771,40.42029,-3.70142,4,1.0,2.0,89.0,97.0,9,0.35,225,200,4503.0,68.043894,0.8,1.0,1,0,0,0,0,1,0,1,0,0,0,0,0,3,33.0,100.0
13772,40.41205,-3.72905,4,1.0,4.0,60.0,95.0,2,1.27,365,200,2287.0,47.008319,4.7,1.0,1,0,0,0,0,1,0,1,0,0,0,0,0,6,33.0,100.0
13774,40.40963,-3.70198,6,2.0,3.0,100.0,100.0,1,0.06,224,200,4503.0,68.043894,0.8,2.5,1,0,0,0,0,1,0,0,0,0,0,0,0,7,52.5,100.0
13775,40.45462,-3.70149,3,2.0,3.0,30.0,100.0,2,0.31,623,50,3476.0,60.621287,5.9,2.0,0,0,0,0,0,1,0,1,1,1,1,0,0,3,28.5,50.0
13776,40.40034,-3.67132,4,2.0,3.0,38.0,82.0,38,3.21,349,200,4220.0,63.672727,3.2,2.0,1,0,0,0,0,1,0,1,0,0,1,0,0,9,36.0,50.0
13777,40.41464,-3.69933,6,3.0,3.0,139.0,95.0,1,0.66,444,200,4503.0,68.043894,0.8,2.0,1,0,0,0,0,1,0,1,0,1,1,0,0,3,51.0,150.0
13778,40.41211,-3.70598,2,0.0,1.0,21.0,100.0,2,0.17,54,200,4503.0,68.043894,0.8,1.0,1,1,1,1,1,0,0,0,0,0,0,0,0,6,18.0,50.0
13779,40.4217,-3.70904,2,1.0,1.0,36.0,100.0,1,0.34,687,50,4503.0,68.043894,0.8,1.0,0,0,0,0,0,1,0,1,1,1,1,1,0,10,18.0,50.0
13780,40.41432,-3.69751,8,3.0,4.0,91.0,95.0,3,1.89,444,200,4503.0,68.043894,0.8,2.0,1,0,0,0,0,1,0,1,1,0,1,0,0,3,66.0,100.0
13781,40.43218,-3.70349,6,2.0,3.0,114.0,91.0,12,0.75,488,200,4855.0,64.056634,2.4,2.0,1,0,0,0,0,1,0,1,0,0,1,0,0,4,51.0,150.0
13782,40.40639,-3.70194,2,1.0,1.0,150.0,0.0,1,0.0,116,50,4503.0,68.043894,0.8,2.0,1,0,0,1,0,1,0,0,0,0,1,0,0,9,21.0,150.0
13783,40.43934,-3.67155,8,2.0,4.0,274.0,100.0,1,0.06,132,200,5328.0,74.694253,2.2,1.0,1,0,0,0,0,1,0,0,1,0,0,0,0,3,63.0,200.0
13784,40.42297,-3.71429,1,1.0,1.0,42.0,0.0,2,0.0,256,50,3555.0,63.451906,5.9,1.0,0,1,1,1,1,1,0,1,1,0,1,0,0,4,10.5,50.0
13785,40.42867,-3.64047,5,2.0,1.0,37.0,1.0,1,1.0,225,200,2893.0,50.090625,6.5,1.0,1,1,1,1,1,1,1,1,1,1,1,1,1,3,40.5,50.0
13786,40.41014,-3.70353,6,2.0,2.0,101.0,94.0,1,1.25,654,200,4503.0,68.043894,0.8,2.5,1,0,0,0,0,1,0,1,0,1,1,0,1,3,52.5,150.0
13787,40.41246,-3.70686,2,1.0,2.0,55.0,95.0,9,0.45,385,50,4503.0,68.043894,0.8,2.0,0,0,0,0,0,1,0,0,0,1,1,0,0,7,21.0,100.0
13788,40.40753,-3.69675,2,1.0,1.0,51.0,100.0,2,0.12,525,50,4503.0,68.043894,0.8,1.5,0,1,1,1,1,1,0,1,1,0,1,0,1,6,19.5,100.0
13789,40.40856,-3.69979,2,1.0,1.0,45.0,90.0,1,0.11,107,50,4503.0,68.043894,0.8,1.0,1,0,0,0,0,1,0,0,0,0,0,0,0,6,18.0,50.0
13790,40.45606,-3.67299,6,2.0,3.0,200.0,0.0,1,0.0,196,200,4508.0,67.220486,5.8,1.0,1,0,0,0,0,1,0,0,1,0,1,0,0,3,48.0,200.0
13791,40.39806,-3.72177,4,1.0,2.0,38.0,99.0,2,0.95,324,200,2195.0,47.402837,6.6,1.0,1,0,0,0,0,1,0,1,1,0,1,0,0,7,33.0,50.0
13792,40.39999,-3.65377,2,1.0,1.0,60.0,90.0,2,0.6,427,50,1890.0,41.443535,5.0,1.5,0,0,0,0,0,1,0,0,0,0,0,0,0,5,19.5,100.0
13793,40.3902,-3.65247,1,0.0,1.0,28.0,0.0,2,0.0,144,50,1890.0,41.443535,5.0,1.0,0,1,1,1,1,1,0,0,0,0,1,0,0,5,10.5,50.0
13794,40.38029,-3.73324,1,1.0,1.0,21.0,100.0,3,0.11,207,50,2195.0,47.402837,6.6,1.0,0,0,0,0,0,1,0,0,1,0,0,0,0,5,10.5,50.0
13795,40.42762,-3.71444,1,0.0,1.0,55.0,0.0,1,0.0,173,50,3555.0,63.451906,5.9,1.0,0,1,1,1,1,1,0,0,0,0,0,0,0,6,10.5,100.0
13796,40.42018,-3.65154,2,1.0,1.0,35.0,100.0,1,0.06,155,50,2893.0,50.090625,6.5,1.0,0,0,0,0,0,1,0,0,1,0,0,0,0,8,18.0,50.0
13797,40.40971,-3.6989,3,1.0,1.0,39.0,92.0,5,6.61,536,200,4503.0,68.043894,0.8,1.5,1,0,0,0,0,1,0,0,0,0,1,0,1,6,27.0,50.0
13798,40.43118,-3.68128,2,1.0,1.0,30.0,0.0,7,0.0,197,50,5328.0,74.694253,2.2,2.0,0,0,0,0,0,1,0,0,1,0,1,0,0,8,21.0,50.0
13799,40.42455,-3.70187,4,1.0,3.0,63.0,85.0,4,2.52,235,200,4503.0,68.043894,0.8,1.0,1,0,0,0,0,1,0,0,0,0,1,0,0,3,33.0,100.0
13800,40.42551,-3.71341,4,2.0,2.0,103.0,93.0,1,0.34,576,200,3555.0,63.451906,5.9,1.0,1,0,0,0,0,1,0,1,1,0,1,0,1,3,33.0,150.0
13801,40.39002,-3.73932,2,1.0,1.0,32.0,0.0,1,0.06,166,50,2195.0,47.402837,6.6,1.0,1,0,0,0,0,1,0,0,0,0,0,0,0,3,18.0,50.0
13802,40.39998,-3.69746,10,4.0,5.0,225.0,100.0,2,0.72,497,200,3917.0,55.025641,1.9,4.0,1,0,0,0,0,1,0,1,0,0,0,0,0,6,87.0,200.0
13803,40.42712,-3.71663,1,1.0,1.0,150.0,0.0,1,0.0,187,50,3555.0,63.451906,5.9,1.0,0,1,1,1,1,1,0,1,1,0,0,0,0,4,10.5,150.0
13804,40.38401,-3.70845,2,1.0,1.0,23.0,100.0,1,0.35,235,50,2316.0,43.910072,4.6,1.5,0,0,0,0,0,1,0,0,0,0,0,0,0,3,19.5,50.0
13805,40.41106,-3.70395,6,2.0,3.0,96.0,91.0,1,0.64,306,200,4503.0,68.043894,0.8,2.0,1,0,0,0,0,1,0,0,1,0,0,0,0,3,51.0,100.0
13806,40.38757,-3.70559,2,1.0,1.0,40.0,60.0,3,0.06,198,50,2316.0,43.910072,4.6,1.5,1,0,0,0,0,1,0,1,0,0,1,0,0,5,19.5,50.0
13807,40.40621,-3.64146,2,0.0,1.0,54.0,100.0,1,1.39,353,200,2547.0,45.581197,5.0,1.0,1,0,0,0,0,1,0,0,0,0,1,0,1,4,18.0,100.0
13808,40.39457,-3.72704,3,1.0,2.0,44.0,100.0,21,0.07,508,200,2195.0,47.402837,6.6,1.0,1,0,0,0,0,1,0,1,1,1,1,0,0,7,25.5,50.0
13809,40.4154,-3.71104,2,1.0,1.0,31.0,88.0,2,1.0,139,50,4503.0,68.043894,0.8,1.0,0,1,1,1,1,1,0,0,1,0,1,0,0,3,18.0,50.0
13810,40.42531,-3.67756,2,1.0,1.0,26.0,94.0,1,0.74,209,50,5328.0,74.694253,2.2,1.0,0,0,0,0,0,1,0,0,1,0,0,0,0,7,18.0,50.0
13811,40.41642,-3.71083,2,1.0,1.0,43.0,86.0,2,0.95,256,50,4503.0,68.043894,0.8,1.0,1,1,1,1,1,1,1,1,1,1,1,1,1,3,18.0,50.0
13812,40.39171,-3.73927,5,2.0,4.0,34.0,89.0,1,2.7,365,200,2195.0,47.402837,6.6,1.0,1,0,0,0,0,1,0,0,0,1,0,0,0,3,40.5,50.0
13813,40.39882,-3.67263,2,1.0,1.0,53.0,40.0,1,0.06,234,200,4220.0,63.672727,3.2,1.0,1,0,0,0,0,0,0,0,1,0,1,0,0,3,18.0,100.0
13814,40.46016,-3.69783,3,1.0,2.0,77.0,100.0,1,0.3,498,200,3476.0,60.621287,5.9,1.5,1,0,0,0,1,1,0,0,0,0,1,0,1,3,27.0,100.0
13815,40.47899,-3.7045,6,2.0,4.0,94.0,0.0,1,0.0,692,200,3545.0,57.198083,16.4,2.0,1,0,0,0,0,0,0,1,1,0,0,0,1,8,51.0,100.0
13816,40.42397,-3.70381,4,1.0,2.0,100.0,90.0,1,0.11,192,200,4503.0,68.043894,0.8,2.0,1,0,0,0,0,1,0,0,1,0,1,0,0,8,36.0,100.0
13817,40.37604,-3.73305,1,0.0,1.0,15.0,90.0,2,0.23,196,50,2195.0,47.402837,6.6,1.0,0,1,1,1,1,1,0,0,1,0,1,0,0,4,10.5,50.0
13818,40.41267,-3.71816,5,3.0,3.0,77.0,98.0,1,0.57,339,200,3917.0,55.025641,1.9,1.0,1,0,0,0,0,1,0,0,1,0,0,0,0,8,40.5,100.0
13819,40.44005,-3.65262,8,3.0,4.0,86.0,97.0,3,1.53,311,200,2893.0,50.090625,6.5,2.0,1,0,0,0,0,1,0,1,0,0,0,0,0,4,66.0,100.0
13820,40.42036,-3.68242,3,0.0,2.0,75.0,89.0,88,2.07,317,200,4220.0,63.672727,3.2,1.0,1,0,0,0,0,1,0,1,1,0,0,0,0,6,25.5,100.0
13821,40.4085,-3.69763,2,1.0,1.0,59.0,83.0,2,0.67,171,200,4503.0,68.043894,0.8,1.0,1,0,0,0,0,1,0,1,0,0,0,0,0,4,18.0,100.0
13822,40.42119,-3.67746,4,1.0,1.0,101.0,100.0,1,0.86,431,200,4220.0,63.672727,3.2,1.0,1,0,0,0,1,1,0,1,1,1,0,0,0,6,33.0,150.0
13823,40.42416,-3.69442,4,1.0,2.0,100.0,91.0,1,0.86,391,200,4503.0,68.043894,0.8,1.0,1,0,0,0,0,1,0,0,0,1,1,0,0,3,33.0,100.0
13824,40.42132,-3.68406,4,1.0,2.0,116.0,0.0,1,0.0,284,200,5328.0,74.694253,2.2,1.0,1,0,0,0,0,1,0,1,1,0,1,0,0,3,33.0,150.0
13825,40.43272,-3.65449,6,2.0,4.0,143.0,0.0,4,0.0,298,200,2893.0,50.090625,6.5,1.0,1,0,0,0,0,1,0,1,0,0,1,0,0,5,48.0,150.0
13826,40.45543,-3.66841,6,3.0,3.0,310.0,0.0,1,0.0,273,200,4508.0,67.220486,5.8,4.5,1,0,0,0,0,1,1,1,0,0,1,0,0,9,58.5,200.0
13828,40.3869,-3.71064,6,3.0,4.0,60.0,0.0,1,0.0,110,200,2316.0,43.910072,4.6,1.0,1,0,0,0,0,0,0,1,0,0,0,0,0,7,48.0,100.0
13829,40.40658,-3.69431,1,1.0,1.0,38.0,90.0,5,0.88,257,50,3917.0,55.025641,1.9,1.0,1,0,0,0,0,1,0,1,0,0,0,0,0,3,10.5,50.0
13830,40.40671,-3.69599,2,1.0,1.0,40.0,92.0,5,1.41,257,50,3917.0,55.025641,1.9,1.0,1,0,0,0,0,1,0,1,0,0,0,0,0,3,18.0,50.0
13831,40.40474,-3.69585,2,1.0,1.0,43.0,95.0,5,4.48,257,50,3917.0,55.025641,1.9,1.0,1,0,0,0,0,1,0,1,0,0,0,0,0,3,18.0,50.0
13832,40.40679,-3.69559,2,1.0,2.0,43.0,100.0,5,0.19,257,50,3917.0,55.025641,1.9,1.0,1,0,0,0,0,1,0,1,0,0,0,0,0,3,18.0,50.0
13833,40.40671,-3.69585,2,1.0,2.0,48.0,95.0,5,1.43,257,50,3917.0,55.025641,1.9,1.0,1,0,0,0,0,1,0,1,0,0,0,0,0,3,18.0,50.0
13834,40.44944,-3.78577,1,1.0,1.0,25.0,0.0,2,0.0,254,50,3555.0,63.451906,5.9,1.0,0,0,0,0,0,1,0,0,0,0,1,0,0,10,10.5,50.0
13835,40.3975,-3.66877,1,1.0,1.0,20.0,89.0,2,0.4,109,50,1890.0,41.443535,5.0,1.0,1,1,1,1,1,1,1,1,1,1,1,1,1,3,10.5,50.0
13836,40.39717,-3.69856,4,1.0,2.0,60.0,100.0,6,0.28,439,200,3917.0,55.025641,1.9,1.0,1,0,0,0,0,1,0,0,1,0,1,0,1,0,33.0,100.0
13837,40.41249,-3.69347,3,1.0,2.0,80.0,96.0,1,0.85,336,200,4503.0,68.043894,0.8,1.0,1,0,0,0,0,1,0,1,0,0,1,0,0,7,25.5,100.0
13838,40.41152,-3.70204,3,2.0,2.0,35.0,90.0,1,2.59,322,200,4503.0,68.043894,0.8,1.0,1,0,0,0,0,1,0,0,0,0,1,0,1,3,25.5,50.0
13839,40.3899,-3.71769,2,1.0,1.0,90.0,0.0,1,0.0,164,200,2195.0,47.402837,6.6,1.0,1,0,0,0,0,1,0,1,1,0,0,0,0,6,18.0,100.0
13840,40.4104,-3.70712,2,1.0,2.0,55.0,94.0,9,0.41,391,50,4503.0,68.043894,0.8,2.0,0,0,0,0,0,1,0,0,0,0,1,0,0,7,21.0,100.0
13841,40.41102,-3.7084,2,1.0,1.0,55.0,85.0,9,0.24,391,50,4503.0,68.043894,0.8,2.0,0,0,0,0,0,1,0,0,0,0,1,0,0,7,21.0,100.0
13842,40.45255,-3.60181,8,2.0,3.0,105.0,75.0,1,0.29,446,200,3047.0,56.183432,11.8,1.0,1,1,1,1,1,1,1,1,1,0,0,0,0,3,63.0,150.0
13843,40.4102,-3.63618,2,1.0,1.0,36.0,0.0,1,0.0,277,50,2547.0,45.581197,5.0,1.0,0,0,0,0,0,1,1,1,1,0,0,0,0,4,18.0,50.0
13844,40.42548,-3.60921,1,1.0,1.0,50.0,0.0,1,0.0,76,50,2477.0,70.967532,7.3,1.0,1,0,0,0,0,0,0,0,0,0,0,0,0,4,10.5,50.0
13845,40.42496,-3.71365,2,0.0,2.0,93.0,80.0,3,0.06,172,200,3555.0,63.451906,5.9,1.0,1,0,0,0,0,1,0,1,1,0,1,0,0,4,18.0,100.0
13846,40.38955,-3.71731,8,3.0,5.0,73.0,80.0,1,0.07,302,200,2195.0,47.402837,6.6,1.0,1,0,0,0,0,1,0,1,0,0,0,0,0,3,63.0,100.0
13847,40.4126,-3.71028,2,0.0,1.0,43.0,82.0,15,0.67,369,200,4503.0,68.043894,0.8,1.0,1,0,0,0,0,1,0,1,1,1,1,0,1,3,18.0,50.0
13848,40.42409,-3.70944,4,1.0,2.0,129.0,70.0,72,0.11,207,200,4503.0,68.043894,0.8,1.0,1,0,0,0,0,1,0,1,1,0,1,0,0,6,33.0,150.0
13850,40.42626,-3.73197,4,1.0,1.0,41.0,78.0,3,0.47,250,200,3555.0,63.451906,5.9,1.0,1,0,0,0,0,1,0,0,0,0,0,0,0,3,33.0,50.0
13859,40.42698,-3.6985,2,1.0,2.0,199.0,100.0,12,0.07,261,50,4503.0,68.043894,0.8,1.0,0,0,0,0,1,1,0,1,0,0,1,0,0,3,18.0,200.0
13860,40.42897,-3.69714,2,1.0,1.0,199.0,100.0,12,0.15,274,50,4855.0,64.056634,2.4,1.0,0,0,0,0,1,1,0,1,0,0,1,0,0,3,18.0,200.0
13861,40.40415,-3.69164,2,1.0,1.0,40.0,80.0,1,0.06,103,50,3917.0,55.025641,1.9,1.0,1,0,0,0,0,1,0,0,1,0,1,0,0,3,18.0,50.0
13862,40.35785,-3.59751,2,1.0,1.0,40.0,100.0,1,0.18,650,50,2382.0,49.659794,11.0,1.5,1,0,0,0,0,1,1,1,0,1,1,0,0,3,19.5,50.0
13863,40.50723,-3.69586,5,2.0,2.0,160.0,0.0,1,0.0,106,200,3545.0,57.198083,16.4,1.0,1,0,0,0,0,0,0,1,0,0,0,0,0,3,40.5,200.0
13864,40.42454,-3.69758,12,5.0,6.0,220.0,0.0,2,0.0,560,200,4503.0,68.043894,0.8,5.0,1,0,0,0,0,1,0,1,0,0,1,0,1,3,105.0,200.0
13865,40.43039,-3.71322,7,4.0,5.0,229.0,100.0,4,0.12,329,200,4855.0,64.056634,2.4,3.5,1,0,0,0,0,1,0,1,1,0,1,0,0,9,63.0,200.0
13866,40.42649,-3.60856,1,1.0,1.0,20.0,95.0,4,0.46,158,50,2477.0,70.967532,7.3,1.5,1,0,0,0,0,1,0,0,0,0,0,0,0,3,12.0,50.0
13867,40.37651,-3.60857,2,1.0,1.0,90.0,0.0,1,0.0,192,200,2382.0,49.659794,11.0,1.0,1,0,0,0,0,1,1,0,1,0,1,0,0,8,18.0,100.0
13868,40.42819,-3.61052,1,1.0,1.0,20.0,100.0,4,0.23,202,50,2477.0,70.967532,7.3,1.5,0,0,0,0,0,1,0,0,0,0,0,0,0,3,12.0,50.0
13871,40.40852,-3.69971,5,3.0,3.0,87.0,93.0,4,0.18,201,200,4503.0,68.043894,0.8,1.0,1,0,0,0,0,1,0,0,1,0,1,0,0,3,40.5,100.0
13872,40.41953,-3.62765,5,1.0,3.0,95.0,96.0,1,1.25,318,200,2893.0,50.090625,6.5,1.0,1,0,0,0,0,1,0,1,0,0,0,0,0,3,40.5,100.0
13873,40.40842,-3.69975,2,1.0,1.0,37.0,93.0,4,0.45,196,50,4503.0,68.043894,0.8,1.0,0,0,0,0,0,1,0,0,1,0,1,0,0,3,18.0,50.0
13874,40.42055,-3.70067,4,0.0,1.0,1139.0,93.0,27,0.17,151,200,4503.0,68.043894,0.8,1.0,1,0,0,0,0,1,0,0,0,0,0,0,0,7,33.0,200.0
13875,40.42048,-3.70807,5,2.0,2.0,99.0,100.0,13,0.15,225,200,4503.0,68.043894,0.8,2.0,1,0,0,0,0,1,0,1,1,0,0,0,0,4,43.5,100.0
13876,40.43191,-3.70137,2,0.0,1.0,100.0,0.0,1,0.06,191,50,4855.0,64.056634,2.4,2.0,0,1,1,1,1,1,1,1,0,0,0,0,0,9,21.0,100.0
13877,40.44127,-3.56764,4,1.0,1.0,55.0,100.0,1,0.3,480,200,2477.0,70.967532,7.3,1.0,1,0,0,0,0,1,0,1,1,0,0,0,0,3,33.0,100.0
13878,40.43212,-3.63964,1,1.0,1.0,16.0,0.0,2,0.0,91,50,2893.0,50.090625,6.5,1.0,0,1,1,1,1,1,0,0,0,0,0,0,0,6,10.5,50.0
13879,40.4081,-3.70166,2,1.0,1.0,29.0,94.0,4,0.62,196,50,4503.0,68.043894,0.8,1.0,0,0,0,0,0,1,0,0,1,0,1,0,0,3,18.0,50.0
13880,40.40662,-3.69992,1,1.0,1.0,23.0,94.0,4,0.8,196,50,4503.0,68.043894,0.8,1.0,0,0,0,0,0,1,0,0,1,0,1,0,0,3,10.5,50.0
13882,40.43589,-3.70997,2,1.0,1.0,120.0,100.0,1,0.11,344,200,4855.0,64.056634,2.4,1.0,1,0,0,0,0,1,0,1,1,1,1,0,0,6,18.0,150.0
13883,40.43357,-3.647,1,1.0,1.0,25.0,100.0,1,0.22,163,50,2893.0,50.090625,6.5,1.0,1,1,1,1,1,1,1,1,1,1,1,1,1,3,10.5,50.0
13884,40.43239,-3.63439,4,1.0,1.0,49.0,100.0,1,0.79,500,200,2893.0,50.090625,6.5,1.0,1,0,0,0,0,1,0,1,0,0,1,0,0,3,33.0,50.0
13885,40.4096,-3.72451,1,1.0,1.0,25.0,99.0,3,1.3,299,50,2287.0,47.008319,4.7,1.5,0,0,0,0,1,1,0,0,1,0,1,0,1,5,12.0,50.0
13886,40.40498,-3.71329,1,1.0,1.0,40.0,88.0,1,0.28,284,50,3917.0,55.025641,1.9,1.5,0,0,0,0,0,1,0,0,0,0,0,0,0,3,12.0,50.0
13887,40.38395,-3.67003,11,3.0,7.0,60.0,86.0,5,0.41,311,200,1890.0,41.443535,5.0,1.0,1,0,0,0,0,1,0,1,1,1,0,0,0,3,85.5,100.0
13888,40.40025,-3.68839,1,0.0,1.0,17.0,0.0,1,0.0,41,50,3917.0,55.025641,1.9,1.5,1,1,1,1,1,1,0,0,0,0,0,0,0,6,12.0,50.0
13889,40.39248,-3.72497,2,1.0,2.0,48.0,100.0,21,0.19,447,200,2195.0,47.402837,6.6,1.0,1,0,0,0,0,1,0,1,1,0,1,0,0,7,18.0,50.0
13890,40.40847,-3.61309,1,1.0,2.0,25.0,90.0,1,0.24,131,50,2246.0,55.472222,11.2,1.0,0,0,0,0,0,1,0,0,0,0,0,0,0,3,10.5,50.0
13891,40.3946,-3.72516,3,1.0,2.0,46.0,100.0,21,0.18,508,200,2195.0,47.402837,6.6,1.0,1,0,0,0,0,1,0,1,1,1,1,0,0,7,25.5,50.0
13892,40.43187,-3.71488,5,3.0,3.0,223.0,0.0,1,0.06,158,200,4855.0,64.056634,2.4,1.0,1,0,0,0,0,0,0,0,1,0,1,0,0,3,40.5,200.0
13893,40.39382,-3.72497,3,1.0,2.0,51.0,100.0,21,0.19,508,200,2195.0,47.402837,6.6,1.0,1,0,0,0,0,1,0,1,1,1,1,0,0,7,25.5,100.0
13894,40.42483,-3.66728,6,3.0,6.0,450.0,0.0,1,0.0,174,200,5328.0,74.694253,2.2,3.0,1,0,0,0,0,1,0,1,1,0,1,0,0,3,54.0,200.0
13895,40.40626,-3.70241,3,1.0,2.0,53.0,80.0,7,0.19,253,200,4503.0,68.043894,0.8,1.0,1,0,0,0,0,1,0,1,0,0,0,0,0,3,25.5,100.0
13896,40.40648,-3.7022,3,1.0,2.0,120.0,83.0,7,0.41,196,200,4503.0,68.043894,0.8,1.0,1,0,0,0,0,0,0,1,0,0,0,0,0,3,25.5,150.0
13897,40.42646,-3.69581,2,1.0,2.0,61.0,100.0,1,0.45,220,50,4503.0,68.043894,0.8,1.0,0,0,0,0,1,1,0,0,1,0,1,0,0,3,18.0,100.0
13898,40.43679,-3.68433,3,1.0,1.0,106.0,100.0,2,0.13,398,200,5328.0,74.694253,2.2,1.5,1,0,0,0,0,1,0,1,1,0,0,0,0,6,27.0,150.0
13899,40.43012,-3.61753,2,1.0,1.0,30.0,98.0,1,1.02,238,50,2477.0,70.967532,7.3,1.0,1,1,1,1,1,1,1,1,1,1,1,1,1,3,18.0,50.0
13900,40.39469,-3.7265,3,1.0,2.0,52.0,100.0,21,0.18,508,200,2195.0,47.402837,6.6,1.0,1,0,0,0,0,1,0,1,1,1,1,0,0,7,25.5,100.0
13901,40.39453,-3.7263,3,1.0,3.0,54.0,100.0,21,0.24,488,200,2195.0,47.402837,6.6,1.0,1,0,0,0,0,1,0,1,1,1,1,0,0,7,25.5,100.0
13902,40.38368,-3.70347,2,1.0,2.0,50.0,80.0,3,0.11,163,50,2316.0,43.910072,4.6,1.0,1,0,0,0,0,0,0,1,0,0,0,0,0,5,18.0,50.0
13903,40.46948,-3.59388,4,1.0,4.0,48.0,92.0,1,1.63,266,200,3047.0,56.183432,11.8,1.0,1,0,0,0,0,1,0,1,0,0,1,0,0,3,33.0,50.0
13904,40.41317,-3.70176,5,2.0,4.0,66.0,89.0,1,0.75,238,200,4503.0,68.043894,0.8,1.0,1,0,0,0,0,1,0,0,1,0,1,0,0,3,40.5,100.0
13905,40.41957,-3.70913,5,2.0,4.0,80.0,99.0,1,0.89,225,200,4503.0,68.043894,0.8,1.0,1,0,0,0,0,1,0,1,1,0,0,0,0,3,40.5,100.0
13906,40.41952,-3.70975,2,1.0,1.0,39.0,93.0,1,1.69,370,50,4503.0,68.043894,0.8,1.0,0,0,0,0,0,1,0,1,1,0,1,0,0,4,18.0,50.0
13907,40.42013,-3.6754,4,1.0,2.0,52.0,94.0,1,0.75,268,200,4220.0,63.672727,3.2,1.0,1,0,0,0,0,1,0,1,1,0,0,0,0,5,33.0,100.0
13908,40.41041,-3.72142,1,1.0,1.0,25.0,0.0,3,0.0,133,50,3917.0,55.025641,1.9,1.0,1,0,0,0,0,1,0,0,0,0,0,0,0,3,10.5,50.0
13909,40.49441,-3.65372,1,1.0,1.0,27.0,93.0,2,0.68,439,50,3312.0,62.061453,9.2,2.0,1,0,0,0,0,1,1,1,1,0,1,0,0,3,13.5,50.0
13911,40.4245,-3.66479,4,1.0,2.0,99.0,91.0,1,0.54,518,200,5328.0,74.694253,2.2,1.0,1,0,0,0,0,1,0,0,1,1,0,0,1,0,33.0,100.0
13912,40.4202,-3.70256,4,0.0,2.0,95.0,100.0,1,0.11,156,200,4503.0,68.043894,0.8,1.0,1,1,1,1,1,1,0,0,1,0,0,0,0,6,33.0,100.0
13913,40.40838,-3.70211,1,1.0,1.0,26.0,97.0,3,0.34,255,50,4503.0,68.043894,0.8,1.5,0,0,0,0,0,1,0,1,1,0,1,0,0,6,12.0,50.0
13914,40.43079,-3.70166,3,2.0,3.0,107.0,0.0,10,0.0,457,200,4855.0,64.056634,2.4,1.0,1,0,0,0,0,1,0,1,0,0,1,0,0,4,25.5,150.0
13915,40.39952,-3.64572,1,1.0,2.0,30.0,97.0,1,0.4,293,50,2547.0,45.581197,5.0,1.0,0,0,0,0,0,1,0,0,0,0,0,0,0,3,10.5,50.0
13916,40.39497,-3.66062,2,1.0,2.0,25.0,80.0,1,0.07,182,50,1890.0,41.443535,5.0,2.0,0,0,0,0,0,1,0,1,1,0,0,0,0,4,21.0,50.0
13917,40.4092,-3.70575,2,1.0,1.0,70.0,95.0,1,1.11,453,200,4503.0,68.043894,0.8,1.0,1,0,0,0,0,1,0,1,0,1,1,0,0,10,18.0,100.0
13919,40.41075,-3.71171,3,1.0,1.0,56.0,83.0,1,0.87,238,200,4503.0,68.043894,0.8,1.0,1,0,0,0,0,1,0,0,0,0,0,0,0,3,25.5,100.0
13920,40.41005,-3.71117,4,1.0,2.0,46.0,93.0,7,3.95,330,200,4503.0,68.043894,0.8,1.0,1,0,0,0,0,1,0,1,0,0,1,0,0,6,33.0,50.0
13921,40.46315,-3.65012,2,1.0,1.0,100.0,0.0,1,0.0,150,50,3312.0,62.061453,9.2,1.0,1,1,1,1,1,1,0,0,1,0,1,0,0,7,18.0,100.0
13922,40.45024,-3.69905,2,1.0,1.0,50.0,100.0,1,0.58,431,200,3476.0,60.621287,5.9,1.0,1,0,0,0,0,1,0,1,0,1,1,0,0,4,18.0,50.0
13923,40.38121,-3.63577,2,1.0,1.0,34.0,98.0,2,0.51,474,50,1890.0,41.443535,5.0,1.0,0,0,0,0,0,1,1,1,1,0,1,0,0,3,18.0,50.0
13924,40.34391,-3.71335,1,1.0,1.0,26.0,53.0,4,0.17,213,50,1696.0,37.641618,9.0,1.0,0,1,1,1,1,1,0,1,0,0,1,0,0,4,10.5,50.0
13925,40.38109,-3.63769,1,1.0,1.0,24.0,96.0,2,0.28,510,50,1890.0,41.443535,5.0,1.0,0,0,0,0,0,1,1,1,1,0,1,0,0,3,10.5,50.0
13926,40.41857,-3.70506,2,1.0,1.0,64.0,80.0,5,0.06,241,50,4503.0,68.043894,0.8,1.0,1,0,0,0,0,1,0,1,0,0,0,0,0,3,18.0,100.0
13927,40.42155,-3.70863,5,2.0,3.0,228.0,97.0,5,3.99,1112,200,4503.0,68.043894,0.8,2.5,1,0,0,0,1,1,1,1,1,1,1,1,1,3,45.0,200.0
13929,40.42034,-3.70357,2,1.0,1.0,69.0,0.0,5,0.0,241,50,4503.0,68.043894,0.8,1.0,1,0,0,0,0,1,0,1,0,0,0,0,0,3,18.0,100.0
13930,40.4208,-3.7045,2,1.0,1.0,1000.0,0.0,5,0.0,270,50,4503.0,68.043894,0.8,1.0,1,0,0,0,0,1,0,1,0,0,0,0,0,3,18.0,200.0
13931,40.41866,-3.70358,2,1.0,1.0,1000.0,0.0,5,0.0,241,50,4503.0,68.043894,0.8,1.0,1,0,0,0,0,1,0,1,0,0,0,0,0,3,18.0,200.0
13932,40.42751,-3.70452,4,3.0,4.0,164.0,0.0,2,0.0,305,200,4503.0,68.043894,0.8,2.0,1,0,0,0,0,1,0,0,1,0,0,0,0,11,36.0,200.0
13934,40.40396,-3.67898,3,2.0,2.0,70.0,97.0,2,0.41,494,200,4220.0,63.672727,3.2,1.0,1,0,0,0,0,1,0,1,1,0,1,0,0,3,25.5,100.0
13935,40.41304,-3.7079,6,3.0,5.0,94.0,95.0,17,0.74,393,200,4503.0,68.043894,0.8,2.0,1,0,0,0,0,1,0,1,1,0,1,0,0,9,51.0,100.0
13936,40.40088,-3.69891,2,1.0,2.0,32.0,94.0,1,0.82,451,50,3917.0,55.025641,1.9,1.0,1,0,0,0,0,1,0,0,1,1,1,0,0,3,18.0,50.0
13937,40.41258,-3.70843,6,3.0,5.0,95.0,91.0,12,1.08,375,200,4503.0,68.043894,0.8,2.0,1,0,0,0,0,1,0,1,1,0,1,0,0,5,51.0,100.0
13938,40.42855,-3.60996,1,1.0,1.0,20.0,0.0,2,0.0,112,50,2477.0,70.967532,7.3,1.5,1,0,0,0,0,1,0,0,0,0,0,0,0,3,12.0,50.0
13940,40.39498,-3.69611,6,2.0,3.0,81.0,100.0,45,0.45,346,200,3917.0,55.025641,1.9,2.0,1,0,0,0,0,1,0,1,1,0,1,0,0,4,51.0,100.0
13941,40.41126,-3.70664,6,2.0,4.0,76.0,93.0,12,0.21,393,200,4503.0,68.043894,0.8,2.0,1,0,0,0,0,1,0,1,1,0,1,0,0,5,51.0,100.0
13942,40.42071,-3.70299,4,1.0,2.0,82.0,76.0,1,0.58,321,200,4503.0,68.043894,0.8,1.0,1,0,0,0,0,1,0,1,1,1,0,0,0,3,33.0,100.0
13943,40.41343,-3.70856,8,3.0,7.0,100.0,95.0,17,0.68,383,200,4503.0,68.043894,0.8,3.0,1,0,0,0,0,1,0,1,1,0,1,0,0,9,69.0,100.0
13944,40.46597,-3.62903,4,1.0,2.0,90.0,98.0,45,0.67,374,200,3312.0,62.061453,9.2,1.0,1,0,0,0,0,1,0,1,1,0,1,0,0,4,33.0,100.0
13945,40.41281,-3.70847,8,3.0,6.0,100.0,92.0,12,0.61,362,200,4503.0,68.043894,0.8,3.0,1,0,0,0,0,1,0,1,1,0,1,0,0,5,69.0,100.0
13946,40.41393,-3.70815,3,1.0,2.0,112.0,83.0,28,0.42,180,200,4503.0,68.043894,0.8,1.0,1,0,0,0,0,1,0,1,0,0,0,0,0,10,25.5,150.0
13947,40.41473,-3.7088,3,1.0,2.0,169.0,98.0,28,0.7,180,200,4503.0,68.043894,0.8,1.0,1,0,0,0,0,1,0,1,0,0,0,0,0,10,25.5,200.0
13950,40.42884,-3.67595,2,1.0,1.0,60.0,80.0,3,0.17,185,200,5328.0,74.694253,2.2,1.0,1,0,0,0,0,1,0,1,1,0,1,0,0,4,18.0,100.0
13951,40.46466,-3.70454,4,1.0,2.0,63.0,90.0,1,0.84,154,200,3476.0,60.621287,5.9,1.0,1,0,0,0,0,1,0,0,0,0,1,0,0,0,33.0,100.0
13952,40.41168,-3.70624,3,1.0,3.0,50.0,90.0,17,0.35,202,200,4503.0,68.043894,0.8,1.0,1,0,0,0,0,1,0,1,0,0,1,0,0,9,25.5,50.0
13953,40.42851,-3.64857,2,1.0,1.0,21.0,99.0,2,1.38,436,50,2893.0,50.090625,6.5,1.0,1,0,0,0,0,1,0,0,0,1,0,0,0,3,18.0,50.0
13954,40.41248,-3.70642,6,2.0,5.0,76.0,100.0,17,0.47,236,200,4503.0,68.043894,0.8,2.0,1,0,0,0,0,1,0,1,1,0,1,0,0,9,51.0,100.0
13955,40.41138,-3.70689,4,1.0,2.0,44.0,100.0,17,0.12,252,200,4503.0,68.043894,0.8,1.0,1,0,0,0,0,1,0,1,1,0,1,0,0,9,33.0,50.0
13956,40.413,-3.70659,6,2.0,4.0,62.0,100.0,12,0.24,239,200,4503.0,68.043894,0.8,2.0,1,0,0,0,0,1,0,1,1,0,1,0,0,5,51.0,100.0
13957,40.39376,-3.66436,1,1.0,1.0,17.0,90.0,1,0.12,103,50,1890.0,41.443535,5.0,1.0,1,1,1,1,1,1,1,1,1,1,1,1,1,3,10.5,50.0
13958,40.42581,-3.66524,1,1.0,1.0,40.0,0.0,1,0.0,74,50,5328.0,74.694253,2.2,1.0,0,0,0,0,0,1,0,0,0,0,0,0,0,8,10.5,50.0
13959,40.46324,-3.71583,1,1.0,1.0,28.0,100.0,1,0.28,370,50,3555.0,63.451906,5.9,1.5,0,0,0,0,0,1,0,0,1,1,1,0,0,5,12.0,50.0
13960,40.41304,-3.70664,4,1.0,3.0,50.0,100.0,12,0.34,301,200,4503.0,68.043894,0.8,2.0,1,0,0,0,0,1,0,1,0,1,1,0,0,5,36.0,50.0
13961,40.41469,-3.70912,4,2.0,3.0,65.0,100.0,1,0.07,396,200,4503.0,68.043894,0.8,1.0,1,0,0,0,0,1,0,1,1,0,1,0,0,3,33.0,100.0
13962,40.41392,-3.70824,2,1.0,1.0,154.0,98.0,28,1.08,188,200,4503.0,68.043894,0.8,1.0,1,0,0,0,0,1,0,1,0,0,0,0,0,10,18.0,200.0
13963,40.42194,-3.71023,2,2.0,2.0,35.0,80.0,1,0.06,353,200,4503.0,68.043894,0.8,1.0,1,0,0,0,0,1,0,0,1,0,1,0,0,3,18.0,50.0
13964,40.4056,-3.69256,5,2.0,4.0,63.0,96.0,67,0.97,192,200,3917.0,55.025641,1.9,1.0,1,0,0,0,0,1,0,1,0,0,1,0,0,7,40.5,100.0
13966,40.43515,-3.70398,2,1.0,1.0,35.0,81.0,3,0.98,191,200,4855.0,64.056634,2.4,1.0,1,0,0,0,0,1,0,0,0,0,0,0,0,3,18.0,50.0
13967,40.4098,-3.70943,4,2.0,3.0,164.0,100.0,45,0.63,439,200,4503.0,68.043894,0.8,1.0,1,0,0,0,0,1,0,1,1,0,1,0,1,4,33.0,200.0
13968,40.34906,-3.68788,1,1.0,1.0,39.0,80.0,2,0.06,182,50,1696.0,37.641618,9.0,1.0,0,1,1,1,1,1,0,1,0,0,0,0,0,4,10.5,50.0
13969,40.41188,-3.69474,4,2.0,2.0,101.0,78.0,9,0.53,303,200,4503.0,68.043894,0.8,1.0,1,0,0,0,0,1,0,1,1,1,1,0,0,8,33.0,150.0
13970,40.4272,-3.70266,6,3.0,4.0,91.0,98.0,2,0.58,256,200,4503.0,68.043894,0.8,2.0,1,0,0,0,0,1,0,0,1,0,0,0,0,11,51.0,100.0
13971,40.39386,-3.67032,1,1.0,1.0,20.0,90.0,1,0.24,224,50,1890.0,41.443535,5.0,1.0,1,1,1,1,1,1,1,1,1,1,1,1,1,3,10.5,50.0
13972,40.42362,-3.70633,4,1.0,1.0,89.0,0.0,9,0.0,151,200,4503.0,68.043894,0.8,1.0,1,0,0,0,0,1,0,1,0,0,0,0,0,3,33.0,100.0
13973,40.42566,-3.70477,5,2.0,3.0,129.0,0.0,8,0.0,447,200,4503.0,68.043894,0.8,1.0,1,0,0,0,1,1,0,1,0,0,1,0,0,3,40.5,150.0
13974,40.3893,-3.75875,1,1.0,1.0,18.0,100.0,1,0.08,257,50,2287.0,47.008319,4.7,1.0,0,0,0,0,0,1,0,0,0,0,1,0,0,4,10.5,50.0
13975,40.46706,-3.65039,2,1.0,1.0,36.0,85.0,9,0.23,209,50,3312.0,62.061453,9.2,1.0,1,1,1,1,1,1,1,1,1,1,1,1,1,6,18.0,50.0
13976,40.46695,-3.65027,2,1.0,1.0,39.0,91.0,9,0.52,452,50,3312.0,62.061453,9.2,1.0,1,1,1,1,1,1,1,1,1,1,1,1,1,6,18.0,50.0
13977,40.43827,-3.63029,5,0.0,3.0,50.0,0.0,1,0.0,269,200,2477.0,70.967532,7.3,1.0,1,0,0,0,0,0,0,1,1,0,1,0,0,3,40.5,50.0
13978,40.40416,-3.74146,2,1.0,1.0,16.0,98.0,1,1.31,157,50,2287.0,47.008319,4.7,1.0,0,0,0,0,0,1,0,0,0,0,0,0,0,3,18.0,50.0
13979,40.41703,-3.70795,7,3.0,5.0,194.0,20.0,3,0.06,220,200,4503.0,68.043894,0.8,3.0,1,0,0,0,0,1,0,1,1,0,1,0,0,9,61.5,200.0
13980,40.41147,-3.70207,1,1.0,1.0,37.0,97.0,1,0.4,154,50,4503.0,68.043894,0.8,1.0,0,0,0,0,0,0,0,0,0,0,0,0,0,3,10.5,50.0
13981,40.43479,-3.66055,13,6.0,9.0,383.0,72.0,2,0.3,745,200,5328.0,74.694253,2.2,4.5,1,1,1,1,1,1,1,1,1,1,1,0,0,3,111.0,200.0
13982,40.43089,-3.70513,6,2.0,3.0,256.0,0.0,2,0.0,421,200,4855.0,64.056634,2.4,2.0,1,1,1,1,1,1,0,0,1,0,1,0,0,3,51.0,200.0
13983,40.39704,-3.71861,1,1.0,2.0,59.0,0.0,3,0.0,262,50,2195.0,47.402837,6.6,1.5,0,0,0,0,0,1,0,0,1,0,1,0,0,3,12.0,100.0
13984,40.42108,-3.70707,2,1.0,1.0,103.0,100.0,2,0.35,321,50,4503.0,68.043894,0.8,1.5,1,0,0,0,0,1,0,1,1,0,1,0,0,5,19.5,150.0
13985,40.40822,-3.71358,1,1.0,1.0,25.0,100.0,2,0.11,195,50,4503.0,68.043894,0.8,1.0,0,0,0,0,0,1,0,1,1,0,1,0,0,8,10.5,50.0
13986,40.4106,-3.70938,2,1.0,2.0,26.0,0.0,6,0.0,330,50,4503.0,68.043894,0.8,1.0,0,0,0,0,0,1,0,0,1,1,0,0,0,3,18.0,50.0
13987,40.41868,-3.70875,2,1.0,1.0,26.0,100.0,6,0.14,351,50,4503.0,68.043894,0.8,1.0,0,0,0,0,0,1,0,0,1,0,0,0,0,3,18.0,50.0
13988,40.40978,-3.70822,2,1.0,1.0,26.0,100.0,6,0.06,311,50,4503.0,68.043894,0.8,1.0,0,0,0,0,0,1,0,0,1,1,0,0,0,3,18.0,50.0
13989,40.43403,-3.71485,2,1.0,1.0,60.0,0.0,6,0.0,220,50,4855.0,64.056634,2.4,5.0,0,0,0,0,0,1,0,1,1,0,1,0,0,5,30.0,100.0
13990,40.46259,-3.70225,2,0.0,1.0,20.0,90.0,2,0.23,146,50,3476.0,60.621287,5.9,1.0,1,1,1,1,1,1,0,0,0,0,0,0,0,7,18.0,50.0
13991,40.45269,-3.59246,1,1.0,1.0,15.0,94.0,2,2.85,365,50,3047.0,56.183432,11.8,2.0,0,0,0,0,0,1,0,0,1,0,1,0,0,3,13.5,50.0
13992,40.40526,-3.69975,2,1.0,1.0,100.0,100.0,1,0.06,348,200,3917.0,55.025641,1.9,1.0,1,0,0,0,0,1,0,1,1,0,1,0,0,3,18.0,100.0
13993,40.45738,-3.67167,4,1.0,3.0,70.0,100.0,2,0.06,196,50,4508.0,67.220486,5.8,1.0,1,0,0,0,0,1,0,0,1,0,1,0,0,7,33.0,100.0
13994,40.38342,-3.73111,3,0.0,1.0,20.0,85.0,1,0.23,188,50,2195.0,47.402837,6.6,1.0,0,0,0,0,0,1,0,0,0,0,0,0,0,3,25.5,50.0
13995,40.40314,-3.69462,2,1.0,1.0,60.0,0.0,2,0.0,148,50,3917.0,55.025641,1.9,1.0,0,1,1,1,1,1,0,0,1,0,1,0,0,9,18.0,100.0
13996,40.47139,-3.5852,1,1.0,1.0,40.0,100.0,2,0.12,122,50,3047.0,56.183432,11.8,1.0,0,0,0,0,0,1,0,0,0,0,0,0,0,4,10.5,50.0
13997,40.41333,-3.70775,2,0.0,1.0,101.0,0.0,1,0.0,148,50,4503.0,68.043894,0.8,1.0,1,0,0,0,0,1,0,1,1,0,0,0,0,5,18.0,150.0
13998,40.43225,-3.70191,1,1.0,1.0,21.0,91.0,3,0.52,346,50,4855.0,64.056634,2.4,1.0,1,0,0,0,0,1,0,0,1,1,1,0,0,3,10.5,50.0
13999,40.40116,-3.68928,1,1.0,1.0,45.0,92.0,2,0.32,98,50,3917.0,55.025641,1.9,1.0,0,0,0,0,0,1,0,0,0,0,0,0,0,8,10.5,50.0
14000,40.38935,-3.75709,4,2.0,2.0,75.0,100.0,2,0.34,591,200,2287.0,47.008319,4.7,1.0,1,0,0,0,0,1,0,0,0,1,1,0,0,11,33.0,100.0
14001,40.41445,-3.58209,4,2.0,2.0,60.0,100.0,1,0.46,491,200,2246.0,55.472222,11.2,2.5,1,0,0,0,0,1,0,1,1,1,1,0,0,3,37.5,100.0
14002,40.40653,-3.69329,2,1.0,2.0,58.0,86.0,2,0.49,236,50,3917.0,55.025641,1.9,1.0,0,0,0,0,0,1,0,0,1,0,1,0,0,10,18.0,100.0
14003,40.44195,-3.64561,2,2.0,1.0,100.0,0.0,1,0.0,82,50,2893.0,50.090625,6.5,2.0,0,0,0,0,0,1,0,0,0,0,0,0,0,0,21.0,100.0
14004,40.38394,-3.70121,1,1.0,1.0,22.0,100.0,2,0.47,396,50,2316.0,43.910072,4.6,1.0,0,0,0,0,0,1,0,0,0,0,1,0,0,3,10.5,50.0
14005,40.40945,-3.70903,2,1.0,1.0,29.0,100.0,4,0.06,126,50,4503.0,68.043894,0.8,1.0,0,0,0,0,0,1,0,0,1,0,0,0,0,3,18.0,50.0
14006,40.43322,-3.71657,1,1.0,1.0,22.0,97.0,1,0.35,499,50,4855.0,64.056634,2.4,1.0,0,0,0,0,0,1,0,0,1,0,1,0,0,3,10.5,50.0
14007,40.4296,-3.62755,4,2.0,3.0,75.0,0.0,2,0.0,282,200,2477.0,70.967532,7.3,1.0,1,0,0,0,0,1,0,1,0,0,1,0,0,9,33.0,100.0
14008,40.43385,-3.6252,4,1.0,1.0,36.0,86.0,1,1.29,430,200,2477.0,70.967532,7.3,1.0,1,0,0,1,0,0,0,1,1,1,1,0,0,3,33.0,50.0
14009,40.40986,-3.70248,4,1.0,2.0,54.0,93.0,2,0.81,327,200,4503.0,68.043894,0.8,1.0,1,0,0,0,0,1,0,1,0,0,0,0,0,4,33.0,100.0
14010,40.40632,-3.68253,5,3.0,4.0,79.0,100.0,3,0.31,407,200,4220.0,63.672727,3.2,1.5,1,0,0,0,0,1,0,1,1,0,1,0,0,4,42.0,100.0
14011,40.47764,-3.71104,1,1.0,1.0,14.0,0.0,1,0.11,195,50,3545.0,57.198083,16.4,1.0,1,0,0,0,0,1,0,0,1,0,1,0,0,5,10.5,50.0
14012,40.41515,-3.69697,2,1.0,1.0,100.0,0.0,92,0.0,180,200,4503.0,68.043894,0.8,1.0,1,0,0,0,0,1,0,1,1,0,0,0,0,7,18.0,100.0
14013,40.41351,-3.69849,2,1.0,1.0,100.0,100.0,92,0.06,203,200,4503.0,68.043894,0.8,1.0,1,0,0,0,0,1,0,1,1,0,1,0,0,7,18.0,100.0
14014,40.43163,-3.72041,3,1.0,2.0,96.0,100.0,3,0.06,333,200,3555.0,63.451906,5.9,1.0,1,0,0,0,0,0,0,0,1,0,1,0,0,4,25.5,100.0
14015,40.41078,-3.71145,4,2.0,3.0,66.0,100.0,1,1.65,412,200,4503.0,68.043894,0.8,1.0,1,0,0,0,0,1,0,1,0,0,1,0,0,3,33.0,100.0
14016,40.46574,-3.59467,2,0.0,1.0,85.0,100.0,1,0.23,295,50,3047.0,56.183432,11.8,1.0,1,0,0,0,0,1,1,1,1,0,0,0,0,5,18.0,100.0
14017,40.43327,-3.70551,3,1.0,1.0,150.0,80.0,1,0.06,168,50,4855.0,64.056634,2.4,1.0,1,1,1,1,1,1,1,1,1,1,1,1,1,3,25.5,150.0
14019,40.39564,-3.69875,2,1.0,1.0,50.0,0.0,1,0.0,218,50,3917.0,55.025641,1.9,1.0,0,1,1,1,1,1,0,1,1,0,0,0,0,3,18.0,50.0
14020,40.42591,-3.66236,4,2.0,3.0,99.0,97.0,1,0.37,347,200,5328.0,74.694253,2.2,1.5,1,0,0,0,0,1,0,1,1,0,1,0,0,3,34.5,100.0
14021,40.42373,-3.69561,4,2.0,2.0,94.0,100.0,10,0.23,247,200,4503.0,68.043894,0.8,2.0,1,0,0,0,0,1,0,1,1,0,1,0,0,4,36.0,100.0
14022,40.41445,-3.70143,1,1.0,1.0,59.0,100.0,5,0.15,189,50,4503.0,68.043894,0.8,1.0,1,0,0,0,0,1,0,1,1,0,0,0,0,3,10.5,100.0
14023,40.41446,-3.69983,3,1.0,1.0,72.0,80.0,5,0.06,189,50,4503.0,68.043894,0.8,1.0,1,0,0,0,0,1,0,1,1,0,0,0,0,3,25.5,100.0
14024,40.4411,-3.67976,6,2.0,3.0,168.0,0.0,25,0.0,289,200,4508.0,67.220486,5.8,1.0,1,0,0,0,0,1,0,0,0,0,1,0,0,3,48.0,200.0
14025,40.40489,-3.65869,2,1.0,1.0,40.0,90.0,1,0.12,251,50,1890.0,41.443535,5.0,1.0,0,0,0,0,0,1,0,0,0,0,0,0,0,6,18.0,50.0
14026,40.40528,-3.69446,4,1.0,2.0,49.0,85.0,15,1.3,355,200,3917.0,55.025641,1.9,1.0,1,0,0,0,0,1,1,1,1,0,0,0,1,3,33.0,50.0
14027,40.46912,-3.66503,6,2.0,4.0,72.0,87.0,15,0.89,350,200,2893.0,50.090625,6.5,1.0,1,0,0,0,0,1,0,1,0,0,1,0,1,3,48.0,100.0
14028,40.47056,-3.66664,4,1.0,2.0,51.0,86.0,15,1.13,326,200,2893.0,50.090625,6.5,1.0,1,0,0,0,0,1,0,1,0,0,1,0,1,3,33.0,100.0
14029,40.41397,-3.70011,2,1.0,2.0,72.0,0.0,5,0.0,189,50,4503.0,68.043894,0.8,1.0,1,0,0,0,0,1,0,1,1,0,0,0,0,3,18.0,100.0
14030,40.40998,-3.71023,2,1.0,2.0,29.0,100.0,4,0.06,126,50,4503.0,68.043894,0.8,1.0,0,0,0,0,0,1,0,0,1,0,0,0,0,3,18.0,50.0
14031,40.41829,-3.70528,2,0.0,2.0,61.0,82.0,26,1.67,197,200,4503.0,68.043894,0.8,1.0,1,0,0,0,0,1,0,1,0,0,0,0,0,3,18.0,100.0
14032,40.41419,-3.69992,3,1.0,3.0,95.0,0.0,5,0.0,189,50,4503.0,68.043894,0.8,1.0,1,0,0,0,0,1,0,1,1,0,0,0,0,3,25.5,100.0
14033,40.41428,-3.70144,4,1.0,4.0,118.0,0.0,5,0.0,189,50,4503.0,68.043894,0.8,1.0,1,0,0,0,0,1,0,1,1,0,0,0,0,3,33.0,150.0
14035,40.4129,-3.69571,4,1.0,2.0,48.0,90.0,3,1.32,247,200,4503.0,68.043894,0.8,1.0,1,0,0,0,0,1,0,1,1,0,0,0,0,3,33.0,50.0
14036,40.4353,-3.67076,4,2.0,2.0,45.0,90.0,1,1.27,290,200,5328.0,74.694253,2.2,1.5,1,0,0,0,0,1,0,1,0,0,0,0,0,5,34.5,50.0
14037,40.414,-3.69727,4,1.0,2.0,52.0,91.0,3,1.26,318,200,4503.0,68.043894,0.8,1.0,1,0,0,0,0,1,0,1,1,0,0,0,0,3,33.0,100.0
14038,40.46487,-3.69294,4,2.0,2.0,132.0,94.0,16,0.42,281,200,3476.0,60.621287,5.9,1.0,1,0,0,0,0,1,0,1,1,0,0,0,0,6,33.0,150.0
14039,40.40826,-3.71328,2,1.0,1.0,68.0,100.0,1,0.35,269,50,4503.0,68.043894,0.8,1.0,1,0,0,0,0,1,0,1,1,1,0,0,0,8,18.0,100.0
14040,40.43166,-3.72004,4,2.0,3.0,225.0,0.0,1,0.0,309,200,3555.0,63.451906,5.9,2.0,1,0,0,0,0,1,0,0,1,0,1,0,0,8,36.0,200.0
14041,40.42446,-3.70465,2,1.0,1.0,60.0,85.0,1,0.25,326,200,4503.0,68.043894,0.8,1.5,1,0,0,0,0,1,0,1,0,0,1,0,0,9,19.5,100.0
14042,40.41142,-3.70921,2,1.0,1.0,100.0,1.0,1,1.0,79,50,4503.0,68.043894,0.8,1.0,1,1,1,1,1,1,1,1,1,1,1,1,1,3,18.0,100.0
14043,40.46712,-3.69739,4,1.0,2.0,44.0,80.0,1,0.06,212,200,3476.0,60.621287,5.9,1.5,1,0,0,0,0,1,0,1,0,0,0,0,0,3,34.5,50.0
14044,40.42473,-3.71008,4,1.0,2.0,116.0,100.0,45,0.42,338,200,4503.0,68.043894,0.8,1.0,1,0,0,0,0,1,0,1,0,1,0,0,0,4,33.0,150.0
14045,40.43466,-3.68474,1,1.0,1.0,35.0,100.0,1,0.06,201,50,5328.0,74.694253,2.2,1.0,1,1,1,1,1,1,1,1,1,1,1,1,1,3,10.5,50.0
14047,40.46454,-3.74957,1,1.0,1.0,25.0,0.0,3,0.0,127,50,3555.0,63.451906,5.9,2.0,1,0,0,0,0,1,0,0,1,0,1,0,0,6,13.5,50.0
14048,40.43816,-3.68381,4,2.0,4.0,200.0,0.0,1,0.06,323,200,4508.0,67.220486,5.8,2.5,1,0,0,0,0,1,0,1,0,0,1,0,0,5,37.5,200.0
14049,40.41437,-3.69915,1,1.0,1.0,16.0,1.0,18,1.0,169,50,4503.0,68.043894,0.8,2.0,1,1,1,1,1,1,1,1,1,1,1,1,1,7,13.5,50.0
14050,40.42539,-3.65203,2,1.0,1.0,50.0,0.0,1,0.0,267,50,2893.0,50.090625,6.5,1.5,0,0,0,0,0,1,0,0,1,0,0,0,0,3,19.5,50.0
14051,40.40063,-3.69872,2,1.0,1.0,41.0,80.0,1,0.18,188,50,3917.0,55.025641,1.9,1.0,0,0,0,0,0,1,0,0,1,0,0,0,0,4,18.0,50.0
14052,40.45116,-3.70182,4,2.0,2.0,82.0,0.0,2,0.0,498,200,3476.0,60.621287,5.9,1.0,1,0,0,0,0,1,0,0,0,0,1,0,1,5,33.0,100.0
14053,40.42801,-3.68555,2,1.0,1.0,250.0,100.0,1,0.06,181,200,5328.0,74.694253,2.2,1.0,1,1,1,1,1,1,1,1,1,1,1,1,1,4,18.0,200.0
14054,40.42089,-3.70743,4,2.0,2.0,400.0,0.0,2,0.0,266,200,4503.0,68.043894,0.8,2.5,1,0,0,0,0,1,0,1,1,0,1,0,0,5,37.5,200.0
14055,40.38349,-3.69947,1,1.0,1.0,22.0,100.0,2,0.07,359,50,2316.0,43.910072,4.6,1.0,0,0,0,0,0,1,0,1,0,0,1,0,0,3,10.5,50.0
14056,40.42636,-3.70464,2,1.0,1.0,43.0,0.0,1,0.06,122,50,4503.0,68.043894,0.8,1.0,0,0,0,0,0,1,0,0,0,0,0,0,0,6,18.0,50.0
14058,40.39351,-3.73452,1,1.0,2.0,12.0,100.0,1,0.18,289,50,2195.0,47.402837,6.6,1.0,1,0,0,0,0,1,0,0,0,1,1,0,0,3,10.5,50.0
14059,40.4212,-3.70436,3,1.0,3.0,40.0,85.0,8,1.67,495,50,4503.0,68.043894,0.8,2.0,0,0,0,0,0,1,0,0,0,1,1,0,0,3,28.5,50.0
14060,40.4209,-3.70263,2,1.0,1.0,30.0,81.0,8,1.89,268,50,4503.0,68.043894,0.8,2.0,0,0,0,0,0,1,0,0,0,0,1,0,0,3,21.0,50.0
14061,40.42163,-3.70432,3,1.0,2.0,40.0,85.0,8,2.11,403,50,4503.0,68.043894,0.8,2.0,1,0,0,0,0,1,0,0,0,0,1,0,0,3,28.5,50.0
14062,40.41523,-3.70137,6,2.0,4.0,111.0,90.0,25,0.98,527,200,4503.0,68.043894,0.8,1.0,1,0,0,1,0,1,0,1,0,1,1,0,1,6,48.0,150.0
14063,40.47112,-3.5842,2,1.0,1.0,31.0,97.0,1,0.4,329,50,3047.0,56.183432,11.8,1.5,0,0,0,0,0,0,0,0,0,0,0,0,0,4,19.5,50.0
14064,40.40617,-3.66997,1,1.0,2.0,40.0,0.0,1,0.0,90,50,4220.0,63.672727,3.2,2.0,1,0,0,0,0,1,0,0,1,0,1,0,0,4,13.5,50.0
14065,40.42702,-3.7041,1,1.0,1.0,25.0,85.0,3,0.23,247,50,4503.0,68.043894,0.8,1.5,0,0,0,0,0,1,0,0,1,0,1,0,0,9,12.0,50.0
14066,40.38799,-3.73472,1,2.0,1.0,25.0,0.0,3,0.0,98,50,2195.0,47.402837,6.6,2.0,1,0,0,0,0,1,0,0,1,0,0,0,0,6,13.5,50.0
14067,40.41981,-3.7054,2,1.0,2.0,51.0,100.0,1,0.06,164,50,4503.0,68.043894,0.8,2.0,1,0,0,0,0,1,0,1,1,0,1,0,0,3,21.0,100.0
14068,40.43286,-3.65186,4,2.0,4.0,50.0,90.0,3,0.68,182,200,2893.0,50.090625,6.5,1.0,1,1,1,1,1,0,0,0,0,0,1,0,0,5,33.0,50.0
14069,40.42076,-3.70299,2,1.0,1.0,35.0,84.0,8,1.61,410,50,4503.0,68.043894,0.8,2.0,0,0,0,0,0,1,0,0,0,0,1,0,0,3,21.0,50.0
14070,40.42293,-3.70416,2,1.0,1.0,30.0,90.0,8,1.77,471,50,4503.0,68.043894,0.8,2.0,0,0,0,0,0,1,0,0,0,1,1,0,0,3,21.0,50.0
14071,40.42281,-3.70444,2,1.0,1.0,30.0,87.0,8,2.01,374,50,4503.0,68.043894,0.8,2.0,0,0,0,0,0,1,0,0,0,0,1,0,0,3,21.0,50.0
14072,40.42094,-3.70281,2,1.0,1.0,30.0,79.0,8,1.94,292,50,4503.0,68.043894,0.8,2.0,0,0,0,0,0,1,0,0,0,0,1,0,0,3,21.0,50.0
14073,40.42369,-3.70581,4,1.0,2.0,109.0,100.0,2,0.06,300,200,4503.0,68.043894,0.8,1.0,1,0,0,0,0,1,0,1,1,0,1,0,0,3,33.0,150.0
14074,40.43193,-3.70476,6,2.0,3.0,106.0,0.0,2,0.0,261,200,4855.0,64.056634,2.4,2.0,1,0,0,0,0,1,0,1,0,0,1,0,0,3,51.0,150.0
14075,40.42339,-3.67295,6,2.0,3.0,107.0,0.0,2,0.06,273,200,5328.0,74.694253,2.2,2.0,1,0,0,0,0,1,0,1,1,0,1,0,0,3,51.0,150.0
14076,40.41653,-3.71078,2,1.0,1.0,128.0,100.0,7,0.06,280,50,4503.0,68.043894,0.8,1.0,1,0,0,0,0,1,0,1,0,0,0,0,0,3,18.0,150.0
14077,40.41844,-3.71203,2,1.0,1.0,149.0,0.0,7,0.0,280,50,4503.0,68.043894,0.8,1.0,1,0,0,0,0,1,0,1,0,0,0,0,0,3,18.0,150.0
14078,40.4183,-3.71107,2,1.0,1.0,126.0,100.0,7,0.07,280,50,4503.0,68.043894,0.8,1.0,1,0,0,0,0,1,0,1,0,0,0,0,0,3,18.0,150.0
14079,40.41622,-3.71156,2,1.0,2.0,124.0,0.0,7,0.0,280,50,4503.0,68.043894,0.8,1.0,1,0,0,0,0,1,0,1,0,0,0,0,0,3,18.0,150.0
14080,40.41814,-3.71235,1,1.0,1.0,99.0,0.0,7,0.0,280,50,4503.0,68.043894,0.8,1.0,1,0,0,0,0,1,0,1,0,0,0,0,0,3,10.5,100.0
14081,40.4166,-3.71073,2,1.0,1.0,114.0,0.0,7,0.0,280,50,4503.0,68.043894,0.8,1.0,1,0,0,0,0,1,0,1,0,0,0,0,0,3,18.0,150.0
14082,40.41822,-3.71261,2,1.0,1.0,85.0,100.0,7,0.07,280,50,4503.0,68.043894,0.8,1.0,1,0,0,0,0,1,0,1,0,0,0,0,0,3,18.0,100.0
14083,40.41971,-3.65047,1,1.0,2.0,100.0,0.0,1,0.0,112,50,2893.0,50.090625,6.5,1.0,1,0,0,0,0,1,0,0,1,0,0,0,0,3,10.5,100.0
14084,40.38291,-3.70752,1,1.0,1.0,23.0,100.0,11,0.41,428,50,2316.0,43.910072,4.6,1.0,1,1,1,1,1,1,1,1,1,1,1,1,1,7,10.5,50.0
14085,40.43078,-3.71028,2,2.0,2.0,55.0,89.0,21,1.19,322,200,4855.0,64.056634,2.4,1.0,1,0,0,0,0,1,0,1,0,0,1,0,0,4,18.0,100.0
14086,40.42996,-3.69248,6,2.0,4.0,143.0,94.0,13,0.59,483,200,4855.0,64.056634,2.4,2.0,1,0,0,0,0,1,0,1,1,0,1,0,0,4,51.0,150.0
14087,40.49151,-3.71769,3,1.0,2.0,78.0,95.0,1,0.72,511,200,3545.0,57.198083,16.4,1.5,1,0,0,0,0,1,1,1,1,1,1,1,0,9,27.0,100.0
14088,40.43862,-3.6523,6,2.0,5.0,130.0,0.0,2,0.0,199,200,2893.0,50.090625,6.5,1.0,1,0,0,0,0,1,0,1,1,0,1,0,0,4,48.0,150.0
14089,40.42068,-3.70375,2,1.0,1.0,30.0,80.0,8,2.19,398,50,4503.0,68.043894,0.8,2.0,0,0,0,0,0,1,0,1,0,0,1,0,0,3,21.0,50.0
14090,40.45804,-3.65502,4,1.0,3.0,96.0,97.0,1,0.35,285,200,3312.0,62.061453,9.2,1.0,1,0,0,0,0,1,0,1,0,0,1,0,0,3,33.0,100.0
14091,40.38121,-3.63069,4,1.0,2.0,41.0,0.0,1,0.0,533,200,1890.0,41.443535,5.0,1.0,1,0,0,0,0,1,1,1,1,1,1,0,0,8,33.0,50.0
14092,40.45879,-3.71059,4,1.0,2.0,49.0,90.0,15,0.71,357,200,3555.0,63.451906,5.9,1.0,1,0,0,0,0,1,0,1,1,0,1,0,1,3,33.0,50.0
14093,40.44607,-3.69958,4,1.0,2.0,106.0,88.0,45,0.69,344,200,4855.0,64.056634,2.4,1.5,1,0,0,0,0,1,0,1,1,0,0,0,0,4,34.5,150.0
14094,40.40099,-3.67029,6,2.0,2.0,38.0,82.0,38,2.27,368,200,4220.0,63.672727,3.2,2.0,1,0,0,0,0,1,0,1,0,0,1,0,0,9,51.0,50.0
14095,40.40359,-3.67737,4,2.0,2.0,50.0,91.0,1,0.92,354,200,4220.0,63.672727,3.2,1.0,1,0,0,0,0,1,0,1,0,1,0,0,0,3,33.0,50.0
14096,40.38602,-3.70407,2,1.0,1.0,16.0,88.0,9,0.87,482,50,2316.0,43.910072,4.6,2.0,0,0,0,0,0,1,0,1,0,0,0,0,0,7,21.0,50.0
14097,40.38781,-3.70417,2,1.0,1.0,21.0,89.0,9,0.93,505,50,2316.0,43.910072,4.6,2.0,0,0,0,0,0,1,0,1,0,0,1,0,0,7,21.0,50.0
14098,40.38776,-3.7041,2,1.0,1.0,26.0,91.0,9,0.86,482,50,2316.0,43.910072,4.6,2.0,0,0,0,0,0,1,0,1,0,0,0,0,0,7,21.0,50.0
14099,40.39091,-3.64036,2,1.0,1.0,23.0,90.0,1,0.12,354,50,1890.0,41.443535,5.0,1.5,1,0,0,0,0,1,0,1,1,0,1,0,0,4,19.5,50.0
14100,40.41742,-3.70104,3,1.0,3.0,41.0,88.0,4,0.58,291,200,4503.0,68.043894,0.8,1.0,1,0,0,0,0,1,0,1,1,0,1,0,0,5,25.5,50.0
14101,40.41036,-3.69965,6,2.0,3.0,89.0,92.0,5,1.46,587,200,4503.0,68.043894,0.8,1.0,1,0,0,0,0,1,0,1,0,0,1,0,0,6,48.0,100.0
14102,40.43419,-3.68437,4,1.0,2.0,117.0,80.0,1,0.13,208,200,5328.0,74.694253,2.2,1.0,1,0,0,0,0,1,0,1,0,0,1,0,0,6,33.0,150.0
14103,40.4113,-3.69748,8,2.0,5.0,153.0,0.0,3,0.0,457,200,4503.0,68.043894,0.8,2.0,1,0,0,0,0,1,0,1,1,0,1,0,0,5,66.0,200.0
14104,40.40321,-3.66986,2,1.0,1.0,55.0,100.0,1,0.06,412,50,4220.0,63.672727,3.2,1.0,0,0,0,0,0,1,0,1,1,0,1,0,0,3,18.0,100.0
14105,40.42412,-3.7121,4,1.0,3.0,60.0,98.0,1,1.86,547,200,3555.0,63.451906,5.9,1.0,1,0,0,0,0,1,0,1,1,0,1,0,0,7,33.0,100.0
14106,40.40923,-3.71056,2,1.0,1.0,74.0,0.0,1,0.0,99,50,4503.0,68.043894,0.8,1.5,0,0,0,0,0,1,0,0,0,0,0,0,0,4,19.5,100.0
14107,40.41181,-3.69875,8,2.0,5.0,65.0,93.0,3,0.18,427,200,4503.0,68.043894,0.8,2.0,1,0,0,0,1,1,0,1,1,1,1,0,0,5,66.0,100.0
14108,40.41108,-3.69863,8,2.0,5.0,111.0,96.0,3,3.26,503,200,4503.0,68.043894,0.8,2.0,1,0,0,0,0,1,0,1,1,0,1,0,0,5,66.0,150.0
14109,40.41243,-3.7181,2,3.0,1.0,100.0,0.0,1,0.0,152,50,3917.0,55.025641,1.9,1.0,1,0,0,0,0,1,0,0,1,0,0,0,0,4,18.0,100.0
14110,40.38668,-3.69396,1,1.0,1.0,20.0,100.0,1,0.06,269,50,3917.0,55.025641,1.9,1.0,0,0,0,0,0,1,0,1,1,0,1,0,0,8,10.5,50.0
14112,40.42121,-3.7021,9,3.0,5.0,200.0,98.0,59,0.76,403,200,4503.0,68.043894,0.8,3.0,1,0,0,0,0,1,0,1,0,1,0,0,0,7,76.5,200.0
14113,40.4333,-3.65247,1,1.0,1.0,21.0,80.0,2,0.06,178,50,2893.0,50.090625,6.5,1.0,1,1,1,1,1,1,1,1,1,1,1,1,1,5,10.5,50.0
14114,40.41474,-3.70023,6,2.0,4.0,50.0,100.0,5,0.3,277,200,4503.0,68.043894,0.8,2.0,1,0,0,0,0,1,0,1,1,0,1,0,0,3,51.0,50.0
14115,40.45149,-3.70857,6,3.0,4.0,178.0,80.0,4,0.06,200,200,3476.0,60.621287,5.9,1.0,1,0,0,0,0,1,0,1,0,0,0,0,0,3,48.0,200.0
14116,40.43339,-3.71062,2,1.0,1.0,65.0,76.0,2,0.31,191,200,4855.0,64.056634,2.4,1.0,1,1,1,1,1,1,0,1,1,0,0,0,0,3,18.0,100.0
14117,40.39814,-3.6643,6,3.0,5.0,64.0,100.0,1,0.72,741,200,1890.0,41.443535,5.0,2.0,1,0,0,0,0,0,0,1,0,1,1,0,0,3,51.0,100.0
14118,40.43951,-3.67686,2,1.0,1.0,48.0,100.0,3,0.18,288,50,4508.0,67.220486,5.8,1.0,1,0,0,0,0,1,0,1,0,0,1,0,0,6,18.0,50.0
14119,40.46653,-3.80941,10,5.0,8.0,250.0,100.0,1,0.08,900,200,3555.0,63.451906,5.9,3.0,1,0,0,0,0,1,1,1,1,0,1,0,0,3,84.0,200.0
14120,40.38886,-3.75196,2,1.0,1.0,60.0,100.0,1,0.06,305,50,2287.0,47.008319,4.7,1.0,1,0,0,0,0,1,0,0,1,0,0,0,0,3,18.0,100.0
14121,40.41003,-3.7052,4,0.0,1.0,50.0,84.0,2,1.57,289,200,4503.0,68.043894,0.8,1.0,1,0,0,0,0,1,0,0,0,0,1,0,0,3,33.0,50.0
14122,40.41032,-3.69838,2,0.0,1.0,50.0,90.0,1,0.47,133,50,4503.0,68.043894,0.8,1.0,0,1,1,1,1,1,0,0,0,0,0,0,0,3,18.0,50.0
14123,40.3921,-3.73825,2,1.0,1.0,48.0,0.0,1,0.0,173,200,2195.0,47.402837,6.6,1.0,1,0,0,0,0,0,0,0,0,0,0,0,0,3,18.0,50.0
14124,40.44642,-3.70473,2,1.0,1.0,44.0,0.0,1,0.0,185,50,4855.0,64.056634,2.4,1.0,0,0,0,0,0,1,0,1,1,0,0,0,0,8,18.0,50.0
14125,40.40993,-3.72286,4,2.0,2.0,60.0,100.0,1,0.12,114,200,2287.0,47.008319,4.7,1.0,1,0,0,0,0,1,0,0,1,0,0,0,0,3,33.0,100.0
14126,40.39057,-3.69432,2,1.0,1.0,44.0,100.0,1,0.18,174,50,3917.0,55.025641,1.9,1.0,0,0,0,0,0,1,0,1,0,0,1,0,0,8,18.0,50.0
14127,40.45981,-3.7002,2,1.0,1.0,73.0,100.0,5,0.06,490,50,3476.0,60.621287,5.9,1.5,0,0,0,0,1,1,0,1,0,1,1,0,0,3,19.5,100.0
14128,40.43087,-3.64933,3,1.0,2.0,100.0,100.0,1,0.06,244,200,2893.0,50.090625,6.5,1.0,1,0,0,0,0,1,0,1,0,0,1,0,0,6,25.5,100.0
14129,40.46541,-3.70058,1,1.0,1.0,34.0,100.0,1,0.12,247,50,3476.0,60.621287,5.9,1.0,0,0,0,0,0,1,0,1,0,0,1,0,0,6,10.5,50.0
14130,40.38309,-3.71278,2,1.0,2.0,26.0,98.0,1,0.47,253,50,2316.0,43.910072,4.6,1.0,0,0,0,0,0,1,0,0,0,0,1,0,0,3,18.0,50.0
14131,40.44481,-3.61247,1,1.0,1.0,23.0,98.0,2,0.47,206,50,2477.0,70.967532,7.3,1.0,0,1,1,1,1,1,0,0,1,0,0,0,0,3,10.5,50.0
14132,40.41362,-3.70723,1,1.0,1.0,120.0,0.0,1,0.0,226,50,4503.0,68.043894,0.8,1.0,0,1,1,1,1,1,0,1,1,0,1,0,0,4,10.5,150.0
14133,40.39185,-3.66647,1,1.0,1.0,26.0,60.0,1,0.06,303,50,1890.0,41.443535,5.0,1.0,0,0,0,0,0,1,0,0,0,0,1,0,0,5,10.5,50.0
14134,40.38344,-3.76858,4,2.0,2.0,71.0,0.0,1,0.06,181,200,2287.0,47.008319,4.7,1.0,1,0,0,0,0,1,0,0,0,0,0,0,0,3,33.0,100.0
14135,40.41637,-3.70255,3,1.0,2.0,28.0,92.0,29,0.36,372,50,4503.0,68.043894,0.8,1.0,0,0,0,0,0,1,0,0,0,0,0,0,0,4,25.5,50.0
14136,40.42409,-3.6972,4,2.0,3.0,89.0,100.0,1,0.18,402,200,4503.0,68.043894,0.8,1.0,1,0,0,0,0,1,0,1,0,0,1,0,0,3,33.0,100.0
14137,40.41086,-3.70861,4,1.0,2.0,79.0,99.0,2,1.12,493,200,4503.0,68.043894,0.8,1.0,1,0,0,0,0,1,0,1,0,1,1,0,0,3,33.0,100.0
14138,40.41492,-3.67368,3,1.0,2.0,80.0,95.0,17,0.27,229,200,4220.0,63.672727,3.2,1.0,1,0,0,0,0,1,0,1,0,0,0,0,0,8,25.5,100.0
14139,40.45752,-3.61853,8,3.0,5.0,90.0,100.0,7,0.41,982,200,3312.0,62.061453,9.2,2.0,1,0,0,0,0,0,1,0,1,1,1,1,0,9,66.0,100.0
14140,40.42327,-3.69561,2,1.0,1.0,160.0,60.0,113,0.13,208,200,4503.0,68.043894,0.8,2.0,1,0,0,0,0,1,0,1,0,0,0,0,0,7,21.0,200.0
14141,40.42516,-3.69174,4,1.0,2.0,185.0,90.0,9,0.12,324,200,4503.0,68.043894,0.8,1.0,1,0,0,0,0,1,0,1,1,0,0,0,0,3,33.0,200.0
14142,40.40938,-3.70801,10,3.0,5.0,399.0,0.0,3,0.0,447,200,4503.0,68.043894,0.8,2.0,1,0,0,0,0,1,0,1,1,0,1,0,0,4,81.0,200.0
14143,40.41577,-3.70127,4,2.0,3.0,175.0,84.0,113,0.3,266,200,4503.0,68.043894,0.8,2.0,1,0,0,0,0,1,0,1,0,0,0,0,0,7,36.0,200.0
14144,40.42771,-3.67899,4,2.0,2.0,166.0,0.0,113,0.0,268,200,5328.0,74.694253,2.2,2.0,1,0,0,0,0,1,0,1,1,0,0,0,0,7,36.0,200.0
14145,40.42018,-3.69766,8,3.0,4.0,125.0,94.0,59,1.42,395,200,4503.0,68.043894,0.8,2.0,1,0,0,0,0,1,0,1,1,0,0,0,0,7,66.0,150.0
14146,40.42827,-3.69317,3,2.0,2.0,217.0,100.0,113,0.32,373,200,4855.0,64.056634,2.4,2.0,1,0,0,0,0,1,0,1,1,0,0,0,1,7,28.5,200.0
14147,40.42907,-3.67904,4,2.0,3.0,166.0,100.0,113,0.7,280,200,5328.0,74.694253,2.2,2.0,1,0,0,0,0,1,0,1,1,0,0,0,0,7,36.0,200.0
14148,40.43221,-3.67498,5,3.0,4.0,171.0,100.0,113,0.15,204,200,5328.0,74.694253,2.2,2.0,1,0,0,0,0,1,0,1,1,0,0,0,0,7,43.5,200.0
14149,40.42018,-3.69766,4,1.0,2.0,77.0,91.0,59,0.87,438,200,4503.0,68.043894,0.8,1.0,1,0,0,0,0,1,0,1,1,1,1,0,0,7,33.0,100.0
14150,40.41164,-3.70604,5,2.0,3.0,91.0,88.0,1,0.94,252,200,4503.0,68.043894,0.8,1.5,1,0,0,0,0,1,0,0,0,0,0,0,0,5,42.0,100.0
14151,40.45981,-3.7002,2,1.0,1.0,67.0,90.0,5,0.59,490,50,3476.0,60.621287,5.9,1.5,1,0,0,0,1,1,0,1,0,1,1,0,0,3,19.5,100.0
14152,40.41188,-3.7085,2,0.0,1.0,91.0,100.0,2,0.36,288,200,4503.0,68.043894,0.8,1.0,1,0,0,0,0,1,0,1,0,0,0,0,0,3,18.0,100.0
14153,40.40356,-3.67489,1,0.0,2.0,25.0,85.0,1,0.94,198,50,4220.0,63.672727,3.2,1.0,0,1,1,1,1,1,0,1,1,0,0,0,0,7,10.5,50.0
14154,40.42211,-3.69136,4,1.0,2.0,69.0,94.0,4,0.8,623,200,5328.0,74.694253,2.2,1.0,1,0,0,0,0,1,0,1,1,0,1,0,0,0,33.0,100.0
14155,40.40448,-3.68355,1,1.0,1.0,38.0,1.0,3,1.0,202,50,4220.0,63.672727,3.2,1.0,1,1,1,1,1,1,1,1,1,1,1,1,1,5,10.5,50.0
14156,40.39928,-3.69661,4,1.0,3.0,100.0,100.0,2,0.21,497,200,3917.0,55.025641,1.9,1.0,1,0,0,0,0,1,0,1,0,0,1,0,0,6,33.0,100.0
14157,40.42395,-3.70351,4,2.0,2.0,250.0,100.0,1,0.65,338,200,4503.0,68.043894,0.8,2.0,1,0,0,0,0,1,0,1,0,0,0,0,0,6,36.0,200.0
14158,40.42979,-3.65162,1,1.0,1.0,18.0,97.0,1,0.4,154,50,2893.0,50.090625,6.5,1.0,0,0,0,0,0,1,0,0,1,0,1,0,0,3,10.5,50.0
14159,40.40329,-3.70496,2,1.0,1.0,38.0,90.0,1,0.12,187,200,3917.0,55.025641,1.9,1.0,1,0,0,0,0,1,0,1,1,0,1,0,0,3,18.0,50.0
14160,40.42516,-3.69174,4,2.0,3.0,129.0,97.0,13,0.82,439,200,4503.0,68.043894,0.8,1.0,1,0,0,0,0,1,0,1,1,0,1,0,0,4,33.0,150.0
14161,40.38959,-3.73499,2,1.0,1.0,25.0,84.0,1,1.16,439,50,2195.0,47.402837,6.6,1.0,0,1,1,1,1,1,0,1,0,0,1,0,0,3,18.0,50.0
14162,40.41169,-3.70293,3,1.0,2.0,70.0,0.0,2,0.0,398,200,4503.0,68.043894,0.8,1.0,1,0,0,0,0,1,0,1,0,0,1,0,0,3,25.5,100.0
14163,40.42017,-3.70448,2,1.0,1.0,55.0,89.0,5,0.53,350,50,4503.0,68.043894,0.8,2.0,0,0,0,0,0,1,0,0,1,0,0,0,0,7,21.0,100.0
14164,40.42174,-3.70607,4,1.0,2.0,56.0,82.0,5,0.53,234,50,4503.0,68.043894,0.8,2.0,0,0,0,0,0,1,0,0,1,0,1,0,0,7,36.0,100.0
14165,40.43521,-3.6468,2,1.0,1.0,30.0,100.0,1,0.36,86,50,2893.0,50.090625,6.5,1.0,0,0,0,0,0,1,0,0,0,0,0,0,0,6,18.0,50.0
14166,40.4222,-3.6991,4,2.0,4.0,132.0,100.0,1,0.45,565,200,4503.0,68.043894,0.8,2.0,1,0,0,0,0,1,0,1,1,1,1,0,0,3,36.0,150.0
14167,40.46736,-3.70518,1,2.0,1.0,20.0,0.0,3,0.0,568,50,3476.0,60.621287,5.9,1.0,0,1,1,1,1,1,0,0,0,1,1,0,1,5,10.5,50.0
14168,40.40824,-3.69994,4,1.0,2.0,177.0,100.0,62,2.14,440,200,4503.0,68.043894,0.8,1.0,1,0,0,0,0,1,0,1,1,0,1,0,0,5,33.0,200.0
14169,40.4269,-3.66609,2,1.0,1.0,65.0,0.0,1,0.0,131,50,5328.0,74.694253,2.2,1.0,0,0,0,0,0,1,0,0,0,0,0,0,0,6,18.0,100.0
14170,40.39029,-3.75858,3,0.0,2.0,30.0,85.0,1,0.23,152,200,2287.0,47.008319,4.7,1.0,1,0,0,0,0,1,0,0,0,0,0,0,0,3,25.5,50.0
14171,40.42033,-3.70433,2,1.0,1.0,56.0,87.0,5,0.36,244,50,4503.0,68.043894,0.8,2.0,1,1,1,1,1,1,1,1,1,1,1,1,1,7,21.0,100.0
14172,40.42049,-3.70649,4,1.0,4.0,56.0,84.0,5,0.29,249,50,4503.0,68.043894,0.8,2.0,0,0,0,0,0,1,0,0,1,0,0,0,0,7,36.0,100.0
14173,40.46057,-3.70578,4,2.0,2.0,98.0,100.0,1,0.07,575,200,3476.0,60.621287,5.9,1.0,1,0,0,0,0,1,0,1,1,1,1,0,0,3,33.0,100.0
14174,40.4333,-3.6853,3,2.0,2.0,79.0,100.0,1,0.06,165,200,5328.0,74.694253,2.2,1.0,1,0,0,0,0,0,0,1,1,0,0,0,0,7,25.5,100.0
14175,40.40854,-3.71094,4,2.0,3.0,55.0,30.0,3,0.13,84,200,4503.0,68.043894,0.8,1.0,1,0,0,0,0,1,0,0,0,0,0,0,0,3,33.0,100.0
14176,40.4374,-3.69498,8,3.0,5.0,236.0,100.0,43,0.07,452,200,4855.0,64.056634,2.4,3.0,1,0,0,0,0,1,0,0,1,1,0,0,0,6,69.0,200.0
14177,40.45943,-3.69757,4,2.0,3.0,83.0,0.0,43,0.0,432,200,3476.0,60.621287,5.9,1.0,1,0,0,0,0,0,0,1,1,0,0,0,0,6,33.0,100.0
14178,40.39008,-3.70056,2,1.0,1.0,25.0,100.0,1,0.12,210,50,2316.0,43.910072,4.6,1.0,0,0,0,0,0,1,0,0,0,0,1,0,0,6,18.0,50.0
14179,40.46688,-3.69127,4,0.0,2.0,79.0,88.0,2,0.5,257,200,3476.0,60.621287,5.9,1.0,1,0,0,0,0,0,0,0,1,0,0,0,0,3,33.0,100.0
14181,40.41349,-3.69557,2,1.0,1.0,83.0,98.0,1,0.61,430,200,4503.0,68.043894,0.8,1.0,1,0,0,0,0,1,0,1,0,1,1,0,0,8,18.0,100.0
14182,40.42445,-3.70705,6,2.0,3.0,116.0,100.0,1,0.07,312,200,4503.0,68.043894,0.8,2.0,1,0,0,0,0,1,0,0,0,0,1,0,0,9,51.0,150.0
14183,40.4025,-3.69307,4,1.0,2.0,114.0,96.0,3,0.91,384,200,3917.0,55.025641,1.9,2.0,1,0,0,0,0,1,0,1,0,0,0,0,0,4,36.0,150.0
14184,40.41253,-3.71085,2,1.0,1.0,36.0,100.0,1,0.3,183,50,4503.0,68.043894,0.8,2.0,0,0,0,0,0,1,0,0,1,0,1,0,0,3,21.0,50.0
14185,40.44013,-3.67424,2,1.0,2.0,30.0,100.0,1,0.06,169,50,4508.0,67.220486,5.8,1.5,0,0,0,0,1,1,0,0,0,0,1,0,0,3,19.5,50.0
14186,40.44921,-3.67608,2,1.0,1.0,42.0,84.0,2,0.6,92,50,4508.0,67.220486,5.8,1.0,0,1,1,1,1,1,0,0,1,0,0,0,0,3,18.0,50.0
14187,40.3997,-3.69654,2,1.0,1.0,56.0,100.0,1,0.12,452,50,3917.0,55.025641,1.9,1.0,1,0,0,0,0,1,0,1,0,1,1,0,0,3,18.0,100.0
14188,40.4057,-3.68483,5,2.0,3.0,299.0,100.0,1,0.12,632,200,4220.0,63.672727,3.2,2.0,1,0,0,0,0,1,0,0,1,1,1,0,0,6,43.5,200.0
14189,40.41829,-3.70141,2,1.0,2.0,50.0,100.0,1,0.06,160,50,4503.0,68.043894,0.8,1.0,1,0,0,0,0,0,0,1,0,0,0,0,0,3,18.0,50.0
14190,40.41189,-3.70107,2,1.0,1.0,69.0,70.0,3,0.12,206,50,4503.0,68.043894,0.8,1.0,1,0,0,0,0,1,0,1,1,0,0,0,0,3,18.0,100.0
14191,40.41148,-3.69974,2,1.0,3.0,99.0,0.0,3,0.0,190,50,4503.0,68.043894,0.8,1.0,1,0,0,0,0,1,0,1,1,0,0,0,0,3,18.0,100.0
14192,40.41149,-3.70028,4,1.0,4.0,123.0,0.0,3,0.0,190,50,4503.0,68.043894,0.8,1.0,1,0,0,0,0,1,0,1,1,0,0,0,0,3,33.0,150.0
14193,40.431,-3.63336,1,1.0,1.0,25.0,90.0,1,0.12,126,50,2893.0,50.090625,6.5,1.5,0,0,0,0,0,1,0,0,0,0,0,0,0,3,12.0,50.0
14194,40.40258,-3.67341,4,1.0,1.0,64.0,91.0,3,0.41,350,200,4220.0,63.672727,3.2,1.0,1,0,0,0,0,1,1,1,1,0,0,0,0,7,33.0,100.0
14195,40.3971,-3.67099,2,1.0,1.0,50.0,100.0,1,0.06,355,50,4220.0,63.672727,3.2,1.0,0,0,0,0,0,1,0,0,1,1,1,0,0,3,18.0,50.0
14196,40.40636,-3.70909,4,0.0,2.0,80.0,100.0,1,0.18,325,200,4503.0,68.043894,0.8,1.0,1,0,0,0,0,1,0,1,1,1,0,0,0,3,33.0,100.0
14197,40.46898,-3.64648,1,1.0,1.0,26.0,100.0,2,0.07,191,50,3312.0,62.061453,9.2,1.0,1,1,1,1,1,1,1,1,1,1,1,1,1,4,10.5,50.0
14198,40.41388,-3.72583,2,1.0,1.0,58.0,92.0,10,0.33,315,200,2287.0,47.008319,4.7,1.0,1,0,0,0,0,1,0,1,1,1,1,0,0,3,18.0,100.0
14199,40.38988,-3.70219,2,3.0,2.0,29.0,98.0,3,1.3,327,50,2316.0,43.910072,4.6,1.5,0,0,0,0,0,1,0,0,0,0,1,0,0,3,19.5,50.0
14200,40.46671,-3.62892,4,1.0,2.0,69.0,100.0,7,0.21,202,200,3312.0,62.061453,9.2,1.0,1,0,0,0,0,1,0,0,0,1,0,0,0,3,33.0,100.0
14201,40.3746,-3.62579,2,1.0,1.0,26.0,91.0,3,0.53,187,50,2382.0,49.659794,11.0,1.0,0,0,0,0,0,1,0,0,1,0,0,0,0,3,18.0,50.0
14202,40.42654,-3.70184,2,1.0,1.0,56.0,80.0,1,0.36,200,200,4503.0,68.043894,0.8,1.0,1,0,0,0,0,1,0,1,0,0,0,0,0,3,18.0,100.0
14203,40.4364,-3.66918,4,1.0,2.0,32.0,95.0,1,2.04,391,200,5328.0,74.694253,2.2,1.0,1,0,0,0,0,1,0,1,1,0,1,0,0,3,33.0,50.0
14204,40.48983,-3.6669,6,2.0,3.0,99.0,63.0,2,0.38,307,200,3312.0,62.061453,9.2,1.0,1,0,0,0,0,0,0,0,0,0,0,0,0,3,48.0,100.0
14205,40.41407,-3.72384,2,1.0,1.0,44.0,100.0,10,0.25,308,200,2287.0,47.008319,4.7,1.0,1,0,0,0,0,1,0,1,1,1,1,0,0,3,18.0,50.0
14206,40.46705,-3.6517,2,1.0,1.0,39.0,100.0,9,0.06,420,50,3312.0,62.061453,9.2,1.0,1,1,1,1,1,1,1,1,1,1,1,1,1,6,18.0,50.0
14207,40.41668,-3.70069,6,3.0,3.0,140.0,98.0,1,0.66,317,200,4503.0,68.043894,0.8,3.0,1,0,0,0,0,1,0,1,0,0,0,0,0,3,54.0,150.0
14208,40.42785,-3.69342,2,0.0,1.0,68.0,60.0,2,0.12,342,200,4855.0,64.056634,2.4,1.0,1,0,0,0,0,1,0,1,1,0,1,0,0,3,18.0,100.0
14209,40.46536,-3.65004,2,1.0,1.0,36.0,80.0,9,0.06,427,50,3312.0,62.061453,9.2,1.0,1,0,0,0,0,1,0,1,0,0,0,0,0,6,18.0,50.0
14210,40.38087,-3.70562,1,1.0,1.0,25.0,100.0,1,0.18,491,50,2316.0,43.910072,4.6,1.0,0,0,0,0,0,1,0,1,1,0,0,0,0,8,10.5,50.0
14212,40.38269,-3.70735,2,1.0,2.0,38.0,100.0,3,0.06,283,50,2316.0,43.910072,4.6,1.0,1,1,1,1,1,1,0,0,0,0,1,0,0,3,18.0,50.0
14213,40.38267,-3.70898,1,0.0,1.0,28.0,93.0,3,0.18,350,50,2316.0,43.910072,4.6,1.0,0,1,1,1,1,1,0,0,0,1,1,0,0,3,10.5,50.0
14214,40.4631,-3.74832,6,3.0,3.0,75.0,0.0,1,0.0,123,200,3555.0,63.451906,5.9,1.0,1,0,0,0,0,0,0,0,0,0,0,0,0,6,48.0,100.0
14215,40.45599,-3.70301,2,1.0,2.0,30.0,80.0,2,0.32,355,50,3476.0,60.621287,5.9,1.0,0,0,0,0,0,1,0,1,1,0,1,0,0,3,18.0,50.0
14216,40.41261,-3.702,1,1.0,1.0,66.0,90.0,11,0.25,161,50,4503.0,68.043894,0.8,1.0,1,0,0,0,0,1,0,1,1,0,0,0,0,3,10.5,100.0
14217,40.41284,-3.70315,2,1.0,2.0,79.0,0.0,11,0.0,161,50,4503.0,68.043894,0.8,1.0,1,0,0,0,0,1,0,1,1,0,0,0,0,3,18.0,100.0
14218,40.41239,-3.70293,3,1.0,3.0,101.0,0.0,11,0.0,161,50,4503.0,68.043894,0.8,1.0,1,0,0,0,0,1,0,1,1,0,0,0,0,3,25.5,150.0
14219,40.41311,-3.70132,2,1.0,1.0,79.0,0.0,11,0.0,161,50,4503.0,68.043894,0.8,1.0,1,0,0,0,0,1,0,1,1,0,0,0,0,3,18.0,100.0
14220,40.41241,-3.70198,4,1.0,4.0,131.0,0.0,11,0.0,161,50,4503.0,68.043894,0.8,1.0,1,0,0,0,0,1,0,1,1,0,0,0,0,3,33.0,150.0
14221,40.41831,-3.70665,2,0.0,1.0,64.0,79.0,26,1.02,241,200,4503.0,68.043894,0.8,1.0,1,0,0,0,0,1,0,1,0,0,0,0,0,3,18.0,100.0
14222,40.41787,-3.70495,3,1.0,2.0,66.0,0.0,26,0.0,166,200,4503.0,68.043894,0.8,1.0,1,0,0,0,0,1,0,1,0,0,0,0,0,3,25.5,100.0
14223,40.41825,-3.7047,3,1.0,2.0,71.0,100.0,26,0.23,203,200,4503.0,68.043894,0.8,1.0,1,0,0,0,0,1,0,1,0,0,0,0,0,3,25.5,100.0
14224,40.42863,-3.67736,6,2.0,4.0,143.0,100.0,13,1.12,416,200,5328.0,74.694253,2.2,2.0,1,0,0,0,0,1,0,1,1,0,1,0,0,4,51.0,150.0
14225,40.41242,-3.70131,2,1.0,2.0,300.0,0.0,11,0.0,134,50,4503.0,68.043894,0.8,1.0,1,0,0,0,0,1,0,1,1,0,0,0,0,3,18.0,200.0
14226,40.42196,-3.70095,7,3.0,6.0,280.0,100.0,1,0.07,497,200,4503.0,68.043894,0.8,3.0,1,0,0,0,0,1,0,0,1,1,1,0,0,3,61.5,200.0
14227,40.41257,-3.72575,2,1.0,1.0,44.0,0.0,10,0.0,162,200,2287.0,47.008319,4.7,1.0,1,0,0,0,0,1,0,1,1,0,1,0,0,3,18.0,50.0
14228,40.41231,-3.72533,2,1.0,1.0,44.0,93.0,10,0.19,198,200,2287.0,47.008319,4.7,1.0,1,0,0,0,0,1,0,1,1,0,1,0,0,3,18.0,50.0
14229,40.41746,-3.70476,4,1.0,1.0,71.0,0.0,26,0.0,244,200,4503.0,68.043894,0.8,1.0,1,0,0,0,0,1,0,1,0,0,0,0,0,3,33.0,100.0
14230,40.41224,-3.72611,2,1.0,1.0,44.0,0.0,10,0.0,173,200,2287.0,47.008319,4.7,1.0,1,0,0,0,0,1,0,1,1,0,1,0,0,3,18.0,50.0
14231,40.41614,-3.70492,4,1.0,2.0,78.0,100.0,26,0.14,169,200,4503.0,68.043894,0.8,2.0,1,0,0,0,0,1,0,1,0,0,0,0,0,3,36.0,100.0
14232,40.44252,-3.69821,3,1.0,1.0,105.0,96.0,1,0.59,299,200,4855.0,64.056634,2.4,1.0,1,0,0,0,0,1,0,0,1,1,1,0,0,0,25.5,150.0
14233,40.41799,-3.70498,4,1.0,1.0,75.0,90.0,26,0.25,242,200,4503.0,68.043894,0.8,1.0,1,0,0,0,0,1,0,1,0,0,1,0,0,3,33.0,100.0
14234,40.41236,-3.72539,4,2.0,2.0,50.0,100.0,10,0.17,155,200,2287.0,47.008319,4.7,1.0,1,0,0,0,0,1,0,1,1,0,0,0,0,3,33.0,50.0
14235,40.44155,-3.68056,2,1.0,2.0,30.0,100.0,2,0.08,245,50,4508.0,67.220486,5.8,1.0,1,0,0,0,0,1,0,0,1,0,1,0,0,9,18.0,50.0
14237,40.41613,-3.70507,6,2.0,2.0,105.0,100.0,26,0.13,250,200,4503.0,68.043894,0.8,1.0,1,0,0,0,0,1,0,1,0,0,0,0,0,3,48.0,150.0
14238,40.41819,-3.70511,5,2.0,3.0,84.0,89.0,26,0.91,230,200,4503.0,68.043894,0.8,2.0,1,0,0,0,0,1,0,1,0,0,1,0,0,3,43.5,100.0
14239,40.39789,-3.65835,6,3.0,5.0,90.0,100.0,2,0.42,328,200,1890.0,41.443535,5.0,1.0,1,0,0,0,0,1,0,1,1,0,0,0,0,6,48.0,100.0
14240,40.42327,-3.65236,1,0.0,1.0,30.0,95.0,1,0.24,116,50,2893.0,50.090625,6.5,1.0,0,0,0,0,0,1,0,0,0,0,0,0,0,4,10.5,50.0
14241,40.41385,-3.66759,4,2.0,3.0,40.0,100.0,1,0.38,371,200,4220.0,63.672727,3.2,1.0,1,0,0,0,0,0,0,0,0,0,0,0,0,7,33.0,50.0
14242,40.47208,-3.71968,2,0.0,1.0,33.0,100.0,1,0.06,223,200,3545.0,57.198083,16.4,1.0,1,0,0,0,0,0,0,0,1,1,1,0,0,3,18.0,50.0
14243,40.43292,-3.64514,1,1.0,1.0,20.0,100.0,2,0.23,228,50,2893.0,50.090625,6.5,1.0,0,1,1,1,1,1,0,0,1,0,0,0,0,6,10.5,50.0
14244,40.38446,-3.73282,2,0.0,1.0,41.0,80.0,1,0.12,442,50,2195.0,47.402837,6.6,1.5,0,0,0,0,0,1,0,0,0,1,0,0,0,3,19.5,50.0
14245,40.36624,-3.71783,3,1.0,2.0,26.0,80.0,1,0.07,275,50,2316.0,43.910072,4.6,1.5,0,0,0,0,0,1,0,0,0,0,1,0,0,3,27.0,50.0
14246,40.39116,-3.74175,4,0.0,2.0,66.0,0.0,1,0.0,152,200,2195.0,47.402837,6.6,1.0,1,0,0,0,0,1,0,0,0,0,0,0,0,3,33.0,100.0
14247,40.46263,-3.74886,2,1.0,2.0,25.0,0.0,1,0.06,131,50,3555.0,63.451906,5.9,2.0,0,0,0,0,0,1,0,0,1,0,0,0,0,3,21.0,50.0
14248,40.39531,-3.66,2,1.0,1.0,120.0,0.0,1,0.0,132,50,1890.0,41.443535,5.0,1.0,1,1,1,1,1,1,0,0,1,0,0,0,0,5,18.0,150.0
14249,40.41451,-3.6974,2,1.0,1.0,63.0,100.0,2,0.49,297,200,4503.0,68.043894,0.8,1.0,1,0,0,0,0,1,0,1,0,0,1,0,0,7,18.0,100.0
14250,40.39069,-3.73421,2,1.0,1.0,30.0,100.0,1,0.12,200,50,2195.0,47.402837,6.6,1.0,0,0,0,0,0,1,0,1,0,0,1,0,0,3,18.0,50.0
14251,40.39932,-3.67281,2,1.0,1.0,51.0,60.0,1,0.25,135,200,4220.0,63.672727,3.2,1.0,1,0,0,0,0,0,0,0,1,0,1,0,0,3,18.0,100.0
14252,40.40583,-3.71096,2,1.0,1.0,75.0,100.0,1,0.07,175,200,3917.0,55.025641,1.9,1.0,1,0,0,0,0,1,0,1,1,0,0,0,0,6,18.0,100.0
14253,40.42987,-3.64767,2,1.0,1.0,40.0,100.0,1,0.06,125,50,2893.0,50.090625,6.5,1.5,0,0,0,0,0,1,0,1,0,0,0,0,0,3,19.5,50.0
14254,40.40984,-3.69713,2,1.0,1.0,41.0,0.0,1,0.0,151,50,4503.0,68.043894,0.8,1.0,0,0,0,0,0,1,0,0,0,0,1,0,0,3,18.0,50.0
14255,40.44926,-3.66621,2,1.0,1.0,35.0,73.0,1,0.18,154,50,4508.0,67.220486,5.8,1.0,0,0,0,0,0,1,0,0,1,0,1,0,0,3,18.0,50.0
14256,40.40804,-3.70378,1,1.0,1.0,50.0,93.0,1,0.18,392,50,4503.0,68.043894,0.8,1.0,0,0,0,0,0,1,0,1,1,1,1,0,0,7,10.5,50.0
14257,40.40915,-3.71071,2,1.0,1.0,73.0,0.0,3,0.0,234,200,4503.0,68.043894,0.8,1.0,1,0,0,0,0,1,0,1,1,0,1,0,0,10,18.0,100.0
14258,40.41182,-3.72923,6,1.0,3.0,74.0,92.0,1,0.3,341,200,2287.0,47.008319,4.7,1.0,1,0,0,0,0,1,0,0,0,0,1,0,0,3,48.0,100.0
14259,40.43491,-3.66509,3,1.0,2.0,70.0,100.0,1,0.15,264,200,5328.0,74.694253,2.2,1.0,1,0,0,0,0,1,0,0,0,0,1,0,0,11,25.5,100.0
14260,40.40903,-3.70786,4,1.0,1.0,100.0,100.0,1,0.06,141,200,4503.0,68.043894,0.8,1.0,1,0,0,0,0,1,0,1,0,0,1,0,0,7,33.0,100.0
14261,40.47304,-3.692,2,1.0,1.0,40.0,96.0,1,0.59,248,50,3476.0,60.621287,5.9,1.0,0,0,0,0,0,1,0,0,0,0,0,0,0,3,18.0,50.0
14262,40.45076,-3.70264,2,1.0,1.0,460.0,100.0,2,0.2,257,200,3476.0,60.621287,5.9,1.0,1,1,1,1,1,1,1,1,1,1,1,1,1,3,18.0,200.0
14263,40.42952,-3.64912,2,1.0,1.0,35.0,100.0,2,0.13,85,50,2893.0,50.090625,6.5,1.5,1,1,1,1,1,1,1,1,1,1,1,1,1,6,19.5,50.0
14264,40.41154,-3.7029,7,3.0,4.0,178.0,96.0,1,0.64,332,200,4503.0,68.043894,0.8,2.0,1,0,0,0,0,1,0,1,1,0,1,0,0,3,58.5,200.0
14265,40.41465,-3.70869,4,1.0,2.0,44.0,93.0,1,1.49,371,200,4503.0,68.043894,0.8,1.0,1,0,0,0,0,1,0,1,0,0,0,0,0,3,33.0,50.0
14266,40.44776,-3.70604,2,1.0,1.0,146.0,0.0,1,0.0,400,200,3476.0,60.621287,5.9,2.0,1,0,0,0,0,1,0,1,1,0,1,0,0,4,21.0,150.0
14267,40.46137,-3.59247,1,1.0,1.0,23.0,94.0,1,1.47,277,50,3047.0,56.183432,11.8,1.5,0,0,0,0,0,0,1,0,1,0,1,0,0,6,12.0,50.0
14268,40.41215,-3.7261,2,1.0,1.0,43.0,100.0,10,0.07,173,200,2287.0,47.008319,4.7,1.0,1,0,0,0,0,1,0,1,1,0,1,0,0,3,18.0,50.0
14269,40.45899,-3.70079,8,5.0,6.0,192.0,93.0,5,0.19,350,50,3476.0,60.621287,5.9,5.5,1,0,0,0,0,1,0,1,0,0,0,0,0,3,76.5,200.0
14270,40.40933,-3.71055,2,0.0,1.0,50.0,100.0,1,0.06,63,200,4503.0,68.043894,0.8,1.0,1,0,0,0,0,0,0,0,0,0,0,0,0,4,18.0,50.0
14271,40.39248,-3.7633,4,0.0,1.0,60.0,0.0,1,0.0,186,200,2287.0,47.008319,4.7,1.0,1,0,0,0,0,1,0,0,0,0,0,0,0,3,33.0,100.0
14272,40.40793,-3.69809,4,1.0,2.0,114.0,80.0,1,0.37,269,200,4503.0,68.043894,0.8,1.0,1,0,0,0,0,1,0,0,0,0,1,0,0,3,33.0,150.0
14273,40.44067,-3.70493,1,1.0,1.0,35.0,100.0,1,0.18,180,50,4855.0,64.056634,2.4,1.0,1,1,1,1,1,1,1,1,1,1,1,1,1,4,10.5,50.0
14274,40.41249,-3.70733,4,1.0,2.0,74.0,80.0,1,0.14,147,200,4503.0,68.043894,0.8,1.0,1,0,0,0,0,1,0,1,0,0,1,0,0,3,33.0,100.0
14275,40.42309,-3.70528,4,1.0,2.0,53.0,80.0,15,0.42,389,200,4503.0,68.043894,0.8,1.0,1,0,0,0,0,1,0,1,1,1,1,0,1,3,33.0,100.0
14276,40.45702,-3.64596,1,1.0,1.0,34.0,100.0,4,0.12,247,50,3312.0,62.061453,9.2,1.0,1,0,0,0,0,1,0,0,0,0,1,0,0,0,10.5,50.0
14277,40.45152,-3.60976,1,1.0,1.0,85.0,0.0,2,0.0,228,50,3312.0,62.061453,9.2,1.0,1,0,0,0,0,1,0,1,0,0,1,0,0,7,10.5,100.0
14278,40.42399,-3.69077,2,1.0,1.0,135.0,0.0,113,0.0,204,200,5328.0,74.694253,2.2,1.0,1,0,0,0,0,1,0,1,1,0,0,0,0,7,18.0,150.0
14279,40.41225,-3.70598,4,2.0,3.0,120.0,100.0,1,0.63,351,200,4503.0,68.043894,0.8,1.0,1,0,0,0,0,1,0,1,1,0,0,0,0,5,33.0,150.0
14280,40.40901,-3.69749,4,2.0,1.0,53.0,73.0,1,0.18,176,200,4503.0,68.043894,0.8,1.0,1,1,1,1,1,1,1,1,1,1,1,1,1,3,33.0,100.0
14281,40.40285,-3.61216,2,1.0,1.0,25.0,98.0,1,2.36,340,50,2246.0,55.472222,11.2,1.0,1,1,1,1,1,1,1,1,1,1,1,1,1,6,18.0,50.0
14282,40.45806,-3.64434,1,1.0,1.0,34.0,0.0,4,0.0,222,50,3312.0,62.061453,9.2,1.0,1,1,1,1,1,1,0,0,0,0,1,0,0,0,10.5,50.0
14283,40.43261,-3.68363,5,3.0,3.0,299.0,100.0,113,0.13,191,200,5328.0,74.694253,2.2,3.0,1,0,0,0,0,1,0,1,1,0,0,0,0,7,46.5,200.0
14284,40.45866,-3.64611,1,1.0,1.0,34.0,0.0,4,0.0,170,50,3312.0,62.061453,9.2,1.0,1,1,1,1,1,1,0,0,0,0,1,0,0,0,10.5,50.0
14285,40.42005,-3.70459,2,1.0,1.0,55.0,91.0,5,0.42,211,50,4503.0,68.043894,0.8,2.0,1,1,1,1,1,1,1,1,1,1,1,1,1,7,21.0,100.0
14286,40.42457,-3.70092,1,1.0,2.0,55.0,0.0,1,0.0,163,50,4503.0,68.043894,0.8,1.0,1,0,0,0,0,1,0,1,0,0,0,0,0,6,10.5,100.0
14287,40.38742,-3.6526,3,2.0,1.0,56.0,80.0,2,0.06,167,50,1890.0,41.443535,5.0,1.0,0,1,1,1,1,0,0,0,1,0,0,0,0,3,25.5,100.0
14288,40.46559,-3.64897,4,1.0,2.0,38.0,98.0,8,1.83,426,200,3312.0,62.061453,9.2,1.0,1,0,0,0,0,1,0,1,0,0,1,0,0,4,33.0,50.0
14289,40.44564,-3.57232,2,1.0,2.0,37.0,94.0,6,0.42,226,50,2477.0,70.967532,7.3,1.0,1,0,0,0,0,1,1,1,0,0,1,0,0,3,18.0,50.0
14290,40.46894,-3.66857,6,2.0,4.0,150.0,100.0,1,0.24,445,200,2893.0,50.090625,6.5,2.0,1,0,0,0,0,1,1,1,1,1,1,0,0,4,51.0,150.0
14291,40.41674,-3.70676,5,2.0,2.0,93.0,100.0,26,0.18,318,200,4503.0,68.043894,0.8,1.0,1,0,0,0,0,1,0,1,0,1,1,0,0,3,40.5,100.0
14292,40.41422,-3.70385,4,1.0,2.0,83.0,95.0,7,0.52,230,200,4503.0,68.043894,0.8,10.0,1,0,0,0,0,1,0,1,0,0,0,0,0,3,60.0,100.0
14293,40.42633,-3.70948,3,0.0,2.0,40.0,93.0,15,1.19,443,200,4503.0,68.043894,0.8,1.0,1,0,0,0,0,1,0,1,1,0,1,1,1,3,25.5,50.0
14294,40.42981,-3.68601,4,2.0,4.0,140.0,67.0,16,0.36,284,200,5328.0,74.694253,2.2,1.0,1,0,0,0,0,1,0,1,0,1,0,0,0,10,33.0,150.0
14296,40.42995,-3.68429,4,2.0,5.0,140.0,95.0,16,0.24,317,200,5328.0,74.694253,2.2,1.0,1,0,0,0,0,1,0,1,0,1,0,0,0,10,33.0,150.0
14297,40.41234,-3.69372,6,3.0,3.0,371.0,0.0,1,0.0,267,200,4503.0,68.043894,0.8,3.0,1,0,0,0,0,1,0,1,0,1,0,0,0,3,54.0,200.0
14298,40.40631,-3.70018,3,2.0,3.0,60.0,93.0,1,0.52,449,200,4503.0,68.043894,0.8,1.5,1,0,0,0,0,1,0,0,0,0,1,0,0,0,27.0,100.0
14299,40.39589,-3.6698,4,1.0,2.0,70.0,95.0,40,0.92,407,200,1890.0,41.443535,5.0,1.0,1,0,0,0,0,1,0,1,0,0,1,0,0,5,33.0,100.0
14300,40.39641,-3.66918,4,1.0,2.0,66.0,97.0,40,0.73,435,200,1890.0,41.443535,5.0,1.0,1,0,0,0,1,1,0,1,0,0,1,0,0,5,33.0,100.0
14301,40.39651,-3.66976,4,1.0,2.0,78.0,89.0,40,1.0,430,200,1890.0,41.443535,5.0,1.0,1,0,0,0,0,1,0,1,0,0,1,0,0,5,33.0,100.0
14302,40.3951,-3.66782,4,1.0,2.0,71.0,91.0,40,0.67,430,200,1890.0,41.443535,5.0,1.0,1,0,0,0,1,1,0,1,0,0,1,0,0,5,33.0,100.0
14303,40.39444,-3.66936,4,1.0,2.0,77.0,98.0,40,0.54,407,200,1890.0,41.443535,5.0,1.0,1,0,0,0,0,1,0,1,0,0,1,0,0,5,33.0,100.0
14305,40.39498,-3.66773,4,1.0,2.0,83.0,100.0,40,0.31,450,200,1890.0,41.443535,5.0,1.0,1,0,0,0,0,1,0,1,0,1,1,0,0,5,33.0,100.0
14306,40.41044,-3.66477,4,1.0,2.0,54.0,97.0,3,0.48,486,200,4220.0,63.672727,3.2,1.0,1,0,0,0,0,1,0,1,1,0,1,0,0,7,33.0,100.0
14307,40.39637,-3.66851,4,1.0,2.0,72.0,93.0,40,0.97,430,200,1890.0,41.443535,5.0,1.0,1,0,0,0,0,1,0,1,0,0,1,0,0,5,33.0,100.0
14308,40.4127,-3.69622,2,1.0,1.0,71.0,100.0,113,0.06,239,200,4503.0,68.043894,0.8,1.0,1,0,0,0,0,1,0,1,0,0,0,0,0,7,18.0,100.0
14309,40.42913,-3.66776,3,1.0,2.0,150.0,100.0,1,0.06,153,200,5328.0,74.694253,2.2,1.0,1,0,0,0,0,1,0,0,0,0,1,0,0,0,25.5,150.0
14310,40.40619,-3.70433,4,1.0,1.0,32.0,85.0,1,0.24,77,50,4503.0,68.043894,0.8,1.0,0,0,0,0,0,1,0,0,0,0,0,0,0,3,33.0,50.0
14311,40.45528,-3.66944,3,3.0,3.0,35.0,0.0,2,0.0,52,50,4508.0,67.220486,5.8,1.0,0,1,1,1,1,0,0,0,0,0,0,0,0,3,25.5,50.0
14312,40.41732,-3.70663,8,2.0,5.0,171.0,96.0,7,0.61,627,200,4503.0,68.043894,0.8,2.0,1,0,0,0,0,1,0,1,0,0,1,0,0,13,66.0,200.0
14313,40.45535,-3.6712,3,3.0,3.0,23.0,0.0,2,0.07,100,50,4508.0,67.220486,5.8,1.0,1,1,1,1,1,0,0,0,0,0,0,0,0,3,25.5,50.0
14315,40.41907,-3.71152,5,2.0,3.0,280.0,100.0,2,0.12,365,200,4503.0,68.043894,0.8,2.0,1,0,0,0,0,1,0,1,0,1,1,0,0,5,43.5,200.0
14316,40.42836,-3.65814,2,1.0,1.0,28.0,0.0,1,0.0,477,50,2893.0,50.090625,6.5,1.0,0,0,0,0,0,1,0,1,0,0,1,0,0,0,18.0,50.0
14317,40.48549,-3.72176,1,1.0,1.0,26.0,100.0,1,0.53,456,50,3545.0,57.198083,16.4,1.0,0,0,0,1,1,1,0,1,1,0,1,0,0,5,10.5,50.0
14318,40.42707,-3.64676,2,1.0,1.0,29.0,73.0,6,0.48,500,50,2893.0,50.090625,6.5,1.0,0,0,0,0,0,1,0,1,0,1,1,0,0,3,18.0,50.0
14319,40.4242,-3.65525,2,1.0,1.0,31.0,91.0,1,0.94,303,50,2893.0,50.090625,6.5,1.0,0,0,0,0,0,1,0,0,0,0,0,0,0,3,18.0,50.0
14320,40.3876,-3.74534,4,0.0,2.0,66.0,0.0,1,0.0,181,200,2195.0,47.402837,6.6,1.0,1,0,0,0,0,1,0,0,0,0,0,0,0,3,33.0,100.0
14321,40.42672,-3.70252,2,1.0,1.0,57.0,98.0,1,1.71,455,200,4503.0,68.043894,0.8,1.0,1,0,0,0,0,1,0,0,0,0,1,1,0,3,18.0,100.0
14322,40.41839,-3.70683,3,2.0,3.0,72.0,100.0,1,0.06,176,200,4503.0,68.043894,0.8,2.0,1,1,1,1,1,1,0,1,1,0,0,0,0,9,28.5,100.0
14323,40.43017,-3.64747,2,1.0,2.0,30.0,0.0,2,0.0,85,50,2893.0,50.090625,6.5,1.5,0,0,0,0,0,1,0,0,0,0,0,0,0,6,19.5,50.0
14324,40.43356,-3.66691,4,2.0,3.0,120.0,0.0,1,0.0,124,200,5328.0,74.694253,2.2,1.5,1,0,0,0,0,1,0,1,1,0,0,0,0,6,34.5,150.0
14325,40.41569,-3.69781,4,2.0,2.0,800.0,100.0,1,0.06,399,200,4503.0,68.043894,0.8,2.0,1,0,0,0,0,1,0,1,1,0,0,0,0,4,36.0,200.0
14326,40.42295,-3.72519,4,2.0,3.0,52.0,99.0,1,1.94,410,200,3555.0,63.451906,5.9,1.0,1,0,0,0,0,1,0,1,1,0,1,0,0,3,33.0,100.0
14327,40.42018,-3.69766,4,1.0,2.0,135.0,80.0,72,0.25,332,200,4503.0,68.043894,0.8,1.0,1,0,0,0,0,1,0,1,1,1,1,0,0,6,33.0,150.0
14328,40.41261,-3.70539,2,1.0,1.0,999.0,0.0,1,0.0,78,50,4503.0,68.043894,0.8,1.0,1,0,0,0,0,0,0,0,1,0,0,0,0,5,18.0,200.0
14329,40.41891,-3.69821,6,2.0,3.0,156.0,94.0,5,1.02,320,200,4503.0,68.043894,0.8,2.0,1,0,0,0,0,1,0,1,0,0,1,0,0,0,51.0,200.0
14330,40.38139,-3.78036,1,1.0,1.0,150.0,0.0,2,0.0,322,50,2287.0,47.008319,4.7,1.0,1,1,1,1,1,0,0,0,1,0,0,0,0,3,10.5,150.0
14331,40.41553,-3.70405,3,1.0,2.0,50.0,93.0,7,0.36,287,200,4503.0,68.043894,0.8,1.5,1,0,0,0,0,1,0,1,1,1,0,0,0,10,27.0,50.0
14332,40.41891,-3.69821,6,2.0,3.0,209.0,98.0,5,0.47,323,200,4503.0,68.043894,0.8,2.5,1,0,0,0,0,1,0,1,1,0,1,0,0,0,52.5,200.0
14333,40.42468,-3.69998,6,2.0,3.0,462.0,40.0,32,0.11,393,200,4503.0,68.043894,0.8,2.0,1,0,0,0,0,1,0,1,1,0,1,0,0,9,51.0,200.0
14334,40.38395,-3.73298,1,0.0,1.0,25.0,80.0,1,0.06,147,50,2195.0,47.402837,6.6,1.0,0,0,0,0,0,1,0,0,0,1,0,0,0,3,10.5,50.0
14335,40.4685,-3.70069,2,1.0,1.0,18.0,100.0,1,1.08,527,50,3476.0,60.621287,5.9,1.0,0,0,0,0,0,1,0,0,0,0,0,1,0,9,18.0,50.0
14336,40.41969,-3.70515,4,2.0,2.0,1139.0,80.0,27,0.13,143,200,4503.0,68.043894,0.8,1.0,1,0,0,0,0,1,0,0,1,0,0,0,0,7,33.0,200.0
14337,40.42778,-3.6847,2,1.0,1.0,105.0,0.0,1,0.0,169,200,5328.0,74.694253,2.2,1.0,1,0,0,0,0,0,0,1,1,0,0,0,0,3,18.0,150.0
14338,40.42523,-3.70401,2,1.0,1.0,48.0,70.0,19,0.27,238,200,4503.0,68.043894,0.8,1.0,1,0,0,0,0,1,0,1,0,0,0,0,0,3,18.0,50.0
14339,40.42263,-3.70535,4,1.0,2.0,48.0,40.0,19,0.07,202,200,4503.0,68.043894,0.8,1.0,1,0,0,0,0,1,0,1,0,0,0,0,0,3,33.0,50.0
14341,40.42338,-3.70744,4,2.0,2.0,49.0,80.0,19,0.06,202,200,4503.0,68.043894,0.8,2.0,1,0,0,0,0,1,0,1,0,0,0,0,0,3,36.0,50.0
14342,40.41596,-3.70276,2,1.0,1.0,58.0,0.0,19,0.0,158,200,4503.0,68.043894,0.8,1.0,1,0,0,0,0,1,0,0,0,0,0,0,0,3,18.0,100.0
14343,40.4125,-3.70618,4,2.0,2.0,73.0,20.0,19,0.67,178,200,4503.0,68.043894,0.8,2.0,1,0,0,0,0,1,0,1,0,0,0,0,0,3,36.0,100.0
14344,40.41256,-3.70471,4,2.0,2.0,73.0,100.0,19,0.07,230,200,4503.0,68.043894,0.8,2.0,1,0,0,0,0,1,0,0,0,0,0,0,0,3,36.0,100.0
14345,40.3929,-3.69685,3,1.0,1.0,68.0,100.0,1,0.12,202,200,3917.0,55.025641,1.9,1.0,1,0,0,0,0,1,0,1,1,0,1,0,0,3,25.5,100.0
14346,40.43333,-3.70263,4,1.0,2.0,91.0,53.0,72,0.2,255,200,4855.0,64.056634,2.4,1.0,1,0,0,0,0,1,0,0,0,0,1,0,0,6,33.0,100.0
14348,40.44545,-3.57239,2,1.0,2.0,40.0,80.0,6,0.06,199,50,2477.0,70.967532,7.3,1.0,0,0,0,0,0,1,1,1,0,0,1,0,0,3,18.0,50.0
14349,40.43788,-3.62792,4,2.0,2.0,114.0,100.0,2,0.53,429,200,2477.0,70.967532,7.3,2.5,1,0,0,0,0,1,0,1,1,0,0,0,0,4,37.5,150.0
14350,40.38156,-3.70378,4,2.0,2.0,170.0,60.0,1,0.13,184,200,2316.0,43.910072,4.6,1.0,1,0,0,0,0,1,0,0,0,0,0,0,0,3,33.0,200.0
14351,40.42742,-3.705,1,1.0,1.0,28.0,98.0,2,0.59,256,50,4503.0,68.043894,0.8,1.0,0,0,0,0,0,1,0,1,1,0,1,0,0,4,10.5,50.0
14352,40.39237,-3.69103,6,2.0,4.0,94.0,98.0,59,0.66,463,200,3917.0,55.025641,1.9,2.0,1,0,0,0,0,1,1,1,1,1,0,0,0,7,51.0,100.0
14353,40.39627,-3.6608,2,1.0,1.0,18.0,89.0,1,0.84,229,50,1890.0,41.443535,5.0,1.0,0,0,0,0,0,1,0,0,0,0,1,0,0,4,18.0,50.0
14354,40.39763,-3.76846,1,1.0,1.0,21.0,100.0,2,0.24,107,50,2287.0,47.008319,4.7,0.0,0,1,1,1,1,1,0,0,0,0,0,0,0,3,7.5,50.0
14355,40.41576,-3.70107,6,3.0,4.0,180.0,100.0,3,0.42,138,200,4503.0,68.043894,0.8,2.0,1,0,0,0,0,1,0,1,1,0,0,0,0,4,51.0,200.0
14356,40.41119,-3.7061,4,2.0,2.0,80.0,100.0,1,0.18,142,200,4503.0,68.043894,0.8,1.0,1,0,0,0,0,1,0,1,1,0,1,0,0,8,33.0,100.0
14357,40.46935,-3.7256,1,1.0,1.0,60.0,100.0,1,0.07,235,50,3555.0,63.451906,5.9,1.0,1,1,1,1,1,1,1,1,1,1,1,1,1,3,10.5,100.0
14358,40.36769,-3.76395,1,1.0,1.0,57.0,0.0,3,0.0,153,50,2287.0,47.008319,4.7,1.0,0,0,0,0,0,1,0,0,1,0,0,0,0,4,10.5,100.0
14359,40.44554,-3.67187,1,1.0,2.0,55.0,100.0,1,0.06,142,50,4508.0,67.220486,5.8,1.0,0,0,0,0,0,1,0,0,0,0,0,0,0,3,10.5,100.0
14360,40.49664,-3.65474,1,1.0,1.0,27.0,94.0,2,0.46,488,50,3312.0,62.061453,9.2,2.5,0,0,0,0,0,1,1,1,1,0,1,0,0,3,15.0,50.0
14361,40.41035,-3.66605,5,2.0,4.0,100.0,100.0,1,0.24,392,200,4220.0,63.672727,3.2,2.0,1,0,0,0,0,1,0,1,1,0,1,0,0,4,43.5,100.0
14362,40.4205,-3.70372,3,1.0,1.0,59.0,85.0,1,0.69,157,200,4503.0,68.043894,0.8,1.0,1,0,0,0,0,1,0,0,0,0,0,0,0,3,25.5,100.0
14363,40.40758,-3.73764,1,1.0,1.0,20.0,86.0,1,0.43,105,50,2287.0,47.008319,4.7,1.0,0,1,1,1,1,1,0,0,0,0,0,0,0,3,10.5,50.0
14364,40.43531,-3.6683,4,2.0,2.0,140.0,80.0,1,0.12,319,200,5328.0,74.694253,2.2,1.0,1,0,0,0,0,1,0,1,1,0,1,0,0,5,33.0,150.0
14365,40.44744,-3.57105,2,1.0,2.0,33.0,90.0,6,0.48,226,50,2477.0,70.967532,7.3,1.0,1,1,1,1,1,1,1,1,0,0,1,0,0,3,18.0,50.0
14366,40.43568,-3.60931,3,1.0,2.0,64.0,100.0,2,0.84,377,200,2477.0,70.967532,7.3,1.0,1,0,0,0,0,1,0,0,0,0,0,0,0,5,25.5,100.0
14367,40.40337,-3.70095,1,1.0,1.0,110.0,1.0,3,1.0,665,50,3917.0,55.025641,1.9,2.0,1,1,1,1,1,1,1,1,1,1,1,1,1,9,13.5,150.0
14368,40.50308,-3.66928,7,3.0,5.0,190.0,40.0,4,0.06,272,200,3545.0,57.198083,16.4,1.5,1,0,0,0,0,1,0,1,0,1,1,0,0,3,57.0,200.0
14369,40.47437,-3.7127,2,1.0,1.0,20.0,99.0,1,1.13,251,50,3545.0,57.198083,16.4,1.0,0,0,0,0,0,1,0,0,1,0,1,0,0,7,18.0,50.0
14370,40.48815,-3.66239,2,1.0,2.0,35.0,100.0,3,0.21,542,50,3312.0,62.061453,9.2,2.0,0,0,0,0,0,1,0,0,1,1,1,0,0,3,21.0,50.0
14371,40.45546,-3.69914,2,1.0,1.0,35.0,100.0,2,0.12,180,50,3476.0,60.621287,5.9,1.0,0,0,0,0,0,1,0,1,1,0,0,0,0,7,18.0,50.0
14372,40.41131,-3.71279,2,1.0,1.0,86.0,98.0,3,0.61,350,200,4503.0,68.043894,0.8,1.0,1,0,0,0,0,1,0,1,1,0,1,0,0,4,18.0,100.0
14373,40.43923,-3.63624,2,1.0,2.0,55.0,0.0,1,0.0,133,50,2893.0,50.090625,6.5,1.0,0,0,0,0,0,1,0,0,1,0,0,0,0,3,18.0,100.0
14374,40.45573,-3.70502,6,3.0,5.0,178.0,0.0,4,0.0,272,200,3476.0,60.621287,5.9,1.5,1,0,0,0,0,1,0,1,0,1,1,0,0,3,49.5,200.0
14375,40.47709,-3.57845,6,2.0,3.0,120.0,98.0,1,0.78,800,200,3047.0,56.183432,11.8,2.0,1,0,0,0,0,1,1,1,1,0,1,1,1,5,51.0,150.0
14376,40.41735,-3.70174,1,1.0,1.0,37.0,100.0,4,0.35,299,50,4503.0,68.043894,0.8,1.0,1,0,0,0,0,1,0,1,1,0,1,0,0,3,10.5,50.0
14377,40.45287,-3.70537,2,1.0,2.0,55.0,60.0,1,0.12,298,200,3476.0,60.621287,5.9,1.0,1,0,0,0,0,0,0,1,0,0,0,0,0,3,18.0,100.0
14378,40.43278,-3.6783,2,1.0,1.0,40.0,89.0,1,0.54,338,50,5328.0,74.694253,2.2,1.0,0,0,0,0,0,1,0,0,1,0,1,0,0,5,18.0,50.0
14379,40.42242,-3.70748,6,2.0,4.0,42.0,95.0,8,1.45,329,200,4503.0,68.043894,0.8,1.0,1,0,0,0,0,1,0,0,0,1,1,0,0,0,48.0,50.0
14380,40.40158,-3.72376,1,1.0,2.0,90.0,0.0,1,0.0,56,200,2195.0,47.402837,6.6,1.0,1,0,0,0,0,0,0,0,1,0,0,0,0,3,10.5,100.0
14381,40.48909,-3.72368,2,1.0,1.0,80.0,0.0,3,0.0,484,50,3545.0,57.198083,16.4,1.0,1,0,0,0,0,1,1,1,0,0,1,0,0,10,18.0,100.0
14382,40.41301,-3.69741,6,2.0,2.0,75.0,92.0,67,1.22,310,200,4503.0,68.043894,0.8,1.0,1,0,0,0,0,1,0,1,0,0,1,0,0,7,48.0,100.0
14383,40.39165,-3.70718,2,1.0,1.0,26.0,90.0,1,0.12,199,50,2316.0,43.910072,4.6,1.0,0,0,0,0,0,1,0,0,1,0,0,0,0,3,18.0,50.0
14384,40.41786,-3.70482,2,1.0,1.0,74.0,100.0,4,0.5,259,50,4503.0,68.043894,0.8,1.0,1,0,0,0,0,1,0,1,1,0,1,0,0,3,18.0,100.0
14385,40.41828,-3.70139,1,1.0,1.0,43.0,93.0,4,0.19,219,50,4503.0,68.043894,0.8,1.0,1,0,0,0,0,1,0,1,1,0,1,0,0,3,10.5,50.0
14386,40.41795,-3.70259,1,1.0,1.0,39.0,0.0,4,0.0,437,50,4503.0,68.043894,0.8,1.0,1,0,0,0,0,1,0,1,1,1,1,0,0,3,10.5,50.0
14387,40.37273,-3.71509,2,1.0,2.0,105.0,0.0,1,0.0,199,50,2316.0,43.910072,4.6,1.0,1,0,0,0,0,1,0,0,0,0,1,0,0,3,18.0,150.0
14388,40.42296,-3.6772,3,2.0,2.0,250.0,0.0,1,0.0,130,200,5328.0,74.694253,2.2,1.0,1,0,0,0,0,0,0,1,1,0,0,0,0,0,25.5,200.0
14389,40.4485,-3.70404,1,2.0,2.0,25.0,0.0,1,0.06,474,50,3476.0,60.621287,5.9,1.0,0,0,0,0,0,1,0,1,1,0,1,0,0,5,10.5,50.0
14390,40.39602,-3.66655,3,1.0,2.0,46.0,92.0,2,0.9,583,200,1890.0,41.443535,5.0,1.5,1,0,0,0,0,1,0,1,1,1,1,0,1,5,27.0,50.0
14391,40.44252,-3.68181,2,1.0,1.0,45.0,100.0,1,0.42,407,50,4508.0,67.220486,5.8,1.5,1,0,0,0,0,1,0,1,1,0,1,0,0,8,19.5,50.0
14392,40.41776,-3.69922,4,1.0,1.0,33.0,93.0,10,1.97,628,200,4503.0,68.043894,0.8,1.0,1,0,0,0,0,1,0,1,1,0,1,0,0,10,33.0,50.0
14393,40.39616,-3.6631,1,1.0,1.0,31.0,100.0,2,0.06,157,50,1890.0,41.443535,5.0,1.5,0,0,0,0,0,1,0,0,0,0,0,0,0,4,12.0,50.0
14394,40.41685,-3.67725,2,1.0,1.0,86.0,100.0,1,0.36,441,200,4220.0,63.672727,3.2,1.0,1,0,0,0,0,1,0,1,1,0,1,0,0,4,18.0,100.0
14395,40.38804,-3.74446,4,3.0,3.0,37.0,80.0,1,0.06,270,50,2195.0,47.402837,6.6,1.5,0,0,0,0,0,1,0,0,0,0,1,0,0,0,34.5,50.0
14396,40.44458,-3.5815,4,1.0,2.0,54.0,95.0,1,0.79,454,200,2477.0,70.967532,7.3,1.0,1,0,0,0,0,1,1,1,1,1,1,0,0,8,33.0,100.0
14397,40.42919,-3.7065,2,1.0,1.0,80.0,0.0,2,0.0,189,200,4503.0,68.043894,0.8,1.0,1,0,0,0,0,1,0,1,1,0,0,0,0,6,18.0,100.0
14398,40.40902,-3.70229,2,1.0,1.0,30.0,0.0,3,0.0,165,50,4503.0,68.043894,0.8,1.0,0,0,0,0,0,1,0,0,0,0,0,0,0,3,18.0,50.0
14399,40.37293,-3.6581,2,1.0,1.0,30.0,0.0,2,0.0,57,50,1890.0,41.443535,5.0,1.0,0,0,0,0,0,0,0,0,0,0,0,0,0,4,18.0,50.0
14400,40.41478,-3.70015,2,1.0,1.0,47.0,96.0,4,0.31,364,200,4503.0,68.043894,0.8,1.0,1,0,0,0,0,1,0,1,1,0,1,0,0,0,18.0,50.0
14401,40.43102,-3.69645,4,3.0,3.0,102.0,94.0,67,0.81,204,200,4855.0,64.056634,2.4,2.0,1,0,0,0,0,1,0,1,1,0,1,0,0,7,36.0,150.0
14402,40.43919,-3.61766,1,1.0,2.0,55.0,0.0,1,0.0,207,50,2477.0,70.967532,7.3,1.0,1,0,0,0,0,1,0,1,1,0,1,0,0,4,10.5,100.0
14403,40.4028,-3.75535,2,1.0,1.0,19.0,100.0,1,0.06,208,50,2287.0,47.008319,4.7,1.0,0,0,0,0,0,1,0,0,0,0,1,0,0,3,18.0,50.0
14404,40.45968,-3.69819,3,1.0,2.0,62.0,100.0,16,0.56,541,200,3476.0,60.621287,5.9,1.0,1,0,0,0,0,1,0,1,1,1,1,0,0,4,25.5,100.0
14405,40.45758,-3.69893,3,1.0,2.0,69.0,0.0,16,0.0,1042,200,3476.0,60.621287,5.9,1.0,1,0,0,0,0,1,0,1,1,1,1,0,0,4,25.5,100.0
14406,40.4114,-3.7024,4,1.0,2.0,150.0,95.0,8,0.78,197,200,4503.0,68.043894,0.8,1.0,1,1,1,1,1,1,0,1,1,0,0,0,0,0,33.0,150.0
14407,40.42078,-3.70552,12,3.0,7.0,420.0,0.0,2,0.0,474,200,4503.0,68.043894,0.8,2.0,1,0,0,0,0,1,0,1,1,0,0,0,0,7,96.0,200.0
14408,40.5046,-3.66935,7,3.0,5.0,225.0,0.0,4,0.0,272,200,3545.0,57.198083,16.4,1.5,1,0,0,0,0,1,0,1,0,1,1,0,0,3,57.0,200.0
14409,40.40881,-3.69936,2,1.0,1.0,50.0,100.0,1,0.06,106,50,4503.0,68.043894,0.8,1.5,1,0,0,0,0,1,0,0,1,0,1,0,0,8,19.5,50.0
14410,40.40733,-3.71861,6,2.0,4.0,45.0,92.0,1,0.62,441,200,3917.0,55.025641,1.9,2.0,1,0,0,0,0,1,0,1,1,0,1,0,0,3,51.0,50.0
14411,40.38681,-3.72711,1,1.0,1.0,19.0,100.0,1,0.18,403,50,2195.0,47.402837,6.6,1.0,0,1,1,1,1,1,0,0,0,0,1,0,0,4,10.5,50.0
14412,40.42108,-3.70192,4,2.0,3.0,81.0,100.0,2,0.31,298,200,4503.0,68.043894,0.8,2.0,1,0,0,0,0,1,0,1,1,1,0,0,0,8,36.0,100.0
14413,40.41784,-3.70259,4,1.0,2.0,33.0,93.0,10,0.83,447,200,4503.0,68.043894,0.8,1.0,1,1,1,1,1,1,0,1,1,0,1,0,0,10,33.0,50.0
14414,40.41425,-3.72546,4,0.0,1.0,39.0,0.0,10,0.0,153,200,2287.0,47.008319,4.7,1.0,1,0,0,0,0,1,0,1,1,0,1,0,0,3,33.0,50.0
14415,40.47385,-3.72843,2,1.0,2.0,250.0,100.0,1,0.18,94,50,3545.0,57.198083,16.4,1.0,0,0,0,0,0,1,0,0,0,0,1,0,0,5,18.0,200.0
14416,40.40696,-3.70063,3,2.0,2.0,43.0,83.0,20,0.91,328,200,4503.0,68.043894,0.8,1.0,1,0,0,0,0,1,0,1,1,0,1,0,0,9,25.5,50.0
14417,40.3839,-3.6625,3,2.0,2.0,100.0,100.0,3,0.06,225,200,1890.0,41.443535,5.0,1.0,1,0,0,0,0,1,0,0,0,0,1,0,0,5,25.5,100.0
14418,40.43066,-3.72151,5,2.0,3.0,81.0,100.0,1,0.13,175,200,3555.0,63.451906,5.9,1.5,1,0,0,0,0,1,0,0,0,0,1,0,0,3,42.0,100.0
14419,40.45885,-3.65835,1,1.0,2.0,50.0,100.0,1,0.06,133,50,2893.0,50.090625,6.5,1.0,1,0,0,0,0,1,0,0,1,0,1,0,0,5,10.5,50.0
14420,40.40843,-3.70112,2,1.0,1.0,33.0,100.0,1,0.18,311,50,4503.0,68.043894,0.8,1.0,0,0,0,0,0,1,0,0,1,0,0,0,0,6,18.0,50.0
14421,40.41633,-3.70265,2,2.0,1.0,97.0,100.0,1,0.06,228,200,4503.0,68.043894,0.8,1.0,1,0,0,0,0,0,0,1,1,0,1,0,0,3,18.0,100.0
14422,40.41222,-3.71112,2,0.0,1.0,37.0,97.0,1,4.31,255,200,4503.0,68.043894,0.8,1.0,1,0,0,0,0,1,0,0,0,1,0,0,0,4,18.0,50.0
14423,40.40538,-3.68087,4,0.0,2.0,50.0,100.0,2,0.06,283,200,4220.0,63.672727,3.2,1.0,1,0,0,0,0,1,0,1,0,0,1,0,0,8,33.0,50.0
14424,40.42155,-3.70863,4,1.0,2.0,103.0,98.0,5,4.05,1000,200,4503.0,68.043894,0.8,1.5,1,0,0,0,0,1,0,1,1,1,1,1,1,3,34.5,150.0
14425,40.47287,-3.6525,3,2.0,2.0,75.0,80.0,1,0.06,156,200,3312.0,62.061453,9.2,1.0,1,1,1,1,1,1,0,0,0,0,0,0,0,3,25.5,100.0
14426,40.42242,-3.70748,4,1.0,2.0,150.0,93.0,8,1.93,368,200,4503.0,68.043894,0.8,1.0,1,0,0,0,0,1,0,0,0,1,1,0,0,0,33.0,150.0
14427,40.43349,-3.67074,2,1.0,2.0,46.0,100.0,1,0.06,165,50,5328.0,74.694253,2.2,1.0,1,0,0,0,0,1,0,1,1,0,1,0,0,3,18.0,50.0
14428,40.41574,-3.69941,4,0.0,2.0,74.0,98.0,1,1.46,500,200,4503.0,68.043894,0.8,1.0,1,0,0,0,0,1,0,1,1,1,0,0,1,3,33.0,100.0
14429,40.40968,-3.70615,4,1.0,2.0,85.0,0.0,2,0.0,280,200,4503.0,68.043894,0.8,1.0,1,0,0,0,0,1,0,1,0,0,1,0,0,3,33.0,100.0
14430,40.43725,-3.65266,2,2.0,1.0,500.0,100.0,1,0.18,373,200,2893.0,50.090625,6.5,1.0,1,0,0,0,0,1,0,0,1,0,1,0,1,3,18.0,200.0
14431,40.40017,-3.69843,2,1.0,1.0,17.0,89.0,2,1.34,352,50,3917.0,55.025641,1.9,1.5,0,0,0,0,0,1,0,1,1,0,1,0,0,7,19.5,50.0
14432,40.42331,-3.70369,2,1.0,1.0,21.0,100.0,5,0.86,139,50,4503.0,68.043894,0.8,1.5,0,1,1,1,1,1,0,0,0,0,1,0,0,3,19.5,50.0
14433,40.41811,-3.69929,6,2.0,3.0,159.0,100.0,5,0.48,311,200,4503.0,68.043894,0.8,2.0,1,0,0,0,0,1,0,1,0,0,1,0,0,0,51.0,200.0
14434,40.47133,-3.58712,6,3.0,4.0,84.0,100.0,1,0.55,951,200,3047.0,56.183432,11.8,1.0,1,0,0,0,0,1,0,1,0,0,1,0,0,3,48.0,100.0
14435,40.41512,-3.69894,2,1.0,1.0,125.0,100.0,1,0.07,174,50,4503.0,68.043894,0.8,1.0,1,0,0,0,0,1,0,1,0,0,1,0,0,0,18.0,150.0
14436,40.41746,-3.70508,4,0.0,3.0,450.0,0.0,25,0.0,93,200,4503.0,68.043894,0.8,1.0,1,0,0,0,0,0,0,1,1,0,0,0,0,7,33.0,200.0
14437,40.41209,-3.70717,2,0.0,1.0,65.0,90.0,1,0.36,416,200,4503.0,68.043894,0.8,1.5,1,0,0,0,0,1,0,1,1,0,0,0,0,6,19.5,100.0
14438,40.42094,-3.70459,4,1.0,1.0,65.0,80.0,1,0.06,164,200,4503.0,68.043894,0.8,1.0,1,0,0,0,0,1,0,1,1,0,0,0,0,9,33.0,100.0
14439,40.42484,-3.70263,3,2.0,2.0,106.0,100.0,1,0.12,339,200,4503.0,68.043894,0.8,1.5,1,0,0,0,0,1,0,1,1,0,0,0,0,5,27.0,150.0
14440,40.46482,-3.74817,1,1.0,1.0,18.0,0.0,1,0.0,451,50,3555.0,63.451906,5.9,1.0,0,0,0,0,0,1,0,0,1,1,1,0,0,5,10.5,50.0
14441,40.41248,-3.72839,2,1.0,1.0,54.0,0.0,1,0.0,84,50,2287.0,47.008319,4.7,1.0,1,0,0,0,0,1,0,0,0,0,0,0,0,5,18.0,100.0
14442,40.41987,-3.68854,4,2.0,2.0,144.0,100.0,8,0.06,177,200,4220.0,63.672727,3.2,2.5,1,0,0,0,0,1,0,1,1,0,0,0,0,5,37.5,150.0
14443,40.42576,-3.7036,4,1.0,1.0,110.0,80.0,1,0.06,134,200,4503.0,68.043894,0.8,1.0,1,0,0,0,0,1,0,0,1,0,0,0,0,6,33.0,150.0
14444,40.38181,-3.72693,1,1.0,2.0,17.0,100.0,1,0.24,462,50,2195.0,47.402837,6.6,1.5,0,0,0,0,0,1,0,1,0,0,1,0,0,6,12.0,50.0
14445,40.45694,-3.59382,1,1.0,1.0,49.0,0.0,3,0.0,159,50,3047.0,56.183432,11.8,1.0,1,0,0,0,0,1,0,0,0,0,1,0,0,7,10.5,50.0
14446,40.42078,-3.70272,4,2.0,3.0,120.0,94.0,1,0.61,376,200,4503.0,68.043894,0.8,2.0,1,0,0,0,0,1,0,1,0,0,1,0,0,3,36.0,150.0
14447,40.39096,-3.66102,6,2.0,3.0,49.0,95.0,2,0.25,315,200,1890.0,41.443535,5.0,1.0,1,0,0,0,0,1,0,1,0,0,0,0,0,3,48.0,50.0
14449,40.42658,-3.71827,9,4.0,7.0,310.0,100.0,1,0.37,258,200,3555.0,63.451906,5.9,3.0,1,0,0,0,0,1,0,1,1,0,1,0,0,6,76.5,200.0
14450,40.45474,-3.69295,3,1.0,2.0,80.0,100.0,1,0.06,273,200,3476.0,60.621287,5.9,1.0,1,0,0,0,0,1,0,1,1,1,0,0,0,5,25.5,100.0
14451,40.41984,-3.69862,3,1.0,2.0,41.0,85.0,2,0.25,171,200,4503.0,68.043894,0.8,1.0,1,0,0,0,0,0,0,1,1,0,0,0,0,5,25.5,50.0
14452,40.45763,-3.69194,2,1.0,2.0,37.0,80.0,1,0.13,204,50,3476.0,60.621287,5.9,1.0,1,0,0,0,0,1,0,0,1,0,1,0,0,3,18.0,50.0
14453,40.457,-3.6925,4,1.0,1.0,102.0,0.0,1,0.0,157,50,3476.0,60.621287,5.9,1.0,0,1,1,1,1,1,0,0,1,0,0,0,0,6,33.0,150.0
14454,40.41409,-3.70105,4,1.0,2.0,69.0,91.0,25,1.16,553,200,4503.0,68.043894,0.8,1.0,1,0,0,1,0,1,0,1,0,1,0,1,1,6,33.0,100.0
14455,40.41624,-3.70174,2,1.0,2.0,86.0,100.0,3,0.14,333,50,4503.0,68.043894,0.8,1.0,1,0,0,0,1,1,0,1,1,0,1,0,0,3,18.0,100.0
14456,40.41624,-3.70174,3,1.0,3.0,97.0,0.0,3,0.0,479,50,4503.0,68.043894,0.8,1.5,1,0,0,0,0,1,0,0,0,1,1,0,0,3,27.0,100.0
14457,40.41624,-3.70174,4,1.0,4.0,117.0,0.0,3,0.0,321,50,4503.0,68.043894,0.8,1.0,1,0,0,0,0,1,0,1,0,0,1,0,0,3,33.0,150.0
14458,40.47165,-3.6372,1,0.0,1.0,50.0,0.0,1,0.0,227,50,3312.0,62.061453,9.2,1.0,0,0,0,0,0,1,0,0,1,0,0,0,0,3,10.5,50.0
14459,40.46309,-3.71815,1,1.0,1.0,19.0,95.0,1,0.24,304,50,3555.0,63.451906,5.9,1.5,0,0,0,0,0,1,0,0,1,0,0,0,0,3,12.0,50.0
14460,40.41875,-3.70434,11,3.0,5.0,264.0,100.0,2,0.13,197,200,4503.0,68.043894,0.8,2.5,1,0,0,0,0,1,0,1,1,0,0,0,0,0,90.0,200.0
14461,40.42442,-3.70481,1,1.0,1.0,35.0,100.0,9,0.06,307,200,4503.0,68.043894,0.8,1.0,1,0,0,0,0,1,0,1,0,0,1,0,0,10,10.5,50.0
14462,40.41993,-3.61799,2,1.0,1.0,30.0,100.0,1,0.36,168,50,2477.0,70.967532,7.3,1.5,0,0,0,0,0,1,0,0,1,0,1,0,0,3,19.5,50.0
14464,40.41167,-3.71222,4,2.0,2.0,117.0,90.0,3,0.37,197,200,4503.0,68.043894,0.8,1.5,1,0,0,0,0,1,0,1,0,0,0,0,0,3,34.5,150.0
14465,40.3864,-3.64936,4,1.0,3.0,33.0,91.0,1,0.68,360,200,1890.0,41.443535,5.0,1.0,1,0,0,0,0,1,0,0,0,0,1,0,0,3,33.0,50.0
14466,40.41066,-3.7101,6,3.0,3.0,131.0,87.0,3,0.79,218,200,4503.0,68.043894,0.8,2.0,1,0,0,0,0,1,0,1,0,0,1,0,0,3,51.0,150.0
14467,40.45459,-3.70256,1,1.0,1.0,20.0,100.0,3,0.06,146,200,3476.0,60.621287,5.9,1.0,1,1,1,1,1,1,0,0,1,0,1,0,0,9,10.5,50.0
14468,40.39537,-3.66391,4,1.0,1.0,130.0,0.0,1,0.0,521,200,1890.0,41.443535,5.0,2.0,1,0,0,0,0,1,0,0,1,1,1,0,0,8,36.0,150.0
14469,40.41049,-3.7054,4,1.0,2.0,50.0,100.0,1,0.43,542,200,4503.0,68.043894,0.8,1.0,1,0,0,0,0,1,0,1,0,1,0,1,0,5,33.0,50.0
14470,40.45684,-3.68151,1,1.0,1.0,20.0,1.0,1,1.0,186,50,4508.0,67.220486,5.8,1.0,1,1,1,1,1,1,1,1,1,1,1,1,1,8,10.5,50.0
14471,40.44282,-3.69998,2,1.0,2.0,102.0,0.0,1,0.0,124,50,4855.0,64.056634,2.4,1.0,1,1,1,1,1,1,0,0,1,0,0,0,0,5,18.0,150.0
14472,40.41855,-3.70341,4,0.0,3.0,54.0,80.0,3,0.12,181,50,4503.0,68.043894,0.8,1.0,1,1,1,1,1,1,0,0,0,0,0,0,0,7,33.0,100.0
14473,40.41023,-3.69933,4,1.0,4.0,66.0,91.0,1,2.0,321,200,4503.0,68.043894,0.8,1.0,1,0,0,0,0,1,0,1,0,0,0,0,0,3,33.0,100.0
14474,40.40654,-3.6961,1,1.0,1.0,35.0,100.0,2,0.25,212,50,3917.0,55.025641,1.9,1.0,0,0,0,0,0,1,0,0,1,0,1,0,0,10,10.5,50.0
14475,40.42212,-3.67911,8,2.0,5.0,129.0,96.0,2,0.3,269,200,5328.0,74.694253,2.2,1.0,1,0,0,0,0,1,0,1,1,0,1,0,0,3,63.0,150.0
14476,40.41823,-3.7037,3,0.0,2.0,53.0,0.0,3,0.0,181,50,4503.0,68.043894,0.8,1.0,0,1,1,1,1,1,0,0,0,0,0,0,0,7,25.5,100.0
14477,40.4163,-3.70317,2,0.0,1.0,49.0,20.0,3,0.06,201,50,4503.0,68.043894,0.8,1.0,1,1,1,1,1,1,0,1,0,0,0,0,0,7,18.0,50.0
14478,40.34124,-3.70945,1,1.0,1.0,25.0,80.0,4,0.06,175,50,1696.0,37.641618,9.0,1.5,0,1,1,1,1,1,0,1,0,0,1,0,0,4,12.0,50.0
14479,40.43548,-3.67443,4,2.0,4.0,91.0,0.0,5,0.0,239,200,5328.0,74.694253,2.2,1.0,1,1,1,1,1,1,0,1,1,0,1,0,0,7,33.0,100.0
14480,40.36725,-3.59553,2,2.0,1.0,33.0,100.0,2,0.12,244,50,2382.0,49.659794,11.0,1.5,1,1,1,1,1,1,1,1,1,1,1,1,1,3,19.5,50.0
14481,40.4261,-3.71025,2,1.0,1.0,80.0,100.0,2,0.13,232,200,4503.0,68.043894,0.8,1.0,1,1,1,1,1,1,1,1,1,1,1,1,1,11,18.0,100.0
14482,40.37916,-3.6677,2,1.0,1.0,30.0,90.0,2,0.12,220,50,1890.0,41.443535,5.0,1.0,0,1,1,1,1,1,0,0,1,0,1,0,0,5,18.0,50.0
14483,40.42404,-3.67895,6,2.0,3.0,116.0,90.0,2,0.13,311,200,5328.0,74.694253,2.2,1.0,1,0,0,0,0,1,0,1,1,0,1,0,0,3,48.0,150.0
14484,40.41476,-3.70226,2,1.0,1.0,50.0,92.0,1,0.3,184,50,4503.0,68.043894,0.8,1.0,1,0,0,0,0,1,0,0,1,0,1,0,0,6,18.0,50.0
14485,40.48213,-3.6323,10,5.0,9.0,400.0,100.0,1,0.24,880,200,3312.0,62.061453,9.2,4.0,1,0,0,0,0,1,0,1,0,1,1,0,0,5,87.0,200.0
14486,40.41301,-3.69788,2,1.0,1.0,29.0,100.0,2,0.13,66,50,4503.0,68.043894,0.8,1.0,0,0,0,0,0,1,0,0,0,0,0,0,0,3,18.0,50.0
14487,40.45736,-3.59394,1,1.0,1.0,59.0,0.0,3,0.0,198,50,3047.0,56.183432,11.8,1.0,0,0,0,0,0,1,0,1,0,0,1,0,0,7,10.5,100.0
14489,40.45169,-3.69844,2,1.0,2.0,30.0,97.0,2,0.9,316,50,3476.0,60.621287,5.9,1.0,0,0,0,0,0,1,0,1,0,0,1,0,0,6,18.0,50.0
14490,40.40953,-3.65309,2,3.0,1.0,56.0,100.0,1,0.25,120,200,2547.0,45.581197,5.0,1.0,1,0,0,0,0,1,0,0,0,0,1,0,0,3,18.0,100.0
14491,40.47205,-3.70128,4,2.0,2.0,650.0,0.0,1,0.0,215,200,3476.0,60.621287,5.9,1.0,1,0,0,0,0,1,0,0,0,0,0,0,0,3,33.0,200.0
14492,40.41556,-3.70117,6,2.0,4.0,71.0,90.0,1,0.39,345,200,4503.0,68.043894,0.8,2.0,1,0,0,0,0,1,0,1,1,0,0,0,0,3,51.0,100.0
14493,40.42198,-3.68774,2,1.0,2.0,50.0,80.0,12,0.8,687,200,5328.0,74.694253,2.2,1.0,1,0,0,0,0,1,0,1,1,0,1,1,0,9,18.0,50.0
14494,40.42522,-3.70281,2,1.0,1.0,90.0,0.0,1,0.0,118,200,4503.0,68.043894,0.8,1.0,1,0,0,0,0,1,0,0,1,0,0,0,0,3,18.0,100.0
14495,40.42062,-3.67789,6,3.0,4.0,114.0,100.0,1,0.06,212,200,4220.0,63.672727,3.2,1.5,1,0,0,0,0,0,0,1,1,0,1,0,0,3,49.5,150.0
14496,40.42623,-3.70402,2,1.0,1.0,125.0,85.0,5,0.27,218,200,4503.0,68.043894,0.8,1.0,1,1,1,1,1,1,0,1,0,0,0,0,0,9,18.0,150.0
14497,40.43487,-3.69847,5,3.0,3.0,150.0,0.0,1,0.0,182,200,4855.0,64.056634,2.4,1.5,1,0,0,0,0,1,0,0,1,0,1,0,0,5,42.0,150.0
14498,40.45206,-3.5915,4,1.0,2.0,100.0,0.0,1,0.0,459,50,3047.0,56.183432,11.8,2.0,0,0,0,0,0,1,1,0,1,1,1,0,0,6,36.0,100.0
14499,40.39847,-3.76851,1,0.0,1.0,18.0,100.0,2,0.51,107,50,2287.0,47.008319,4.7,0.0,1,1,1,1,1,1,0,0,0,0,0,0,0,3,7.5,50.0
14500,40.45911,-3.68645,5,2.0,3.0,85.0,100.0,1,0.18,320,200,4508.0,67.220486,5.8,1.0,1,0,0,0,0,1,0,1,1,0,0,0,0,7,40.5,100.0
14501,40.45632,-3.69843,2,1.0,1.0,31.0,60.0,1,0.07,172,50,3476.0,60.621287,5.9,1.0,0,0,0,0,0,1,0,1,0,0,0,0,0,5,18.0,50.0
14502,40.42039,-3.70127,2,1.0,2.0,30.0,100.0,1,0.81,416,50,4503.0,68.043894,0.8,1.5,0,0,0,0,0,1,0,1,1,0,0,0,0,3,19.5,50.0
14503,40.412,-3.70593,1,0.0,1.0,20.0,90.0,1,0.13,83,50,4503.0,68.043894,0.8,1.0,0,0,0,0,0,0,0,0,0,0,0,0,0,4,10.5,50.0
14504,40.41215,-3.71271,3,0.0,2.0,47.0,100.0,1,0.06,140,50,4503.0,68.043894,0.8,1.0,0,0,0,0,0,1,0,0,1,0,1,0,0,7,25.5,50.0
14505,40.45551,-3.58547,1,1.0,2.0,40.0,0.0,1,0.0,172,50,3047.0,56.183432,11.8,0.0,1,1,1,1,1,1,0,1,1,0,0,0,0,5,7.5,50.0
14506,40.4088,-3.71,6,1.0,1.0,172.0,0.0,4,0.0,236,200,4503.0,68.043894,0.8,1.0,1,0,0,0,0,1,0,1,1,0,0,0,0,3,48.0,200.0
14507,40.43156,-3.68691,3,1.0,2.0,40.0,100.0,1,0.12,245,200,5328.0,74.694253,2.2,1.5,1,0,0,0,0,1,0,1,0,1,1,0,0,7,27.0,50.0
14508,40.39166,-3.64258,2,1.0,1.0,16.0,88.0,1,0.5,383,50,1890.0,41.443535,5.0,1.0,0,0,0,0,0,1,0,0,1,0,0,0,0,3,18.0,50.0
14509,40.42487,-3.68135,5,2.0,3.0,136.0,98.0,13,0.81,421,200,5328.0,74.694253,2.2,1.0,1,0,0,0,0,1,0,1,1,1,1,0,0,4,40.5,150.0
14510,40.45637,-3.67415,1,1.0,2.0,52.0,0.0,1,0.0,212,50,4508.0,67.220486,5.8,1.0,1,0,0,0,0,1,0,1,1,0,1,0,0,4,10.5,100.0
14511,40.41882,-3.70521,4,1.0,2.0,72.0,93.0,12,0.67,317,200,4503.0,68.043894,0.8,1.0,1,0,0,0,0,1,0,1,1,0,1,0,0,6,33.0,100.0
14512,40.42523,-3.69534,7,3.0,3.0,221.0,83.0,3,0.42,370,200,4503.0,68.043894,0.8,3.0,1,0,0,0,0,1,0,1,0,1,1,0,0,8,61.5,200.0
14513,40.47121,-3.69939,4,2.0,2.0,650.0,0.0,1,0.0,196,200,3476.0,60.621287,5.9,1.0,1,0,0,0,0,1,0,0,0,0,1,0,0,3,33.0,200.0
14514,40.41606,-3.70165,4,1.0,2.0,100.0,90.0,14,0.26,255,200,4503.0,68.043894,0.8,1.0,1,0,0,0,0,1,0,1,0,1,0,0,0,8,33.0,100.0
14515,40.48857,-3.66596,5,0.0,4.0,96.0,83.0,24,0.57,198,200,3312.0,62.061453,9.2,1.0,1,0,0,0,0,1,0,1,0,0,0,0,0,5,40.5,100.0
14516,40.4648,-3.74878,2,1.0,1.0,47.0,0.0,1,0.0,55,50,3555.0,63.451906,5.9,0.0,1,0,0,0,0,1,0,0,0,0,0,0,0,3,15.0,50.0
14517,40.39702,-3.65975,2,0.0,1.0,23.0,85.0,2,0.54,144,50,1890.0,41.443535,5.0,1.0,0,1,1,1,1,1,0,1,0,0,0,0,0,3,18.0,50.0
14518,40.42713,-3.6431,1,1.0,1.0,41.0,90.0,6,1.51,351,50,2893.0,50.090625,6.5,1.0,0,0,0,0,0,1,0,1,0,0,1,0,0,3,10.5,50.0
14519,40.39278,-3.71021,1,1.0,1.0,20.0,95.0,2,0.24,290,50,2195.0,47.402837,6.6,1.5,0,0,0,0,0,1,0,0,0,1,1,0,0,3,12.0,50.0
14520,40.40841,-3.70071,3,1.0,2.0,71.0,100.0,1,0.2,406,200,4503.0,68.043894,0.8,1.0,1,0,0,0,0,1,0,0,0,1,1,0,0,3,25.5,100.0
14521,40.42162,-3.70502,6,2.0,2.0,200.0,100.0,45,0.13,375,200,4503.0,68.043894,0.8,1.0,1,0,0,0,0,1,0,1,0,0,1,0,0,4,48.0,200.0
14522,40.46918,-3.68628,1,1.0,1.0,40.0,97.0,2,0.43,237,200,4508.0,67.220486,5.8,1.0,1,0,0,0,0,1,0,0,1,0,1,0,0,3,10.5,50.0
14523,40.42049,-3.70737,4,1.0,2.0,104.0,88.0,2,0.31,275,200,4503.0,68.043894,0.8,1.0,1,0,0,0,0,1,0,1,1,0,0,0,0,3,33.0,150.0
14524,40.42062,-3.70635,6,2.0,3.0,339.0,100.0,2,0.21,267,200,4503.0,68.043894,0.8,3.0,1,0,0,0,0,1,0,1,0,0,0,0,0,3,54.0,200.0
14525,40.4833,-3.72127,4,2.0,2.0,70.0,0.0,1,0.0,201,200,3545.0,57.198083,16.4,1.0,1,0,0,0,0,1,0,0,0,0,0,0,0,3,33.0,100.0
14526,40.40603,-3.64113,4,2.0,2.0,78.0,0.0,1,0.0,171,200,2547.0,45.581197,5.0,1.0,1,0,0,0,0,1,0,1,0,0,0,0,0,0,33.0,100.0
14527,40.41284,-3.70352,2,1.0,1.0,23.0,0.0,1,0.06,140,50,4503.0,68.043894,0.8,1.0,0,0,0,0,0,1,0,0,0,0,0,0,0,5,18.0,50.0
14528,40.42565,-3.67298,2,1.0,1.0,25.0,98.0,1,1.16,382,50,5328.0,74.694253,2.2,1.0,1,0,0,0,0,1,0,0,1,1,1,0,0,6,18.0,50.0
14529,40.43714,-3.67353,2,1.0,1.0,68.0,0.0,3,0.0,146,50,5328.0,74.694253,2.2,1.0,0,0,0,0,0,1,0,0,1,0,1,0,0,8,18.0,100.0
14530,40.43887,-3.71112,2,1.0,1.0,35.0,100.0,1,0.18,176,50,4855.0,64.056634,2.4,1.0,0,1,1,1,1,1,0,1,1,0,0,0,0,9,18.0,50.0
14531,40.41891,-3.69821,6,2.0,3.0,156.0,100.0,5,0.25,311,200,4503.0,68.043894,0.8,2.0,1,0,0,0,0,1,0,1,0,0,1,0,0,0,51.0,200.0
14532,40.38312,-3.62279,2,1.0,2.0,30.0,0.0,1,0.0,128,50,2382.0,49.659794,11.0,1.0,1,0,0,0,0,1,0,0,0,0,1,0,0,5,18.0,50.0
14533,40.41917,-3.69915,6,2.0,3.0,143.0,97.0,5,0.75,340,200,4503.0,68.043894,0.8,2.5,1,0,0,0,0,1,0,1,0,1,1,0,0,0,52.5,150.0
14534,40.46424,-3.64928,1,1.0,2.0,91.0,0.0,1,0.0,93,50,3312.0,62.061453,9.2,1.0,1,0,0,0,0,1,0,0,1,0,1,0,0,3,10.5,100.0
14535,40.43258,-3.70042,4,1.0,2.0,49.0,94.0,1,0.67,337,200,4855.0,64.056634,2.4,1.0,1,0,0,0,0,1,0,0,0,0,0,0,0,6,33.0,50.0
14536,40.42026,-3.70718,14,3.0,7.0,420.0,0.0,2,0.0,332,200,4503.0,68.043894,0.8,4.0,1,0,0,0,0,1,0,1,1,0,1,0,0,7,117.0,200.0
14537,40.42021,-3.70889,2,1.0,1.0,51.0,95.0,6,0.25,268,50,4503.0,68.043894,0.8,1.5,0,0,0,0,0,1,0,1,1,0,0,0,0,3,19.5,100.0
14538,40.4147,-3.69902,4,1.0,1.0,1139.0,90.0,27,0.12,141,200,4503.0,68.043894,0.8,1.0,1,0,0,0,0,1,0,0,0,0,0,0,0,7,33.0,200.0
14539,40.45051,-3.56808,2,1.0,2.0,33.0,100.0,10,0.07,391,50,3047.0,56.183432,11.8,1.0,1,0,0,0,0,1,0,1,1,0,1,0,0,3,18.0,50.0
14540,40.40972,-3.70516,5,2.0,3.0,59.0,100.0,43,0.07,397,200,4503.0,68.043894,0.8,1.0,1,0,0,0,0,1,0,0,0,0,0,0,0,6,40.5,100.0
14541,40.45015,-3.56646,2,1.0,1.0,25.0,0.0,10,0.0,327,50,3047.0,56.183432,11.8,1.0,1,0,0,0,0,1,0,1,1,0,1,0,0,3,18.0,50.0
14542,40.45051,-3.56782,2,1.0,1.0,25.0,100.0,10,0.12,331,50,3047.0,56.183432,11.8,1.0,1,0,0,0,0,1,0,1,0,0,1,0,0,3,18.0,50.0
14543,40.45048,-3.56779,4,1.0,4.0,75.0,0.0,10,0.0,344,50,3047.0,56.183432,11.8,1.0,0,0,0,0,0,1,0,1,1,0,1,0,0,3,33.0,100.0
14544,40.44992,-3.56826,2,1.0,1.0,75.0,0.0,10,0.0,344,50,3047.0,56.183432,11.8,1.0,1,0,0,0,0,1,0,1,1,0,1,0,0,3,18.0,100.0
14545,40.53623,-3.7026,6,0.0,4.0,35.0,92.0,1,1.05,611,200,3545.0,57.198083,16.4,1.0,1,0,0,0,0,1,0,0,0,1,0,0,1,8,48.0,50.0
14546,40.44836,-3.56681,3,1.0,2.0,75.0,0.0,10,0.0,300,50,2477.0,70.967532,7.3,1.0,1,0,0,0,0,1,0,1,1,0,1,0,0,3,25.5,100.0
14547,40.44849,-3.56706,3,1.0,2.0,33.0,0.0,10,0.0,327,50,2477.0,70.967532,7.3,1.0,1,0,0,0,0,1,0,1,1,0,1,0,0,3,25.5,50.0
14548,40.42715,-3.67801,1,0.0,1.0,35.0,0.0,1,0.0,117,50,5328.0,74.694253,2.2,1.0,0,1,1,1,1,1,0,0,0,0,0,0,0,3,10.5,50.0
14549,40.45006,-3.56633,2,1.0,2.0,37.0,0.0,10,0.0,344,50,3047.0,56.183432,11.8,1.0,0,0,0,0,0,1,0,1,1,0,1,0,0,3,18.0,50.0
14550,40.42411,-3.61895,1,1.0,1.0,13.0,0.0,2,0.0,433,50,2477.0,70.967532,7.3,1.0,0,0,0,0,0,1,0,0,0,0,1,0,0,3,10.5,50.0
14551,40.43265,-3.61723,1,1.0,1.0,45.0,100.0,1,0.12,305,50,2477.0,70.967532,7.3,1.0,0,0,0,0,0,1,0,1,0,0,1,0,0,5,10.5,50.0
14552,40.36732,-3.76196,1,1.0,1.0,40.0,0.0,3,0.0,124,50,2195.0,47.402837,6.6,1.0,0,1,1,1,1,1,0,0,1,0,0,0,0,4,10.5,50.0
14553,40.41616,-3.7132,1,1.0,2.0,55.0,0.0,1,0.0,269,50,4503.0,68.043894,0.8,1.0,1,0,0,0,0,1,0,1,0,0,1,0,0,3,10.5,100.0
14554,40.42202,-3.69924,2,0.0,1.0,61.0,95.0,1,1.39,298,200,4503.0,68.043894,0.8,1.0,1,0,0,0,0,1,0,1,0,0,1,0,0,3,18.0,100.0
14555,40.44813,-3.56796,2,1.0,2.0,95.0,0.0,10,0.0,161,50,2477.0,70.967532,7.3,1.0,0,0,0,0,0,0,0,1,1,0,0,0,0,3,18.0,100.0
14556,40.46463,-3.59633,2,1.0,2.0,33.0,100.0,10,0.06,219,50,3047.0,56.183432,11.8,1.0,0,0,0,0,0,1,0,1,1,0,1,0,0,3,18.0,50.0
14557,40.41922,-3.70136,3,1.0,2.0,70.0,80.0,3,0.82,176,200,4503.0,68.043894,0.8,1.0,1,1,1,1,1,1,0,1,1,0,0,0,0,7,25.5,100.0
14558,40.4093,-3.69192,4,2.0,3.0,102.0,87.0,4,0.55,309,200,4220.0,63.672727,3.2,1.0,1,0,0,0,0,1,0,1,1,0,0,0,0,3,33.0,150.0
14561,40.40195,-3.69371,6,2.0,3.0,77.0,90.0,20,0.21,490,200,3917.0,55.025641,1.9,1.0,1,0,0,0,0,1,0,1,1,0,1,0,1,8,48.0,100.0
14562,40.42758,-3.65943,2,1.0,1.0,38.0,98.0,1,0.73,399,200,2893.0,50.090625,6.5,1.0,1,0,0,0,0,1,0,1,0,0,1,0,0,6,18.0,50.0
14563,40.39224,-3.65746,2,1.0,1.0,21.0,92.0,1,0.33,130,50,1890.0,41.443535,5.0,1.0,0,0,0,0,0,1,0,0,0,0,0,0,0,3,18.0,50.0
14564,40.40246,-3.68964,2,1.0,1.0,115.0,100.0,1,0.06,194,50,3917.0,55.025641,1.9,1.0,0,1,1,1,1,1,0,0,1,0,1,0,0,3,18.0,150.0
14565,40.4223,-3.70405,1,1.0,1.0,50.0,0.0,2,0.0,141,50,4503.0,68.043894,0.8,1.5,0,0,0,0,0,1,0,0,1,0,1,0,0,0,12.0,50.0
14566,40.41899,-3.70324,8,3.0,6.0,172.0,94.0,2,0.9,267,200,4503.0,68.043894,0.8,2.0,1,0,0,0,0,1,0,1,0,0,0,0,0,3,66.0,200.0
14567,40.3808,-3.76825,1,1.0,1.0,20.0,0.0,1,0.0,148,50,2287.0,47.008319,4.7,1.0,0,0,0,0,0,1,0,0,0,0,0,0,0,3,10.5,50.0
14568,40.41176,-3.70044,2,1.0,1.0,29.0,100.0,1,0.19,115,50,4503.0,68.043894,0.8,1.5,0,0,0,0,0,1,0,0,0,0,1,0,0,7,19.5,50.0
14569,40.42335,-3.70385,2,1.0,1.0,52.0,100.0,1,0.91,506,200,4503.0,68.043894,0.8,1.0,1,0,0,0,0,1,0,0,0,1,1,0,0,4,18.0,100.0
14570,40.39331,-3.69185,2,1.0,1.0,120.0,0.0,1,0.0,110,50,3917.0,55.025641,1.9,1.0,1,1,1,1,1,1,0,1,0,0,1,0,0,3,18.0,150.0
14572,40.4185,-3.6775,2,2.0,2.0,70.0,0.0,1,0.0,130,200,4220.0,63.672727,3.2,1.0,1,0,0,0,0,1,0,0,0,0,1,0,0,5,18.0,100.0
14573,40.39733,-3.666,3,1.0,1.0,35.0,100.0,1,0.06,302,200,1890.0,41.443535,5.0,1.0,1,0,0,0,0,1,0,1,0,0,1,0,0,3,25.5,50.0
14574,40.36767,-3.76339,1,1.0,1.0,40.0,1.0,3,1.0,144,50,2287.0,47.008319,4.7,1.5,1,1,1,1,1,1,1,1,1,1,1,1,1,4,12.0,50.0
14575,40.42816,-3.68509,4,2.0,4.0,143.0,100.0,1,0.06,367,200,5328.0,74.694253,2.2,3.0,1,0,0,0,0,1,0,1,1,0,1,0,0,3,39.0,150.0
14576,40.40994,-3.71118,4,1.0,2.0,109.0,100.0,1,0.06,154,200,4503.0,68.043894,0.8,1.0,1,0,0,0,0,1,0,1,0,0,1,0,0,5,33.0,150.0
14577,40.39762,-3.69484,2,2.0,2.0,85.0,0.0,2,0.0,134,200,3917.0,55.025641,1.9,1.0,1,0,0,0,0,1,0,0,0,0,0,0,0,3,18.0,100.0
14578,40.41263,-3.70739,1,1.0,2.0,48.0,0.0,1,0.0,211,50,4503.0,68.043894,0.8,1.0,0,0,0,0,0,1,0,0,1,0,1,0,0,3,10.5,50.0
14579,40.40151,-3.69058,1,1.0,1.0,35.0,100.0,1,0.68,244,50,3917.0,55.025641,1.9,1.0,1,0,0,0,0,1,0,1,1,1,1,0,0,10,10.5,50.0
14580,40.42499,-3.68568,1,1.0,1.0,30.0,0.0,3,0.0,84,50,5328.0,74.694253,2.2,1.0,0,0,0,0,0,1,0,0,0,0,0,0,0,8,10.5,50.0
14581,40.42857,-3.67379,4,1.0,2.0,64.0,100.0,1,0.21,234,200,5328.0,74.694253,2.2,1.0,1,0,0,0,0,1,0,0,1,1,0,0,0,7,33.0,100.0
14582,40.42413,-3.65609,2,1.0,1.0,17.0,94.0,2,3.5,319,50,2893.0,50.090625,6.5,1.0,0,0,0,0,0,1,0,0,1,1,0,0,0,6,18.0,50.0
14583,40.4111,-3.69861,2,1.0,2.0,29.0,87.0,1,0.19,139,50,4503.0,68.043894,0.8,1.0,1,0,0,0,0,1,0,0,0,0,1,0,0,3,18.0,50.0
14584,40.44529,-3.70382,9,2.0,4.0,300.0,92.0,2,0.35,251,200,4855.0,64.056634,2.4,2.0,1,0,0,0,0,1,0,1,0,0,0,0,0,3,73.5,200.0
14585,40.43992,-3.70967,2,1.0,1.0,52.0,100.0,1,0.06,173,50,4855.0,64.056634,2.4,1.0,0,1,1,1,1,1,0,0,1,0,1,0,0,3,18.0,100.0
14586,40.41173,-3.70497,9,2.0,5.0,300.0,63.0,2,0.53,251,200,4503.0,68.043894,0.8,2.0,1,0,0,0,0,1,0,1,0,0,0,0,0,3,73.5,200.0
14588,40.41467,-3.70149,4,2.0,2.0,62.0,0.0,1,0.0,329,200,4503.0,68.043894,0.8,1.0,1,0,0,0,0,1,0,0,0,0,1,0,0,3,33.0,100.0
14589,40.38758,-3.65423,1,1.0,1.0,21.0,95.0,11,1.07,174,50,1890.0,41.443535,5.0,1.0,0,0,0,0,0,1,0,0,0,0,0,0,0,6,10.5,50.0
14590,40.38838,-3.75681,4,2.0,2.0,70.0,100.0,1,0.06,180,200,2287.0,47.008319,4.7,1.0,1,0,0,0,0,1,0,1,0,0,0,0,0,3,33.0,100.0
14591,40.4101,-3.72162,2,1.0,2.0,53.0,100.0,1,0.13,237,200,3917.0,55.025641,1.9,1.0,1,0,0,0,0,1,0,0,1,0,0,0,0,6,18.0,100.0
14592,40.38753,-3.65424,2,1.0,1.0,23.0,98.0,11,1.29,188,50,1890.0,41.443535,5.0,1.0,0,0,0,0,0,1,0,0,0,0,1,0,0,6,18.0,50.0
14593,40.41596,-3.70211,3,1.0,2.0,38.0,0.0,10,0.0,267,50,4503.0,68.043894,0.8,1.0,1,0,0,0,0,1,0,1,0,0,0,0,0,7,25.5,50.0
14594,40.41809,-3.70352,2,1.0,1.0,32.0,80.0,10,0.07,392,50,4503.0,68.043894,0.8,1.0,0,1,1,1,1,1,0,0,0,0,0,0,0,7,18.0,50.0
14595,40.43099,-3.65151,4,2.0,3.0,50.0,0.0,3,0.0,487,50,2893.0,50.090625,6.5,1.0,0,0,0,0,0,1,0,1,0,1,1,0,0,6,33.0,50.0
14596,40.43068,-3.65478,3,2.0,2.0,50.0,100.0,3,0.15,487,50,2893.0,50.090625,6.5,1.0,0,0,0,0,0,1,0,1,0,1,1,0,0,6,25.5,50.0
14597,40.41117,-3.70724,4,1.0,2.0,99.0,95.0,1,0.28,307,200,4503.0,68.043894,0.8,1.0,1,0,0,0,0,1,0,1,1,0,1,0,0,3,33.0,100.0
14598,40.45924,-3.70705,2,1.0,1.0,35.0,0.0,3,0.0,60,50,3476.0,60.621287,5.9,1.0,0,1,1,1,1,1,0,0,0,0,0,0,0,3,18.0,50.0
14599,40.42713,-3.71368,5,3.0,3.0,288.0,100.0,9,0.06,152,200,3555.0,63.451906,5.9,2.0,1,0,0,0,0,1,0,0,1,0,1,0,0,3,43.5,200.0
14600,40.42026,-3.70633,10,3.0,8.0,900.0,100.0,6,0.07,222,200,4503.0,68.043894,0.8,2.0,1,0,0,0,0,1,0,1,1,0,1,0,0,6,81.0,200.0
14601,40.40807,-3.72269,1,1.0,2.0,20.0,100.0,1,0.06,244,50,2287.0,47.008319,4.7,1.0,1,0,0,0,0,1,0,0,1,0,1,0,0,3,10.5,50.0
14602,40.42509,-3.70588,2,1.0,1.0,45.0,90.0,1,0.25,134,50,4503.0,68.043894,0.8,1.0,0,0,0,0,0,1,0,0,0,0,1,0,0,3,18.0,50.0
14603,40.40116,-3.71042,2,1.0,2.0,54.0,0.0,1,0.0,263,50,3917.0,55.025641,1.9,1.0,1,0,0,0,0,1,0,1,1,0,1,0,0,0,18.0,100.0
14604,40.42257,-3.70376,1,1.0,2.0,50.0,100.0,1,0.06,304,50,4503.0,68.043894,0.8,1.0,0,0,0,0,0,1,0,1,1,0,0,0,0,3,10.5,50.0
14605,40.40113,-3.69352,6,3.0,3.0,108.0,100.0,1,0.25,327,200,3917.0,55.025641,1.9,1.0,1,0,0,0,0,1,0,1,1,0,1,0,0,3,48.0,150.0
14606,40.4412,-3.63173,3,1.0,1.0,38.0,1.0,4,1.0,134,50,2477.0,70.967532,7.3,2.0,1,1,1,1,1,1,1,1,1,1,1,1,1,3,28.5,50.0
14607,40.38913,-3.74029,4,2.0,2.0,72.0,0.0,1,0.0,171,200,2195.0,47.402837,6.6,1.0,1,0,0,0,0,1,0,0,0,0,0,0,0,3,33.0,100.0
14608,40.41534,-3.7056,4,1.0,3.0,200.0,100.0,1,0.07,329,200,4503.0,68.043894,0.8,1.0,1,0,0,0,0,1,0,1,1,0,0,0,0,3,33.0,200.0
14609,40.40014,-3.69371,13,4.0,6.0,258.0,100.0,20,0.07,566,200,3917.0,55.025641,1.9,4.0,1,0,0,0,0,1,0,1,1,1,1,0,0,8,109.5,200.0
14610,40.45474,-3.69295,4,1.0,2.0,105.0,80.0,32,0.13,427,200,3476.0,60.621287,5.9,1.0,1,0,0,0,0,1,0,1,1,0,1,0,0,9,33.0,150.0
14611,40.3924,-3.74437,1,1.0,1.0,25.0,100.0,2,0.06,139,50,2287.0,47.008319,4.7,1.0,0,0,0,0,0,1,0,0,0,0,1,0,0,4,10.5,50.0
14612,40.37233,-3.66013,2,1.0,1.0,62.0,0.0,2,0.0,132,50,1890.0,41.443535,5.0,1.0,1,0,0,0,0,1,0,1,0,0,0,0,0,4,18.0,100.0
14613,40.43629,-3.60937,3,1.0,2.0,64.0,100.0,2,0.61,374,200,2477.0,70.967532,7.3,1.0,1,0,0,0,0,1,0,0,0,0,1,0,0,5,25.5,100.0
14614,40.41628,-3.70083,10,3.0,5.0,255.0,75.0,9,0.32,235,200,4503.0,68.043894,0.8,2.5,1,0,0,0,0,1,0,1,0,0,0,0,0,0,82.5,200.0
14615,40.39212,-3.72791,2,1.0,1.0,48.0,0.0,19,0.0,118,50,2195.0,47.402837,6.6,1.0,0,0,0,0,0,0,0,0,0,0,0,0,0,3,18.0,50.0
14616,40.39284,-3.72618,2,1.0,1.0,48.0,70.0,19,0.13,128,50,2195.0,47.402837,6.6,1.0,0,0,0,0,0,0,0,0,0,0,0,0,0,3,18.0,50.0
14617,40.39155,-3.72812,2,1.0,1.0,18.0,80.0,19,0.24,145,50,2195.0,47.402837,6.6,1.0,0,0,0,0,0,1,0,0,0,0,0,0,0,3,18.0,50.0
14618,40.39127,-3.72719,1,1.0,1.0,18.0,70.0,19,0.3,158,50,2195.0,47.402837,6.6,1.0,0,0,0,0,0,1,0,0,0,0,0,0,0,3,10.5,50.0
14619,40.44903,-3.69632,5,3.0,3.0,127.0,0.0,32,0.0,455,200,3476.0,60.621287,5.9,2.0,1,0,0,0,0,1,0,1,1,0,1,0,0,9,43.5,150.0
14620,40.42541,-3.70023,3,0.0,1.0,65.0,0.0,2,0.0,516,200,4503.0,68.043894,0.8,1.0,1,1,1,1,1,1,0,1,0,0,1,0,0,4,25.5,100.0
14621,40.47677,-3.7337,2,1.0,1.0,71.0,100.0,4,0.07,438,200,3545.0,57.198083,16.4,1.0,1,0,0,0,0,1,1,1,0,0,1,0,0,3,18.0,100.0
14622,40.40202,-3.69351,8,2.0,4.0,109.0,0.0,20,0.0,364,200,3917.0,55.025641,1.9,2.0,1,0,0,0,0,1,0,1,1,0,1,0,0,8,66.0,150.0
14623,40.4101,-3.708,2,1.0,3.0,46.0,87.0,1,0.19,382,200,4503.0,68.043894,0.8,1.5,1,0,0,0,0,1,0,0,1,1,1,0,0,8,19.5,50.0
14624,40.40291,-3.66361,6,3.0,4.0,74.0,92.0,3,1.06,330,200,1890.0,41.443535,5.0,1.0,1,0,0,0,0,1,0,0,0,0,1,0,0,4,48.0,100.0
14625,40.41795,-3.69883,3,2.0,2.0,70.0,100.0,1,0.19,295,200,4503.0,68.043894,0.8,2.0,1,0,0,0,0,1,0,1,0,0,1,0,0,8,28.5,100.0
14626,40.42833,-3.70596,1,1.0,1.0,30.0,0.0,2,0.0,256,50,4503.0,68.043894,0.8,1.0,1,1,1,1,1,1,0,1,1,0,1,0,0,4,10.5,50.0
14627,40.46579,-3.64631,1,1.0,1.0,55.0,100.0,1,0.06,36,50,3312.0,62.061453,9.2,1.0,0,0,0,0,0,0,0,0,0,0,0,0,0,0,10.5,100.0
14628,40.4248,-3.7016,1,1.0,1.0,29.0,100.0,1,0.19,357,50,4503.0,68.043894,0.8,1.0,0,0,0,0,0,1,0,1,1,0,0,0,1,3,10.5,50.0
14629,40.45275,-3.61314,2,1.0,1.0,60.0,100.0,2,0.25,470,50,3312.0,62.061453,9.2,1.5,1,0,0,0,0,1,1,0,0,1,1,0,0,3,19.5,100.0
14630,40.43126,-3.71776,4,2.0,2.0,311.0,0.0,1,0.0,482,200,3555.0,63.451906,5.9,2.0,1,0,0,0,0,1,0,0,1,0,1,1,0,8,36.0,200.0
14631,40.43686,-3.70704,1,1.0,1.0,18.0,0.0,1,0.0,281,50,4855.0,64.056634,2.4,2.0,1,0,0,0,0,1,0,0,1,1,1,0,1,3,13.5,50.0
14632,40.4177,-3.702,7,1.0,1.0,195.0,93.0,9,0.51,391,200,4503.0,68.043894,0.8,2.5,1,1,1,1,1,1,1,1,1,1,1,1,1,8,60.0,200.0
14633,40.41577,-3.7021,6,1.0,1.0,155.0,100.0,9,0.38,248,200,4503.0,68.043894,0.8,2.0,1,1,1,1,1,1,1,1,1,1,1,1,1,8,51.0,200.0
14634,40.41575,-3.70387,3,0.0,2.0,115.0,0.0,9,0.0,160,200,4503.0,68.043894,0.8,1.0,1,0,0,0,0,1,0,1,0,0,0,0,0,8,25.5,150.0
14635,40.41023,-3.70216,2,1.0,1.0,41.0,80.0,1,0.32,263,200,4503.0,68.043894,0.8,1.0,1,0,0,0,0,1,0,0,0,0,0,0,0,3,18.0,50.0
14636,40.40591,-3.67448,4,2.0,3.0,75.0,0.0,2,0.0,163,200,4220.0,63.672727,3.2,0.0,1,0,0,0,0,1,0,1,1,0,0,0,0,6,30.0,100.0
14637,40.42844,-3.70157,4,1.0,2.0,100.0,0.0,1,0.0,98,200,4503.0,68.043894,0.8,1.0,1,0,0,0,0,0,0,0,0,0,0,0,0,8,33.0,100.0
14638,40.44342,-3.67434,2,1.0,2.0,55.0,0.0,1,0.0,95,50,4508.0,67.220486,5.8,1.0,0,0,0,0,0,0,0,0,0,0,0,0,0,3,18.0,100.0
14639,40.50395,-3.69933,4,2.0,2.0,123.0,94.0,1,1.16,368,200,3545.0,57.198083,16.4,2.0,1,0,0,0,0,1,1,1,1,0,1,0,0,3,36.0,150.0
14640,40.39335,-3.67017,6,2.0,4.0,150.0,40.0,1,0.06,190,200,1890.0,41.443535,5.0,1.0,1,0,0,0,0,1,0,1,0,0,0,0,0,6,48.0,150.0
14641,40.38427,-3.66196,2,1.0,2.0,25.0,0.0,1,0.0,65,50,1890.0,41.443535,5.0,1.0,0,0,0,0,0,1,0,0,1,0,0,0,0,3,18.0,50.0
14642,40.39283,-3.75631,2,1.0,1.0,40.0,0.0,1,0.0,46,50,2287.0,47.008319,4.7,1.5,0,0,0,0,0,0,0,0,0,0,0,0,0,5,19.5,50.0
14643,40.42306,-3.70055,3,1.0,2.0,242.0,91.0,1,0.62,364,200,4503.0,68.043894,0.8,1.0,1,0,0,0,1,1,0,1,0,0,0,0,0,3,25.5,200.0
14644,40.40819,-3.75053,2,0.0,5.0,16.0,0.0,4,0.0,424,50,2287.0,47.008319,4.7,1.0,0,0,0,0,0,1,0,0,1,1,0,0,0,4,18.0,50.0
14645,40.41565,-3.70197,3,7.0,4.0,112.0,100.0,9,0.13,270,200,4503.0,68.043894,0.8,1.0,1,0,0,0,0,1,0,1,0,0,1,0,0,8,25.5,150.0
14646,40.42499,-3.65167,1,0.0,1.0,21.0,96.0,3,0.31,126,50,2893.0,50.090625,6.5,1.0,0,1,1,1,1,1,0,0,0,0,0,0,0,3,10.5,50.0
14647,40.464,-3.70463,2,1.0,2.0,41.0,94.0,1,0.62,386,200,3476.0,60.621287,5.9,1.0,1,0,0,0,0,1,0,1,0,0,0,0,0,3,18.0,50.0
14648,40.38896,-3.7012,2,1.0,1.0,25.0,94.0,3,1.54,306,50,2316.0,43.910072,4.6,1.0,0,0,0,0,0,1,0,0,0,0,1,0,0,3,18.0,50.0
14649,40.40239,-3.68164,2,1.0,2.0,36.0,100.0,1,0.07,344,50,4220.0,63.672727,3.2,2.0,0,0,0,0,0,1,0,1,0,0,1,0,0,3,21.0,50.0
14650,40.42279,-3.70803,2,1.0,1.0,44.0,89.0,88,1.95,317,200,4503.0,68.043894,0.8,1.0,1,0,0,0,0,1,0,1,0,0,0,0,0,6,18.0,50.0
14651,40.43172,-3.70562,2,1.0,1.0,43.0,90.0,1,0.19,294,50,4855.0,64.056634,2.4,1.0,1,0,0,0,0,1,0,0,0,0,1,0,1,7,18.0,50.0
14652,40.46736,-3.68964,11,6.0,8.0,131.0,89.0,2,0.57,389,200,3476.0,60.621287,5.9,4.0,1,0,0,0,0,1,0,1,0,0,0,0,1,7,94.5,150.0
14653,40.42067,-3.68417,4,2.0,3.0,80.0,91.0,88,2.64,318,200,4220.0,63.672727,3.2,1.0,1,0,0,0,0,1,0,1,0,1,0,0,0,6,33.0,100.0
14654,40.42425,-3.70561,2,1.0,1.0,69.0,93.0,2,0.43,356,50,4503.0,68.043894,0.8,2.0,0,0,0,0,0,1,0,1,0,0,0,0,0,3,21.0,100.0
14655,40.42931,-3.70576,2,1.0,1.0,65.0,100.0,1,0.06,113,50,4503.0,68.043894,0.8,1.0,0,0,0,0,0,1,0,1,0,0,0,0,0,3,18.0,100.0
14656,40.41604,-3.70019,4,1.0,1.0,139.0,100.0,1,0.39,376,200,4503.0,68.043894,0.8,1.0,1,0,0,0,0,1,0,1,0,0,1,0,0,3,33.0,150.0
14657,40.41091,-3.72145,1,1.0,1.0,50.0,0.0,1,0.0,278,50,3917.0,55.025641,1.9,1.0,0,0,0,0,0,1,0,1,0,0,1,0,0,3,10.5,50.0
14658,40.42492,-3.70975,6,2.0,3.0,122.0,92.0,59,0.31,414,200,4503.0,68.043894,0.8,1.0,1,0,0,0,0,1,0,1,1,0,0,0,0,7,48.0,150.0
14659,40.43869,-3.64376,1,0.0,1.0,15.0,89.0,2,0.82,162,50,2893.0,50.090625,6.5,1.0,0,0,0,0,0,1,0,0,0,0,1,0,0,6,10.5,50.0
14660,40.38914,-3.66318,1,1.0,1.0,15.0,0.0,1,0.0,357,50,1890.0,41.443535,5.0,1.0,0,0,0,0,0,1,0,1,0,0,1,0,0,3,10.5,50.0
14661,40.36772,-3.76266,2,1.0,1.0,36.0,90.0,1,0.25,120,50,2287.0,47.008319,4.7,1.0,0,0,0,0,0,1,0,0,0,0,0,0,0,3,18.0,50.0
14662,40.42151,-3.7126,4,1.0,1.0,66.0,95.0,67,0.99,355,200,4503.0,68.043894,0.8,1.0,1,0,0,0,0,1,0,1,0,0,1,0,0,7,33.0,100.0
14663,40.42096,-3.70999,6,3.0,5.0,200.0,100.0,8,0.26,370,200,4503.0,68.043894,0.8,2.0,1,1,1,1,1,1,0,1,1,0,1,0,0,3,51.0,200.0
14664,40.46445,-3.75016,1,0.0,1.0,94.0,0.0,1,0.0,52,200,3555.0,63.451906,5.9,1.0,1,0,0,0,0,0,0,0,0,0,0,0,0,3,10.5,100.0
14665,40.40109,-3.70162,2,1.0,1.0,55.0,90.0,1,0.13,200,200,3917.0,55.025641,1.9,1.5,1,0,0,0,0,1,0,1,0,0,0,0,0,5,19.5,100.0
14666,40.41623,-3.70963,1,1.0,1.0,35.0,98.0,3,0.63,179,50,4503.0,68.043894,0.8,1.0,1,0,0,0,0,1,0,0,1,0,1,0,0,3,10.5,50.0
14667,40.42106,-3.70949,4,2.0,3.0,129.0,0.0,8,0.07,257,200,4503.0,68.043894,0.8,2.0,1,1,1,1,1,1,0,1,1,0,0,0,0,3,36.0,150.0
14668,40.41493,-3.71066,6,2.0,4.0,144.0,100.0,2,0.42,629,200,4503.0,68.043894,0.8,2.0,1,0,0,0,0,1,0,1,0,1,1,0,1,4,51.0,150.0
14669,40.44702,-3.57558,4,1.0,1.0,51.0,94.0,1,1.15,514,200,2477.0,70.967532,7.3,1.0,1,0,0,0,0,1,1,1,1,0,0,0,0,3,33.0,100.0
14670,40.45228,-3.70364,7,2.0,4.0,135.0,98.0,8,0.51,278,200,3476.0,60.621287,5.9,2.0,1,0,0,0,0,1,0,1,0,0,0,0,0,4,58.5,150.0
14671,40.46108,-3.78497,1,1.0,1.0,32.0,0.0,2,0.0,455,50,3555.0,63.451906,5.9,1.0,0,0,0,0,0,1,0,0,0,0,1,0,0,8,10.5,50.0
14672,40.39814,-3.69978,1,1.0,1.0,38.0,100.0,2,0.13,214,50,3917.0,55.025641,1.9,1.0,0,1,1,1,1,1,0,1,1,0,1,0,0,3,10.5,50.0
14673,40.43055,-3.68115,2,1.0,1.0,26.0,0.0,7,0.0,223,50,5328.0,74.694253,2.2,2.0,1,0,0,0,0,1,0,1,1,0,1,0,0,6,21.0,50.0
14674,40.42846,-3.64644,1,1.0,1.0,27.0,100.0,6,0.13,378,50,2893.0,50.090625,6.5,1.0,0,1,1,1,1,1,0,1,0,0,1,0,0,3,10.5,50.0
14675,40.45436,-3.71354,1,1.0,1.0,48.0,0.0,4,0.0,173,50,3555.0,63.451906,5.9,1.0,1,0,0,0,0,1,0,0,0,0,1,0,0,3,10.5,50.0
14676,40.42041,-3.70744,2,1.0,1.0,52.0,0.0,3,0.0,151,200,4503.0,68.043894,0.8,1.0,1,0,0,0,0,1,0,1,0,0,0,0,0,9,18.0,100.0
14677,40.39007,-3.71309,5,1.0,3.0,34.0,80.0,2,0.52,471,200,2195.0,47.402837,6.6,1.0,1,0,0,0,0,1,0,1,0,0,1,0,1,9,40.5,50.0
14678,40.39632,-3.66509,2,1.0,1.0,75.0,0.0,1,0.06,204,200,1890.0,41.443535,5.0,1.0,1,1,1,1,1,1,0,1,1,0,1,0,0,3,18.0,100.0
14679,40.40988,-3.70778,2,1.0,1.0,90.0,0.0,1,0.0,181,50,4503.0,68.043894,0.8,1.5,0,1,1,1,1,1,0,0,0,1,1,0,0,6,19.5,100.0
14680,40.42633,-3.70454,6,1.0,3.0,35.0,92.0,1,0.34,241,200,4503.0,68.043894,0.8,1.0,1,0,0,0,0,1,0,0,0,0,0,0,0,3,48.0,50.0
14681,40.50778,-3.65688,5,1.0,3.0,72.0,97.0,4,1.6,599,200,3312.0,62.061453,9.2,1.0,1,0,0,0,0,1,1,1,1,0,1,0,0,7,40.5,100.0
14682,40.43419,-3.6792,1,1.0,1.0,36.0,100.0,2,0.38,377,50,5328.0,74.694253,2.2,1.0,0,0,0,0,0,1,0,1,1,0,1,0,0,9,10.5,50.0
14683,40.39783,-3.69569,1,1.0,1.0,40.0,0.0,2,0.0,159,50,3917.0,55.025641,1.9,0.0,0,1,1,1,1,1,0,0,0,0,0,0,0,3,7.5,50.0
14684,40.38295,-3.67173,2,1.0,2.0,53.0,0.0,1,0.0,66,50,1890.0,41.443535,5.0,1.0,0,0,0,0,0,1,0,0,0,0,0,0,0,5,18.0,100.0
14685,40.43169,-3.71984,1,1.0,1.0,43.0,0.0,2,0.0,148,50,3555.0,63.451906,5.9,1.0,0,0,0,0,0,1,0,0,0,0,1,0,0,6,10.5,50.0
14686,40.41234,-3.70279,4,1.0,2.0,42.0,85.0,38,1.46,320,200,4503.0,68.043894,0.8,1.0,1,0,0,0,0,1,0,1,0,0,0,0,0,9,33.0,50.0
14687,40.47728,-3.73546,2,1.0,1.0,55.0,0.0,4,0.0,438,200,3545.0,57.198083,16.4,1.0,1,0,0,0,0,1,1,1,0,0,1,0,0,3,18.0,100.0
14688,40.42643,-3.64741,2,1.0,1.0,25.0,82.0,6,1.31,371,50,2893.0,50.090625,6.5,1.0,1,1,1,1,1,1,0,1,0,1,1,0,0,3,18.0,50.0
14689,40.4212,-3.69903,4,1.0,2.0,94.0,100.0,59,0.76,455,200,4503.0,68.043894,0.8,1.0,1,0,0,0,0,1,0,1,1,1,0,0,0,7,33.0,100.0
14690,40.44397,-3.64741,4,1.0,4.0,89.0,0.0,2,0.0,485,200,2893.0,50.090625,6.5,1.0,1,0,0,0,0,1,1,1,0,1,0,0,0,7,33.0,100.0
14691,40.4433,-3.67136,6,2.0,4.0,74.0,100.0,3,0.08,214,200,4508.0,67.220486,5.8,1.0,1,1,1,1,1,1,0,1,0,0,0,0,0,3,48.0,100.0
14692,40.42619,-3.71054,4,3.0,3.0,90.0,40.0,1,0.13,282,200,4503.0,68.043894,0.8,2.0,1,0,0,0,0,0,0,0,1,0,0,0,0,0,36.0,100.0
14693,40.4308,-3.71588,3,0.0,2.0,56.0,80.0,1,0.13,305,200,4855.0,64.056634,2.4,1.0,1,0,0,0,0,1,0,1,0,0,1,0,0,4,25.5,100.0
14694,40.39086,-3.66873,2,1.0,1.0,23.0,91.0,3,0.51,343,50,1890.0,41.443535,5.0,1.0,0,0,0,0,0,1,0,0,0,1,1,0,0,3,18.0,50.0
14695,40.39156,-3.66833,2,1.0,1.0,22.0,85.0,3,0.71,281,50,1890.0,41.443535,5.0,1.0,0,0,0,0,0,1,0,0,0,0,0,0,0,3,18.0,50.0
14696,40.48301,-3.63723,14,6.0,2.0,45.0,20.0,1,0.5,292,50,3312.0,62.061453,9.2,6.0,1,0,0,0,0,1,0,1,0,0,0,0,0,3,123.0,50.0
14697,40.4093,-3.70373,4,1.0,1.0,70.0,100.0,6,0.13,270,200,4503.0,68.043894,0.8,1.0,1,0,0,0,0,1,0,1,0,1,1,0,0,9,33.0,100.0
14698,40.40963,-3.70009,1,1.0,1.0,21.0,95.0,3,0.82,336,50,4503.0,68.043894,0.8,1.0,1,1,1,1,1,1,1,1,1,1,1,1,1,6,10.5,50.0
14699,40.40715,-3.70754,1,1.0,2.0,20.0,97.0,1,0.96,317,50,4503.0,68.043894,0.8,1.0,1,0,0,0,0,1,0,0,0,0,1,0,0,8,10.5,50.0
14700,40.41317,-3.72846,6,2.0,3.0,55.0,100.0,1,0.07,600,200,2287.0,47.008319,4.7,1.0,1,0,0,0,0,1,0,0,0,0,1,0,1,5,48.0,100.0
14701,40.3932,-3.72694,2,1.0,1.0,48.0,60.0,21,0.06,466,200,2195.0,47.402837,6.6,1.0,1,1,1,1,1,1,1,1,1,1,1,1,1,7,18.0,50.0
14702,40.42459,-3.70504,2,1.0,2.0,69.0,98.0,2,0.69,347,50,4503.0,68.043894,0.8,2.0,0,0,0,0,0,1,0,1,0,0,0,0,0,3,21.0,100.0
14703,40.4317,-3.64747,5,1.0,3.0,66.0,99.0,1,6.63,509,200,2893.0,50.090625,6.5,1.0,1,0,0,0,0,1,0,1,0,0,1,0,0,3,40.5,100.0
14704,40.39101,-3.66836,2,1.0,1.0,25.0,89.0,3,0.89,351,50,1890.0,41.443535,5.0,1.0,0,0,0,0,0,1,0,0,0,1,1,0,0,3,18.0,50.0
14705,40.39986,-3.69692,2,1.0,1.0,33.0,60.0,1,0.13,208,200,3917.0,55.025641,1.9,1.0,1,0,0,0,0,1,0,1,0,0,0,0,0,4,18.0,50.0
14706,40.42493,-3.7016,1,1.0,1.0,25.0,0.0,1,0.0,219,50,4503.0,68.043894,0.8,1.5,0,0,0,0,0,1,0,1,0,0,0,0,0,4,12.0,50.0
14707,40.42815,-3.70247,1,1.0,1.0,1000.0,0.0,4,0.0,110,50,4503.0,68.043894,0.8,1.0,1,0,0,1,0,1,0,0,0,0,0,0,0,3,10.5,200.0
14708,40.41189,-3.70513,3,0.0,1.0,62.0,100.0,2,0.63,710,200,4503.0,68.043894,0.8,1.0,1,0,0,0,0,1,0,1,0,0,1,0,1,9,25.5,100.0
14709,40.38151,-3.71476,2,1.0,1.0,19.0,100.0,1,0.27,98,50,2316.0,43.910072,4.6,1.0,0,1,1,1,1,1,0,0,0,0,0,0,0,4,18.0,50.0
14710,40.4303,-3.70231,2,1.0,2.0,1000.0,0.0,4,0.0,104,50,4855.0,64.056634,2.4,1.0,1,0,0,1,0,1,0,0,0,0,0,0,0,3,18.0,200.0
14711,40.42849,-3.7007,2,1.0,2.0,1000.0,0.0,4,0.0,104,50,4503.0,68.043894,0.8,1.0,1,0,0,1,0,1,0,0,0,0,0,0,0,3,18.0,200.0
14712,40.42956,-3.70259,1,1.0,1.0,1000.0,0.0,4,0.0,104,50,4855.0,64.056634,2.4,1.0,1,0,0,1,0,1,0,0,0,0,0,0,0,3,10.5,200.0
14713,40.40039,-3.69145,16,6.0,8.0,386.0,0.0,20,0.0,352,200,3917.0,55.025641,1.9,4.0,1,0,0,0,0,1,0,1,0,0,1,0,0,8,132.0,200.0
14714,40.42163,-3.6997,8,3.0,3.0,80.0,100.0,1,0.08,102,200,4503.0,68.043894,0.8,1.0,1,0,0,0,0,1,0,0,0,0,0,0,0,3,63.0,100.0
14715,40.41341,-3.70351,2,1.0,1.0,35.0,100.0,1,0.2,165,50,4503.0,68.043894,0.8,1.5,1,0,0,0,0,1,0,0,0,0,1,0,0,3,19.5,50.0
14716,40.40775,-3.72062,8,3.0,4.0,101.0,100.0,1,1.2,404,200,3917.0,55.025641,1.9,2.0,1,0,0,0,0,1,0,1,0,0,0,0,0,6,66.0,150.0
14717,40.41494,-3.70445,4,1.0,2.0,69.0,99.0,19,0.93,300,200,4503.0,68.043894,0.8,1.0,1,0,0,0,0,1,0,1,0,1,0,0,0,8,33.0,100.0
14718,40.42335,-3.70542,2,1.0,1.0,80.0,0.0,1,0.06,249,50,4503.0,68.043894,0.8,1.5,1,0,0,0,0,1,0,0,0,1,1,0,0,3,19.5,100.0
14719,40.41165,-3.71368,4,2.0,2.0,170.0,100.0,1,0.06,546,200,4503.0,68.043894,0.8,2.0,1,0,0,0,0,1,0,1,0,1,1,0,0,3,36.0,200.0
14720,40.40897,-3.71353,2,1.0,1.0,70.0,80.0,1,0.07,388,200,4503.0,68.043894,0.8,1.0,1,0,0,0,0,1,0,1,0,0,1,0,0,10,18.0,100.0
14721,40.40448,-3.67738,4,1.0,2.0,69.0,85.0,1,0.28,458,200,4220.0,63.672727,3.2,1.0,1,0,0,0,0,1,0,1,0,0,1,0,0,3,33.0,100.0
14722,40.42037,-3.70911,6,2.0,3.0,43.0,90.0,3,0.25,369,200,4503.0,68.043894,0.8,2.0,1,0,0,0,0,1,0,1,0,0,0,0,0,6,51.0,50.0
14723,40.41337,-3.71887,4,1.0,2.0,68.0,0.0,5,0.0,414,200,3917.0,55.025641,1.9,1.0,1,0,0,0,0,1,0,1,0,0,1,0,0,4,33.0,100.0
14724,40.41935,-3.67721,3,0.0,1.0,50.0,83.0,88,1.58,194,200,4220.0,63.672727,3.2,1.0,1,0,0,0,0,1,0,1,0,0,0,0,0,6,25.5,50.0
14725,40.40985,-3.69871,2,1.0,1.0,44.0,0.0,4,0.0,376,200,4503.0,68.043894,0.8,1.0,1,0,0,0,0,1,0,0,0,0,1,0,0,3,18.0,50.0
14726,40.41558,-3.69814,5,2.0,3.0,54.0,93.0,4,0.21,371,200,4503.0,68.043894,0.8,1.0,1,0,0,0,0,1,0,1,0,0,1,0,0,3,40.5,100.0
14727,40.40819,-3.70073,3,1.0,2.0,39.0,80.0,4,0.14,308,200,4503.0,68.043894,0.8,1.0,1,0,0,0,0,1,0,0,0,1,1,0,0,3,25.5,50.0
14728,40.39443,-3.77361,1,1.0,1.0,24.0,98.0,2,0.58,415,50,2287.0,47.008319,4.7,1.0,1,1,1,1,1,1,1,1,1,1,1,1,1,0,10.5,50.0
14729,40.422,-3.71505,8,3.0,5.0,171.0,100.0,1,0.37,442,200,3555.0,63.451906,5.9,2.0,1,0,0,0,0,1,0,1,0,0,1,0,0,3,66.0,200.0
14730,40.43409,-3.64772,2,1.0,1.0,55.0,1.0,1,1.0,188,50,2893.0,50.090625,6.5,1.0,1,1,1,1,1,1,1,1,1,1,1,1,1,3,18.0,100.0
14731,40.46851,-3.59341,10,5.0,10.0,197.0,100.0,2,0.15,568,200,3047.0,56.183432,11.8,3.0,1,0,0,0,0,1,0,1,0,1,1,0,0,3,84.0,200.0
14732,40.40274,-3.67471,2,2.0,2.0,350.0,0.0,1,0.0,75,50,4220.0,63.672727,3.2,1.0,1,0,0,0,0,1,0,0,0,0,1,0,0,3,18.0,200.0
14733,40.42139,-3.70479,2,1.0,1.0,70.0,80.0,1,0.15,110,200,4503.0,68.043894,0.8,1.0,1,0,0,0,0,0,0,0,0,0,0,0,0,3,18.0,100.0
14734,40.42382,-3.71337,2,1.0,1.0,173.0,100.0,16,0.19,285,200,3555.0,63.451906,5.9,1.0,1,0,0,0,1,0,0,1,1,0,0,0,0,6,18.0,200.0
14735,40.39727,-3.66222,2,1.0,2.0,80.0,0.0,1,0.0,458,50,1890.0,41.443535,5.0,1.5,0,0,0,0,0,1,0,1,0,0,1,0,1,8,19.5,100.0
14736,40.42209,-3.70105,2,1.0,2.0,100.0,77.0,1,0.44,165,200,4503.0,68.043894,0.8,1.0,1,0,0,0,0,1,0,1,0,0,0,0,0,3,18.0,100.0
14737,40.42012,-3.70182,1,1.0,1.0,65.0,1.0,1,1.0,165,50,4503.0,68.043894,0.8,1.0,1,1,1,1,1,1,1,1,1,1,1,1,1,3,10.5,100.0
14738,40.44185,-3.66914,2,1.0,2.0,300.0,0.0,2,0.0,164,50,4508.0,67.220486,5.8,1.0,0,0,0,0,0,1,0,0,0,0,0,0,0,3,18.0,200.0
14739,40.43779,-3.69806,3,1.0,1.0,65.0,1.0,3,1.0,125,200,4855.0,64.056634,2.4,1.0,1,1,1,1,1,1,1,1,1,1,1,1,1,3,25.5,100.0
14740,40.43023,-3.6714,3,1.0,2.0,60.0,94.0,3,1.06,335,200,5328.0,74.694253,2.2,1.0,1,0,0,0,0,1,0,1,1,0,0,0,0,4,25.5,100.0
14741,40.42981,-3.62567,2,1.0,2.0,25.0,97.0,1,0.38,175,50,2477.0,70.967532,7.3,1.0,1,0,0,0,0,1,0,0,0,0,1,0,0,3,18.0,50.0
14742,40.42407,-3.7045,2,0.0,1.0,60.0,100.0,3,0.14,213,50,4503.0,68.043894,0.8,1.0,1,0,0,0,0,1,0,0,0,0,0,0,0,3,18.0,100.0
14743,40.4352,-3.66747,4,2.0,2.0,73.0,100.0,24,0.2,251,200,5328.0,74.694253,2.2,1.0,1,0,0,0,0,1,0,1,0,0,0,0,0,5,33.0,100.0
14744,40.42445,-3.70438,2,0.0,2.0,30.0,88.0,3,0.35,213,50,4503.0,68.043894,0.8,1.0,1,0,0,0,0,1,0,0,0,0,0,0,0,3,18.0,50.0
14746,40.39306,-3.65647,3,1.0,1.0,35.0,100.0,3,0.15,244,200,1890.0,41.443535,5.0,1.0,1,1,1,1,1,1,1,1,1,1,1,1,1,4,25.5,50.0
14747,40.42065,-3.68323,4,2.0,3.0,65.0,0.0,1,0.0,400,200,4220.0,63.672727,3.2,1.5,1,1,1,1,1,1,0,1,1,0,1,0,0,3,34.5,100.0
14748,40.43595,-3.71672,4,1.0,3.0,78.0,93.0,1,1.09,218,200,4855.0,64.056634,2.4,1.0,1,0,0,0,0,1,0,1,1,0,0,0,0,3,33.0,100.0
14749,40.40983,-3.6975,5,3.0,3.0,99.0,0.0,1,0.0,117,200,4503.0,68.043894,0.8,1.0,1,0,0,0,0,1,0,0,0,0,1,0,0,4,40.5,100.0
14750,40.43391,-3.70664,1,1.0,1.0,30.0,100.0,1,0.2,294,50,4855.0,64.056634,2.4,1.0,0,0,0,0,0,1,0,0,0,1,1,0,0,3,10.5,50.0
14751,40.42745,-3.69798,6,2.0,4.0,210.0,100.0,5,0.96,315,200,4503.0,68.043894,0.8,2.0,1,0,0,0,0,1,0,1,0,0,0,0,0,9,51.0,200.0
14752,40.44395,-3.66919,2,1.0,2.0,300.0,0.0,2,0.0,115,50,4508.0,67.220486,5.8,1.0,1,0,0,0,0,1,0,0,0,0,0,0,0,3,18.0,200.0
14753,40.42741,-3.67915,1,1.0,2.0,25.0,0.0,1,0.06,108,50,5328.0,74.694253,2.2,1.0,1,0,0,0,0,1,0,0,0,0,1,0,0,3,10.5,50.0
14754,40.44327,-3.65355,1,1.0,1.0,38.0,80.0,1,0.06,50,50,2893.0,50.090625,6.5,1.0,1,1,1,1,1,1,1,1,1,1,1,1,1,3,10.5,50.0
14756,40.42438,-3.70468,2,1.0,2.0,46.0,100.0,1,0.06,228,200,4503.0,68.043894,0.8,1.0,1,1,1,1,1,1,0,0,0,0,1,0,0,6,18.0,50.0
14758,40.43109,-3.67402,2,1.0,1.0,80.0,100.0,1,0.06,216,200,5328.0,74.694253,2.2,1.0,1,0,0,0,0,1,0,1,1,0,1,0,0,5,18.0,100.0
14781,40.41896,-3.70994,8,4.0,5.0,257.0,98.0,4,2.15,588,200,4503.0,68.043894,0.8,4.0,1,0,0,0,0,1,0,1,1,1,1,0,1,5,72.0,200.0
14782,40.42357,-3.69769,2,1.0,2.0,45.0,97.0,10,0.9,536,200,4503.0,68.043894,0.8,1.0,1,0,0,0,0,1,0,1,0,0,0,1,0,6,18.0,50.0
14784,40.42685,-3.62946,2,1.0,1.0,500.0,100.0,1,0.06,104,200,2477.0,70.967532,7.3,1.0,1,0,0,0,0,1,0,0,0,0,0,0,0,3,18.0,200.0
14785,40.42518,-3.70621,2,1.0,1.0,76.0,80.0,4,0.27,435,200,4503.0,68.043894,0.8,1.0,1,0,0,0,0,1,0,1,1,1,1,0,0,7,18.0,100.0
14787,40.42195,-3.70081,2,1.0,2.0,70.0,98.0,1,0.51,160,200,4503.0,68.043894,0.8,1.0,1,0,0,0,0,1,0,1,0,0,0,0,0,3,18.0,100.0
14788,40.37818,-3.74066,2,1.0,1.0,46.0,0.0,1,0.0,636,50,2195.0,47.402837,6.6,1.5,1,0,0,0,0,1,1,0,1,0,1,0,1,3,19.5,50.0
14789,40.4228,-3.69733,5,1.0,3.0,41.0,97.0,18,1.42,488,200,4503.0,68.043894,0.8,1.0,1,0,0,0,0,1,0,1,1,1,1,0,0,6,40.5,50.0
14790,40.43679,-3.71059,2,1.0,1.0,34.0,88.0,66,1.52,425,50,4855.0,64.056634,2.4,1.5,1,0,0,0,0,1,0,1,0,0,1,0,0,6,19.5,50.0
14791,40.43436,-3.69924,10,3.0,5.0,369.0,100.0,25,0.13,169,200,4855.0,64.056634,2.4,2.0,1,0,0,0,0,1,0,0,0,0,1,0,0,3,81.0,200.0
14792,40.42375,-3.69771,4,1.0,1.0,157.0,0.0,25,0.0,195,200,4503.0,68.043894,0.8,1.0,1,0,0,0,0,1,0,1,0,0,1,0,0,3,33.0,200.0
14793,40.40442,-3.70139,2,1.0,1.0,33.0,1.0,2,1.0,216,50,3917.0,55.025641,1.9,1.0,1,1,1,1,1,1,1,1,1,1,1,1,1,9,18.0,50.0
14794,40.43037,-3.6389,2,1.0,1.0,15.0,100.0,1,0.06,160,50,2893.0,50.090625,6.5,1.0,0,0,0,0,0,1,0,0,0,0,1,0,0,3,18.0,50.0
14795,40.47349,-3.57944,2,0.0,1.0,61.0,99.0,2,2.08,364,200,3047.0,56.183432,11.8,1.0,1,0,0,0,0,1,0,1,0,0,1,0,0,7,18.0,100.0
14796,40.43643,-3.6095,1,1.0,1.0,25.0,0.0,1,0.0,83,50,2477.0,70.967532,7.3,1.0,1,0,0,0,0,0,0,0,0,0,0,0,0,5,10.5,50.0
14797,40.41415,-3.6966,3,1.0,2.0,120.0,100.0,45,0.32,407,200,4503.0,68.043894,0.8,1.5,1,0,0,0,0,1,0,1,0,1,1,0,1,4,27.0,150.0
14798,40.41599,-3.7008,4,2.0,3.0,75.0,100.0,45,0.14,351,200,4503.0,68.043894,0.8,1.0,1,0,0,0,0,1,0,1,0,0,0,0,1,4,33.0,100.0
14799,40.41662,-3.70207,3,1.0,2.0,24.0,80.0,29,0.16,439,50,4503.0,68.043894,0.8,1.0,0,0,0,0,0,1,0,1,0,0,0,0,0,4,25.5,50.0
14800,40.41653,-3.70325,3,1.0,2.0,24.0,78.0,29,0.58,421,50,4503.0,68.043894,0.8,0.0,0,0,0,0,0,1,0,1,0,0,0,0,0,4,22.5,50.0
14801,40.41636,-3.70194,2,1.0,1.0,24.0,100.0,29,0.38,401,50,4503.0,68.043894,0.8,0.0,0,0,0,0,0,1,0,0,0,0,0,0,0,4,15.0,50.0
14802,40.41798,-3.70402,4,1.0,3.0,43.0,90.0,29,0.45,378,200,4503.0,68.043894,0.8,1.0,1,0,0,0,0,1,0,1,0,0,0,0,0,4,33.0,50.0
14803,40.4118,-3.69553,2,1.0,2.0,60.0,0.0,2,0.0,132,50,4503.0,68.043894,0.8,1.0,0,1,1,1,1,1,0,0,0,0,1,0,0,3,18.0,100.0
14805,40.41634,-3.70713,4,1.0,1.0,83.0,95.0,2,0.25,333,200,4503.0,68.043894,0.8,1.0,1,0,0,0,0,1,0,1,0,0,1,0,0,3,33.0,100.0
14806,40.43818,-3.71067,2,1.0,1.0,35.0,92.0,66,1.29,493,50,4855.0,64.056634,2.4,1.5,1,1,1,1,1,1,1,1,1,1,1,1,1,6,19.5,50.0
14807,40.43799,-3.71201,4,2.0,2.0,39.0,94.0,66,1.9,517,50,4855.0,64.056634,2.4,2.0,1,0,0,0,0,1,0,1,0,0,1,0,0,6,36.0,50.0
14808,40.45314,-3.69934,2,1.0,1.0,70.0,0.0,2,0.0,180,200,3476.0,60.621287,5.9,1.0,1,0,0,0,0,1,0,1,1,0,0,0,0,7,18.0,100.0
14809,40.43816,-3.71079,2,1.0,1.0,35.0,90.0,66,0.51,488,50,4855.0,64.056634,2.4,1.5,0,0,0,0,0,1,0,1,0,0,1,0,0,6,19.5,50.0
14810,40.43848,-3.71243,2,1.0,1.0,34.0,80.0,66,0.57,488,50,4855.0,64.056634,2.4,1.0,1,0,0,0,0,1,0,1,0,0,1,0,0,6,18.0,50.0
14811,40.42346,-3.63721,4,3.0,3.0,65.0,100.0,1,0.06,279,200,2893.0,50.090625,6.5,1.0,1,0,0,0,0,1,0,1,0,0,1,0,0,3,33.0,100.0
14812,40.4346,-3.68747,2,1.0,2.0,30.0,83.0,1,1.56,346,50,5328.0,74.694253,2.2,1.0,0,0,0,0,0,0,0,0,1,0,1,0,0,3,18.0,50.0
14813,40.42544,-3.69974,4,1.0,2.0,54.0,100.0,12,0.32,511,200,4503.0,68.043894,0.8,1.0,1,0,0,0,0,1,0,1,1,0,1,0,0,7,33.0,100.0
14814,40.39533,-3.6592,2,1.0,1.0,57.0,98.0,1,1.1,511,200,1890.0,41.443535,5.0,1.0,1,0,0,0,0,1,0,1,0,0,1,0,0,8,18.0,100.0
14815,40.43142,-3.65778,4,3.0,3.0,91.0,0.0,1,0.0,175,200,2893.0,50.090625,6.5,1.0,1,0,0,0,0,1,0,0,0,0,1,0,0,7,33.0,100.0
14819,40.37485,-3.62072,1,1.0,1.0,18.0,0.0,1,0.0,315,50,2382.0,49.659794,11.0,1.5,0,0,0,0,0,1,0,0,0,1,0,0,0,3,12.0,50.0
14820,40.40235,-3.70416,4,1.0,2.0,65.0,0.0,1,0.0,260,200,3917.0,55.025641,1.9,1.0,1,0,0,0,0,1,0,1,0,0,1,0,0,9,33.0,100.0
14821,40.42217,-3.70559,3,2.0,2.0,200.0,0.0,1,0.0,119,200,4503.0,68.043894,0.8,2.0,1,0,0,0,0,1,0,0,0,0,1,0,0,8,28.5,200.0
14822,40.45631,-3.6977,4,1.0,2.0,49.0,0.0,1,0.0,152,200,3476.0,60.621287,5.9,1.0,1,0,0,0,0,0,0,0,0,0,1,0,0,5,33.0,50.0
14823,40.38998,-3.69528,8,3.0,5.0,56.0,80.0,4,0.45,412,200,3917.0,55.025641,1.9,2.0,1,0,0,0,0,1,0,1,0,0,1,1,0,5,66.0,100.0
14824,40.40529,-3.69503,6,3.0,6.0,58.0,20.0,1,0.06,126,200,3917.0,55.025641,1.9,1.0,1,0,0,0,0,1,0,0,0,0,1,0,0,3,48.0,100.0
14828,40.37844,-3.74241,2,1.0,1.0,60.0,0.0,1,0.0,478,50,2195.0,47.402837,6.6,1.0,1,0,0,0,0,1,1,0,1,0,1,0,0,3,18.0,100.0
14829,40.4234,-3.66519,2,1.0,1.0,70.0,0.0,43,0.0,417,200,5328.0,74.694253,2.2,1.0,1,0,0,0,0,0,0,0,0,0,0,0,0,6,18.0,100.0
14830,40.41208,-3.69446,2,1.0,1.0,15.0,80.0,1,0.13,90,50,4503.0,68.043894,0.8,1.0,0,0,0,0,0,1,0,0,0,0,0,0,0,6,18.0,50.0
14831,40.4266,-3.70365,1,1.0,1.0,22.0,73.0,1,0.2,148,50,4503.0,68.043894,0.8,1.5,0,0,0,0,0,1,0,0,1,0,0,0,0,5,12.0,50.0
14832,40.41321,-3.70116,2,1.0,1.0,58.0,1.0,3,1.0,261,50,4503.0,68.043894,0.8,1.0,1,1,1,1,1,1,1,1,1,1,1,1,1,7,18.0,100.0
14833,40.41458,-3.70375,6,2.0,3.0,127.0,95.0,1,1.35,307,200,4503.0,68.043894,0.8,1.0,1,0,0,0,0,1,0,1,0,0,0,0,0,3,48.0,150.0
14834,40.42696,-3.70735,2,1.0,1.0,43.0,100.0,1,0.19,229,200,4503.0,68.043894,0.8,1.0,1,0,0,0,0,1,0,1,0,0,1,0,0,7,18.0,50.0
14835,40.43109,-3.67711,2,1.0,1.0,70.0,100.0,1,0.06,182,200,5328.0,74.694253,2.2,1.0,1,0,0,0,0,1,0,0,0,0,1,0,0,3,18.0,100.0
14836,40.41061,-3.70056,3,1.0,1.0,113.0,97.0,1,0.46,329,200,4503.0,68.043894,0.8,1.0,1,0,0,0,0,1,0,1,0,1,0,0,0,3,25.5,150.0
14838,40.4729,-3.66816,1,1.0,2.0,50.0,0.0,1,0.0,52,50,2893.0,50.090625,6.5,1.0,1,0,0,0,0,0,0,0,0,0,0,0,0,3,10.5,50.0
14839,40.4394,-3.6435,2,0.0,1.0,20.0,98.0,1,1.59,294,50,2893.0,50.090625,6.5,1.0,0,0,0,0,0,1,0,0,0,0,0,0,0,3,18.0,50.0
14840,40.43757,-3.68311,4,2.0,2.0,150.0,100.0,16,0.29,174,200,5328.0,74.694253,2.2,2.0,1,0,0,0,0,1,0,1,0,0,1,0,0,6,36.0,150.0
14842,40.41981,-3.70263,2,1.0,2.0,120.0,0.0,1,0.0,148,50,4503.0,68.043894,0.8,1.0,1,0,0,0,0,1,0,1,0,0,0,0,0,3,18.0,150.0
14843,40.43771,-3.71046,2,1.0,1.0,33.0,86.0,66,0.63,488,50,4855.0,64.056634,2.4,1.0,1,0,0,0,0,1,0,1,0,0,1,0,0,6,18.0,50.0
14844,40.4131,-3.73203,1,1.0,1.0,35.0,80.0,1,0.07,49,50,2287.0,47.008319,4.7,1.0,1,0,0,0,0,1,0,0,0,0,0,0,0,4,10.5,50.0
14849,40.37631,-3.62737,2,1.0,1.0,27.0,1.0,3,1.0,215,50,2382.0,49.659794,11.0,1.0,1,1,1,1,1,1,1,1,1,1,1,1,1,3,18.0,50.0
14850,40.4076,-3.70545,10,5.0,7.0,475.0,0.0,1,0.0,209,200,4503.0,68.043894,0.8,3.0,1,0,0,0,0,1,0,1,0,0,0,0,0,9,84.0,200.0
14851,40.40996,-3.70138,6,3.0,3.0,76.0,100.0,4,0.28,270,200,4503.0,68.043894,0.8,2.0,1,0,0,0,0,1,0,1,0,0,1,0,0,3,51.0,100.0
14852,40.44439,-3.57794,1,1.0,1.0,35.0,0.0,1,0.0,373,50,2477.0,70.967532,7.3,1.0,1,0,0,0,0,1,1,0,1,0,1,0,0,6,10.5,50.0
14853,40.43762,-3.70277,2,1.0,2.0,100.0,100.0,1,0.06,161,50,4855.0,64.056634,2.4,2.0,1,0,0,0,0,1,0,0,0,0,1,0,0,6,21.0,100.0
14854,40.38245,-3.65453,1,1.0,1.0,17.0,0.0,7,0.0,157,50,1890.0,41.443535,5.0,1.0,1,0,0,0,0,1,0,0,0,0,1,0,0,11,10.5,50.0
14855,40.42141,-3.70441,3,2.0,2.0,97.0,0.0,1,0.0,190,200,4503.0,68.043894,0.8,1.5,1,0,0,0,0,1,0,1,0,0,1,0,0,6,27.0,100.0
14856,40.40872,-3.70481,8,4.0,4.0,112.0,100.0,3,0.45,299,200,4503.0,68.043894,0.8,2.0,1,0,0,0,0,1,0,1,0,1,0,0,0,6,66.0,150.0
14857,40.37618,-3.63037,3,0.0,2.0,42.0,97.0,1,0.4,374,200,2382.0,49.659794,11.0,1.0,1,0,0,0,0,0,1,1,1,0,1,0,0,6,25.5,50.0
14858,40.40414,-3.7051,1,1.0,2.0,36.0,0.0,3,0.0,131,50,3917.0,55.025641,1.9,0.0,0,1,1,1,1,1,0,0,1,0,0,0,0,5,7.5,50.0
14859,40.38775,-3.73983,2,1.0,1.0,80.0,0.0,1,0.0,402,200,2195.0,47.402837,6.6,1.0,1,0,0,0,0,1,0,1,0,0,1,0,0,5,18.0,100.0
14860,40.42851,-3.70588,1,1.0,1.0,20.0,100.0,1,0.07,113,50,4503.0,68.043894,0.8,1.0,1,0,0,0,0,0,0,0,0,0,1,0,0,8,10.5,50.0
14861,40.38825,-3.6997,1,1.0,1.0,25.0,1.0,3,1.0,154,50,2316.0,43.910072,4.6,1.0,1,1,1,1,1,1,1,1,1,1,1,1,1,5,10.5,50.0
14862,40.45289,-3.70656,1,1.0,1.0,30.0,100.0,1,0.26,251,50,3476.0,60.621287,5.9,1.0,0,0,0,0,0,1,0,1,0,0,1,0,0,9,10.5,50.0
14863,40.45168,-3.70563,2,1.0,1.0,61.0,100.0,1,0.41,837,200,3476.0,60.621287,5.9,1.0,1,0,0,0,0,1,0,1,0,1,1,0,0,7,18.0,100.0
14864,40.40697,-3.67488,2,1.0,2.0,25.0,0.0,1,0.0,154,50,4220.0,63.672727,3.2,2.0,1,0,0,0,0,1,0,0,0,0,1,0,0,4,21.0,50.0
14865,40.40715,-3.74945,1,1.0,2.0,50.0,100.0,1,0.07,201,50,2287.0,47.008319,4.7,1.0,0,0,0,0,0,1,0,0,0,0,1,0,0,0,10.5,50.0
14866,40.39875,-3.66775,2,1.0,1.0,16.0,98.0,2,0.78,980,50,1890.0,41.443535,5.0,1.0,0,0,0,0,0,0,0,1,0,0,0,0,1,6,18.0,50.0
14867,40.42611,-3.66441,4,0.0,3.0,80.0,80.0,1,0.38,187,200,5328.0,74.694253,2.2,1.0,1,0,0,0,0,1,0,0,0,0,0,0,0,4,33.0,100.0
14868,40.43581,-3.71166,2,1.0,2.0,50.0,100.0,1,0.07,216,50,4855.0,64.056634,2.4,1.0,1,1,1,1,1,1,0,0,1,0,1,0,0,3,18.0,50.0
14869,40.42735,-3.70684,2,0.0,1.0,80.0,0.0,1,0.0,226,200,4503.0,68.043894,0.8,1.0,1,0,0,0,0,1,0,0,0,0,1,0,0,8,18.0,100.0
14870,40.40795,-3.70443,4,2.0,2.0,68.0,97.0,1,0.94,268,200,4503.0,68.043894,0.8,1.0,1,0,0,0,0,1,0,1,0,0,0,0,0,3,33.0,100.0
14871,40.43179,-3.71526,7,4.0,5.0,229.0,0.0,4,0.0,326,200,4855.0,64.056634,2.4,3.5,1,0,0,0,0,1,0,1,0,0,1,0,0,9,63.0,200.0
14872,40.40962,-3.70403,4,1.0,2.0,68.0,80.0,1,0.21,257,200,4503.0,68.043894,0.8,1.0,1,0,0,0,0,1,0,0,0,0,1,0,0,3,33.0,100.0
14874,40.45026,-3.68936,4,2.0,2.0,75.0,0.0,32,0.07,389,200,4508.0,67.220486,5.8,2.0,1,0,0,0,0,1,0,1,0,0,1,0,1,9,36.0,100.0
14875,40.49227,-3.69402,1,1.0,1.0,22.0,100.0,2,0.13,276,50,3545.0,57.198083,16.4,1.0,1,1,1,1,1,1,1,1,1,1,1,1,1,4,10.5,50.0
14876,40.46262,-3.69679,2,2.0,2.0,41.0,0.0,2,0.0,398,50,3476.0,60.621287,5.9,2.0,0,0,0,0,0,1,0,1,0,0,1,0,0,8,21.0,50.0
14877,40.46238,-3.69839,6,3.0,3.0,176.0,100.0,2,0.14,357,200,3476.0,60.621287,5.9,2.0,1,0,0,0,0,1,0,1,0,1,1,0,0,8,51.0,200.0
14878,40.42088,-3.70448,2,0.0,1.0,54.0,100.0,2,0.78,300,200,4503.0,68.043894,0.8,1.0,1,0,0,0,0,1,0,1,0,0,0,0,0,4,18.0,100.0
14879,40.40976,-3.70658,4,2.0,2.0,62.0,96.0,1,0.32,264,200,4503.0,68.043894,0.8,1.0,1,0,0,0,0,1,0,0,0,0,1,0,0,9,33.0,100.0
14880,40.47658,-3.73361,2,1.0,1.0,71.0,0.0,4,0.0,366,200,3545.0,57.198083,16.4,1.0,1,0,0,0,0,1,1,1,0,0,1,0,0,3,18.0,100.0
14881,40.40657,-3.72377,1,1.0,1.0,22.0,0.0,1,0.0,252,50,2287.0,47.008319,4.7,0.0,0,0,0,0,0,1,0,1,1,0,1,0,0,5,7.5,50.0
14882,40.34852,-3.685,1,3.0,3.0,20.0,60.0,1,0.07,133,50,1696.0,37.641618,9.0,1.0,0,0,0,0,0,1,0,0,0,0,0,0,0,3,10.5,50.0
14883,40.41806,-3.70389,3,1.0,2.0,29.0,60.0,29,0.2,380,50,4503.0,68.043894,0.8,1.0,1,0,0,0,0,1,0,1,0,0,0,0,0,4,25.5,50.0
14884,40.43731,-3.62305,4,2.0,2.0,90.0,90.0,1,0.13,229,200,2477.0,70.967532,7.3,1.5,1,0,0,0,0,1,0,1,0,0,1,0,0,3,34.5,100.0
14885,40.45768,-3.69936,4,2.0,2.0,100.0,100.0,3,0.21,245,200,3476.0,60.621287,5.9,1.0,1,0,0,0,0,1,0,1,1,0,0,0,0,6,33.0,100.0
14886,40.42199,-3.69883,4,2.0,2.0,350.0,0.0,1,0.0,185,200,4503.0,68.043894,0.8,2.0,1,0,0,0,0,1,0,1,1,0,0,0,0,7,36.0,200.0
14887,40.39268,-3.69577,2,1.0,1.0,25.0,60.0,2,0.07,205,50,3917.0,55.025641,1.9,1.0,0,1,1,1,1,1,0,0,1,0,1,0,0,5,18.0,50.0
14889,40.41068,-3.70643,4,1.0,2.0,55.0,90.0,7,0.78,436,200,4503.0,68.043894,0.8,1.0,1,0,0,0,0,1,0,0,0,1,0,0,0,5,33.0,100.0
14890,40.4108,-3.70805,4,1.0,2.0,61.0,84.0,7,0.61,299,200,4503.0,68.043894,0.8,1.0,1,0,0,0,0,1,0,0,0,0,0,0,0,5,33.0,100.0
14891,40.44222,-3.67608,2,0.0,2.0,40.0,0.0,1,0.0,110,50,4508.0,67.220486,5.8,1.0,0,1,1,1,1,1,0,0,1,0,0,0,0,6,18.0,50.0
14892,40.39801,-3.70084,2,1.0,1.0,40.0,90.0,1,0.64,368,50,3917.0,55.025641,1.9,1.0,1,0,0,0,0,1,0,0,1,0,1,0,0,5,18.0,50.0
14893,40.41458,-3.69816,3,1.0,2.0,31.0,0.0,2,0.0,66,50,4503.0,68.043894,0.8,1.0,1,0,0,0,0,1,0,0,0,0,0,0,0,3,25.5,50.0
14894,40.42485,-3.65272,1,1.0,1.0,30.0,100.0,1,0.27,281,50,2893.0,50.090625,6.5,1.0,0,1,1,1,1,1,0,1,0,0,1,0,0,3,10.5,50.0
14895,40.42938,-3.6968,6,2.0,3.0,182.0,100.0,5,0.41,205,200,4855.0,64.056634,2.4,2.0,1,0,0,0,0,1,0,1,0,0,0,0,0,9,51.0,200.0
14896,40.42868,-3.69613,6,2.0,2.0,107.0,99.0,5,1.3,205,200,4855.0,64.056634,2.4,2.0,1,0,0,0,0,1,0,1,0,0,0,0,0,9,51.0,150.0
14897,40.38672,-3.74565,5,2.0,2.0,50.0,0.0,1,0.0,142,200,2195.0,47.402837,6.6,1.5,1,0,0,0,0,1,0,0,0,0,0,0,0,3,42.0,50.0
14898,40.39135,-3.70845,1,1.0,2.0,20.0,0.0,2,0.0,234,50,2316.0,43.910072,4.6,1.5,0,0,0,0,0,1,0,0,0,0,1,0,0,3,12.0,50.0
14899,40.42055,-3.7102,1,1.0,1.0,46.0,96.0,1,0.33,270,50,4503.0,68.043894,0.8,1.0,0,0,0,0,0,1,0,0,0,0,1,0,0,0,10.5,50.0
14900,40.49425,-3.69349,2,1.0,2.0,29.0,100.0,1,0.33,308,50,3545.0,57.198083,16.4,1.0,1,0,0,0,0,0,0,0,0,0,0,0,0,2,18.0,50.0
14901,40.46235,-3.69744,4,0.0,2.0,56.0,93.0,2,2.14,440,200,3476.0,60.621287,5.9,1.5,1,0,0,0,0,1,0,1,0,0,1,1,0,5,34.5,100.0
14902,40.42522,-3.65384,1,1.0,1.0,16.0,60.0,3,0.07,147,50,2893.0,50.090625,6.5,1.0,0,1,1,1,1,1,0,0,0,0,0,0,0,3,10.5,50.0
14903,40.45079,-3.6097,2,1.0,1.0,43.0,100.0,1,0.63,298,200,3312.0,62.061453,9.2,1.0,1,0,0,1,0,1,0,0,0,0,1,0,0,10,18.0,50.0
14905,40.43211,-3.6494,1,1.0,1.0,19.0,99.0,1,2.38,515,50,2893.0,50.090625,6.5,1.0,0,0,0,0,0,0,0,0,0,1,1,0,0,3,10.5,50.0
14907,40.40826,-3.70126,2,1.0,1.0,60.0,90.0,1,0.14,213,200,4503.0,68.043894,0.8,1.0,1,0,0,0,0,0,0,0,0,0,0,0,0,5,18.0,100.0
14909,40.41291,-3.70626,2,1.0,1.0,41.0,80.0,2,0.46,159,50,4503.0,68.043894,0.8,1.0,0,0,0,0,0,1,0,0,1,0,0,0,0,10,18.0,50.0
14910,40.42002,-3.67713,2,1.0,2.0,40.0,0.0,1,0.0,136,50,4220.0,63.672727,3.2,1.0,1,1,1,1,1,1,0,0,1,0,0,0,0,7,18.0,50.0
14911,40.4491,-3.57707,4,1.0,2.0,53.0,98.0,1,1.83,438,200,2477.0,70.967532,7.3,1.0,1,0,0,0,0,1,1,1,1,0,0,0,0,4,33.0,100.0
14912,40.40023,-3.69562,2,1.0,1.0,35.0,100.0,1,0.07,416,200,3917.0,55.025641,1.9,1.0,1,0,0,0,0,1,0,1,0,0,1,0,0,6,18.0,50.0
14913,40.4265,-3.66457,2,1.0,2.0,200.0,100.0,1,0.07,140,200,5328.0,74.694253,2.2,1.5,1,0,0,0,0,1,0,1,0,0,0,0,0,2,19.5,200.0
14914,40.39259,-3.67206,2,1.0,1.0,33.0,0.0,1,0.0,91,50,1890.0,41.443535,5.0,1.0,0,0,0,0,0,1,0,0,0,0,0,0,0,2,18.0,50.0
14915,40.40308,-3.6652,2,1.0,1.0,29.0,83.0,2,0.48,246,50,1890.0,41.443535,5.0,1.0,0,0,0,0,0,1,0,1,0,0,0,0,0,3,18.0,50.0
14916,40.40216,-3.66533,2,1.0,1.0,26.0,90.0,2,0.66,246,50,1890.0,41.443535,5.0,1.0,0,0,0,0,0,1,0,1,0,0,0,0,0,3,18.0,50.0
14917,40.4169,-3.71237,4,2.0,2.0,41.0,82.0,3,0.6,383,200,4503.0,68.043894,0.8,1.0,1,0,0,0,0,1,0,0,0,0,1,0,0,3,33.0,50.0
14918,40.43788,-3.70929,4,4.0,4.0,125.0,0.0,24,0.0,289,200,4855.0,64.056634,2.4,1.0,1,0,0,0,0,1,0,0,1,0,1,0,0,6,33.0,150.0
14919,40.42229,-3.69639,4,1.0,1.0,152.0,0.0,1,0.0,201,200,4503.0,68.043894,0.8,1.0,1,0,0,0,0,1,0,1,0,0,0,0,0,3,33.0,200.0
14920,40.385,-3.74109,5,2.0,3.0,58.0,0.0,1,0.0,212,200,2195.0,47.402837,6.6,1.0,1,0,0,0,0,1,0,1,0,0,0,0,0,3,40.5,100.0
14921,40.4128,-3.69482,2,1.0,1.0,55.0,0.0,1,0.0,167,50,4503.0,68.043894,0.8,1.5,0,1,1,1,1,1,0,0,0,0,1,0,0,5,19.5,100.0
14922,40.49209,-3.69596,3,1.0,2.0,85.0,95.0,1,0.56,151,200,3545.0,57.198083,16.4,1.0,1,0,0,0,0,1,0,0,0,0,0,0,0,3,25.5,100.0
14923,40.38169,-3.76863,2,1.0,2.0,55.0,0.0,1,0.0,50,50,2287.0,47.008319,4.7,1.0,1,0,0,0,0,1,0,0,0,0,0,0,0,2,18.0,100.0
14924,40.45603,-3.70178,2,0.0,2.0,30.0,0.0,1,0.0,105,50,3476.0,60.621287,5.9,1.0,0,0,0,0,0,1,0,0,1,0,0,0,0,3,18.0,50.0
14926,40.43173,-3.69751,2,1.0,1.0,30.0,0.0,1,0.0,234,50,4855.0,64.056634,2.4,1.0,0,0,0,0,0,1,0,0,1,0,1,0,0,6,18.0,50.0
14927,40.40756,-3.709,1,1.0,1.0,35.0,93.0,1,0.4,275,50,4503.0,68.043894,0.8,1.0,0,0,0,0,0,1,0,1,0,1,0,0,0,4,10.5,50.0
14928,40.42221,-3.70309,4,2.0,2.0,100.0,0.0,1,0.0,422,200,4503.0,68.043894,0.8,1.5,1,0,0,0,0,1,0,1,1,1,1,0,0,7,34.5,100.0
14929,40.40967,-3.6987,2,1.0,2.0,40.0,0.0,1,0.0,107,50,4503.0,68.043894,0.8,1.0,1,0,0,0,0,1,0,0,0,0,0,0,0,2,18.0,50.0
14930,40.42207,-3.70313,4,1.0,2.0,76.0,0.0,5,0.0,153,200,4503.0,68.043894,0.8,1.0,1,0,0,0,0,1,0,1,0,0,0,0,0,4,33.0,100.0
14931,40.44296,-3.69913,1,1.0,1.0,35.0,90.0,1,0.13,563,50,4855.0,64.056634,2.4,1.0,0,0,0,0,0,1,0,0,1,0,1,0,0,2,10.5,50.0
14932,40.41387,-3.72917,1,1.0,1.0,30.0,0.0,1,0.0,182,50,2287.0,47.008319,4.7,1.0,1,0,0,0,0,0,0,0,0,0,0,0,0,7,10.5,50.0
14933,40.47173,-3.58664,2,1.0,1.0,55.0,96.0,1,0.92,218,50,3047.0,56.183432,11.8,1.5,1,0,0,0,0,1,0,0,0,0,0,0,0,6,19.5,100.0
14934,40.41981,-3.6979,2,0.0,1.0,50.0,90.0,45,0.28,332,200,4503.0,68.043894,0.8,1.0,1,0,0,0,0,1,0,1,0,0,1,0,0,4,18.0,50.0
14935,40.38639,-3.70682,1,1.0,1.0,20.0,0.0,1,0.0,91,50,2316.0,43.910072,4.6,1.0,0,1,1,1,1,1,0,0,0,0,0,0,0,3,10.5,50.0
14936,40.40341,-3.66045,2,1.0,2.0,20.0,95.0,1,0.86,438,50,1890.0,41.443535,5.0,1.0,0,1,1,1,1,1,0,1,0,0,1,0,0,4,18.0,50.0
14937,40.43129,-3.71097,4,1.0,2.0,47.0,0.0,15,0.0,200,200,4855.0,64.056634,2.4,1.0,1,1,1,1,1,1,0,1,1,0,0,0,0,4,33.0,50.0
14938,40.37376,-3.7736,2,1.0,1.0,20.0,100.0,1,0.13,150,50,2287.0,47.008319,4.7,1.0,1,0,0,0,0,1,0,0,0,0,1,0,0,3,18.0,50.0
14939,40.42469,-3.70489,2,1.0,2.0,39.0,100.0,1,0.2,193,50,4503.0,68.043894,0.8,1.0,1,0,0,0,0,1,0,0,0,0,0,0,0,3,18.0,50.0
14940,40.36127,-3.7605,4,2.0,2.0,60.0,0.0,1,0.0,208,200,2195.0,47.402837,6.6,1.5,1,0,0,0,0,1,0,1,0,0,0,0,0,3,34.5,100.0
14941,40.37051,-3.69495,6,2.0,3.0,75.0,100.0,1,0.07,482,200,2316.0,43.910072,4.6,1.0,1,0,0,0,0,1,0,1,1,1,1,0,1,9,48.0,100.0
14942,40.41686,-3.70141,5,2.0,2.0,121.0,100.0,2,0.27,229,200,4503.0,68.043894,0.8,2.0,1,0,0,0,0,1,0,1,0,1,0,0,0,3,43.5,150.0
14943,40.41033,-3.70282,2,1.0,1.0,47.0,84.0,20,1.87,308,200,4503.0,68.043894,0.8,1.0,1,0,0,0,0,1,0,0,1,0,1,0,0,9,18.0,50.0
14944,40.43007,-3.70418,2,1.0,1.0,21.0,100.0,1,0.22,159,50,4855.0,64.056634,2.4,1.0,0,0,0,0,0,1,0,0,0,0,0,0,0,4,18.0,50.0
14945,40.43601,-3.68239,6,2.0,3.0,206.0,80.0,25,0.28,146,200,5328.0,74.694253,2.2,1.0,1,0,0,0,0,1,0,0,0,0,1,0,0,3,48.0,200.0
14946,40.42426,-3.70576,2,1.0,1.0,33.0,100.0,1,0.14,222,50,4503.0,68.043894,0.8,1.0,0,0,0,0,0,1,0,0,0,0,1,0,0,7,18.0,50.0
14947,40.40286,-3.65413,1,1.0,1.0,20.0,100.0,3,0.65,278,50,1890.0,41.443535,5.0,1.0,0,0,0,0,0,1,0,0,0,0,0,0,0,3,10.5,50.0
14948,40.41658,-3.70696,4,1.0,2.0,115.0,97.0,4,0.46,653,200,4503.0,68.043894,0.8,1.0,1,0,0,0,0,1,0,1,0,0,1,0,0,3,33.0,150.0
14949,40.39595,-3.67251,1,0.0,1.0,25.0,0.0,1,0.0,125,50,4220.0,63.672727,3.2,1.0,0,1,1,1,1,1,0,0,1,0,0,0,0,3,10.5,50.0
14950,40.40998,-3.69726,2,1.0,1.0,36.0,100.0,1,0.59,116,50,4503.0,68.043894,0.8,1.0,0,1,1,1,1,1,0,1,1,0,0,0,0,8,18.0,50.0
14951,40.4894,-3.66058,1,1.0,1.0,35.0,100.0,3,0.2,530,50,3312.0,62.061453,9.2,2.0,0,0,0,0,0,1,0,0,1,1,1,0,0,3,13.5,50.0
14952,40.434,-3.61289,1,1.0,1.0,52.0,100.0,1,0.14,314,50,2477.0,70.967532,7.3,1.0,0,0,0,0,0,1,0,1,1,0,1,0,0,2,10.5,100.0
14953,40.48842,-3.66077,2,1.0,1.0,35.0,100.0,3,0.22,558,50,3312.0,62.061453,9.2,2.0,0,0,0,0,0,1,0,0,1,1,1,0,0,3,21.0,50.0
14954,40.38692,-3.64402,2,1.0,1.0,19.0,0.0,2,0.0,343,50,1890.0,41.443535,5.0,1.5,0,0,0,0,0,1,0,0,1,0,1,0,0,3,19.5,50.0
14955,40.41838,-3.70302,2,1.0,1.0,80.0,0.0,1,0.0,71,200,4503.0,68.043894,0.8,1.0,1,0,0,0,0,1,0,0,0,0,0,0,0,6,18.0,100.0
14956,40.37026,-3.76054,2,1.0,1.0,40.0,100.0,2,0.07,267,50,2195.0,47.402837,6.6,1.5,1,1,1,1,1,1,1,1,1,1,1,1,1,3,19.5,50.0
14957,40.41191,-3.72695,4,2.0,3.0,102.0,95.0,1,0.27,292,200,2287.0,47.008319,4.7,1.0,1,0,0,0,0,1,0,0,0,0,0,0,0,2,33.0,150.0
14958,40.38191,-3.70324,2,1.0,2.0,25.0,100.0,1,0.07,120,50,2316.0,43.910072,4.6,1.0,1,1,1,1,1,1,0,0,1,0,0,0,0,2,18.0,50.0
14959,40.42728,-3.71134,2,1.0,2.0,55.0,0.0,3,0.0,420,200,4503.0,68.043894,0.8,1.0,1,1,1,1,1,1,0,1,0,0,1,0,0,6,18.0,100.0
14960,40.40689,-3.67912,1,1.0,2.0,15.0,0.0,1,0.0,93,50,4220.0,63.672727,3.2,1.0,0,0,0,0,0,1,0,0,0,0,0,0,0,6,10.5,50.0
14961,40.41036,-3.70296,6,2.0,3.0,82.0,97.0,3,3.03,662,200,4503.0,68.043894,0.8,2.0,1,0,0,0,0,1,0,1,0,0,1,1,1,3,51.0,100.0
14962,40.40954,-3.70668,5,2.0,2.0,100.0,81.0,1,0.91,278,200,4503.0,68.043894,0.8,1.0,1,0,0,0,0,1,0,0,0,0,1,0,0,2,40.5,100.0
14964,40.4841,-3.6673,2,0.0,1.0,65.0,100.0,4,0.28,426,200,2893.0,50.090625,6.5,1.5,1,0,0,0,0,1,1,1,0,0,0,0,1,7,19.5,100.0
14965,40.41048,-3.69774,5,1.0,2.0,51.0,93.0,2,0.2,189,50,4503.0,68.043894,0.8,1.5,0,0,0,0,0,1,0,1,0,0,1,0,0,8,42.0,100.0
14966,40.42367,-3.70508,4,0.0,2.0,70.0,80.0,1,0.14,117,200,4503.0,68.043894,0.8,1.0,1,0,0,0,0,1,0,1,0,0,0,0,0,2,33.0,100.0
14967,40.35926,-3.68961,1,1.0,1.0,18.0,0.0,1,0.0,125,50,1696.0,37.641618,9.0,2.0,1,0,0,0,0,1,0,0,0,0,1,0,0,2,13.5,50.0
14968,40.44236,-3.57527,1,1.0,1.0,23.0,100.0,1,0.33,169,50,2477.0,70.967532,7.3,1.0,1,0,0,0,0,1,0,0,0,0,1,0,0,2,10.5,50.0
14969,40.39689,-3.66034,4,2.0,2.0,40.0,100.0,1,0.07,125,200,1890.0,41.443535,5.0,1.0,1,0,0,0,0,1,0,0,0,0,0,0,0,2,33.0,50.0
14970,40.42523,-3.71067,4,1.0,3.0,30.0,83.0,2,0.4,44,50,4503.0,68.043894,0.8,1.0,1,0,0,0,0,1,0,0,0,0,0,0,0,2,33.0,50.0
14971,40.41142,-3.70867,2,1.0,1.0,32.0,88.0,2,0.33,152,50,4503.0,68.043894,0.8,1.0,1,1,1,1,1,1,1,1,1,1,1,1,1,10,18.0,50.0
14972,40.41297,-3.70849,4,2.0,2.0,85.0,40.0,1,1.0,437,200,4503.0,68.043894,0.8,1.0,1,0,0,0,0,1,0,1,0,0,1,1,0,8,33.0,100.0
14973,40.42176,-3.68266,6,3.0,5.0,65.0,0.0,1,0.0,439,200,5328.0,74.694253,2.2,2.0,1,0,0,0,0,1,0,1,1,0,1,0,0,2,51.0,100.0
14974,40.41721,-3.70977,4,1.0,1.0,94.0,0.0,2,0.0,209,200,4503.0,68.043894,0.8,1.0,1,0,0,0,0,1,0,1,0,0,1,0,0,7,33.0,100.0
14975,40.42447,-3.66846,5,3.0,3.0,78.0,95.0,12,1.06,375,200,5328.0,74.694253,2.2,1.0,1,0,0,0,0,1,0,1,0,0,1,0,0,7,40.5,100.0
14976,40.39132,-3.69228,3,1.0,2.0,86.0,90.0,22,1.49,268,200,3917.0,55.025641,1.9,1.0,1,0,0,0,0,1,1,1,0,0,0,0,0,2,25.5,100.0
14977,40.4254,-3.71237,4,1.0,1.0,94.0,0.0,2,0.0,195,200,4503.0,68.043894,0.8,1.0,1,0,0,0,0,1,0,1,0,0,1,0,0,7,33.0,100.0
14978,40.4091,-3.7146,2,1.0,2.0,100.0,0.0,1,0.0,110,50,4503.0,68.043894,0.8,1.0,0,1,1,1,1,1,0,0,1,0,0,0,0,2,18.0,100.0
14979,40.40666,-3.70563,4,2.0,2.0,158.0,90.0,1,0.15,160,200,4503.0,68.043894,0.8,1.0,1,0,0,0,0,1,0,1,0,0,0,0,0,2,33.0,200.0
14980,40.41016,-3.69698,3,1.0,2.0,86.0,0.0,2,0.0,209,200,4503.0,68.043894,0.8,1.0,1,0,0,0,0,1,0,1,0,0,1,0,0,6,25.5,100.0
14981,40.39568,-3.667,2,1.0,2.0,100.0,0.0,1,0.0,177,200,1890.0,41.443535,5.0,1.0,1,0,0,0,0,1,0,1,0,0,1,0,0,2,18.0,100.0
14982,40.38803,-3.74088,4,0.0,1.0,70.0,0.0,1,0.0,208,200,2195.0,47.402837,6.6,1.0,1,0,0,0,0,1,0,1,0,0,0,0,0,2,33.0,100.0
14983,40.38147,-3.77565,1,1.0,1.0,20.0,100.0,1,0.61,263,50,2287.0,47.008319,4.7,1.5,0,0,0,0,0,1,0,0,0,0,1,0,0,6,12.0,50.0
14984,40.37676,-3.62737,2,1.0,1.0,26.0,95.0,3,0.27,193,50,2382.0,49.659794,11.0,1.0,0,0,0,0,0,1,0,0,1,0,1,0,0,3,18.0,50.0
14985,40.38938,-3.7381,4,2.0,2.0,59.0,0.0,1,0.0,214,200,2195.0,47.402837,6.6,1.0,1,0,0,0,0,1,0,1,0,0,1,0,0,2,33.0,100.0
14986,40.40911,-3.7119,4,1.0,2.0,200.0,0.0,1,0.0,376,200,4503.0,68.043894,0.8,1.0,1,1,1,1,1,1,0,1,0,1,1,0,0,4,33.0,200.0
14987,40.4195,-3.70328,2,1.0,2.0,120.0,0.0,1,0.0,197,50,4503.0,68.043894,0.8,1.0,1,0,0,0,0,1,0,1,0,0,0,0,0,2,18.0,150.0
14988,40.41154,-3.70915,1,1.0,1.0,35.0,0.0,1,0.0,123,50,4503.0,68.043894,0.8,1.0,0,1,1,1,1,1,0,0,0,0,0,0,0,2,10.5,50.0
14989,40.44299,-3.63395,2,1.0,2.0,35.0,100.0,1,0.07,259,50,2477.0,70.967532,7.3,1.0,1,0,0,0,0,1,0,0,0,1,1,0,0,7,18.0,50.0
14990,40.43612,-3.67397,2,1.0,1.0,35.0,100.0,1,0.07,318,50,5328.0,74.694253,2.2,1.0,1,0,0,0,0,1,0,1,1,0,1,0,0,4,18.0,50.0
14991,40.44971,-3.79002,3,1.0,1.0,52.0,95.0,1,0.28,244,50,3555.0,63.451906,5.9,1.0,1,0,0,0,0,1,1,0,0,0,1,0,0,2,25.5,100.0
14992,40.4208,-3.66902,6,3.0,4.0,75.0,88.0,1,2.47,496,200,4220.0,63.672727,3.2,1.5,1,0,0,0,0,1,0,0,1,1,1,0,0,3,49.5,100.0
14993,40.47082,-3.70093,1,1.0,1.0,20.0,100.0,2,0.21,413,200,3476.0,60.621287,5.9,1.5,1,0,0,0,0,1,0,0,0,0,1,0,0,2,12.0,50.0
14994,40.38006,-3.66158,1,1.0,1.0,50.0,0.0,1,0.0,435,50,1890.0,41.443535,5.0,1.0,0,0,0,0,0,1,0,0,1,0,1,0,0,3,10.5,50.0
14996,40.39496,-3.6881,2,1.0,2.0,60.0,0.0,1,0.0,218,50,3917.0,55.025641,1.9,2.0,1,0,0,0,0,1,0,1,0,0,1,0,0,3,21.0,100.0
14998,40.4068,-3.69869,5,2.0,4.0,66.0,93.0,67,0.61,254,200,4503.0,68.043894,0.8,1.0,1,0,0,0,0,1,0,1,0,0,1,0,0,7,40.5,100.0
14999,40.42648,-3.70434,1,1.0,1.0,32.0,90.0,5,4.96,249,50,4503.0,68.043894,0.8,1.0,1,0,0,0,0,1,0,1,0,0,0,0,0,6,10.5,50.0
15000,40.42422,-3.70276,2,1.0,1.0,42.0,91.0,5,6.11,249,50,4503.0,68.043894,0.8,1.0,1,0,0,0,0,1,0,1,0,0,0,0,0,6,18.0,50.0
15002,40.42605,-3.70218,2,1.0,2.0,44.0,93.0,5,5.51,265,50,4503.0,68.043894,0.8,1.0,1,0,0,0,0,1,0,1,0,0,0,0,0,6,18.0,50.0
15003,40.39649,-3.66582,2,1.0,1.0,20.0,0.0,1,0.0,96,200,1890.0,41.443535,5.0,1.0,1,0,0,0,0,0,0,0,0,0,0,0,0,2,18.0,50.0
15004,40.41468,-3.69911,6,2.0,4.0,104.0,98.0,59,0.89,443,200,4503.0,68.043894,0.8,2.0,1,0,0,0,0,1,0,1,0,0,1,0,0,7,51.0,150.0
15005,40.43085,-3.70607,1,1.0,1.0,15.0,87.0,1,0.2,183,50,4855.0,64.056634,2.4,0.0,0,1,1,1,1,1,0,0,0,0,0,0,0,2,7.5,50.0
15006,40.42489,-3.69337,2,1.0,1.0,179.0,0.0,1,0.0,227,50,4503.0,68.043894,0.8,1.0,1,0,0,0,0,1,0,1,0,0,0,0,0,2,18.0,200.0
15007,40.38404,-3.67168,2,1.0,1.0,55.0,0.0,1,0.0,244,50,1890.0,41.443535,5.0,2.0,1,0,0,0,0,1,0,1,0,0,1,0,0,2,21.0,100.0
15008,40.42301,-3.66637,4,1.0,2.0,44.0,93.0,1,0.93,320,200,5328.0,74.694253,2.2,2.0,1,0,0,0,0,1,0,0,0,0,0,0,0,2,36.0,50.0
15009,40.43713,-3.70329,2,1.0,2.0,105.0,100.0,1,0.07,202,50,4855.0,64.056634,2.4,1.0,1,1,1,1,1,1,0,1,1,0,1,0,0,5,18.0,150.0
15010,40.44681,-3.67382,2,1.0,1.0,30.0,100.0,1,0.07,123,50,4508.0,67.220486,5.8,1.0,0,0,0,0,0,1,0,0,0,0,0,0,0,6,18.0,50.0
15011,40.46539,-3.69287,1,1.0,1.0,52.0,100.0,1,0.06,56,50,3476.0,60.621287,5.9,1.0,1,1,1,1,1,0,0,0,1,0,0,0,0,4,10.5,100.0
15012,40.4295,-3.70331,6,2.0,3.0,118.0,91.0,12,0.73,520,200,4855.0,64.056634,2.4,2.0,1,0,0,0,0,1,0,1,0,1,1,0,0,4,51.0,150.0
15013,40.41969,-3.70647,2,1.0,1.0,60.0,0.0,1,0.0,163,50,4503.0,68.043894,0.8,1.0,0,1,1,1,1,1,0,0,0,0,0,0,0,7,18.0,100.0
15014,40.41089,-3.70318,4,1.0,2.0,180.0,97.0,62,2.12,492,200,4503.0,68.043894,0.8,1.0,1,0,0,1,0,1,0,1,0,1,1,0,0,5,33.0,200.0
15016,40.41269,-3.71508,4,1.0,2.0,64.0,96.0,1,0.66,758,200,4503.0,68.043894,0.8,1.0,1,0,0,0,0,1,0,1,0,0,1,1,1,3,33.0,100.0
15017,40.41956,-3.69628,7,3.0,4.0,60.0,0.0,1,0.0,373,200,4503.0,68.043894,0.8,1.0,1,0,0,0,0,1,0,0,0,0,1,0,0,2,55.5,100.0
15018,40.4189,-3.62919,1,0.0,1.0,24.0,0.0,1,0.0,216,50,2893.0,50.090625,6.5,1.0,0,1,1,1,1,1,0,0,1,0,1,0,0,5,10.5,50.0
15019,40.41883,-3.7047,2,1.0,1.0,42.0,100.0,1,0.07,171,50,4503.0,68.043894,0.8,1.0,0,0,0,0,0,1,0,1,0,0,1,0,0,2,18.0,50.0
15020,40.40493,-3.69273,1,1.0,1.0,16.0,100.0,1,0.09,410,50,3917.0,55.025641,1.9,1.0,0,0,0,0,0,1,0,0,0,1,1,0,0,6,10.5,50.0
15021,40.38153,-3.64947,2,1.0,1.0,23.0,100.0,1,0.4,215,50,1890.0,41.443535,5.0,1.5,0,0,0,0,0,1,0,0,0,0,0,0,0,7,19.5,50.0
15022,40.41406,-3.69797,2,1.0,1.0,29.0,92.0,3,2.37,249,50,4503.0,68.043894,0.8,1.0,1,0,0,0,0,1,0,1,0,0,0,0,0,2,18.0,50.0
15023,40.41595,-3.69745,2,1.0,2.0,37.0,92.0,3,3.16,249,50,4503.0,68.043894,0.8,1.0,1,0,0,0,0,1,0,1,0,0,0,0,0,2,18.0,50.0
15024,40.41567,-3.69665,3,1.0,2.0,41.0,94.0,3,1.71,249,50,4503.0,68.043894,0.8,1.0,1,0,0,0,0,1,0,1,0,0,0,0,0,2,25.5,50.0
15025,40.4252,-3.69819,2,1.0,1.0,69.0,90.0,1,0.27,371,200,4503.0,68.043894,0.8,1.0,1,0,0,0,0,1,0,1,0,0,0,0,0,0,18.0,100.0
15026,40.41112,-3.695,2,0.0,1.0,53.0,100.0,1,0.14,190,200,4503.0,68.043894,0.8,1.0,1,0,0,0,0,1,0,0,0,0,0,0,0,2,18.0,100.0
15027,40.40438,-3.69853,4,0.0,2.0,52.0,86.0,22,3.86,365,200,3917.0,55.025641,1.9,1.0,1,0,0,0,0,1,1,1,0,0,0,0,0,2,33.0,100.0
15028,40.39361,-3.66882,3,2.0,2.0,50.0,0.0,1,0.0,125,200,1890.0,41.443535,5.0,1.0,1,0,0,0,0,1,0,0,0,0,0,0,0,2,25.5,50.0
15029,40.40209,-3.74484,2,1.0,1.0,19.0,96.0,2,0.66,424,50,2287.0,47.008319,4.7,1.0,0,0,0,0,0,1,0,0,1,1,1,0,0,7,18.0,50.0
15030,40.40786,-3.70328,4,2.0,3.0,44.0,96.0,5,2.25,485,200,4503.0,68.043894,0.8,1.0,1,0,0,0,0,1,0,1,0,0,1,0,0,4,33.0,50.0
15031,40.40564,-3.72082,1,1.0,2.0,51.0,100.0,1,0.07,87,50,3917.0,55.025641,1.9,1.0,1,0,0,0,0,1,0,0,0,0,0,0,0,2,10.5,100.0
15032,40.40951,-3.712,2,1.0,3.0,42.0,100.0,1,0.13,228,50,4503.0,68.043894,0.8,1.0,1,0,0,0,0,1,0,1,0,0,1,0,0,2,18.0,50.0
15033,40.36808,-3.71339,2,1.0,2.0,16.0,0.0,1,0.0,52,50,2316.0,43.910072,4.6,1.0,1,0,0,0,0,1,0,0,0,0,0,0,0,2,18.0,50.0
15034,40.37306,-3.75049,8,2.0,5.0,100.0,90.0,1,0.14,288,200,2195.0,47.402837,6.6,1.0,1,0,0,0,0,1,0,0,0,0,0,0,0,6,63.0,100.0
15035,40.4754,-3.70786,2,1.0,2.0,50.0,100.0,7,0.27,468,200,3545.0,57.198083,16.4,1.0,1,0,0,0,0,1,0,1,0,0,1,0,0,4,18.0,50.0
15036,40.44649,-3.7062,1,1.0,1.0,25.0,0.0,1,0.0,55,50,4855.0,64.056634,2.4,1.0,0,0,0,0,0,1,0,0,0,0,0,0,0,3,10.5,50.0
15037,40.45816,-3.67716,4,2.0,3.0,104.0,90.0,3,0.14,243,200,4508.0,67.220486,5.8,1.0,1,0,0,0,0,1,1,1,0,0,0,0,0,4,33.0,150.0
15038,40.37442,-3.67005,4,2.0,3.0,45.0,0.0,1,0.0,185,200,1890.0,41.443535,5.0,2.0,1,0,0,0,0,1,0,1,0,0,1,0,0,4,36.0,50.0
15039,40.39134,-3.74044,4,2.0,2.0,55.0,0.0,1,0.0,166,200,2195.0,47.402837,6.6,1.0,1,0,0,0,0,1,0,0,0,0,0,0,0,3,33.0,100.0
15041,40.39424,-3.72681,2,2.0,2.0,86.0,0.0,1,0.0,198,200,2195.0,47.402837,6.6,2.0,1,0,0,0,0,1,0,0,0,0,1,0,0,3,21.0,100.0
15043,40.41704,-3.70866,5,2.0,3.0,190.0,100.0,5,0.07,352,200,4503.0,68.043894,0.8,2.0,1,0,0,0,0,1,0,1,0,1,0,0,0,4,43.5,200.0
15045,40.48003,-3.71308,1,1.0,2.0,11.0,0.0,1,0.0,220,50,3545.0,57.198083,16.4,1.5,1,0,0,0,0,1,0,1,1,0,1,0,0,2,12.0,50.0
15047,40.43723,-3.6112,2,1.0,1.0,25.0,100.0,1,0.13,466,50,2477.0,70.967532,7.3,1.0,0,0,0,0,0,1,0,1,0,1,0,0,0,3,18.0,50.0
15049,40.4271,-3.70182,4,2.0,3.0,100.0,100.0,45,0.14,385,200,4503.0,68.043894,0.8,1.0,1,0,0,0,0,1,0,0,0,0,1,0,1,4,33.0,100.0
15050,40.41667,-3.7069,6,2.0,2.0,227.0,100.0,5,0.07,352,200,4503.0,68.043894,0.8,1.0,1,0,0,0,0,1,0,1,0,1,1,0,0,4,48.0,200.0
15053,40.40432,-3.66576,2,1.0,1.0,41.0,93.0,3,0.21,141,50,1890.0,41.443535,5.0,1.5,0,0,0,0,0,1,0,0,0,0,0,0,0,5,19.5,50.0
15055,40.40666,-3.67938,2,1.0,2.0,50.0,100.0,1,0.07,69,50,4220.0,63.672727,3.2,1.0,1,0,0,0,0,0,0,0,0,0,0,0,0,2,18.0,50.0
15056,40.40412,-3.68081,1,1.0,1.0,49.0,0.0,2,0.0,117,50,4220.0,63.672727,3.2,1.0,0,1,1,1,1,0,0,0,0,0,0,0,0,8,10.5,50.0
15057,40.42827,-3.65602,1,1.0,1.0,25.0,0.0,1,0.0,251,50,2893.0,50.090625,6.5,1.5,0,0,0,0,0,1,0,0,1,0,1,0,0,6,12.0,50.0
15058,40.4318,-3.6154,1,1.0,1.0,24.0,100.0,1,0.08,153,50,2477.0,70.967532,7.3,1.5,0,1,1,1,1,1,0,0,1,0,0,0,0,5,12.0,50.0
15059,40.41125,-3.73793,4,2.0,3.0,66.0,100.0,2,0.28,329,200,2287.0,47.008319,4.7,1.0,1,0,0,0,0,1,0,1,0,0,1,0,0,6,33.0,100.0
15060,40.43115,-3.61849,1,1.0,2.0,104.0,100.0,1,0.07,240,50,2477.0,70.967532,7.3,1.0,1,0,0,0,0,1,0,1,0,0,0,0,0,3,10.5,150.0
15061,40.42065,-3.70869,2,1.0,1.0,35.0,100.0,3,0.07,393,50,4503.0,68.043894,0.8,1.0,1,0,0,0,0,1,0,1,0,0,0,0,0,6,18.0,50.0
15062,40.42133,-3.71072,2,1.0,1.0,32.0,0.0,3,0.0,393,50,4503.0,68.043894,0.8,1.0,0,0,0,0,0,1,0,1,0,0,0,0,0,6,18.0,50.0
15063,40.39463,-3.6667,4,1.0,2.0,52.0,94.0,8,1.33,693,200,1890.0,41.443535,5.0,1.0,1,0,0,0,0,1,0,1,1,1,1,0,0,3,33.0,100.0
15064,40.41154,-3.73265,1,1.0,1.0,17.0,0.0,2,0.07,531,50,2287.0,47.008319,4.7,1.0,0,0,0,0,0,1,0,0,0,0,1,0,0,7,10.5,50.0
15065,40.4331,-3.64665,2,1.0,2.0,35.0,100.0,2,0.13,215,50,2893.0,50.090625,6.5,1.0,0,0,0,0,0,1,0,1,0,0,1,0,0,4,18.0,50.0
15066,40.44472,-3.67741,2,1.0,1.0,120.0,0.0,1,0.0,202,200,4508.0,67.220486,5.8,1.0,1,0,0,0,0,1,0,0,0,0,1,0,0,2,18.0,150.0
15067,40.43438,-3.65801,2,1.0,1.0,21.0,88.0,1,0.67,386,50,2893.0,50.090625,6.5,1.5,0,0,0,0,0,1,0,0,0,1,0,0,0,2,19.5,50.0
15068,40.42092,-3.70911,4,2.0,2.0,376.0,96.0,20,0.36,436,200,4503.0,68.043894,0.8,2.5,1,0,0,0,0,1,0,1,0,0,1,0,0,9,37.5,200.0
15069,40.42732,-3.70464,1,1.0,1.0,55.0,0.0,1,0.0,229,50,4503.0,68.043894,0.8,1.5,1,0,0,0,0,1,0,1,0,0,0,0,0,2,12.0,100.0
15070,40.47915,-3.66302,1,1.0,1.0,25.0,0.0,1,0.0,83,50,3312.0,62.061453,9.2,1.0,1,0,0,0,0,1,0,0,0,0,0,0,0,3,10.5,50.0
15071,40.47364,-3.57791,2,1.0,1.0,49.0,100.0,1,0.4,471,50,3047.0,56.183432,11.8,1.0,1,0,0,1,0,1,0,1,0,1,0,0,0,5,18.0,50.0
15072,40.39284,-3.69467,1,1.0,1.0,14.0,100.0,2,0.31,335,50,3917.0,55.025641,1.9,1.0,0,0,0,0,0,1,0,0,0,0,1,0,0,3,10.5,50.0
15073,40.4382,-3.68774,2,1.0,1.0,60.0,100.0,2,0.67,338,200,4508.0,67.220486,5.8,1.0,1,0,0,0,0,1,0,1,0,1,1,0,0,2,18.0,100.0
15074,40.42191,-3.70096,2,1.0,1.0,50.0,98.0,1,0.59,421,50,4503.0,68.043894,0.8,1.5,0,0,0,0,0,1,0,0,1,0,1,0,0,4,19.5,50.0
15075,40.46504,-3.63471,2,1.0,1.0,80.0,0.0,2,0.0,133,50,3312.0,62.061453,9.2,1.0,1,1,1,1,1,1,0,0,0,0,0,0,0,2,18.0,100.0
15076,40.423,-3.71467,3,1.0,1.0,65.0,1.0,1,1.0,102,200,3555.0,63.451906,5.9,1.0,1,1,1,1,1,1,1,1,1,1,1,1,1,8,25.5,100.0
15077,40.40888,-3.70851,6,3.0,3.0,42.0,98.0,1,1.75,316,200,4503.0,68.043894,0.8,3.0,1,0,0,0,0,1,0,1,0,1,1,0,0,5,54.0,50.0
15078,40.41823,-3.6773,5,2.0,4.0,90.0,100.0,1,0.15,480,200,4220.0,63.672727,3.2,1.0,1,0,0,0,0,1,0,1,1,0,1,0,0,6,40.5,100.0
15079,40.43231,-3.71859,4,2.0,1.0,53.0,0.0,1,0.0,129,200,3555.0,63.451906,5.9,2.0,1,0,0,0,0,1,0,1,0,0,0,0,0,7,36.0,100.0
15080,40.41961,-3.70293,2,1.0,1.0,107.0,0.0,2,0.0,144,200,4503.0,68.043894,0.8,1.5,1,0,0,0,0,1,0,1,0,0,1,0,0,3,19.5,150.0
15081,40.44662,-3.70606,2,1.0,2.0,45.0,0.0,1,0.0,122,50,4855.0,64.056634,2.4,1.0,1,0,0,0,0,1,0,1,0,0,1,0,0,3,18.0,50.0
15082,40.47085,-3.67417,1,1.0,1.0,34.0,100.0,2,0.07,129,50,4508.0,67.220486,5.8,1.0,1,0,0,0,0,1,0,0,0,0,1,0,0,0,10.5,50.0
15083,40.42014,-3.67513,1,1.0,2.0,30.0,80.0,2,0.07,528,50,4220.0,63.672727,3.2,1.0,0,0,0,0,0,1,0,1,1,1,1,0,0,3,10.5,50.0
15084,40.41087,-3.70261,3,1.0,2.0,62.0,82.0,2,0.66,400,200,4503.0,68.043894,0.8,1.0,1,0,0,0,0,1,0,1,0,0,1,0,1,8,25.5,100.0
15085,40.43288,-3.64836,2,1.0,2.0,60.0,0.0,1,0.0,165,50,2893.0,50.090625,6.5,1.0,1,0,0,0,0,0,0,1,0,0,0,0,0,0,18.0,100.0
15086,40.46879,-3.68902,4,2.0,2.0,109.0,0.0,1,0.0,180,200,3476.0,60.621287,5.9,1.0,1,0,0,0,0,1,0,1,1,0,0,0,0,3,33.0,150.0
15087,40.37358,-3.75155,1,1.0,2.0,30.0,100.0,1,0.14,228,50,2195.0,47.402837,6.6,1.0,0,0,0,0,0,1,0,1,0,0,1,0,0,2,10.5,50.0
15088,40.43076,-3.71986,2,1.0,1.0,150.0,47.0,1,0.26,175,50,3555.0,63.451906,5.9,1.0,1,1,1,1,1,1,1,1,1,1,1,1,1,4,18.0,150.0
15089,40.44248,-3.67617,2,1.0,1.0,41.0,100.0,2,0.14,207,50,4508.0,67.220486,5.8,1.0,1,0,0,0,0,1,1,1,0,0,1,0,0,2,18.0,50.0
15090,40.42916,-3.70725,2,1.0,1.0,113.0,100.0,113,0.07,408,200,4503.0,68.043894,0.8,1.0,1,0,0,0,0,1,0,1,1,0,0,0,1,7,18.0,150.0
15091,40.39783,-3.67446,1,1.0,2.0,25.0,0.0,1,0.0,229,50,4220.0,63.672727,3.2,1.0,0,0,0,0,0,1,1,1,0,0,1,0,0,8,10.5,50.0
15092,40.42839,-3.68198,4,2.0,2.0,195.0,0.0,113,0.0,252,200,5328.0,74.694253,2.2,2.0,1,0,0,0,0,1,0,1,1,0,0,0,0,7,36.0,200.0
15093,40.42866,-3.70426,6,2.0,3.0,96.0,99.0,59,1.47,383,200,4503.0,68.043894,0.8,2.0,1,0,0,0,0,1,0,1,0,0,0,0,0,7,51.0,100.0
15094,40.40324,-3.69686,4,2.0,3.0,49.0,0.0,1,0.0,253,200,3917.0,55.025641,1.9,1.0,1,0,0,0,0,1,0,0,0,0,1,0,0,2,33.0,50.0
15095,40.42524,-3.68061,6,3.0,4.0,297.0,80.0,113,0.07,275,200,5328.0,74.694253,2.2,3.0,1,0,0,0,0,1,0,1,1,0,0,0,0,7,54.0,200.0
15096,40.42204,-3.69726,4,2.0,3.0,183.0,0.0,113,0.0,231,200,4503.0,68.043894,0.8,2.0,1,0,0,0,0,1,0,1,1,0,0,0,0,7,36.0,200.0
15097,40.4477,-3.67454,3,1.0,3.0,45.0,97.0,2,0.48,145,50,4508.0,67.220486,5.8,1.0,1,0,0,0,0,1,0,1,0,0,0,0,0,7,25.5,50.0
15098,40.36511,-3.75929,1,1.0,1.0,18.0,0.0,3,0.0,204,50,2195.0,47.402837,6.6,1.5,0,0,0,0,0,1,0,0,0,0,1,0,0,3,12.0,50.0
15102,40.42558,-3.62087,2,1.0,1.0,35.0,100.0,1,0.13,224,50,2477.0,70.967532,7.3,1.0,0,0,0,0,0,1,0,0,0,0,1,0,0,0,18.0,50.0
15103,40.42208,-3.70268,1,1.0,1.0,50.0,0.0,2,0.0,133,50,4503.0,68.043894,0.8,1.0,1,1,1,1,1,1,0,0,1,0,1,0,0,0,10.5,50.0
15104,40.42389,-3.70647,4,1.0,2.0,61.0,60.0,1,0.2,127,200,4503.0,68.043894,0.8,1.5,1,0,0,0,0,1,0,0,0,0,1,0,0,9,34.5,100.0
15105,40.43189,-3.65486,6,3.0,4.0,66.0,100.0,1,1.78,419,200,2893.0,50.090625,6.5,1.0,1,0,0,0,0,1,0,1,0,0,1,0,0,8,48.0,100.0
15106,40.38571,-3.72199,2,1.0,1.0,24.0,100.0,1,0.2,294,50,2195.0,47.402837,6.6,1.0,1,0,0,0,0,1,0,1,0,0,1,0,0,4,18.0,50.0
15107,40.45235,-3.69845,2,1.0,1.0,30.0,95.0,2,0.54,214,50,3476.0,60.621287,5.9,1.0,0,0,0,0,0,1,0,1,0,0,0,0,0,6,18.0,50.0
15108,40.43975,-3.69504,2,1.0,1.0,55.0,0.0,1,0.0,160,50,4855.0,64.056634,2.4,1.5,0,0,0,0,0,1,0,1,0,0,1,0,0,2,19.5,100.0
15109,40.43431,-3.66946,2,1.0,1.0,48.0,0.0,1,0.0,175,50,5328.0,74.694253,2.2,1.0,0,0,0,0,0,1,0,1,0,0,1,0,0,2,18.0,50.0
15110,40.41091,-3.70314,4,1.0,2.0,178.0,100.0,62,0.44,504,200,4503.0,68.043894,0.8,1.0,1,0,0,1,0,1,0,1,1,1,1,0,0,5,33.0,200.0
15111,40.40818,-3.70461,6,2.0,3.0,46.0,100.0,1,0.29,239,200,4503.0,68.043894,0.8,1.0,1,0,0,0,0,1,0,0,0,0,0,0,0,3,48.0,50.0
15113,40.44231,-3.68085,4,3.0,3.0,70.0,100.0,10,0.07,116,200,4508.0,67.220486,5.8,1.0,1,0,0,0,0,1,0,0,0,0,1,0,0,2,33.0,100.0
15114,40.42258,-3.70748,4,1.0,1.0,200.0,80.0,6,0.21,251,200,4503.0,68.043894,0.8,1.0,1,0,0,0,0,1,0,1,0,0,0,0,0,2,33.0,200.0
15115,40.41152,-3.70782,2,1.0,2.0,40.0,20.0,1,0.27,111,50,4503.0,68.043894,0.8,2.0,1,0,0,0,0,0,0,0,0,0,0,0,0,2,21.0,50.0
15116,40.42102,-3.69626,4,1.0,2.0,140.0,40.0,72,0.29,226,200,4503.0,68.043894,0.8,1.0,1,0,0,0,0,1,1,1,1,0,1,0,0,6,33.0,150.0
15117,40.41889,-3.67606,2,1.0,1.0,72.0,0.0,16,0.0,181,200,4220.0,63.672727,3.2,1.0,1,0,0,0,0,1,0,1,0,0,1,0,0,2,18.0,100.0
15118,40.41113,-3.70724,4,2.0,2.0,36.0,96.0,3,1.54,454,200,4503.0,68.043894,0.8,1.0,1,0,0,0,0,1,0,1,1,1,1,0,0,6,33.0,50.0
15119,40.42827,-3.67919,2,1.0,1.0,45.0,0.0,2,0.0,375,50,5328.0,74.694253,2.2,2.0,0,0,0,0,0,1,0,0,1,0,1,0,0,5,21.0,50.0
15120,40.41237,-3.70764,2,1.0,2.0,60.0,100.0,1,0.07,119,50,4503.0,68.043894,0.8,1.0,1,0,0,0,0,1,0,1,0,0,0,0,0,2,18.0,100.0
15121,40.42427,-3.70648,1,1.0,1.0,110.0,0.0,1,0.0,220,50,4503.0,68.043894,0.8,2.0,0,0,0,0,0,0,0,1,0,0,1,0,0,2,13.5,150.0
15122,40.41093,-3.71662,2,1.0,1.0,60.0,60.0,1,0.07,190,50,4503.0,68.043894,0.8,1.0,0,0,0,0,0,1,0,0,1,0,1,0,0,8,18.0,100.0
15123,40.34612,-3.7064,1,1.0,1.0,30.0,0.0,1,0.0,193,50,1696.0,37.641618,9.0,1.0,0,0,0,0,0,1,0,0,0,0,1,0,0,2,10.5,50.0
15124,40.421,-3.70848,6,3.0,5.0,226.0,96.0,3,0.34,508,200,4503.0,68.043894,0.8,2.0,1,0,0,0,0,1,0,1,0,1,1,0,0,3,51.0,200.0
15125,40.46404,-3.70202,1,1.0,2.0,50.0,0.0,1,0.0,48,50,3476.0,60.621287,5.9,1.0,1,0,0,0,0,0,0,0,0,0,0,0,0,4,10.5,50.0
15126,40.39116,-3.76194,4,2.0,2.0,50.0,100.0,1,0.07,152,200,2287.0,47.008319,4.7,1.0,1,0,0,0,0,0,0,0,0,0,0,0,0,3,33.0,50.0
15127,40.42284,-3.67566,4,2.0,2.0,77.0,100.0,1,0.67,171,200,5328.0,74.694253,2.2,2.0,1,0,0,0,0,1,0,1,0,1,0,0,0,2,36.0,100.0
15128,40.38351,-3.67266,4,1.0,2.0,48.0,90.0,22,3.45,335,200,1890.0,41.443535,5.0,1.0,1,0,0,0,0,1,0,1,0,0,0,0,0,2,33.0,50.0
15129,40.46691,-3.6352,2,1.0,2.0,80.0,80.0,2,0.07,90,50,3312.0,62.061453,9.2,1.0,1,0,0,0,0,1,0,0,0,0,0,0,0,2,18.0,100.0
15130,40.42475,-3.71438,4,1.0,1.0,119.0,100.0,4,0.07,608,200,3555.0,63.451906,5.9,1.0,1,0,0,0,0,1,0,1,0,0,1,0,1,2,33.0,150.0
15131,40.42488,-3.68048,1,1.0,1.0,25.0,100.0,2,0.14,408,50,5328.0,74.694253,2.2,1.0,1,1,1,1,1,1,1,1,1,1,1,1,1,7,10.5,50.0
15132,40.40895,-3.69915,2,1.0,1.0,50.0,100.0,1,0.27,387,50,4503.0,68.043894,0.8,1.0,0,0,0,0,0,1,0,0,0,1,0,0,0,9,18.0,50.0
15133,40.45479,-3.68065,2,1.0,2.0,63.0,100.0,1,0.23,209,200,4508.0,67.220486,5.8,1.0,1,0,0,0,0,1,0,1,0,0,1,0,0,7,18.0,100.0
15134,40.38924,-3.71923,1,1.0,1.0,12.0,98.0,1,0.58,215,50,2195.0,47.402837,6.6,1.0,0,0,0,0,0,1,0,1,0,0,1,0,0,3,10.5,50.0
15135,40.43955,-3.63394,3,1.0,2.0,39.0,0.0,1,0.0,209,50,2477.0,70.967532,7.3,1.0,0,0,0,0,0,1,0,0,1,0,1,0,0,5,25.5,50.0
15136,40.40968,-3.67732,4,1.0,1.0,199.0,1.0,1,1.0,152,50,4220.0,63.672727,3.2,1.5,1,1,1,1,1,1,1,1,1,1,1,1,1,2,34.5,200.0
15137,40.45093,-3.69048,4,1.0,1.0,150.0,1.0,1,1.0,219,50,4508.0,67.220486,5.8,1.0,1,1,1,1,1,1,1,1,1,1,1,1,1,2,33.0,150.0
15138,40.40896,-3.70305,2,1.0,1.0,57.0,97.0,7,3.07,589,200,4503.0,68.043894,0.8,1.0,1,0,0,0,0,1,0,1,1,1,1,0,0,6,18.0,100.0
15140,40.45674,-3.67326,1,1.0,1.0,21.0,0.0,9,0.0,288,50,4508.0,67.220486,5.8,2.0,0,0,0,0,0,1,0,0,1,0,1,0,0,2,13.5,50.0
15141,40.42046,-3.70685,5,1.0,2.0,90.0,84.0,26,1.34,325,200,4503.0,68.043894,0.8,1.0,1,0,0,0,0,1,0,1,0,0,1,0,0,3,40.5,100.0
15142,40.4172,-3.7125,2,0.0,1.0,48.0,82.0,4,2.58,289,50,4503.0,68.043894,0.8,1.0,1,0,0,0,0,1,0,1,0,0,1,0,0,2,18.0,50.0
15144,40.42498,-3.70373,4,0.0,1.0,1139.0,0.0,27,0.0,149,200,4503.0,68.043894,0.8,1.0,1,0,0,0,0,1,0,0,0,0,0,0,0,7,33.0,200.0
15146,40.42681,-3.61727,1,1.0,1.0,52.0,0.0,1,0.0,35,50,2477.0,70.967532,7.3,1.0,0,0,0,0,0,1,0,0,0,0,0,0,0,2,10.5,100.0
15147,40.39349,-3.75426,1,1.0,1.0,25.0,0.0,1,0.0,197,50,2287.0,47.008319,4.7,1.5,0,0,0,0,0,0,0,0,0,0,1,0,0,2,12.0,50.0
15149,40.40931,-3.67126,2,1.0,2.0,50.0,100.0,1,0.07,112,50,4220.0,63.672727,3.2,1.0,1,1,1,1,1,1,0,1,0,0,0,0,0,5,18.0,50.0
15150,40.41417,-3.72481,4,2.0,2.0,50.0,0.0,10,0.0,174,200,2287.0,47.008319,4.7,1.0,1,0,0,0,0,1,0,1,1,0,1,0,0,3,33.0,50.0
15151,40.42489,-3.66857,2,0.0,2.0,30.0,0.0,3,0.0,135,200,5328.0,74.694253,2.2,1.0,1,0,0,0,0,1,0,0,0,0,0,0,0,6,18.0,50.0
15152,40.38766,-3.70977,6,2.0,4.0,106.0,100.0,1,0.08,551,200,2316.0,43.910072,4.6,1.0,1,0,0,0,0,1,0,1,0,1,0,0,0,2,48.0,150.0
15153,40.40416,-3.68057,1,1.0,2.0,30.0,100.0,1,0.07,150,50,4220.0,63.672727,3.2,1.0,1,0,0,0,0,1,1,1,0,0,0,0,0,2,10.5,50.0
15154,40.43098,-3.67176,1,1.0,2.0,100.0,100.0,1,0.07,136,50,5328.0,74.694253,2.2,1.0,1,0,0,0,0,1,0,1,0,0,1,0,0,6,10.5,100.0
15155,40.38315,-3.7078,1,1.0,1.0,20.0,60.0,1,0.08,416,50,2316.0,43.910072,4.6,1.5,0,0,0,0,0,1,0,0,0,1,1,1,0,4,12.0,50.0
15156,40.47763,-3.70677,5,2.0,4.0,74.0,97.0,3,0.99,359,200,3545.0,57.198083,16.4,1.0,1,0,0,0,0,1,0,1,0,0,1,0,0,5,40.5,100.0
15157,40.41822,-3.67714,1,1.0,1.0,50.0,0.0,2,0.0,267,50,4220.0,63.672727,3.2,1.0,1,1,1,1,1,1,0,1,1,0,1,0,0,3,10.5,50.0
15158,40.34242,-3.71185,1,0.0,2.0,46.0,0.0,1,0.0,66,50,1696.0,37.641618,9.0,1.0,1,1,1,1,1,1,0,0,0,0,0,0,0,3,10.5,50.0
15159,40.41529,-3.7249,4,2.0,3.0,103.0,90.0,45,0.14,336,200,2287.0,47.008319,4.7,1.0,1,0,0,0,0,1,0,0,0,0,1,0,0,4,33.0,150.0
15160,40.44027,-3.6954,1,1.0,1.0,33.0,0.0,1,0.0,253,50,4855.0,64.056634,2.4,1.5,0,0,0,0,0,1,0,1,1,0,0,0,0,7,12.0,50.0
15161,40.4531,-3.61781,1,1.0,1.0,25.0,0.0,1,0.0,201,50,3312.0,62.061453,9.2,1.5,1,0,0,0,0,1,1,0,0,0,1,0,0,9,12.0,50.0
15163,40.40969,-3.70471,4,0.0,2.0,29.0,89.0,1,0.49,340,200,4503.0,68.043894,0.8,1.0,1,0,0,0,0,1,0,1,0,0,0,0,0,2,33.0,50.0
15164,40.41059,-3.70296,4,1.0,2.0,90.0,97.0,1,0.41,411,200,4503.0,68.043894,0.8,1.0,1,0,0,0,0,1,0,1,0,0,1,0,0,5,33.0,100.0
15165,40.43112,-3.67022,1,1.0,2.0,80.0,0.0,2,0.0,197,50,5328.0,74.694253,2.2,1.0,0,0,0,0,0,1,0,0,1,0,1,0,0,3,10.5,100.0
15166,40.46968,-3.71846,1,1.0,2.0,40.0,0.0,4,0.0,674,50,3555.0,63.451906,5.9,1.0,0,0,0,0,0,1,1,1,1,1,1,0,0,4,10.5,50.0
15167,40.40857,-3.70403,2,1.0,1.0,40.0,100.0,1,0.21,132,50,4503.0,68.043894,0.8,1.0,0,1,1,1,1,1,0,0,0,0,0,0,0,3,18.0,50.0
15168,40.39674,-3.69401,2,1.0,2.0,28.0,100.0,1,0.21,267,50,3917.0,55.025641,1.9,1.0,0,0,0,0,0,1,0,0,0,0,0,0,1,6,18.0,50.0
15169,40.4696,-3.71845,1,1.0,1.0,40.0,100.0,4,0.08,642,50,3555.0,63.451906,5.9,1.0,0,0,0,0,0,1,1,1,1,1,1,0,0,4,10.5,50.0
15170,40.4645,-3.74969,2,1.0,1.0,125.0,0.0,1,0.0,131,200,3555.0,63.451906,5.9,1.0,1,0,0,0,0,1,0,1,0,0,1,0,0,2,18.0,150.0
15171,40.40685,-3.72478,2,1.0,1.0,40.0,90.0,1,0.14,341,50,2287.0,47.008319,4.7,1.0,0,0,0,0,0,1,0,0,0,0,1,0,0,2,18.0,50.0
15172,40.40856,-3.71552,3,2.0,2.0,75.0,0.0,1,0.0,84,200,4503.0,68.043894,0.8,1.0,1,0,0,0,0,0,0,0,0,0,0,0,0,2,25.5,100.0
15173,40.42482,-3.71066,6,2.0,3.0,93.0,100.0,45,0.5,405,200,4503.0,68.043894,0.8,1.0,1,0,0,0,0,1,0,1,0,0,1,0,1,4,48.0,100.0
15174,40.40387,-3.6753,10,3.0,4.0,116.0,100.0,1,0.08,411,200,4220.0,63.672727,3.2,1.0,1,0,0,0,0,1,0,0,0,1,1,0,0,2,78.0,150.0
15175,40.42248,-3.70029,6,2.0,3.0,88.0,0.0,16,0.0,181,200,4503.0,68.043894,0.8,2.0,1,0,0,0,0,1,0,1,0,0,1,0,0,2,51.0,100.0
15176,40.41689,-3.71234,2,0.0,1.0,49.0,100.0,4,0.27,289,50,4503.0,68.043894,0.8,1.0,1,0,0,0,0,1,0,1,0,0,1,0,0,2,18.0,50.0
15177,40.4173,-3.71229,2,0.0,1.0,48.0,100.0,4,0.14,285,50,4503.0,68.043894,0.8,1.0,0,0,0,0,0,1,0,1,0,0,1,0,0,2,18.0,50.0
15179,40.39619,-3.70984,5,1.0,3.0,76.0,77.0,2,0.42,220,200,2195.0,47.402837,6.6,1.5,1,0,0,0,0,1,0,0,0,0,1,0,0,5,42.0,100.0
15180,40.43428,-3.67941,5,2.0,3.0,90.0,60.0,1,0.28,286,200,5328.0,74.694253,2.2,1.0,1,0,0,0,0,1,0,0,0,0,0,0,0,2,40.5,100.0
15181,40.40915,-3.70186,2,1.0,1.0,23.0,83.0,1,2.02,325,200,4503.0,68.043894,0.8,1.0,1,0,0,0,0,1,0,1,0,0,0,0,0,3,18.0,50.0
15182,40.40849,-3.6978,4,1.0,2.0,160.0,87.0,1,0.2,297,200,4503.0,68.043894,0.8,1.0,1,0,0,0,0,1,0,0,0,0,0,0,0,2,33.0,200.0
15183,40.40039,-3.66948,6,2.0,3.0,42.0,80.0,38,0.41,244,200,4220.0,63.672727,3.2,2.0,1,0,0,0,0,1,0,0,0,0,0,0,0,9,51.0,50.0
15184,40.4169,-3.70567,7,3.0,4.0,97.0,100.0,9,0.07,140,200,4503.0,68.043894,0.8,2.0,1,0,0,0,0,1,0,1,0,0,0,0,0,8,58.5,100.0
15185,40.46275,-3.74841,1,1.0,2.0,20.0,0.0,1,0.0,126,50,3555.0,63.451906,5.9,1.0,0,0,0,0,0,1,0,0,0,0,0,0,0,2,10.5,50.0
15186,40.42042,-3.7015,4,1.0,2.0,127.0,0.0,4,0.0,552,200,4503.0,68.043894,0.8,1.0,1,0,0,0,0,1,0,1,1,0,1,0,0,2,33.0,150.0
15187,40.39974,-3.71353,2,3.0,4.0,30.0,100.0,1,0.55,328,50,3917.0,55.025641,1.9,1.5,0,0,0,0,0,1,0,1,1,0,1,0,0,4,19.5,50.0
15188,40.42798,-3.70311,2,1.0,1.0,82.0,95.0,1,1.18,348,200,4503.0,68.043894,0.8,1.5,1,0,0,0,0,1,0,1,0,1,1,0,0,2,19.5,100.0
15189,40.41117,-3.71288,5,2.0,4.0,81.0,0.0,7,0.0,457,200,4503.0,68.043894,0.8,1.0,1,0,0,0,0,1,0,1,1,1,1,0,0,6,40.5,100.0
15190,40.39638,-3.71133,5,1.0,3.0,94.0,96.0,2,0.35,253,200,2195.0,47.402837,6.6,1.5,1,0,0,0,0,1,0,1,0,0,1,0,0,5,42.0,100.0
15191,40.40873,-3.67742,6,2.0,2.0,150.0,100.0,14,0.21,672,200,4220.0,63.672727,3.2,3.0,1,0,0,0,0,1,0,1,0,1,0,1,0,8,54.0,150.0
15192,40.42853,-3.68604,3,0.0,2.0,90.0,80.0,2,0.07,307,200,5328.0,74.694253,2.2,1.0,1,0,0,0,0,0,0,1,0,0,1,0,0,6,25.5,100.0
15193,40.37334,-3.69135,2,1.0,1.0,25.0,0.0,1,0.0,112,50,2316.0,43.910072,4.6,1.0,0,1,1,1,1,1,0,0,0,0,1,0,0,3,18.0,50.0
15194,40.44044,-3.69781,2,1.0,1.0,105.0,100.0,2,0.36,431,200,4855.0,64.056634,2.4,1.5,1,0,0,0,0,1,0,1,0,1,1,0,0,6,19.5,150.0
15195,40.41227,-3.70833,2,0.0,1.0,47.0,96.0,12,4.35,337,200,4503.0,68.043894,0.8,1.0,1,0,0,0,0,1,0,0,0,0,1,0,1,2,18.0,50.0
15196,40.3965,-3.73257,6,1.0,3.0,39.0,0.0,38,0.0,141,200,2195.0,47.402837,6.6,1.0,1,0,0,0,0,1,0,0,0,0,1,0,0,2,48.0,50.0
15197,40.39513,-3.73293,3,1.0,1.0,39.0,0.0,38,0.0,141,200,2195.0,47.402837,6.6,1.0,1,0,0,0,0,1,0,0,0,0,1,0,0,2,25.5,50.0
15198,40.40815,-3.68355,2,1.0,1.0,155.0,0.0,1,0.0,167,200,4220.0,63.672727,3.2,1.0,1,0,0,0,0,1,0,1,0,0,1,0,0,2,18.0,200.0
15199,40.45244,-3.70134,4,2.0,2.0,70.0,95.0,8,0.28,215,200,3476.0,60.621287,5.9,1.0,1,0,0,0,0,1,0,1,0,0,1,0,0,4,33.0,100.0
15200,40.48469,-3.66706,2,0.0,1.0,45.0,100.0,1,0.22,406,200,3312.0,62.061453,9.2,1.0,1,0,0,0,0,1,1,1,0,0,1,0,0,7,18.0,50.0
15201,40.37026,-3.76046,2,2.0,2.0,40.0,0.0,2,0.0,220,50,2195.0,47.402837,6.6,1.0,1,0,0,0,0,1,0,0,1,0,1,0,0,3,18.0,50.0
15202,40.3813,-3.77187,1,1.0,1.0,35.0,0.0,1,0.0,110,50,2287.0,47.008319,4.7,1.0,0,1,1,1,1,1,0,0,1,0,0,0,0,2,10.5,50.0
15203,40.41283,-3.69981,2,1.0,2.0,500.0,0.0,2,0.0,166,50,4503.0,68.043894,0.8,1.0,1,0,0,0,0,1,0,1,0,0,0,0,0,3,18.0,200.0
15204,40.39778,-3.65294,2,1.0,1.0,38.0,100.0,1,0.14,451,50,1890.0,41.443535,5.0,1.0,1,0,0,0,0,1,0,1,0,0,0,0,1,4,18.0,50.0
15205,40.4741,-3.65094,2,1.0,1.0,45.0,0.0,1,0.0,242,50,3312.0,62.061453,9.2,1.0,0,0,0,0,0,1,0,1,1,0,1,0,0,5,18.0,50.0
15206,40.47914,-3.66484,1,1.0,1.0,27.0,80.0,1,0.2,163,50,2893.0,50.090625,6.5,1.5,0,0,0,0,0,1,0,0,0,0,0,0,0,3,12.0,50.0
15207,40.42072,-3.70555,2,1.0,1.0,55.0,98.0,1,0.55,105,50,4503.0,68.043894,0.8,1.0,1,0,0,0,0,1,0,0,0,0,1,0,0,6,18.0,100.0
15208,40.39517,-3.72592,3,1.0,2.0,50.0,100.0,3,0.15,415,200,2195.0,47.402837,6.6,1.0,1,0,0,0,0,1,0,0,0,1,1,0,0,4,25.5,50.0
15209,40.42843,-3.68621,2,0.0,1.0,51.0,100.0,6,0.07,234,200,5328.0,74.694253,2.2,1.0,1,0,0,0,0,1,0,1,0,0,1,0,0,2,18.0,100.0
15210,40.43126,-3.65151,1,1.0,1.0,35.0,0.0,1,0.0,120,50,2893.0,50.090625,6.5,1.0,1,0,0,0,0,1,0,0,0,0,0,0,0,2,10.5,50.0
15211,40.42898,-3.69759,2,0.0,2.0,199.0,100.0,12,0.15,185,50,4855.0,64.056634,2.4,1.0,1,0,0,0,0,1,0,0,0,0,1,0,0,3,18.0,200.0
15212,40.41117,-3.69395,4,2.0,2.0,200.0,0.0,92,0.0,211,200,4503.0,68.043894,0.8,2.0,1,0,0,0,0,1,0,1,0,0,1,0,0,7,36.0,200.0
15213,40.41847,-3.70958,2,1.0,1.0,110.0,0.0,1,0.0,215,200,4503.0,68.043894,0.8,1.0,1,0,0,0,0,1,0,1,0,0,1,0,0,10,18.0,150.0
15214,40.42426,-3.71433,5,1.0,5.0,67.0,95.0,2,1.18,300,200,3555.0,63.451906,5.9,1.5,1,0,0,0,0,1,0,1,1,0,0,0,0,7,42.0,100.0
15215,40.42044,-3.70239,16,9.0,11.0,1114.0,0.0,27,0.0,72,200,4503.0,68.043894,0.8,3.0,1,0,0,0,0,1,0,0,0,0,0,0,0,7,129.0,200.0
15216,40.42105,-3.70163,16,9.0,10.0,1114.0,0.0,27,0.0,114,200,4503.0,68.043894,0.8,6.0,1,0,0,0,0,1,0,0,0,0,0,0,0,7,138.0,200.0
15217,40.42207,-3.70019,3,0.0,1.0,48.0,100.0,3,0.07,198,200,4503.0,68.043894,0.8,1.5,1,0,0,0,0,1,0,1,0,0,0,0,0,3,27.0,50.0
15218,40.45444,-3.69621,4,2.0,4.0,350.0,0.0,1,0.0,201,200,3476.0,60.621287,5.9,2.0,1,0,0,0,0,1,0,1,1,0,1,0,0,6,36.0,200.0
15219,40.42018,-3.70905,4,2.0,3.0,150.0,0.0,2,0.0,196,200,4503.0,68.043894,0.8,1.0,1,0,0,0,0,1,0,1,0,0,1,0,0,10,33.0,150.0
15220,40.40733,-3.71204,2,1.0,1.0,130.0,0.0,1,0.0,163,50,4503.0,68.043894,0.8,1.0,1,0,0,0,0,1,0,1,0,0,0,0,0,2,18.0,150.0
15221,40.42681,-3.7025,8,2.0,6.0,76.0,95.0,11,0.79,489,200,4503.0,68.043894,0.8,1.0,1,0,0,0,0,1,0,1,0,1,1,0,0,6,63.0,100.0
15222,40.46926,-3.70356,1,3.0,1.0,30.0,1.0,2,1.0,360,50,3476.0,60.621287,5.9,1.0,1,1,1,1,1,1,1,1,1,1,1,1,1,4,10.5,50.0
15223,40.38095,-3.70617,1,1.0,2.0,40.0,0.0,1,0.0,126,50,2316.0,43.910072,4.6,1.0,1,0,0,0,0,1,0,1,0,0,0,0,0,2,10.5,50.0
15224,40.39902,-3.64049,1,1.0,1.0,20.0,0.0,2,0.0,156,50,2547.0,45.581197,5.0,1.0,0,0,0,0,0,1,0,0,1,0,0,0,0,2,10.5,50.0
15225,40.40778,-3.70441,2,1.0,1.0,20.0,100.0,1,0.12,99,200,4503.0,68.043894,0.8,1.0,1,0,0,0,0,0,0,1,0,0,0,0,0,7,18.0,50.0
15226,40.43817,-3.71014,4,1.0,2.0,34.0,97.0,66,1.49,493,50,4855.0,64.056634,2.4,1.0,1,0,0,0,0,1,0,1,0,0,1,0,0,6,33.0,50.0
15227,40.41323,-3.70811,4,1.0,1.0,75.0,0.0,16,0.0,206,200,4503.0,68.043894,0.8,1.0,1,0,0,0,0,1,0,1,0,0,1,0,0,2,33.0,100.0
15228,40.43495,-3.667,4,1.0,2.0,76.0,80.0,101,0.22,206,200,5328.0,74.694253,2.2,1.0,1,0,0,0,0,1,0,1,1,0,0,0,0,6,33.0,100.0
15230,40.43642,-3.66808,2,1.0,2.0,73.0,100.0,101,0.19,206,200,5328.0,74.694253,2.2,1.0,1,0,0,0,0,1,0,1,1,0,0,0,0,6,18.0,100.0
15234,40.41893,-3.70729,4,2.0,3.0,117.0,100.0,6,0.07,211,200,4503.0,68.043894,0.8,2.0,1,0,0,0,0,1,0,1,0,0,1,0,0,10,36.0,150.0
15236,40.43559,-3.6686,4,1.0,2.0,78.0,0.0,101,0.0,206,200,5328.0,74.694253,2.2,1.0,1,0,0,0,0,1,0,1,1,0,0,0,0,6,33.0,100.0
15237,40.43495,-3.66655,4,1.0,2.0,78.0,95.0,101,0.28,235,200,5328.0,74.694253,2.2,1.0,1,0,0,0,0,1,0,1,1,0,0,0,0,6,33.0,100.0
15242,40.43472,-3.66813,4,1.0,2.0,78.0,0.0,101,0.0,221,200,5328.0,74.694253,2.2,1.0,1,0,0,0,0,1,0,1,1,0,0,0,0,6,33.0,100.0
15243,40.43479,-3.66846,4,1.0,2.0,76.0,100.0,101,0.07,235,200,5328.0,74.694253,2.2,1.0,1,0,0,0,0,1,0,1,1,0,0,0,0,6,33.0,100.0
15246,40.43685,-3.66826,4,1.0,2.0,76.0,60.0,101,0.07,221,200,5328.0,74.694253,2.2,1.0,1,0,0,0,0,1,0,1,1,0,0,0,0,6,33.0,100.0
15249,40.43651,-3.66637,4,1.0,2.0,68.0,20.0,101,0.13,257,200,5328.0,74.694253,2.2,1.0,1,0,0,0,0,1,0,1,1,0,0,0,0,6,33.0,100.0
15250,40.43477,-3.66703,4,1.0,2.0,68.0,90.0,101,0.43,245,200,5328.0,74.694253,2.2,1.0,1,0,0,0,0,1,0,1,1,0,0,0,0,6,33.0,100.0
15251,40.43657,-3.71208,4,1.0,2.0,33.0,75.0,66,0.75,493,50,4855.0,64.056634,2.4,1.0,1,0,0,0,0,1,0,1,0,0,1,0,0,6,33.0,50.0
15252,40.45927,-3.7835,1,1.0,1.0,30.0,0.0,2,0.0,620,50,3555.0,63.451906,5.9,1.5,0,0,0,0,0,1,0,0,0,1,1,1,0,8,12.0,50.0
15253,40.43861,-3.67795,2,1.0,1.0,30.0,80.0,3,0.12,186,50,4508.0,67.220486,5.8,1.0,0,0,0,1,0,1,0,0,0,0,1,0,0,2,18.0,50.0
15254,40.43061,-3.7047,2,1.0,1.0,48.0,100.0,1,0.34,157,50,4855.0,64.056634,2.4,1.0,1,1,1,1,1,1,1,1,1,1,1,1,1,6,18.0,50.0
15255,40.4366,-3.68791,2,1.0,2.0,50.0,0.0,1,0.0,105,50,5328.0,74.694253,2.2,1.0,1,0,0,0,0,1,0,1,0,0,0,0,0,2,18.0,50.0
15256,40.46752,-3.70158,2,1.0,2.0,35.0,100.0,1,0.07,179,50,3476.0,60.621287,5.9,1.0,1,0,0,0,0,1,0,0,0,0,0,0,0,2,18.0,50.0
15257,40.43483,-3.70117,2,1.0,2.0,40.0,93.0,4,0.21,157,50,4855.0,64.056634,2.4,1.0,1,0,0,0,0,1,0,0,0,0,0,0,0,2,18.0,50.0
15258,40.42182,-3.70105,4,1.0,1.0,50.0,100.0,2,0.23,194,200,4503.0,68.043894,0.8,1.5,1,0,0,0,0,1,0,1,0,0,1,0,0,3,34.5,50.0
15259,40.43316,-3.69929,1,1.0,2.0,30.0,93.0,4,0.21,157,50,4855.0,64.056634,2.4,1.0,1,0,0,0,0,1,0,0,0,0,0,0,0,2,10.5,50.0
15262,40.39927,-3.69573,2,1.0,2.0,47.0,81.0,2,6.89,470,200,3917.0,55.025641,1.9,1.5,1,0,0,0,0,1,0,1,0,0,1,0,0,5,19.5,50.0
15263,40.42865,-3.71877,2,1.0,1.0,52.0,1.0,1,1.0,98,50,3555.0,63.451906,5.9,1.0,1,1,1,1,1,1,1,1,1,1,1,1,1,4,18.0,100.0
15264,40.43436,-3.71591,1,1.0,1.0,52.0,1.0,1,1.0,61,50,4855.0,64.056634,2.4,1.0,1,1,1,1,1,1,1,1,1,1,1,1,1,2,10.5,100.0
15265,40.35758,-3.69974,2,2.0,2.0,19.0,0.0,1,0.0,130,200,1696.0,37.641618,9.0,1.0,1,0,0,0,0,1,0,0,0,0,1,0,0,3,18.0,50.0
15266,40.4574,-3.69922,2,1.0,1.0,130.0,0.0,3,0.0,251,200,3476.0,60.621287,5.9,1.0,1,0,0,0,0,1,0,1,1,0,0,0,0,6,18.0,150.0
15267,40.43639,-3.63819,1,1.0,1.0,25.0,1.0,1,1.0,132,50,2893.0,50.090625,6.5,1.5,1,1,1,1,1,1,1,1,1,1,1,1,1,2,12.0,50.0
15268,40.48766,-3.66551,5,1.0,3.0,82.0,93.0,10,0.21,677,200,3312.0,62.061453,9.2,1.5,1,0,0,0,0,0,0,1,1,1,1,0,0,2,42.0,100.0
15269,40.48613,-3.66662,4,1.0,2.0,80.0,93.0,10,0.66,621,200,3312.0,62.061453,9.2,1.5,1,0,0,0,0,1,0,1,1,1,1,0,0,2,34.5,100.0
15270,40.43858,-3.67797,1,1.0,1.0,25.0,100.0,3,0.53,294,50,4508.0,67.220486,5.8,1.0,0,0,0,1,0,1,0,0,0,1,1,0,0,2,10.5,50.0
15271,40.41581,-3.70234,8,2.0,5.0,156.0,80.0,2,0.12,524,200,4503.0,68.043894,0.8,1.0,1,0,0,0,0,1,0,1,1,1,1,0,0,2,63.0,200.0
15272,40.40565,-3.74214,1,1.0,1.0,22.0,100.0,2,0.55,333,50,2287.0,47.008319,4.7,1.0,1,1,1,1,1,1,0,0,0,1,1,0,0,7,10.5,50.0
15273,40.39391,-3.76176,1,1.0,1.0,55.0,80.0,1,0.07,35,50,2287.0,47.008319,4.7,1.0,0,0,0,0,0,1,0,0,0,0,0,0,0,2,10.5,100.0
15274,40.41707,-3.70965,8,2.0,5.0,150.0,0.0,5,0.0,550,200,4503.0,68.043894,0.8,2.0,1,0,0,0,0,1,0,1,1,0,1,0,0,2,66.0,150.0
15275,40.41764,-3.70962,5,1.0,2.0,86.0,0.0,5,0.0,495,200,4503.0,68.043894,0.8,1.0,1,0,0,0,0,1,0,1,1,0,0,0,0,2,40.5,100.0
15276,40.4287,-3.66434,2,1.0,2.0,150.0,0.0,1,0.0,201,200,5328.0,74.694253,2.2,1.0,1,0,0,0,0,1,0,1,0,0,1,0,0,8,18.0,150.0
15277,40.42538,-3.65338,2,1.0,1.0,50.0,0.0,1,0.0,162,50,2893.0,50.090625,6.5,1.0,0,1,1,1,1,1,0,1,0,0,1,0,0,2,18.0,50.0
15278,40.40635,-3.70166,1,1.0,1.0,21.0,0.0,3,0.15,308,50,4503.0,68.043894,0.8,1.0,0,1,1,1,1,1,0,1,1,0,0,0,0,11,10.5,50.0
15279,40.39138,-3.66087,1,1.0,1.0,35.0,0.0,1,0.07,132,50,1890.0,41.443535,5.0,1.0,1,0,0,0,0,1,0,0,0,0,1,0,0,2,10.5,50.0
15280,40.43581,-3.68098,6,2.0,2.0,100.0,0.0,2,0.0,537,200,5328.0,74.694253,2.2,2.0,1,0,0,0,0,1,0,0,1,1,1,1,0,8,51.0,100.0
15281,40.41871,-3.70366,3,1.0,2.0,100.0,100.0,10,0.29,328,200,4503.0,68.043894,0.8,1.0,1,0,0,0,1,1,0,1,0,0,0,0,0,4,25.5,100.0
15282,40.38168,-3.70756,1,1.0,1.0,23.0,97.0,11,0.42,483,50,2316.0,43.910072,4.6,1.0,0,1,1,1,1,1,0,0,0,0,0,0,0,7,10.5,50.0
15283,40.40278,-3.69169,2,1.0,1.0,34.0,80.0,3,0.14,189,50,3917.0,55.025641,1.9,1.0,0,0,0,0,0,1,0,1,0,0,0,0,0,2,18.0,50.0
15284,40.41429,-3.72548,5,2.0,3.0,44.0,100.0,1,0.78,368,200,2287.0,47.008319,4.7,1.0,1,0,0,0,0,1,0,1,1,0,0,0,0,2,40.5,50.0
15285,40.44404,-3.56658,6,1.0,4.0,90.0,100.0,5,0.21,100,50,2477.0,70.967532,7.3,1.0,0,0,0,0,0,0,0,1,0,0,0,0,0,2,48.0,100.0
15286,40.44395,-3.56649,2,1.0,1.0,43.0,20.0,5,0.28,142,50,2477.0,70.967532,7.3,1.0,1,0,0,0,0,1,0,0,0,0,0,0,0,2,18.0,50.0
15287,40.41138,-3.69754,1,1.0,1.0,21.0,70.0,1,0.21,136,50,4503.0,68.043894,0.8,1.0,0,1,1,1,1,1,0,0,1,0,1,0,0,2,10.5,50.0
15288,40.4552,-3.77666,1,1.0,2.0,25.0,94.0,2,0.89,264,50,3555.0,63.451906,5.9,1.0,1,0,0,0,0,1,0,1,0,0,1,0,0,3,10.5,50.0
15289,40.4885,-3.6101,1,1.0,1.0,14.0,1.0,1,1.0,160,50,3047.0,56.183432,11.8,1.0,1,1,1,1,1,1,1,1,1,1,1,1,1,4,10.5,50.0
15290,40.46648,-3.63436,1,2.0,1.0,20.0,0.0,2,0.0,251,50,3312.0,62.061453,9.2,1.0,1,1,1,1,1,1,0,0,1,0,1,0,0,6,10.5,50.0
15291,40.42817,-3.64478,2,1.0,2.0,60.0,0.0,1,0.0,60,50,2893.0,50.090625,6.5,1.0,1,0,0,0,0,1,0,0,0,0,0,0,0,4,18.0,100.0
15292,40.4356,-3.71786,1,1.0,1.0,40.0,100.0,1,0.07,145,50,4855.0,64.056634,2.4,1.5,0,0,0,0,0,1,0,0,1,0,0,0,0,6,12.0,50.0
15293,40.41549,-3.70443,6,0.0,4.0,300.0,80.0,25,0.07,113,200,4503.0,68.043894,0.8,1.0,1,0,0,0,0,1,0,1,0,0,0,0,0,7,48.0,200.0
15294,40.46003,-3.63708,10,5.0,5.0,980.0,100.0,2,0.14,570,50,3312.0,62.061453,9.2,5.5,1,0,0,0,0,1,1,1,0,1,1,0,0,3,91.5,200.0
15296,40.41488,-3.69568,4,1.0,2.0,75.0,0.0,3,0.0,294,200,4503.0,68.043894,0.8,1.0,1,0,0,0,0,1,0,0,0,0,1,0,0,7,33.0,100.0
15297,40.4103,-3.69899,2,1.0,1.0,21.0,77.0,2,0.49,224,50,4503.0,68.043894,0.8,1.5,0,0,0,0,0,1,0,0,0,0,0,0,0,2,19.5,50.0
15298,40.40415,-3.69092,4,2.0,2.0,59.0,0.0,3,0.0,173,200,3917.0,55.025641,1.9,1.0,1,0,0,0,0,1,0,1,0,0,0,0,0,2,33.0,100.0
15299,40.39058,-3.65222,1,1.0,1.0,50.0,100.0,1,0.07,118,50,1890.0,41.443535,5.0,1.0,0,1,1,1,1,1,0,1,0,0,0,0,0,4,10.5,50.0
15300,40.43372,-3.68415,8,3.0,4.0,117.0,100.0,72,0.14,367,200,5328.0,74.694253,2.2,2.0,1,0,0,0,0,1,0,1,1,0,1,0,0,6,66.0,150.0
15301,40.43362,-3.70297,2,1.0,1.0,103.0,100.0,113,0.07,378,200,4855.0,64.056634,2.4,1.0,1,0,0,0,0,1,0,1,1,0,1,0,1,7,18.0,150.0
15302,40.39651,-3.70171,2,1.0,1.0,75.0,73.0,1,0.22,522,200,3917.0,55.025641,1.9,1.0,1,1,1,1,1,1,0,1,0,0,1,0,0,7,18.0,100.0
15303,40.48691,-3.6716,4,1.0,1.0,70.0,70.0,1,0.14,220,200,3312.0,62.061453,9.2,1.0,1,1,1,1,1,1,1,1,1,1,1,1,1,2,33.0,100.0
15304,40.39551,-3.69638,2,2.0,1.0,45.0,1.0,1,0.07,171,50,3917.0,55.025641,1.9,1.0,1,1,1,1,1,1,1,1,1,1,1,1,1,8,18.0,50.0
15305,40.44625,-3.57381,1,1.0,2.0,50.0,0.0,2,0.0,2,50,2477.0,70.967532,7.3,1.0,1,0,0,0,0,0,0,0,0,0,0,0,0,2,10.5,50.0
15306,40.44408,-3.57436,1,1.0,1.0,50.0,0.0,2,0.0,27,200,2477.0,70.967532,7.3,1.0,1,0,0,0,0,0,0,0,0,0,0,0,0,2,10.5,50.0
15307,40.41169,-3.7066,6,2.0,2.0,299.0,100.0,1,0.07,114,200,4503.0,68.043894,0.8,1.0,1,0,0,0,0,1,0,0,0,0,1,0,0,2,48.0,200.0
15308,40.44586,-3.57696,4,1.0,2.0,51.0,98.0,1,1.51,654,200,2477.0,70.967532,7.3,1.0,1,0,0,0,0,1,1,1,0,1,1,0,0,2,33.0,100.0
15309,40.39898,-3.62315,2,1.0,1.0,58.0,100.0,1,0.14,175,50,2246.0,55.472222,11.2,1.0,1,0,0,1,0,0,0,0,0,0,0,0,0,7,18.0,100.0
15310,40.44442,-3.60887,1,1.0,2.0,53.0,100.0,1,0.07,138,50,2477.0,70.967532,7.3,1.0,1,0,0,0,0,1,0,0,0,0,1,0,0,2,10.5,100.0
15311,40.3854,-3.71032,2,1.0,2.0,50.0,0.0,1,0.0,124,50,2316.0,43.910072,4.6,1.0,1,0,0,0,0,1,0,1,0,0,0,0,0,2,18.0,50.0
15312,40.39231,-3.73895,2,1.0,2.0,50.0,0.0,1,0.0,53,50,2195.0,47.402837,6.6,1.0,1,0,0,0,0,0,0,0,0,0,0,0,0,2,18.0,50.0
15313,40.40951,-3.70364,2,1.0,1.0,23.0,88.0,4,1.02,482,50,4503.0,68.043894,0.8,2.0,1,0,0,0,0,1,0,1,0,0,1,0,0,3,21.0,50.0
15314,40.41006,-3.70137,2,1.0,1.0,22.0,91.0,4,0.63,506,50,4503.0,68.043894,0.8,1.0,0,0,0,0,0,1,0,1,0,0,1,0,0,3,18.0,50.0
15315,40.41025,-3.7017,2,1.0,1.0,25.0,90.0,4,1.5,348,50,4503.0,68.043894,0.8,1.0,0,0,0,0,0,1,0,1,0,0,1,0,0,3,18.0,50.0
15316,40.42679,-3.70442,1,1.0,1.0,38.0,100.0,2,0.07,124,50,4503.0,68.043894,0.8,1.0,0,1,1,1,1,1,0,0,0,0,0,0,0,2,10.5,50.0
15317,40.45159,-3.69548,4,2.0,3.0,160.0,96.0,1,0.36,244,200,3476.0,60.621287,5.9,1.0,1,0,0,0,0,1,0,1,0,0,1,0,0,2,33.0,200.0
15318,40.40852,-3.69275,2,1.0,1.0,59.0,97.0,12,1.6,204,50,4503.0,68.043894,0.8,1.0,1,0,0,0,0,1,0,1,0,0,1,0,0,2,18.0,100.0
15319,40.39581,-3.72304,3,2.0,2.0,26.0,80.0,1,0.07,69,50,2195.0,47.402837,6.6,2.5,0,0,0,0,0,1,0,1,0,0,0,0,0,2,30.0,50.0
15320,40.4132,-3.70684,4,1.0,2.0,79.0,90.0,2,1.02,350,200,4503.0,68.043894,0.8,1.0,1,0,0,0,0,1,0,1,0,1,0,0,0,2,33.0,100.0
15321,40.42536,-3.71356,6,2.0,3.0,99.0,100.0,16,1.0,202,200,3555.0,63.451906,5.9,2.0,1,0,0,0,0,1,0,1,0,0,1,0,0,2,51.0,100.0
15322,40.42181,-3.70858,6,3.0,4.0,204.0,80.0,113,0.12,532,200,4503.0,68.043894,0.8,2.0,1,0,0,0,1,1,1,1,1,1,1,0,1,7,51.0,200.0
15323,40.41175,-3.69766,2,1.0,1.0,95.0,0.0,2,0.0,256,200,4503.0,68.043894,0.8,1.0,1,0,0,0,0,1,0,1,0,0,1,0,0,4,18.0,100.0
15324,40.41021,-3.70878,2,1.0,2.0,900.0,80.0,2,0.21,364,200,4503.0,68.043894,0.8,1.0,1,0,0,0,0,1,0,1,0,0,1,0,0,3,18.0,200.0
15325,40.40839,-3.70848,4,2.0,4.0,900.0,60.0,2,0.14,169,200,4503.0,68.043894,0.8,1.0,1,0,0,0,0,1,0,1,0,0,1,0,0,3,33.0,200.0
15326,40.41843,-3.70845,4,1.0,2.0,85.0,100.0,2,0.15,350,200,4503.0,68.043894,0.8,1.5,1,0,0,0,1,1,0,1,0,0,0,0,0,2,34.5,100.0
15327,40.41572,-3.70275,6,2.0,4.0,105.0,100.0,5,0.07,551,200,4503.0,68.043894,0.8,1.0,1,0,0,0,0,1,0,1,0,1,1,0,0,2,48.0,150.0
15328,40.37984,-3.77274,8,0.0,5.0,80.0,0.0,2,0.0,108,200,2287.0,47.008319,4.7,0.0,1,1,1,1,1,1,0,0,0,0,0,0,0,2,60.0,100.0
15329,40.45178,-3.70326,2,1.0,2.0,40.0,0.0,1,0.0,207,50,3476.0,60.621287,5.9,1.0,1,0,0,0,0,1,0,1,0,0,0,0,0,2,18.0,50.0
15330,40.4037,-3.69573,1,1.0,2.0,23.0,95.0,1,0.75,334,50,3917.0,55.025641,1.9,1.0,0,0,0,0,0,1,0,0,0,0,0,0,0,2,10.5,50.0
15331,40.37417,-3.69313,1,1.0,1.0,30.0,0.0,1,0.0,267,50,2316.0,43.910072,4.6,1.0,0,1,1,1,1,1,0,0,0,0,0,0,0,5,10.5,50.0
15332,40.4823,-3.72596,2,1.0,2.0,102.0,0.0,1,0.0,151,50,3545.0,57.198083,16.4,1.0,1,0,0,0,0,0,0,1,0,0,1,0,0,0,18.0,150.0
15333,40.413,-3.69781,3,1.0,2.0,29.0,96.0,2,2.26,391,200,4503.0,68.043894,0.8,1.0,1,0,0,0,0,1,0,1,0,1,1,0,0,2,25.5,50.0
15334,40.41376,-3.70833,2,1.0,2.0,25.0,89.0,2,0.51,387,200,4503.0,68.043894,0.8,1.0,1,0,0,0,0,1,0,1,1,0,1,0,0,5,18.0,50.0
15335,40.36442,-3.70394,1,1.0,1.0,20.0,0.0,1,0.0,153,50,2316.0,43.910072,4.6,2.0,0,0,0,0,0,1,0,0,0,0,1,0,0,2,13.5,50.0
15336,40.45107,-3.65498,5,4.0,4.0,150.0,0.0,1,0.0,237,200,2893.0,50.090625,6.5,3.5,1,0,0,0,0,1,1,1,0,0,1,0,0,4,48.0,150.0
15337,40.41797,-3.71007,2,1.0,3.0,607.0,0.0,1,0.0,126,50,4503.0,68.043894,0.8,1.0,1,0,0,0,0,1,0,1,0,0,0,0,0,6,18.0,200.0
15338,40.41951,-3.69874,2,1.0,1.0,89.0,100.0,1,0.23,149,50,4503.0,68.043894,0.8,1.0,1,0,0,0,0,1,0,1,0,0,1,0,0,6,18.0,100.0
15339,40.43861,-3.67795,3,2.0,2.0,48.0,0.0,3,0.0,218,50,4508.0,67.220486,5.8,1.0,0,0,0,1,0,1,0,0,0,0,1,0,0,2,25.5,50.0
15340,40.47475,-3.65192,2,1.0,1.0,20.0,90.0,2,0.14,137,50,3312.0,62.061453,9.2,1.0,0,1,1,1,1,0,0,0,1,0,0,0,0,4,18.0,50.0
15341,40.449,-3.70488,2,1.0,1.0,36.0,100.0,1,0.07,163,50,3476.0,60.621287,5.9,1.5,1,1,1,1,1,1,1,1,1,1,1,1,1,2,19.5,50.0
15342,40.41702,-3.7007,5,1.0,4.0,125.0,0.0,5,0.0,581,200,4503.0,68.043894,0.8,1.0,1,0,0,0,0,1,0,1,0,0,1,0,0,2,40.5,150.0
15343,40.39921,-3.75864,2,1.0,4.0,50.0,0.0,1,0.0,174,50,2287.0,47.008319,4.7,1.5,0,0,0,0,0,1,0,0,1,0,1,0,0,4,19.5,50.0
15344,40.40771,-3.69317,2,1.0,1.0,30.0,73.0,1,0.41,196,50,4503.0,68.043894,0.8,1.0,1,1,1,1,1,1,1,1,1,1,1,1,1,3,18.0,50.0
15345,40.4173,-3.70248,5,1.0,4.0,115.0,0.0,5,0.0,518,200,4503.0,68.043894,0.8,1.0,1,0,0,0,0,1,0,1,0,1,1,0,0,2,40.5,150.0
15346,40.41473,-3.69978,2,1.0,1.0,90.0,0.0,2,0.0,126,50,4503.0,68.043894,0.8,1.0,1,0,0,0,0,1,0,1,0,0,0,0,0,3,18.0,100.0
15347,40.42578,-3.70995,2,1.0,1.0,55.0,100.0,4,0.15,325,200,4503.0,68.043894,0.8,1.0,1,0,0,0,0,1,0,1,0,0,1,0,0,0,18.0,100.0
15348,40.40611,-3.6301,1,0.0,1.0,50.0,100.0,1,0.07,27,50,2547.0,45.581197,5.0,1.0,1,1,1,1,1,0,0,0,0,0,0,0,0,2,10.5,50.0
15349,40.46294,-3.74853,2,1.0,2.0,35.0,0.0,1,0.0,2,50,3555.0,63.451906,5.9,1.0,0,0,0,0,0,0,0,0,0,0,0,0,0,2,18.0,50.0
15350,40.37208,-3.61923,1,1.0,2.0,50.0,100.0,1,0.07,86,50,2382.0,49.659794,11.0,1.0,1,0,0,0,0,0,0,0,0,0,0,0,0,5,10.5,50.0
15351,40.42306,-3.61692,2,1.0,1.0,105.0,0.0,1,0.0,210,50,2477.0,70.967532,7.3,1.0,1,1,1,1,1,1,0,1,0,0,0,0,0,3,18.0,150.0
15352,40.46032,-3.70046,3,1.0,2.0,40.0,100.0,2,0.14,223,50,3476.0,60.621287,5.9,1.0,0,0,0,0,0,1,0,1,0,1,1,0,0,2,25.5,50.0
15353,40.40969,-3.71225,8,0.0,3.0,133.0,0.0,72,0.0,332,200,4503.0,68.043894,0.8,1.0,1,0,0,0,0,1,0,1,0,0,1,0,0,6,63.0,150.0
15354,40.42666,-3.62949,2,0.0,1.0,105.0,0.0,1,0.0,108,50,2477.0,70.967532,7.3,1.0,0,1,1,1,1,1,0,0,0,0,0,0,0,2,18.0,150.0
15355,40.4608,-3.70598,1,1.0,1.0,38.0,1.0,1,1.0,139,50,3476.0,60.621287,5.9,2.5,1,1,1,1,1,1,1,1,1,1,1,1,1,4,15.0,50.0
15356,40.3904,-3.70788,3,1.0,3.0,140.0,0.0,1,0.0,96,200,2316.0,43.910072,4.6,1.0,1,1,1,1,1,0,0,0,0,0,0,0,0,6,25.5,150.0
15357,40.42372,-3.6982,4,2.0,2.0,115.0,100.0,1,0.63,308,200,4503.0,68.043894,0.8,2.0,1,0,0,0,0,1,0,1,0,1,0,0,0,10,36.0,150.0
15358,40.47228,-3.65472,3,0.0,2.0,45.0,90.0,5,0.14,326,200,3312.0,62.061453,9.2,1.0,1,0,0,0,0,1,0,1,1,0,1,0,0,3,25.5,50.0
15359,40.40908,-3.70115,2,0.0,1.0,47.0,87.0,5,0.22,316,200,4503.0,68.043894,0.8,1.0,1,0,0,0,0,1,0,1,0,0,1,0,0,3,18.0,50.0
15360,40.42409,-3.69658,4,2.0,3.0,171.0,0.0,113,0.0,204,200,4503.0,68.043894,0.8,2.0,1,0,0,0,0,1,0,1,1,0,0,0,0,7,36.0,200.0
15361,40.40855,-3.69427,3,1.0,2.0,68.0,80.0,12,0.07,181,50,4503.0,68.043894,0.8,1.0,1,0,0,0,0,1,0,1,0,0,0,0,0,2,25.5,100.0
15362,40.40868,-3.69275,2,1.0,1.0,50.0,100.0,12,1.53,181,50,4503.0,68.043894,0.8,1.0,1,0,0,0,0,1,0,1,0,0,0,0,0,2,18.0,50.0
15363,40.40891,-3.69454,2,1.0,1.0,64.0,98.0,12,8.39,181,50,4503.0,68.043894,0.8,1.0,1,0,0,0,0,1,0,1,0,0,0,0,0,2,18.0,100.0
15364,40.48787,-3.66657,4,1.0,2.0,79.0,97.0,10,0.49,547,200,3312.0,62.061453,9.2,1.5,1,0,0,0,0,1,0,1,1,1,1,0,0,2,34.5,100.0
15365,40.4243,-3.70389,2,0.0,2.0,1000.0,0.0,1,0.0,308,200,4503.0,68.043894,0.8,1.0,1,0,0,0,0,1,0,1,0,0,0,0,0,2,18.0,200.0
15366,40.40462,-3.68204,1,1.0,1.0,25.0,100.0,2,0.15,324,50,4220.0,63.672727,3.2,1.0,1,1,1,1,1,1,0,1,1,0,0,0,0,4,10.5,50.0
15367,40.40875,-3.70613,2,0.0,1.0,85.0,97.0,24,0.41,215,200,4503.0,68.043894,0.8,1.0,1,0,0,0,0,1,0,0,0,0,0,0,0,5,18.0,100.0
15368,40.42564,-3.7101,3,1.0,2.0,60.0,0.0,1,0.0,52,200,4503.0,68.043894,0.8,1.0,1,0,0,0,0,0,0,0,0,0,0,0,0,2,25.5,100.0
15369,40.39531,-3.64663,1,1.0,1.0,18.0,100.0,1,0.14,129,50,1890.0,41.443535,5.0,1.0,0,0,0,0,0,1,0,0,1,0,1,0,0,2,10.5,50.0
15370,40.35152,-3.68381,2,1.0,1.0,15.0,95.0,1,1.41,387,50,1696.0,37.641618,9.0,1.0,0,0,0,0,0,1,0,0,0,1,1,0,0,5,18.0,50.0
15371,40.40969,-3.71225,6,0.0,4.0,123.0,0.0,72,0.0,315,200,4503.0,68.043894,0.8,1.0,1,0,0,0,0,1,0,1,0,0,1,0,0,6,48.0,150.0
15372,40.40969,-3.71225,7,0.0,5.0,162.0,0.0,72,0.0,332,200,4503.0,68.043894,0.8,1.0,1,0,0,0,0,1,0,1,0,0,1,0,0,6,55.5,200.0
15373,40.47001,-3.82194,2,1.0,2.0,92.0,60.0,1,0.08,226,50,3555.0,63.451906,5.9,1.5,1,0,0,0,0,1,1,1,0,0,1,0,0,6,19.5,100.0
15374,40.40991,-3.70089,4,2.0,2.0,60.0,50.0,1,0.14,142,50,4503.0,68.043894,0.8,1.0,0,0,0,0,0,1,0,0,0,0,0,0,0,2,33.0,100.0
15375,40.40956,-3.72308,4,2.0,2.0,73.0,90.0,2,0.42,689,200,2287.0,47.008319,4.7,1.5,1,0,0,0,0,1,0,1,0,0,1,0,1,3,34.5,100.0
15376,40.4345,-3.6863,4,1.0,2.0,120.0,100.0,2,0.08,204,200,5328.0,74.694253,2.2,1.0,1,0,0,0,0,1,0,0,0,0,0,0,0,10,33.0,150.0
15377,40.43431,-3.64791,1,1.0,1.0,40.0,100.0,1,0.07,166,200,2893.0,50.090625,6.5,1.0,1,0,0,0,0,1,1,0,0,0,0,0,0,2,10.5,50.0
15378,40.45671,-3.67239,1,1.0,1.0,19.0,0.0,9,0.0,288,50,4508.0,67.220486,5.8,2.0,0,0,0,0,0,1,0,0,1,0,1,0,0,2,13.5,50.0
15379,40.45811,-3.67187,1,1.0,1.0,20.0,0.0,9,0.0,288,50,4508.0,67.220486,5.8,2.0,0,0,0,0,0,1,0,0,1,0,1,0,0,2,13.5,50.0
15380,40.40877,-3.71277,4,0.0,2.0,80.0,100.0,2,0.14,223,200,4503.0,68.043894,0.8,1.0,1,0,0,0,0,1,0,1,0,0,1,0,0,7,33.0,100.0
15381,40.43325,-3.63964,1,1.0,1.0,22.0,0.0,1,0.0,127,50,2893.0,50.090625,6.5,1.0,0,0,0,0,0,1,0,0,0,0,1,0,0,0,10.5,50.0
15382,40.37566,-3.73318,5,2.0,3.0,80.0,0.0,2,0.0,376,200,2195.0,47.402837,6.6,1.0,1,0,0,0,0,1,0,0,0,0,0,0,0,3,40.5,100.0
15383,40.4219,-3.70115,4,1.0,4.0,54.0,82.0,12,1.38,635,200,4503.0,68.043894,0.8,1.0,1,0,0,0,0,1,0,1,0,1,1,0,1,7,33.0,100.0
15384,40.39564,-3.71198,2,1.0,1.0,25.0,1.0,1,0.07,55,50,2195.0,47.402837,6.6,1.0,1,1,1,1,1,1,1,1,1,1,1,1,1,6,18.0,50.0
15385,40.48612,-3.66614,4,1.0,2.0,89.0,88.0,10,0.6,740,200,3312.0,62.061453,9.2,1.5,1,0,0,0,0,1,0,1,1,1,1,0,0,2,34.5,100.0
15386,40.43665,-3.67243,1,1.0,1.0,24.0,98.0,1,0.89,240,50,5328.0,74.694253,2.2,1.0,0,0,0,0,0,0,0,0,0,0,0,0,0,6,10.5,50.0
15387,40.4414,-3.63604,2,0.0,1.0,30.0,100.0,1,0.07,161,50,2477.0,70.967532,7.3,1.0,0,1,1,1,1,1,0,0,1,0,0,0,0,2,18.0,50.0
15388,40.42194,-3.69966,2,1.0,1.0,74.0,95.0,4,1.21,434,200,4503.0,68.043894,0.8,1.0,1,0,0,0,0,1,0,1,0,1,0,0,0,3,18.0,100.0
15389,40.42808,-3.64315,2,1.0,1.0,29.0,93.0,1,0.21,140,50,2893.0,50.090625,6.5,0.0,0,1,1,1,1,1,0,0,0,0,1,0,0,3,15.0,50.0
15390,40.4428,-3.67826,1,1.0,1.0,32.0,1.0,2,1.0,156,50,4508.0,67.220486,5.8,1.0,1,1,1,1,1,1,1,1,1,1,1,1,1,2,10.5,50.0
15391,40.41693,-3.68067,2,0.0,1.0,28.0,78.0,8,2.16,342,200,4220.0,63.672727,3.2,1.0,1,0,0,0,0,1,0,1,0,0,1,0,0,6,18.0,50.0
15392,40.35318,-3.68543,6,1.0,4.0,59.0,20.0,1,0.1,370,200,1696.0,37.641618,9.0,1.0,1,0,0,0,0,1,0,0,0,1,1,0,0,2,48.0,100.0
15393,40.36486,-3.68902,2,1.0,2.0,15.0,100.0,2,0.14,205,50,2316.0,43.910072,4.6,1.0,0,1,1,1,1,1,0,0,1,0,0,0,0,2,18.0,50.0
15395,40.4432,-3.6743,4,1.0,2.0,65.0,100.0,2,0.07,285,200,4508.0,67.220486,5.8,1.0,1,1,1,1,1,1,0,1,0,0,1,0,0,3,33.0,100.0
15396,40.45855,-3.67349,1,1.0,1.0,17.0,0.0,9,0.0,288,50,4508.0,67.220486,5.8,2.0,0,0,0,0,0,1,0,0,1,0,1,0,0,2,13.5,50.0
15397,40.40886,-3.7127,4,0.0,2.0,65.0,0.0,2,0.0,210,200,4503.0,68.043894,0.8,1.0,1,0,0,0,0,1,0,1,0,0,1,0,0,7,33.0,100.0
15398,40.40777,-3.70712,2,1.0,2.0,49.0,100.0,1,0.2,343,200,4503.0,68.043894,0.8,1.0,1,0,0,0,0,1,0,0,0,0,1,0,0,7,18.0,50.0
15399,40.47836,-3.64824,1,1.0,1.0,35.0,0.0,1,0.0,119,50,3312.0,62.061453,9.2,1.0,1,0,0,1,0,1,0,1,0,0,1,0,0,6,10.5,50.0
15400,40.43596,-3.69612,4,1.0,2.0,150.0,0.0,2,0.0,222,200,4855.0,64.056634,2.4,1.0,1,0,0,0,0,1,0,1,0,0,1,0,0,4,33.0,150.0
15401,40.44962,-3.76828,1,1.0,1.0,41.0,100.0,7,0.07,473,200,3555.0,63.451906,5.9,1.0,1,0,0,0,0,1,0,0,0,0,1,0,0,4,10.5,50.0
15402,40.41567,-3.70817,6,3.0,4.0,1050.0,100.0,2,0.35,256,200,4503.0,68.043894,0.8,1.0,1,0,0,0,0,1,0,1,0,0,0,0,0,3,48.0,200.0
15403,40.44298,-3.67292,1,1.0,2.0,28.0,60.0,4,0.07,116,50,4508.0,67.220486,5.8,1.0,1,0,0,1,0,1,0,0,0,0,1,0,0,2,10.5,50.0
15404,40.39312,-3.7389,1,0.0,1.0,15.0,80.0,3,0.15,378,50,2195.0,47.402837,6.6,1.0,0,0,0,0,0,1,0,0,0,0,1,0,0,2,10.5,50.0
15405,40.43437,-3.70329,5,3.0,5.0,82.0,0.0,2,0.0,493,200,4855.0,64.056634,2.4,1.0,1,0,0,0,0,1,0,0,0,1,1,0,0,8,40.5,100.0
15406,40.41656,-3.70985,2,1.0,2.0,80.0,75.0,1,0.35,249,200,4503.0,68.043894,0.8,1.0,1,0,0,0,0,1,0,0,0,1,1,0,0,8,18.0,100.0
15407,40.40969,-3.71225,5,0.0,3.0,110.0,100.0,72,0.08,335,200,4503.0,68.043894,0.8,1.0,1,0,0,0,0,1,0,1,1,0,1,0,0,6,40.5,150.0
15408,40.43759,-3.69432,10,6.0,10.0,375.0,0.0,92,0.0,219,200,4855.0,64.056634,2.4,5.0,1,0,0,0,0,1,0,1,0,0,1,0,0,7,90.0,200.0
15409,40.40879,-3.7034,2,0.0,1.0,47.0,100.0,1,0.14,324,200,4503.0,68.043894,0.8,1.0,1,0,0,0,0,1,0,1,0,0,1,0,0,3,18.0,50.0
15410,40.41242,-3.70756,2,0.0,1.0,50.0,90.0,1,0.14,141,200,4503.0,68.043894,0.8,1.0,1,1,1,1,1,1,0,1,1,0,0,0,0,7,18.0,50.0
15411,40.40928,-3.70399,2,1.0,1.0,50.0,100.0,1,0.14,101,50,4503.0,68.043894,0.8,1.0,1,1,1,1,1,1,1,1,1,1,1,1,1,2,18.0,50.0
15412,40.42426,-3.71328,2,0.0,1.0,40.0,85.0,1,0.28,65,50,3555.0,63.451906,5.9,1.0,0,0,0,0,0,1,0,0,0,0,0,0,0,2,18.0,50.0
15413,40.40371,-3.7133,4,2.0,2.0,100.0,100.0,1,0.15,151,200,3917.0,55.025641,1.9,1.0,1,0,0,0,0,1,0,1,0,0,0,0,0,7,33.0,100.0
15414,40.39966,-3.69738,5,2.0,3.0,60.0,80.0,45,0.21,341,200,3917.0,55.025641,1.9,1.0,1,0,0,0,0,1,0,1,0,0,1,0,0,4,40.5,100.0
15415,40.4059,-3.74354,2,1.0,1.0,45.0,100.0,1,0.21,392,50,2287.0,47.008319,4.7,2.5,1,0,0,0,1,1,0,0,0,0,1,0,0,4,22.5,50.0
15416,40.42556,-3.67351,1,1.0,1.0,18.0,0.0,9,0.0,173,50,5328.0,74.694253,2.2,1.0,0,0,0,0,0,1,0,0,0,0,1,0,0,2,10.5,50.0
15417,40.45815,-3.63773,2,1.0,2.0,210.0,0.0,2,0.0,406,50,3312.0,62.061453,9.2,1.5,1,0,0,0,0,1,1,1,0,0,1,0,0,3,19.5,200.0
15418,40.42432,-3.68588,4,2.0,2.0,171.0,0.0,1,0.0,214,200,5328.0,74.694253,2.2,2.0,1,0,0,0,0,1,0,1,0,0,1,0,0,6,36.0,200.0
15420,40.42391,-3.67344,1,1.0,1.0,19.0,1.0,9,1.0,173,50,5328.0,74.694253,2.2,1.0,1,1,1,1,1,1,1,1,1,1,1,1,1,2,10.5,50.0
15422,40.41678,-3.7057,5,0.0,3.0,60.0,0.0,25,0.0,133,200,4503.0,68.043894,0.8,1.5,1,0,0,0,0,1,0,1,0,0,0,0,0,7,42.0,100.0
15423,40.43105,-3.63863,1,1.0,2.0,24.0,80.0,1,0.07,108,50,2893.0,50.090625,6.5,1.0,0,0,0,0,0,0,0,0,0,0,1,0,0,8,10.5,50.0
15424,40.42349,-3.70843,4,1.0,2.0,242.0,0.0,25,0.0,266,200,4503.0,68.043894,0.8,1.0,1,0,0,0,0,1,0,1,0,0,1,0,0,3,33.0,200.0
15425,40.40969,-3.71225,5,0.0,3.0,108.0,0.0,72,0.0,322,200,4503.0,68.043894,0.8,1.0,1,0,0,0,0,1,0,1,1,0,1,0,0,6,40.5,150.0
15426,40.40969,-3.71225,5,0.0,3.0,120.0,0.0,72,0.0,323,200,4503.0,68.043894,0.8,1.0,1,0,0,0,0,1,0,1,0,0,1,0,0,6,40.5,150.0
15427,40.40969,-3.71225,3,0.0,1.0,115.0,0.0,72,0.0,361,200,4503.0,68.043894,0.8,1.0,1,0,0,0,0,1,0,1,0,0,1,0,0,6,25.5,150.0
15428,40.493,-3.69718,1,1.0,1.0,40.0,1.0,2,1.0,197,50,3545.0,57.198083,16.4,1.5,1,1,1,1,1,1,1,1,1,1,1,1,1,6,12.0,50.0
15429,40.4364,-3.64092,2,1.0,1.0,40.0,0.0,1,0.07,90,50,2893.0,50.090625,6.5,1.0,0,0,0,0,0,0,0,0,0,0,0,0,0,4,18.0,50.0
15430,40.411,-3.65074,4,2.0,3.0,50.0,97.0,1,0.43,337,200,2547.0,45.581197,5.0,1.0,1,0,0,0,0,1,0,0,0,0,1,0,1,6,33.0,50.0
15431,40.42291,-3.70767,3,1.0,2.0,44.0,0.0,6,0.0,232,200,4503.0,68.043894,0.8,1.0,1,0,0,0,0,1,0,1,0,0,1,0,0,2,25.5,50.0
15432,40.38667,-3.74495,1,1.0,1.0,15.0,97.0,3,0.92,161,50,2195.0,47.402837,6.6,1.0,0,0,0,0,0,1,0,0,1,0,0,0,0,5,10.5,50.0
15433,40.39307,-3.7207,1,0.0,1.0,22.0,0.0,1,0.0,157,50,2195.0,47.402837,6.6,1.0,1,1,1,1,1,1,0,0,0,0,0,0,0,6,10.5,50.0
15434,40.41609,-3.70982,4,1.0,1.0,106.0,0.0,5,0.0,634,200,4503.0,68.043894,0.8,1.0,1,0,0,0,0,1,0,1,1,0,1,0,1,2,33.0,150.0
15435,40.46304,-3.7482,4,1.0,2.0,350.0,0.0,1,0.0,175,50,3555.0,63.451906,5.9,1.0,0,0,0,0,0,1,0,0,0,0,1,0,0,2,33.0,200.0
15436,40.42547,-3.65914,3,2.0,1.0,32.0,1.0,1,1.0,305,50,2893.0,50.090625,6.5,1.0,1,1,1,1,1,1,1,1,1,1,1,1,1,5,25.5,50.0
15437,40.42264,-3.70929,2,1.0,2.0,75.0,100.0,1,0.21,475,200,4503.0,68.043894,0.8,1.0,1,0,0,0,0,1,1,1,1,1,1,0,1,8,18.0,100.0
15438,40.4314,-3.67369,6,1.0,3.0,140.0,95.0,3,0.29,509,200,5328.0,74.694253,2.2,2.0,1,0,0,0,0,1,1,1,0,1,1,0,0,4,51.0,150.0
15439,40.43518,-3.69988,2,1.0,1.0,70.0,94.0,1,0.49,296,200,4855.0,64.056634,2.4,1.0,1,1,1,1,1,1,1,1,1,1,1,1,1,7,18.0,100.0
15440,40.41695,-3.70969,5,1.0,3.0,107.0,0.0,5,0.0,439,200,4503.0,68.043894,0.8,1.0,1,0,0,0,0,1,0,1,1,0,1,0,0,2,40.5,150.0
15441,40.50464,-3.70236,1,1.0,1.0,25.0,0.0,1,0.0,184,50,3545.0,57.198083,16.4,1.0,0,1,1,1,1,1,1,0,1,0,0,0,0,2,10.5,50.0
15442,40.43058,-3.62372,4,1.0,2.0,390.0,0.0,1,0.0,154,200,2477.0,70.967532,7.3,1.0,1,0,0,0,0,1,0,1,0,0,0,0,0,2,33.0,200.0
15443,40.42284,-3.7096,1,1.0,2.0,35.0,0.0,3,0.07,194,50,4503.0,68.043894,0.8,1.0,1,0,0,0,0,1,0,0,0,1,1,0,0,0,10.5,50.0
15444,40.4169,-3.70967,4,1.0,2.0,132.0,0.0,5,0.0,325,200,4503.0,68.043894,0.8,1.0,1,0,0,0,0,1,0,1,1,0,1,0,0,2,33.0,150.0
15445,40.46956,-3.66879,4,2.0,2.0,105.0,0.0,18,0.0,192,200,2893.0,50.090625,6.5,2.0,1,1,1,1,1,0,1,1,1,0,1,0,0,10,36.0,150.0
15446,40.38976,-3.72128,2,2.0,1.0,47.0,100.0,2,0.14,394,200,2195.0,47.402837,6.6,1.0,1,0,0,0,0,1,0,0,0,0,1,0,0,4,18.0,50.0
15447,40.4126,-3.70306,2,0.0,1.0,46.0,80.0,1,0.76,286,200,4503.0,68.043894,0.8,1.0,1,0,0,0,0,1,0,0,0,0,1,0,0,2,18.0,50.0
15448,40.4789,-3.66228,3,1.0,2.0,24.0,94.0,1,0.49,84,50,3312.0,62.061453,9.2,1.0,1,0,0,0,0,0,0,0,0,0,1,0,0,3,25.5,50.0
15449,40.42543,-3.67917,3,1.0,2.0,71.0,100.0,6,0.08,367,200,5328.0,74.694253,2.2,1.0,1,0,0,0,0,1,0,1,0,0,1,0,0,2,25.5,100.0
15450,40.407,-3.70122,4,1.0,1.0,60.0,100.0,45,0.26,361,200,4503.0,68.043894,0.8,1.5,1,0,0,0,0,1,0,1,0,1,1,0,0,4,34.5,100.0
15451,40.40902,-3.71288,4,1.0,1.0,65.0,80.0,6,0.07,359,200,4503.0,68.043894,0.8,1.0,1,1,1,1,1,1,1,1,1,1,1,1,1,2,33.0,100.0
15452,40.39852,-3.71993,2,1.0,2.0,27.0,90.0,1,0.14,103,50,2195.0,47.402837,6.6,1.0,1,0,0,0,0,1,0,0,0,0,0,0,0,8,18.0,50.0
15453,40.39421,-3.72472,1,1.0,1.0,9.0,0.0,1,0.0,431,50,2195.0,47.402837,6.6,1.0,0,0,0,0,0,1,1,1,1,0,1,0,0,2,10.5,50.0
15454,40.42125,-3.71055,2,1.0,1.0,63.0,100.0,1,0.07,136,50,4503.0,68.043894,0.8,1.0,1,0,0,0,0,1,0,1,0,0,0,0,0,2,18.0,100.0
15455,40.49106,-3.69685,1,1.0,2.0,35.0,0.0,2,0.0,224,50,3545.0,57.198083,16.4,1.5,1,1,1,1,1,0,0,1,0,0,1,0,0,6,12.0,50.0
15456,40.37191,-3.62625,1,1.0,1.0,100.0,1.0,1,1.0,98,200,2382.0,49.659794,11.0,1.0,1,1,1,1,1,1,1,1,1,1,1,1,1,7,10.5,100.0
15457,40.4098,-3.6985,3,1.0,2.0,50.0,0.0,3,0.0,548,200,4503.0,68.043894,0.8,1.0,1,0,0,0,0,1,0,1,0,0,1,0,0,4,25.5,50.0
15460,40.42305,-3.70288,6,1.0,6.0,85.0,80.0,38,0.21,442,50,4503.0,68.043894,0.8,4.0,0,0,0,0,0,1,0,1,0,0,1,0,0,3,57.0,100.0
15461,40.39135,-3.70186,2,1.0,1.0,20.0,80.0,3,0.49,355,50,2316.0,43.910072,4.6,1.0,0,0,0,0,0,1,0,0,0,0,1,0,1,3,18.0,50.0
15462,40.42314,-3.7033,8,1.0,8.0,108.0,90.0,38,0.14,442,50,4503.0,68.043894,0.8,4.0,0,0,0,0,0,1,0,1,0,0,1,0,0,3,72.0,150.0
15463,40.4232,-3.70462,2,1.0,1.0,70.0,80.0,1,0.07,159,50,4503.0,68.043894,0.8,1.5,1,1,1,1,1,1,1,1,1,1,1,1,1,6,19.5,100.0
15464,40.43618,-3.64458,2,1.0,1.0,25.0,0.0,2,0.0,236,50,2893.0,50.090625,6.5,1.0,0,0,0,0,0,1,0,0,1,0,0,0,0,2,18.0,50.0
15465,40.41033,-3.71108,4,2.0,3.0,39.0,93.0,2,0.21,268,200,4503.0,68.043894,0.8,1.0,1,0,0,0,0,1,0,0,0,0,0,0,0,4,33.0,50.0
15466,40.40647,-3.69786,2,1.0,1.0,50.0,100.0,1,0.57,394,50,4503.0,68.043894,0.8,1.0,1,0,0,0,1,1,0,0,0,1,1,0,0,8,18.0,50.0
15467,40.47965,-3.66057,1,1.0,1.0,15.0,0.0,1,0.0,153,50,3312.0,62.061453,9.2,1.0,0,0,0,0,0,1,0,1,0,0,0,0,0,2,10.5,50.0
15468,40.42486,-3.70436,5,3.0,3.0,258.0,0.0,92,0.0,339,200,4503.0,68.043894,0.8,2.0,1,0,0,0,0,1,0,1,0,0,1,0,0,7,43.5,200.0
15469,40.44969,-3.7695,2,1.0,1.0,46.0,100.0,7,0.21,505,200,3555.0,63.451906,5.9,1.0,1,0,0,0,0,1,0,0,0,1,1,0,0,4,18.0,50.0
15470,40.42507,-3.70467,5,3.0,3.0,222.0,0.0,92,0.0,301,200,4503.0,68.043894,0.8,2.0,1,0,0,0,0,1,0,1,0,0,1,0,0,7,43.5,200.0
15471,40.37138,-3.69718,2,1.0,1.0,23.0,100.0,1,0.08,464,50,2316.0,43.910072,4.6,1.0,1,1,1,1,1,1,1,1,1,1,1,1,1,8,18.0,50.0
15472,40.41316,-3.70759,6,3.0,3.0,80.0,98.0,12,0.55,177,200,4503.0,68.043894,0.8,1.5,1,0,0,0,0,1,0,1,0,0,1,0,0,9,49.5,100.0
15473,40.42021,-3.7,2,1.0,1.0,47.0,100.0,10,0.15,162,200,4503.0,68.043894,0.8,1.5,1,0,0,0,0,1,0,1,1,0,0,0,0,4,19.5,50.0
15474,40.41447,-3.7022,5,1.0,2.0,47.0,84.0,3,0.36,194,200,4503.0,68.043894,0.8,1.0,1,0,0,0,0,1,0,1,0,0,1,0,0,8,40.5,50.0
15475,40.42431,-3.70377,4,1.0,4.0,114.0,100.0,1,0.07,181,200,4503.0,68.043894,0.8,1.0,1,0,0,0,0,1,0,1,0,0,1,0,0,7,33.0,150.0
15476,40.40866,-3.71075,3,1.0,1.0,50.0,1.0,2,1.0,381,200,4503.0,68.043894,0.8,1.0,1,1,1,1,1,1,1,1,1,1,1,1,1,4,25.5,50.0
15477,40.48201,-3.71954,1,1.0,1.0,20.0,100.0,1,0.14,474,50,3545.0,57.198083,16.4,1.0,0,0,0,0,0,1,0,0,1,0,1,0,0,4,10.5,50.0
15478,40.41077,-3.70648,4,1.0,2.0,81.0,70.0,6,0.15,349,200,4503.0,68.043894,0.8,1.0,1,0,0,0,0,1,0,0,0,0,1,0,1,2,33.0,100.0
15479,40.43661,-3.71519,1,1.0,1.0,15.0,0.0,1,0.0,123,50,4855.0,64.056634,2.4,1.0,0,1,1,1,1,1,0,0,1,0,0,0,0,4,10.5,50.0
15480,40.42329,-3.70489,4,2.0,3.0,250.0,0.0,92,0.0,191,200,4503.0,68.043894,0.8,2.0,1,0,0,0,0,1,0,1,0,0,1,0,0,7,36.0,200.0
15481,40.43465,-3.70468,2,1.0,1.0,41.0,99.0,1,1.79,261,200,4855.0,64.056634,2.4,1.0,1,0,0,0,0,1,0,1,0,0,0,1,0,6,18.0,50.0
15482,40.43598,-3.68416,2,1.0,2.0,35.0,0.0,1,0.0,151,50,5328.0,74.694253,2.2,1.0,1,0,0,0,0,1,0,0,0,0,1,0,0,4,18.0,50.0
15483,40.41002,-3.71352,16,1.0,1.0,821.0,1.0,72,1.0,383,200,4503.0,68.043894,0.8,10.0,1,1,1,1,1,1,1,1,1,1,1,1,1,6,150.0,200.0
15484,40.38806,-3.71271,2,1.0,2.0,40.0,0.0,1,0.0,70,50,2316.0,43.910072,4.6,1.0,0,0,0,0,0,1,0,0,0,0,0,0,0,4,18.0,50.0
15485,40.41275,-3.70669,5,1.0,2.0,81.0,90.0,6,0.28,388,200,4503.0,68.043894,0.8,1.0,1,0,0,0,0,1,0,0,0,0,1,0,0,2,40.5,100.0
15486,40.41735,-3.7057,4,1.0,1.0,47.0,95.0,2,2.67,255,200,4503.0,68.043894,0.8,1.0,1,1,1,1,1,1,1,1,1,1,1,1,1,2,33.0,50.0
15488,40.42225,-3.64829,2,1.0,2.0,40.0,0.0,1,0.0,192,50,2893.0,50.090625,6.5,1.0,1,0,0,0,0,1,0,0,0,0,1,0,0,2,18.0,50.0
15489,40.42361,-3.649,1,0.0,1.0,35.0,40.0,2,0.07,207,50,2893.0,50.090625,6.5,1.0,1,0,0,0,0,1,0,0,0,0,1,0,0,2,10.5,50.0
15490,40.42665,-3.70272,1,1.0,1.0,30.0,0.0,2,0.0,117,50,4503.0,68.043894,0.8,1.0,1,1,1,1,1,1,0,0,1,0,0,0,0,2,10.5,50.0
15491,40.42592,-3.73237,4,1.0,1.0,45.0,60.0,2,0.29,288,200,3555.0,63.451906,5.9,1.0,1,0,0,0,0,1,0,0,0,0,0,0,0,4,33.0,50.0
15492,40.40745,-3.70084,2,1.0,1.0,26.0,100.0,1,0.15,239,50,4503.0,68.043894,0.8,1.0,0,0,0,0,0,1,0,1,0,0,1,0,0,2,18.0,50.0
15493,40.36926,-3.70871,2,1.0,1.0,41.0,92.0,6,0.35,343,50,2316.0,43.910072,4.6,1.0,0,1,1,1,1,1,0,1,1,0,1,0,0,3,18.0,50.0
15494,40.40887,-3.69269,8,4.0,2.0,202.0,0.0,20,0.0,209,200,4503.0,68.043894,0.8,2.0,1,0,0,0,0,1,0,1,1,0,1,0,0,6,66.0,200.0
15495,40.41317,-3.70056,2,1.0,1.0,56.0,1.0,1,1.0,258,200,4503.0,68.043894,0.8,1.0,1,1,1,1,1,1,1,1,1,1,1,1,1,4,18.0,100.0
15496,40.40067,-3.67002,4,1.0,3.0,54.0,93.0,1,0.21,368,200,4220.0,63.672727,3.2,1.0,1,0,0,0,0,1,0,1,0,0,1,0,0,5,33.0,100.0
15497,40.35598,-3.69046,1,1.0,1.0,25.0,0.0,1,0.0,141,50,1696.0,37.641618,9.0,1.5,0,0,0,0,0,1,0,0,0,0,0,0,0,2,12.0,50.0
15498,40.46232,-3.69724,4,1.0,2.0,65.0,100.0,1,0.14,340,200,3476.0,60.621287,5.9,1.0,1,0,0,0,0,1,0,1,0,0,1,0,1,2,33.0,100.0
15499,40.4222,-3.67366,6,2.0,2.0,67.0,96.0,1,0.35,212,200,5328.0,74.694253,2.2,1.0,1,0,0,0,0,1,0,1,1,0,0,0,0,2,48.0,100.0
15501,40.44439,-3.67221,1,1.0,1.0,23.0,0.0,2,0.0,99,50,4508.0,67.220486,5.8,2.0,0,0,0,0,0,1,0,0,0,0,1,0,0,10,13.5,50.0
15502,40.40606,-3.72408,4,3.0,3.0,150.0,0.0,1,0.0,149,200,2287.0,47.008319,4.7,2.0,1,0,0,0,0,1,0,0,0,0,1,0,0,2,36.0,150.0
15503,40.39621,-3.73633,2,1.0,2.0,15.0,0.0,3,0.0,233,50,2195.0,47.402837,6.6,1.0,0,0,0,0,0,1,0,0,0,0,0,0,0,2,18.0,50.0
15504,40.42431,-3.71238,4,1.0,2.0,203.0,0.0,62,0.0,484,200,3555.0,63.451906,5.9,1.0,1,0,0,1,0,1,0,1,1,1,1,0,0,5,33.0,200.0
15505,40.42088,-3.68456,6,2.0,3.0,60.0,0.0,1,0.0,376,200,5328.0,74.694253,2.2,2.0,1,0,0,0,0,1,0,1,0,0,1,0,0,2,51.0,100.0
15506,40.38174,-3.65642,1,1.0,1.0,17.0,0.0,7,0.0,213,50,1890.0,41.443535,5.0,1.0,0,1,1,1,1,1,0,1,0,0,1,0,0,11,10.5,50.0
15507,40.40537,-3.69168,2,1.0,1.0,31.0,1.0,8,1.0,340,50,3917.0,55.025641,1.9,1.0,1,1,1,1,1,1,1,1,1,1,1,1,1,4,18.0,50.0
15508,40.39448,-3.69069,2,1.0,1.0,31.0,1.0,8,1.0,354,50,3917.0,55.025641,1.9,1.0,1,1,1,1,1,1,1,1,1,1,1,1,1,4,18.0,50.0
15509,40.40764,-3.70361,2,0.0,2.0,75.0,80.0,1,0.07,146,200,4503.0,68.043894,0.8,1.5,1,0,0,0,0,1,0,1,0,0,0,0,0,3,19.5,100.0
15510,40.43196,-3.70898,1,1.0,1.0,20.0,100.0,1,0.14,102,50,4855.0,64.056634,2.4,2.0,0,0,0,0,0,0,0,0,1,0,1,0,0,5,13.5,50.0
15511,40.3883,-3.75061,4,2.0,2.0,56.0,0.0,1,0.0,191,200,2287.0,47.008319,4.7,1.0,1,0,0,0,0,1,0,1,0,0,0,0,0,2,33.0,100.0
15512,40.48523,-3.68731,1,1.0,2.0,350.0,0.0,1,0.0,143,50,3545.0,57.198083,16.4,1.0,0,0,0,0,0,1,0,1,0,0,0,0,0,3,10.5,200.0
15513,40.42181,-3.70418,2,0.0,1.0,43.0,100.0,1,0.07,99,200,4503.0,68.043894,0.8,1.0,1,0,0,0,0,1,0,0,0,0,0,0,0,2,18.0,50.0
15514,40.39045,-3.74462,1,1.0,1.0,20.0,20.0,1,0.07,78,50,2287.0,47.008319,4.7,1.0,1,1,1,1,1,1,1,1,1,1,1,1,1,2,10.5,50.0
15515,40.41018,-3.69477,3,1.0,1.0,65.0,98.0,1,2.38,351,200,4503.0,68.043894,0.8,1.5,1,0,0,0,0,1,0,1,1,0,1,0,0,2,27.0,100.0
15516,40.38268,-3.67252,4,1.0,2.0,39.0,84.0,22,2.84,269,200,1890.0,41.443535,5.0,1.0,1,0,0,0,0,1,0,1,0,0,0,0,0,2,33.0,50.0
15517,40.41689,-3.70932,2,1.0,2.0,50.0,100.0,1,0.07,136,50,4503.0,68.043894,0.8,1.0,0,0,0,0,0,1,0,1,0,0,0,0,0,3,18.0,50.0
15518,40.39015,-3.71328,2,1.0,2.0,30.0,0.0,1,0.0,137,50,2195.0,47.402837,6.6,1.0,0,0,0,0,0,1,0,1,0,0,0,0,0,7,18.0,50.0
15519,40.47512,-3.58053,5,1.0,3.0,75.0,92.0,1,0.71,306,200,3047.0,56.183432,11.8,1.0,1,0,0,0,0,1,0,1,0,0,1,0,0,2,40.5,100.0
15520,40.40958,-3.70885,8,2.0,4.0,164.0,0.0,3,0.0,494,200,4503.0,68.043894,0.8,2.0,1,0,0,0,0,1,0,1,1,0,1,0,0,8,66.0,200.0
15521,40.46339,-3.63191,2,1.0,1.0,26.0,100.0,1,0.21,241,50,3312.0,62.061453,9.2,1.0,0,0,0,0,0,1,0,1,1,0,1,0,0,3,18.0,50.0
15522,40.36371,-3.60321,2,1.0,1.0,35.0,80.0,1,0.07,575,50,2382.0,49.659794,11.0,2.5,1,0,0,0,0,1,0,1,1,0,1,0,1,3,22.5,50.0
15523,40.40493,-3.69181,4,2.0,3.0,63.0,89.0,66,0.91,154,200,3917.0,55.025641,1.9,1.0,1,0,0,0,0,1,0,0,0,0,1,0,0,6,33.0,100.0
15524,40.38587,-3.70377,4,2.0,2.0,25.0,0.0,1,0.0,137,50,2316.0,43.910072,4.6,0.0,1,0,0,0,0,1,0,0,0,0,1,0,0,2,30.0,50.0
15525,40.40006,-3.65251,3,1.0,2.0,45.0,0.0,1,0.0,184,200,1890.0,41.443535,5.0,1.0,1,0,0,0,0,1,0,0,0,0,0,0,0,6,25.5,50.0
15526,40.41777,-3.67665,3,1.0,2.0,70.0,98.0,1,0.77,378,200,4220.0,63.672727,3.2,1.0,1,0,0,0,0,1,0,1,0,0,1,0,0,2,25.5,100.0
15527,40.37888,-3.74922,1,1.0,1.0,52.0,0.0,1,0.0,90,200,2195.0,47.402837,6.6,1.0,1,1,1,1,1,1,0,0,0,0,0,0,0,2,10.5,100.0
15528,40.40831,-3.71808,4,4.0,4.0,150.0,0.0,101,0.0,94,200,3917.0,55.025641,1.9,2.0,1,0,0,0,0,1,0,0,0,0,1,0,0,3,36.0,150.0
15529,40.42743,-3.7176,1,1.0,1.0,50.0,1.0,1,1.0,167,50,3555.0,63.451906,5.9,2.5,1,1,1,1,1,1,1,1,1,1,1,1,1,2,15.0,50.0
15530,40.40295,-3.64515,1,0.0,1.0,20.0,60.0,1,1.0,121,50,2547.0,45.581197,5.0,1.0,0,0,0,0,0,1,0,0,1,0,0,0,0,2,10.5,50.0
15531,40.42512,-3.70326,6,2.0,3.0,117.0,100.0,12,0.68,519,200,4503.0,68.043894,0.8,2.0,1,0,0,0,0,1,0,1,0,1,1,0,0,4,51.0,150.0
15532,40.42596,-3.6928,2,1.0,1.0,60.0,98.0,3,0.93,457,200,4503.0,68.043894,0.8,1.0,1,0,0,0,0,1,0,1,0,0,0,0,0,10,18.0,100.0
15533,40.42861,-3.70444,1,1.0,2.0,40.0,100.0,1,0.07,176,50,4503.0,68.043894,0.8,1.0,1,1,1,1,1,1,0,0,1,0,0,0,0,3,10.5,50.0
15534,40.44014,-3.6982,2,1.0,1.0,30.0,84.0,1,0.36,138,50,4855.0,64.056634,2.4,1.0,1,1,1,1,1,1,1,1,1,1,1,1,1,4,18.0,50.0
15535,40.4327,-3.63714,1,1.0,1.0,22.0,100.0,1,0.21,355,50,2893.0,50.090625,6.5,1.0,0,0,0,0,0,1,0,0,0,0,0,0,0,5,10.5,50.0
15536,40.42425,-3.70496,2,1.0,1.0,155.0,0.0,92,0.0,191,200,4503.0,68.043894,0.8,1.0,1,0,0,0,0,1,0,1,0,0,1,0,0,7,18.0,200.0
15537,40.42621,-3.71322,4,1.0,1.0,80.0,100.0,10,0.15,305,200,3555.0,63.451906,5.9,1.0,1,1,1,1,1,1,1,1,1,1,1,1,1,4,33.0,100.0
15538,40.422,-3.70595,5,2.0,4.0,449.0,0.0,6,0.0,376,200,4503.0,68.043894,0.8,1.0,1,0,0,0,0,1,0,1,1,0,1,0,0,2,40.5,200.0
15539,40.42058,-3.70778,6,2.0,2.0,300.0,0.0,6,0.0,173,200,4503.0,68.043894,0.8,1.0,1,0,0,0,0,1,0,1,0,0,0,0,0,2,48.0,200.0
15540,40.42123,-3.70588,4,1.0,1.0,337.0,0.0,6,0.0,352,200,4503.0,68.043894,0.8,1.0,1,0,0,0,0,1,0,1,0,0,1,0,1,2,33.0,200.0
15541,40.42282,-3.70582,4,0.0,1.0,300.0,0.0,6,0.0,173,200,4503.0,68.043894,0.8,1.0,1,0,0,0,0,1,0,1,0,0,0,0,0,2,33.0,200.0
15542,40.42255,-3.7064,4,1.0,1.0,300.0,0.0,6,0.0,154,200,4503.0,68.043894,0.8,1.0,1,0,0,0,0,0,0,1,0,0,0,0,0,2,33.0,200.0
15543,40.44109,-3.64252,2,1.0,1.0,20.0,1.0,1,1.0,126,50,2893.0,50.090625,6.5,1.0,1,1,1,1,1,1,1,1,1,1,1,1,1,2,18.0,50.0
15544,40.41242,-3.73277,2,1.0,1.0,45.0,100.0,1,0.14,144,200,2287.0,47.008319,4.7,1.0,1,0,0,0,0,1,0,1,0,0,0,0,0,8,18.0,50.0
15545,40.41951,-3.70331,6,2.0,3.0,72.0,98.0,1,2.21,602,200,4503.0,68.043894,0.8,1.0,1,0,0,0,0,1,0,1,0,1,1,0,1,8,48.0,100.0
15546,40.47822,-3.64855,2,1.0,1.0,20.0,100.0,1,0.07,370,50,3312.0,62.061453,9.2,1.0,0,0,0,0,0,1,0,0,0,0,1,0,0,2,18.0,50.0
15547,40.45408,-3.70167,2,1.0,1.0,34.0,93.0,1,0.22,367,50,3476.0,60.621287,5.9,1.0,1,0,0,0,0,1,0,1,1,0,1,0,0,8,18.0,50.0
15548,40.41334,-3.70873,2,1.0,2.0,30.0,100.0,1,0.14,145,50,4503.0,68.043894,0.8,1.0,1,0,0,0,0,1,0,0,0,0,0,0,0,6,18.0,50.0
15549,40.42018,-3.69766,4,1.0,2.0,76.0,93.0,59,0.72,457,200,4503.0,68.043894,0.8,1.0,1,0,0,0,0,1,0,1,0,1,0,0,0,7,33.0,100.0
15550,40.41732,-3.69789,6,3.0,4.0,192.0,100.0,5,1.26,275,200,4503.0,68.043894,0.8,2.5,1,0,0,0,0,1,0,1,1,0,0,0,0,2,52.5,200.0
15551,40.41904,-3.70856,4,0.0,2.0,61.0,99.0,2,1.55,536,200,4503.0,68.043894,0.8,1.5,1,0,0,0,0,1,0,1,0,1,1,1,0,5,34.5,100.0
15552,40.42255,-3.70074,2,1.0,1.0,150.0,0.0,6,0.0,186,50,4503.0,68.043894,0.8,1.0,0,0,0,0,0,1,0,0,1,0,1,0,0,3,18.0,150.0
15553,40.38677,-3.74275,3,1.0,2.0,17.0,93.0,3,0.22,159,50,2195.0,47.402837,6.6,1.0,0,0,0,0,0,1,0,0,0,0,0,0,0,5,25.5,50.0
15554,40.43565,-3.65817,2,1.0,1.0,39.0,100.0,1,0.07,194,50,2893.0,50.090625,6.5,1.0,0,1,1,1,1,1,0,0,0,0,0,0,0,2,18.0,50.0
15555,40.45207,-3.69846,3,1.0,1.0,51.0,100.0,3,0.59,222,200,3476.0,60.621287,5.9,1.0,1,0,0,0,0,1,0,1,0,1,1,0,0,7,25.5,100.0
15556,40.38136,-3.62359,1,1.0,2.0,30.0,100.0,1,0.09,191,50,2382.0,49.659794,11.0,1.0,1,0,0,0,0,1,0,1,0,0,1,0,0,2,10.5,50.0
15557,40.41681,-3.69983,6,3.0,3.0,229.0,98.0,5,1.31,339,200,4503.0,68.043894,0.8,3.5,1,0,0,0,0,1,0,1,1,1,1,0,0,2,55.5,200.0
15558,40.4171,-3.69816,6,3.0,5.0,233.0,100.0,5,1.0,319,200,4503.0,68.043894,0.8,2.5,1,0,0,0,0,1,0,1,1,0,1,0,0,2,52.5,200.0
15559,40.41708,-3.69913,6,3.0,4.0,200.0,100.0,5,1.3,298,200,4503.0,68.043894,0.8,3.5,1,0,0,0,0,1,0,1,1,0,1,0,0,2,55.5,200.0
15560,40.43389,-3.65357,2,1.0,1.0,108.0,100.0,8,0.15,551,200,2893.0,50.090625,6.5,2.0,1,0,0,0,0,1,0,1,0,0,0,1,0,8,21.0,150.0
15561,40.38781,-3.70627,2,1.0,2.0,56.0,0.0,1,0.0,131,50,2316.0,43.910072,4.6,1.0,1,0,0,0,0,1,0,0,0,0,0,0,0,2,18.0,100.0
15562,40.4171,-3.71098,2,1.0,1.0,36.0,100.0,7,0.56,200,50,4503.0,68.043894,0.8,1.5,1,0,0,0,0,1,0,1,0,0,1,0,0,5,19.5,50.0
15563,40.42935,-3.68406,2,1.0,1.0,76.0,100.0,6,0.15,309,200,5328.0,74.694253,2.2,1.0,1,0,0,0,0,1,0,1,0,0,1,0,0,2,18.0,100.0
15564,40.38459,-3.60623,6,3.0,4.0,72.0,93.0,1,0.55,280,200,2382.0,49.659794,11.0,2.0,1,0,0,0,0,1,0,0,1,1,0,0,0,4,51.0,100.0
15565,40.42725,-3.70603,2,1.0,1.0,55.0,0.0,1,0.0,156,50,4503.0,68.043894,0.8,1.0,0,1,1,1,1,1,0,0,0,0,1,0,0,7,18.0,100.0
15566,40.42267,-3.69909,6,3.0,4.0,185.0,0.0,25,0.0,453,200,4503.0,68.043894,0.8,3.0,1,0,0,0,0,1,0,1,0,1,1,0,0,11,54.0,200.0
15567,40.42393,-3.69893,2,1.0,1.0,77.0,80.0,1,0.07,203,200,4503.0,68.043894,0.8,1.0,1,0,0,0,0,1,0,1,0,0,1,0,0,2,18.0,100.0
15568,40.39178,-3.73996,1,0.0,1.0,20.0,0.0,4,0.0,123,50,2195.0,47.402837,6.6,1.0,0,0,0,0,0,1,0,0,0,0,1,0,0,3,10.5,50.0
15569,40.41608,-3.70916,4,1.0,1.0,97.0,96.0,4,0.36,345,200,4503.0,68.043894,0.8,1.0,1,0,0,0,0,1,0,1,0,1,1,0,0,5,33.0,100.0
15570,40.43156,-3.68631,5,3.0,3.0,500.0,100.0,8,0.11,455,200,5328.0,74.694253,2.2,3.0,1,0,0,0,0,1,0,1,0,0,1,0,0,8,46.5,200.0
15571,40.40988,-3.69826,1,1.0,1.0,19.0,40.0,3,0.08,156,50,4503.0,68.043894,0.8,1.0,0,0,0,0,0,1,0,0,0,0,0,0,0,6,10.5,50.0
15572,40.40608,-3.7231,1,1.0,1.0,35.0,0.0,101,0.0,159,50,2287.0,47.008319,4.7,2.0,0,0,0,0,0,1,0,0,0,0,1,0,0,3,13.5,50.0
15573,40.46453,-3.75039,5,2.0,4.0,85.0,0.0,5,0.0,389,200,3555.0,63.451906,5.9,1.5,1,0,0,0,0,1,0,0,0,0,1,0,0,2,42.0,100.0
15574,40.46465,-3.7482,5,1.0,3.0,85.0,0.0,5,0.0,87,50,3555.0,63.451906,5.9,1.0,1,0,0,0,0,1,0,0,0,0,0,0,0,2,40.5,100.0
15575,40.46256,-3.74836,5,2.0,3.0,85.0,0.0,5,0.0,87,50,3555.0,63.451906,5.9,1.5,1,0,0,0,0,1,0,0,0,0,0,0,0,2,42.0,100.0
15576,40.46422,-3.74817,5,1.0,2.0,85.0,0.0,5,0.0,87,200,3555.0,63.451906,5.9,1.5,1,0,0,0,0,1,0,0,0,0,0,0,0,2,42.0,100.0
15577,40.46274,-3.74824,4,1.0,2.0,85.0,0.0,5,0.0,413,200,3555.0,63.451906,5.9,1.5,1,0,0,0,0,0,0,0,0,0,1,0,1,2,34.5,100.0
15578,40.47662,-3.73207,2,1.0,1.0,58.0,0.0,4,0.0,391,200,3545.0,57.198083,16.4,1.0,1,0,0,0,0,1,1,1,0,0,1,0,0,3,18.0,100.0
15579,40.38451,-3.73177,4,0.0,3.0,70.0,0.0,1,0.0,158,200,2195.0,47.402837,6.6,1.0,1,0,0,0,0,1,0,0,0,0,0,0,0,3,33.0,100.0
15580,40.40287,-3.66209,2,1.0,2.0,115.0,0.0,1,0.0,94,50,1890.0,41.443535,5.0,1.0,1,0,0,0,0,1,0,0,0,0,0,0,0,4,18.0,150.0
15581,40.40941,-3.7104,2,1.0,1.0,36.0,95.0,2,0.28,239,50,4503.0,68.043894,0.8,1.0,0,0,0,0,0,1,0,0,0,0,1,0,0,7,18.0,50.0
15582,40.40898,-3.71008,4,2.0,2.0,140.0,0.0,2,0.0,228,200,4503.0,68.043894,0.8,1.0,1,0,0,0,0,1,0,1,1,0,1,0,0,7,33.0,150.0
15583,40.40805,-3.70511,3,2.0,2.0,56.0,100.0,1,0.07,402,200,4503.0,68.043894,0.8,1.0,1,0,0,0,0,1,0,1,0,0,0,0,0,8,25.5,100.0
15584,40.43561,-3.71592,2,1.0,1.0,50.0,0.0,1,0.0,316,50,4855.0,64.056634,2.4,1.0,0,0,0,0,0,1,0,0,0,0,1,0,0,6,18.0,50.0
15585,40.43304,-3.6732,2,1.0,1.0,65.0,100.0,2,0.23,177,50,5328.0,74.694253,2.2,1.0,1,0,0,0,0,1,0,1,0,0,0,0,0,6,18.0,100.0
15586,40.4285,-3.70807,2,2.0,2.0,34.0,0.0,9,0.0,647,200,4503.0,68.043894,0.8,1.5,1,0,0,0,0,1,0,1,0,0,1,0,0,10,19.5,50.0
15587,40.47469,-3.63533,2,0.0,1.0,19.0,95.0,1,0.56,334,50,3312.0,62.061453,9.2,1.5,0,0,0,0,0,1,0,0,1,0,1,0,0,3,19.5,50.0
15588,40.42604,-3.70843,4,1.0,2.0,70.0,0.0,1,0.0,185,200,4503.0,68.043894,0.8,1.0,1,0,0,0,0,1,0,1,0,0,0,0,0,3,33.0,100.0
15589,40.42726,-3.70317,2,1.0,2.0,50.0,80.0,1,0.14,152,200,4503.0,68.043894,0.8,1.5,1,0,0,0,0,0,0,1,1,0,1,0,0,3,19.5,50.0
15590,40.4252,-3.70777,4,1.0,2.0,60.0,0.0,1,0.0,212,200,4503.0,68.043894,0.8,1.0,1,0,0,0,0,1,0,1,0,0,1,0,0,7,33.0,100.0
15591,40.42915,-3.71293,2,0.0,2.0,49.0,0.0,2,0.0,319,50,4503.0,68.043894,0.8,1.0,1,0,0,0,1,1,0,1,0,0,1,0,0,0,18.0,50.0
15592,40.38615,-3.70095,4,1.0,2.0,37.0,89.0,22,2.03,308,200,2316.0,43.910072,4.6,1.0,1,0,0,0,0,1,0,0,0,1,0,0,0,2,33.0,50.0
15593,40.44789,-3.71045,2,1.0,1.0,60.0,0.0,1,0.0,75,50,3555.0,63.451906,5.9,1.0,1,0,0,0,0,1,0,0,0,0,0,0,0,3,18.0,100.0
15594,40.43583,-3.6348,2,1.0,1.0,72.0,0.0,1,0.0,217,200,2477.0,70.967532,7.3,1.5,1,0,0,0,0,1,0,1,0,0,0,0,0,2,19.5,100.0
15595,40.4167,-3.71094,2,2.0,2.0,180.0,0.0,2,0.0,167,200,4503.0,68.043894,0.8,2.0,1,0,0,0,0,1,0,1,0,0,0,0,0,2,21.0,200.0
15596,40.38413,-3.64688,1,1.0,1.0,30.0,1.0,3,1.0,208,50,1890.0,41.443535,5.0,1.5,1,1,1,1,1,1,1,1,1,1,1,1,1,3,12.0,50.0
15597,40.38405,-3.64717,2,1.0,2.0,42.0,0.0,3,0.0,184,200,1890.0,41.443535,5.0,1.0,1,1,1,1,1,1,0,1,1,0,1,0,0,3,18.0,50.0
15598,40.42768,-3.70314,4,0.0,2.0,75.0,100.0,8,0.83,317,200,4503.0,68.043894,0.8,1.0,1,0,0,0,0,1,0,1,0,0,0,0,0,4,33.0,100.0
15599,40.42531,-3.66762,4,1.0,2.0,65.0,98.0,1,0.71,367,200,5328.0,74.694253,2.2,1.0,1,0,0,0,0,1,0,1,0,0,1,0,0,0,33.0,100.0
15600,40.40152,-3.62054,1,1.0,1.0,40.0,0.0,1,0.0,75,50,2246.0,55.472222,11.2,1.0,1,1,1,1,1,1,0,0,0,0,0,0,0,5,10.5,50.0
15601,40.44666,-3.61798,1,1.0,1.0,26.0,100.0,1,0.14,464,50,2477.0,70.967532,7.3,1.5,0,0,0,0,0,1,1,0,0,1,1,0,1,8,12.0,50.0
15602,40.41227,-3.69756,3,1.0,2.0,102.0,0.0,1,0.0,288,200,4503.0,68.043894,0.8,1.0,1,0,0,0,0,1,0,1,1,0,0,0,0,2,25.5,150.0
15603,40.41733,-3.70327,8,3.0,1.0,170.0,80.0,14,0.07,753,200,4503.0,68.043894,0.8,3.5,1,1,1,1,1,1,1,1,1,1,1,1,1,8,70.5,200.0
15604,40.42315,-3.70687,2,0.0,3.0,63.0,93.0,25,0.44,416,200,4503.0,68.043894,0.8,1.0,1,0,0,0,0,1,0,1,1,0,1,0,0,9,18.0,100.0
15605,40.41807,-3.70422,14,3.0,12.0,103.0,94.0,11,2.01,527,200,4503.0,68.043894,0.8,3.5,1,0,0,0,0,1,0,1,0,1,1,1,0,6,115.5,150.0
15606,40.4096,-3.72637,1,1.0,1.0,24.0,0.0,3,0.0,326,50,2287.0,47.008319,4.7,1.0,0,0,0,0,1,1,0,0,1,0,1,0,0,5,10.5,50.0
15607,40.41743,-3.71168,2,1.0,1.0,40.0,0.0,2,0.0,364,50,4503.0,68.043894,0.8,1.0,1,0,0,0,0,1,0,0,0,1,1,0,0,9,18.0,50.0
15609,40.41404,-3.69619,1,1.0,1.0,40.0,100.0,1,0.07,169,200,4503.0,68.043894,0.8,1.0,1,1,1,1,1,1,1,1,1,1,1,1,1,2,10.5,50.0
15610,40.40369,-3.70312,2,1.0,1.0,41.0,90.0,1,0.22,312,200,3917.0,55.025641,1.9,1.0,1,0,0,0,0,1,0,0,0,0,1,0,0,4,18.0,50.0
15611,40.40361,-3.71221,1,1.0,2.0,53.0,0.0,1,0.0,214,50,3917.0,55.025641,1.9,1.0,1,1,1,1,1,1,0,0,0,0,1,0,0,8,10.5,100.0
15612,40.40005,-3.64124,1,1.0,1.0,22.0,0.0,1,0.0,112,50,2547.0,45.581197,5.0,1.0,0,0,0,0,0,1,0,0,0,0,1,0,0,5,10.5,50.0
15613,40.3736,-3.73213,1,1.0,1.0,40.0,1.0,1,1.0,124,50,2195.0,47.402837,6.6,1.5,1,1,1,1,1,1,1,1,1,1,1,1,1,3,12.0,50.0
15614,40.41061,-3.72902,3,0.0,2.0,48.0,100.0,1,0.36,404,200,2287.0,47.008319,4.7,1.0,1,0,0,0,0,1,0,1,0,0,1,0,0,5,25.5,50.0
15615,40.39769,-3.69316,2,1.0,2.0,36.0,0.0,1,0.0,177,50,3917.0,55.025641,1.9,1.0,0,0,0,0,0,1,0,0,1,0,0,0,0,8,18.0,50.0
15616,40.42827,-3.68394,2,1.0,1.0,77.0,100.0,6,0.29,234,200,5328.0,74.694253,2.2,1.0,1,0,0,0,0,1,0,1,0,0,1,0,0,2,18.0,100.0
15617,40.42593,-3.70062,2,1.0,1.0,47.0,50.0,1,0.14,86,200,4503.0,68.043894,0.8,1.0,1,0,0,0,0,0,0,0,0,0,0,0,0,4,18.0,50.0
15618,40.4122,-3.69992,2,1.0,1.0,23.0,0.0,1,0.0,259,50,4503.0,68.043894,0.8,1.5,0,0,0,0,0,1,0,0,0,0,0,0,0,2,19.5,50.0
15619,40.39502,-3.65787,1,1.0,1.0,22.0,0.0,2,0.0,208,50,1890.0,41.443535,5.0,1.0,0,0,0,0,0,1,0,1,1,0,1,0,0,6,10.5,50.0
15620,40.41008,-3.70016,2,1.0,1.0,36.0,100.0,5,0.07,140,50,4503.0,68.043894,0.8,1.0,0,1,1,1,1,1,0,0,0,0,1,0,0,2,18.0,50.0
15621,40.4322,-3.64631,2,1.0,2.0,35.0,93.0,2,0.21,252,50,2893.0,50.090625,6.5,1.0,0,0,0,0,0,1,0,0,0,0,1,0,0,8,18.0,50.0
15622,40.42201,-3.69847,4,2.0,2.0,100.0,0.0,1,0.0,157,200,4503.0,68.043894,0.8,1.0,1,0,0,0,0,1,0,1,0,0,1,0,0,2,33.0,100.0
15625,40.40782,-3.70066,2,1.0,1.0,35.0,0.0,5,0.0,140,50,4503.0,68.043894,0.8,1.0,1,1,1,1,1,1,0,0,0,0,1,0,0,2,18.0,50.0
15626,40.44516,-3.67944,2,1.0,1.0,48.0,80.0,2,0.15,210,200,4508.0,67.220486,5.8,1.0,1,0,0,0,0,1,0,1,0,0,1,0,0,7,18.0,50.0
15627,40.45075,-3.68202,2,1.0,1.0,270.0,0.0,1,0.0,245,200,4508.0,67.220486,5.8,1.0,1,0,0,0,0,1,0,1,0,0,1,0,0,3,18.0,200.0
15628,40.35038,-3.69168,1,1.0,1.0,50.0,0.0,1,0.0,196,50,1696.0,37.641618,9.0,1.0,0,0,0,0,0,1,0,0,1,0,0,0,0,3,10.5,50.0
15629,40.47246,-3.5926,2,1.0,1.0,27.0,95.0,3,1.65,470,50,3047.0,56.183432,11.8,1.0,0,0,0,0,0,1,0,1,0,1,1,0,0,2,18.0,50.0
15630,40.42207,-3.70039,2,1.0,2.0,28.0,0.0,6,0.0,199,50,4503.0,68.043894,0.8,1.0,1,1,1,1,1,1,0,0,1,0,1,0,0,3,18.0,50.0
15631,40.42225,-3.70085,2,1.0,1.0,34.0,0.0,6,0.0,199,50,4503.0,68.043894,0.8,1.0,1,1,1,1,1,1,0,0,1,0,1,0,0,3,18.0,50.0
15632,40.42224,-3.70059,2,1.0,1.0,29.0,80.0,6,0.07,199,50,4503.0,68.043894,0.8,1.5,1,1,1,1,1,1,0,0,1,0,1,0,0,3,19.5,50.0
15633,40.4845,-3.62898,1,1.0,1.0,60.0,0.0,1,0.0,128,50,3312.0,62.061453,9.2,1.0,0,0,0,0,0,1,0,0,0,0,0,0,0,6,10.5,100.0
15634,40.39221,-3.69636,2,1.0,1.0,20.0,53.0,2,0.22,164,50,3917.0,55.025641,1.9,1.0,1,1,1,1,1,1,0,0,1,0,1,0,0,5,18.0,50.0
15635,40.40636,-3.68075,2,1.0,1.0,119.0,0.0,1,0.07,187,200,4220.0,63.672727,3.2,1.0,1,0,0,0,0,1,0,1,0,0,1,0,0,2,18.0,150.0
15636,40.41832,-3.71072,4,1.0,2.0,60.0,0.0,2,0.0,358,50,4503.0,68.043894,0.8,1.0,1,0,0,0,0,1,0,0,0,1,1,0,0,9,33.0,100.0
15637,40.42332,-3.70559,8,3.0,3.0,300.0,0.0,9,0.0,152,200,4503.0,68.043894,0.8,2.0,1,0,0,0,0,1,0,0,0,0,0,0,0,3,66.0,200.0
15638,40.41396,-3.70954,4,1.0,2.0,106.0,100.0,3,0.15,220,200,4503.0,68.043894,0.8,1.0,1,0,0,0,0,1,0,1,0,0,0,0,0,3,33.0,150.0
15639,40.37505,-3.73265,1,1.0,1.0,35.0,0.0,3,0.0,276,50,2195.0,47.402837,6.6,1.5,0,0,0,0,0,1,0,0,1,1,1,0,0,6,12.0,50.0
15640,40.41758,-3.702,4,2.0,3.0,101.0,0.0,1,0.0,173,200,4503.0,68.043894,0.8,1.0,1,1,1,1,1,1,0,1,0,0,0,0,0,2,33.0,150.0
15641,40.41107,-3.69686,4,1.0,2.0,54.0,87.0,1,0.22,195,200,4503.0,68.043894,0.8,1.0,1,0,0,0,0,1,0,0,0,0,0,0,0,2,33.0,100.0
15642,40.42574,-3.6973,3,1.0,2.0,110.0,100.0,45,0.16,344,200,4503.0,68.043894,0.8,1.0,1,0,0,0,0,1,0,1,0,0,0,0,1,4,25.5,150.0
15643,40.42454,-3.70106,2,0.0,1.0,100.0,0.0,15,0.0,171,200,4503.0,68.043894,0.8,1.0,1,0,0,0,0,1,0,1,0,0,0,0,0,4,18.0,100.0
15644,40.41684,-3.67746,2,1.0,1.0,50.0,0.0,2,0.0,107,50,4220.0,63.672727,3.2,1.0,1,1,1,1,1,1,0,0,1,0,0,0,0,3,18.0,50.0
15645,40.41033,-3.69882,2,1.0,1.0,38.0,40.0,4,0.08,230,200,4503.0,68.043894,0.8,1.0,1,0,0,0,0,1,0,1,0,0,1,0,0,3,18.0,50.0
15646,40.41985,-3.70163,2,1.0,1.0,35.0,100.0,1,0.28,260,50,4503.0,68.043894,0.8,1.5,0,0,0,0,0,1,0,1,0,0,0,0,0,2,19.5,50.0
15647,40.37673,-3.73846,2,1.0,1.0,25.0,100.0,1,0.29,138,50,2195.0,47.402837,6.6,1.0,0,0,0,0,0,1,0,0,0,0,0,0,0,2,18.0,50.0
15648,40.41437,-3.70117,6,2.0,4.0,51.0,100.0,1,0.08,436,200,4503.0,68.043894,0.8,2.0,1,0,0,0,0,1,0,1,1,0,0,0,0,3,51.0,100.0
15649,40.42357,-3.70372,4,1.0,1.0,65.0,100.0,67,0.31,213,200,4503.0,68.043894,0.8,1.0,1,0,0,0,0,1,0,1,0,0,1,0,0,7,33.0,100.0
15650,40.42284,-3.70124,8,2.0,4.0,154.0,98.0,67,1.7,355,200,4503.0,68.043894,0.8,2.0,1,0,0,0,0,1,0,1,0,0,1,0,0,7,66.0,200.0
15652,40.40034,-3.69816,4,1.0,2.0,43.0,88.0,22,3.65,288,200,3917.0,55.025641,1.9,1.0,1,0,0,0,0,1,0,1,0,0,0,0,0,2,33.0,50.0
15654,40.39973,-3.69664,4,1.0,2.0,42.0,88.0,22,5.22,231,200,3917.0,55.025641,1.9,1.0,1,0,0,0,0,1,0,1,0,0,1,0,0,2,33.0,50.0
15655,40.39861,-3.65983,6,2.0,3.0,56.0,88.0,8,0.54,445,200,1890.0,41.443535,5.0,1.0,1,0,0,1,1,1,0,1,0,0,1,0,0,0,48.0,100.0
15656,40.43079,-3.71276,3,3.0,3.0,149.0,0.0,101,0.0,104,200,4855.0,64.056634,2.4,1.0,1,0,0,0,0,1,0,0,0,0,1,0,0,3,25.5,150.0
15658,40.43756,-3.70021,6,1.0,2.0,120.0,0.0,1,0.0,188,200,4855.0,64.056634,2.4,2.5,1,0,0,0,0,1,0,1,1,0,1,0,0,6,52.5,150.0
15659,40.43132,-3.71378,6,6.0,6.0,159.0,0.0,101,0.0,104,200,4855.0,64.056634,2.4,2.0,1,0,0,0,0,1,0,0,0,0,1,0,0,3,51.0,200.0
15660,40.43343,-3.70707,6,6.0,6.0,220.0,0.0,101,0.0,104,200,4855.0,64.056634,2.4,3.0,1,0,0,0,0,1,0,0,0,0,1,0,0,3,54.0,200.0
15661,40.43286,-3.71515,3,2.0,2.0,110.0,0.0,101,0.0,104,200,4855.0,64.056634,2.4,1.0,1,0,0,0,0,1,0,0,0,0,1,0,0,3,25.5,150.0
15662,40.43091,-3.70916,3,3.0,3.0,110.0,0.0,101,0.0,104,200,4855.0,64.056634,2.4,1.0,1,0,0,0,0,1,0,0,0,0,1,0,0,3,25.5,150.0
15663,40.40559,-3.72442,3,3.0,3.0,110.0,0.0,101,0.0,104,200,2287.0,47.008319,4.7,1.0,1,0,0,0,0,1,0,0,0,0,1,0,0,3,25.5,150.0
15665,40.47334,-3.64914,4,1.0,2.0,74.0,0.0,5,0.0,308,200,3312.0,62.061453,9.2,1.0,1,0,0,0,0,1,0,1,0,0,0,0,0,3,33.0,100.0
15666,40.47558,-3.64994,3,0.0,2.0,60.0,0.0,5,0.0,356,200,3312.0,62.061453,9.2,1.0,1,0,0,0,0,1,0,1,0,0,1,0,0,3,25.5,100.0
15667,40.42929,-3.70647,2,2.0,2.0,115.0,0.0,101,0.0,104,200,4503.0,68.043894,0.8,1.0,1,0,0,0,0,1,0,0,0,0,1,0,0,3,18.0,150.0
15668,40.42556,-3.70984,4,4.0,4.0,149.0,0.0,101,0.0,104,200,4503.0,68.043894,0.8,2.0,1,0,0,0,0,1,0,0,0,0,1,0,0,3,36.0,150.0
15669,40.40855,-3.74027,3,3.0,3.0,149.0,0.0,101,0.0,104,200,2287.0,47.008319,4.7,2.0,1,0,0,0,0,1,0,0,0,0,1,0,0,3,28.5,150.0
15670,40.4607,-3.70089,2,1.0,1.0,65.0,0.0,5,0.0,191,50,3476.0,60.621287,5.9,1.5,0,0,0,0,1,0,0,1,0,0,0,0,0,3,19.5,100.0
15671,40.40742,-3.73283,2,1.0,2.0,20.0,100.0,1,0.07,176,50,2287.0,47.008319,4.7,1.5,0,0,0,0,0,1,0,0,0,0,0,0,0,2,19.5,50.0
15673,40.42105,-3.70465,6,1.0,6.0,85.0,0.0,18,0.0,423,50,4503.0,68.043894,0.8,4.0,0,0,0,0,0,1,0,1,0,0,1,0,0,2,57.0,100.0
15674,40.4211,-3.70328,8,1.0,8.0,108.0,0.0,18,0.0,423,50,4503.0,68.043894,0.8,4.0,0,0,0,0,0,1,0,1,0,0,1,0,0,2,72.0,150.0
15676,40.42113,-3.70319,2,1.0,1.0,23.0,75.0,24,0.3,226,50,4503.0,68.043894,0.8,4.0,1,0,0,0,0,1,0,0,0,0,1,0,0,5,27.0,50.0
15677,40.43511,-3.63707,4,2.0,2.0,65.0,0.0,1,0.0,228,200,2893.0,50.090625,6.5,1.0,1,0,0,0,0,1,0,1,0,0,0,0,0,2,33.0,100.0
15680,40.44681,-3.61425,1,1.0,1.0,49.0,100.0,4,0.15,98,50,2477.0,70.967532,7.3,1.0,0,0,0,0,0,1,0,0,0,0,0,0,0,2,10.5,50.0
15684,40.4269,-3.69902,2,1.0,1.0,55.0,20.0,1,0.07,255,200,4503.0,68.043894,0.8,1.0,1,0,0,0,0,0,0,1,0,0,0,0,0,8,18.0,100.0
15685,40.34043,-3.68983,2,0.0,2.0,25.0,0.0,1,0.0,239,50,1696.0,37.641618,9.0,1.0,0,1,1,1,1,1,0,1,0,0,1,0,0,6,18.0,50.0
15686,40.46145,-3.70786,4,1.0,2.0,70.0,95.0,8,2.15,614,200,3476.0,60.621287,5.9,1.0,1,0,0,0,0,1,0,1,1,0,1,0,1,6,33.0,100.0
15687,40.43464,-3.67755,2,1.0,1.0,35.0,0.0,1,0.0,198,50,5328.0,74.694253,2.2,1.0,0,0,0,0,0,1,0,1,1,0,0,0,0,3,18.0,50.0
15688,40.47238,-3.69378,7,3.0,4.0,159.0,96.0,2,0.36,292,200,3476.0,60.621287,5.9,2.0,1,0,0,0,0,1,1,1,0,0,1,0,0,3,58.5,200.0
15689,40.44275,-3.64035,2,1.0,1.0,82.0,87.0,10,0.22,202,200,2893.0,50.090625,6.5,1.0,1,0,0,0,0,1,0,1,0,0,1,0,0,7,18.0,100.0
15690,40.41756,-3.70552,8,4.0,5.0,410.0,0.0,5,0.0,224,200,4503.0,68.043894,0.8,3.0,1,0,0,0,0,1,0,1,1,0,1,0,0,8,69.0,200.0
15691,40.42628,-3.70106,5,2.0,2.0,135.0,97.0,2,1.89,513,200,4503.0,68.043894,0.8,2.0,1,0,0,0,0,1,0,1,0,0,1,1,0,6,43.5,150.0
15692,40.42005,-3.7046,12,5.0,6.0,275.0,0.0,3,0.0,562,200,4503.0,68.043894,0.8,5.0,1,0,0,0,0,1,0,1,0,0,1,0,0,4,105.0,200.0
15693,40.39116,-3.74072,2,1.0,1.0,18.0,0.0,3,0.0,423,50,2195.0,47.402837,6.6,1.0,0,0,0,0,0,1,0,0,0,0,0,0,0,2,18.0,50.0
15694,40.39443,-3.66668,4,1.0,2.0,51.0,98.0,8,0.78,539,50,1890.0,41.443535,5.0,1.0,1,0,0,0,0,1,0,1,1,1,1,0,0,3,33.0,100.0
15695,40.4322,-3.67592,4,0.0,2.0,71.0,100.0,1,0.22,159,200,5328.0,74.694253,2.2,2.5,1,0,0,0,0,1,0,1,0,0,0,0,0,2,37.5,100.0
15696,40.41027,-3.70905,2,1.0,1.0,20.0,0.0,2,0.0,163,200,4503.0,68.043894,0.8,1.0,1,0,0,0,0,1,0,1,0,0,1,0,0,4,18.0,50.0
15697,40.39387,-3.64927,2,1.0,2.0,38.0,70.0,2,0.16,139,50,1890.0,41.443535,5.0,2.0,1,0,0,0,0,1,0,0,0,0,1,0,0,2,21.0,50.0
15698,40.3988,-3.76122,2,2.0,1.0,37.0,0.0,1,0.0,81,50,2287.0,47.008319,4.7,1.0,0,0,0,0,0,1,0,0,0,0,0,0,0,2,18.0,50.0
15699,40.40455,-3.68304,4,2.0,3.0,110.0,0.0,2,0.0,297,200,4220.0,63.672727,3.2,1.0,1,1,1,1,1,1,0,1,1,0,1,0,0,3,33.0,150.0
15700,40.36232,-3.6964,2,0.0,1.0,40.0,0.0,2,0.0,219,50,1696.0,37.641618,9.0,1.0,0,1,1,1,1,1,0,1,1,0,0,0,0,3,18.0,50.0
15701,40.43492,-3.6233,2,1.0,1.0,65.0,0.0,1,0.0,604,200,2477.0,70.967532,7.3,1.5,1,0,0,0,0,1,0,1,1,1,1,0,0,8,19.5,100.0
15702,40.45273,-3.70819,2,1.0,1.0,30.0,0.0,1,0.0,124,50,3476.0,60.621287,5.9,1.5,0,0,0,0,0,1,0,0,0,0,0,0,0,8,19.5,50.0
15703,40.40571,-3.72446,4,4.0,4.0,160.0,0.0,101,0.0,104,200,2287.0,47.008319,4.7,2.0,1,0,0,0,0,1,0,0,0,0,1,0,0,3,36.0,200.0
15704,40.43043,-3.71304,4,4.0,4.0,145.0,0.0,101,0.0,104,200,4855.0,64.056634,2.4,1.0,1,0,0,0,0,1,0,0,0,0,1,0,0,3,33.0,150.0
15705,40.40843,-3.71081,4,1.0,1.0,99.0,80.0,10,0.07,155,200,4503.0,68.043894,0.8,1.0,1,0,0,0,0,1,0,1,0,0,0,0,0,7,33.0,100.0
15706,40.41,-3.71826,4,4.0,4.0,160.0,0.0,101,0.0,104,200,3917.0,55.025641,1.9,2.0,1,0,0,0,0,1,0,0,0,0,1,0,0,3,36.0,200.0
15707,40.41183,-3.73189,3,3.0,3.0,110.0,0.0,101,0.0,104,200,2287.0,47.008319,4.7,2.0,1,0,0,0,0,1,0,0,0,0,1,0,0,3,28.5,150.0
15708,40.44783,-3.71041,1,0.0,1.0,90.0,0.0,101,0.0,104,200,3555.0,63.451906,5.9,1.0,1,0,0,0,0,1,0,0,0,0,1,0,0,3,10.5,100.0
15709,40.44608,-3.70982,1,0.0,1.0,90.0,0.0,101,0.0,104,200,4855.0,64.056634,2.4,1.0,1,0,0,0,0,1,0,0,0,0,1,0,0,3,10.5,100.0
15710,40.44727,-3.70821,1,0.0,1.0,90.0,0.0,101,0.0,104,200,3476.0,60.621287,5.9,1.0,1,0,0,0,0,1,0,0,0,0,1,0,0,3,10.5,100.0
15711,40.42766,-3.67337,1,1.0,1.0,25.0,100.0,3,0.82,617,50,5328.0,74.694253,2.2,1.0,1,0,0,0,0,1,0,1,1,0,1,0,0,8,10.5,50.0
15712,40.43047,-3.71111,1,1.0,1.0,42.0,0.0,101,0.0,104,50,4855.0,64.056634,2.4,1.0,0,0,0,0,0,1,0,0,0,0,1,0,0,3,10.5,50.0
15715,40.43048,-3.71537,1,1.0,1.0,35.0,0.0,101,0.0,104,50,4503.0,68.043894,0.8,2.0,0,0,0,0,0,1,0,0,0,0,1,0,0,3,13.5,50.0
15716,40.43066,-3.71359,1,1.0,1.0,35.0,0.0,101,0.0,104,50,4855.0,64.056634,2.4,2.0,0,0,0,0,0,1,0,0,0,0,1,0,0,3,13.5,50.0
15721,40.47754,-3.7116,1,1.0,1.0,50.0,0.0,1,0.0,20,50,3545.0,57.198083,16.4,1.5,0,0,0,0,0,0,0,0,0,0,0,0,0,2,12.0,50.0
15722,40.39949,-3.69163,1,1.0,1.0,110.0,100.0,1,0.07,262,50,3917.0,55.025641,1.9,1.0,1,1,1,1,1,1,0,1,1,0,1,0,0,2,10.5,150.0
15723,40.43045,-3.69875,6,3.0,4.0,223.0,0.0,113,0.0,426,200,4855.0,64.056634,2.4,3.0,1,0,0,0,0,1,0,1,1,0,1,0,1,7,54.0,200.0
15724,40.41335,-3.69047,6,3.0,4.0,326.0,100.0,113,0.07,233,200,4220.0,63.672727,3.2,4.0,1,0,0,0,0,1,0,1,1,0,0,0,0,7,57.0,200.0
15725,40.46946,-3.69412,4,2.0,3.0,47.0,100.0,15,0.08,368,200,3476.0,60.621287,5.9,1.0,1,0,0,0,0,1,0,1,0,0,1,0,1,3,33.0,50.0
15726,40.38218,-3.66935,1,1.0,1.0,17.0,100.0,1,0.37,94,50,1890.0,41.443535,5.0,1.0,1,1,1,1,1,1,0,0,0,0,0,0,0,3,10.5,50.0
15727,40.47792,-3.70308,5,3.0,4.0,100.0,100.0,3,0.15,462,200,3545.0,57.198083,16.4,1.0,1,0,0,0,0,1,0,1,1,0,0,0,0,7,40.5,100.0
15728,40.4113,-3.70543,3,2.0,2.0,50.0,50.0,1,0.45,241,200,4503.0,68.043894,0.8,1.0,1,0,0,0,0,1,0,0,0,0,0,0,0,3,25.5,50.0
15729,40.43622,-3.69997,2,1.0,2.0,115.0,0.0,1,0.0,119,50,4855.0,64.056634,2.4,1.0,0,0,0,0,0,1,0,0,0,0,1,0,0,3,18.0,150.0
15730,40.42306,-3.70494,3,0.0,2.0,49.0,73.0,15,0.22,322,200,4503.0,68.043894,0.8,1.0,1,0,0,0,0,1,0,0,1,0,1,0,0,3,25.5,50.0
15731,40.45277,-3.70131,1,1.0,1.0,40.0,100.0,1,0.14,265,50,3476.0,60.621287,5.9,1.0,1,0,0,0,0,1,0,1,1,0,1,0,0,5,10.5,50.0
15734,40.4139,-3.70002,2,1.0,1.0,107.0,100.0,1,0.07,250,200,4503.0,68.043894,0.8,1.0,1,0,0,0,0,1,0,1,0,0,0,0,0,5,18.0,150.0
15735,40.44989,-3.61516,3,1.0,2.0,45.0,100.0,4,0.07,910,50,3312.0,62.061453,9.2,1.5,1,0,0,1,0,1,0,1,0,1,1,0,0,8,27.0,50.0
15736,40.42274,-3.68509,2,1.0,1.0,450.0,100.0,1,0.07,163,50,5328.0,74.694253,2.2,1.5,0,0,0,0,0,1,0,1,0,0,0,0,0,2,19.5,200.0
15737,40.45362,-3.70588,2,1.0,1.0,51.0,100.0,2,0.24,340,200,3476.0,60.621287,5.9,1.5,1,0,0,0,0,1,0,1,0,0,0,0,1,2,19.5,100.0
15738,40.47289,-3.58984,2,1.0,1.0,29.0,0.0,1,0.0,168,50,3047.0,56.183432,11.8,1.0,0,1,1,1,1,0,0,1,0,0,0,0,0,5,18.0,50.0
15739,40.40607,-3.67299,2,1.0,1.0,19.0,1.0,1,1.0,137,50,4220.0,63.672727,3.2,2.5,1,1,1,1,1,1,1,1,1,1,1,1,1,5,22.5,50.0
15740,40.47189,-3.68566,4,1.0,2.0,147.0,80.0,72,0.23,207,200,4508.0,67.220486,5.8,1.0,1,0,0,0,0,1,0,1,1,0,1,0,0,6,33.0,150.0
15741,40.39727,-3.7162,6,3.0,4.0,91.0,100.0,18,0.07,471,200,2195.0,47.402837,6.6,1.0,1,0,0,0,0,1,0,1,0,0,1,0,1,9,48.0,100.0
15742,40.42969,-3.68397,2,1.0,1.0,69.0,0.0,6,0.0,164,200,5328.0,74.694253,2.2,1.0,1,0,0,0,0,1,0,1,0,0,0,0,0,2,18.0,100.0
15743,40.44776,-3.70207,2,1.0,2.0,50.0,100.0,2,0.07,147,50,3476.0,60.621287,5.9,1.0,1,0,0,0,0,1,0,0,0,0,1,0,0,6,18.0,50.0
15744,40.45087,-3.69183,5,1.0,4.0,90.0,0.0,2,0.0,382,200,3476.0,60.621287,5.9,1.0,1,0,0,0,0,1,0,1,0,0,1,0,0,2,40.5,100.0
15745,40.40984,-3.65269,1,1.0,1.0,24.0,91.0,2,0.51,276,50,2547.0,45.581197,5.0,1.0,0,0,0,1,0,1,0,1,1,0,1,0,0,5,10.5,50.0
15746,40.40846,-3.69411,2,1.0,2.0,58.0,0.0,20,0.0,220,200,4503.0,68.043894,0.8,2.0,1,0,0,0,0,1,0,1,1,0,1,0,0,6,21.0,100.0
15747,40.42952,-3.62531,4,2.0,3.0,102.0,0.0,2,0.0,420,200,2477.0,70.967532,7.3,1.0,1,0,0,0,0,0,0,1,0,1,1,0,0,5,33.0,150.0
15748,40.40881,-3.69231,2,1.0,2.0,71.0,0.0,20,0.0,220,200,4503.0,68.043894,0.8,2.0,1,0,0,0,0,1,0,1,1,0,1,0,0,6,21.0,100.0
15749,40.4086,-3.69258,2,1.0,2.0,58.0,0.0,20,0.0,197,200,4503.0,68.043894,0.8,2.0,1,0,0,0,0,1,0,1,1,0,0,0,0,6,21.0,100.0
15750,40.41099,-3.7006,2,0.0,1.0,40.0,80.0,1,0.08,188,200,4503.0,68.043894,0.8,1.0,1,0,0,0,0,1,0,0,0,0,1,0,0,2,18.0,50.0
15751,40.42884,-3.67915,6,2.0,4.0,96.0,0.0,3,0.0,312,200,5328.0,74.694253,2.2,2.0,1,1,1,1,1,1,0,1,1,0,0,0,0,7,51.0,100.0
15752,40.4197,-3.70774,10,5.0,6.0,468.0,100.0,3,1.0,339,200,4503.0,68.043894,0.8,4.0,1,0,0,0,0,1,0,1,1,0,0,0,0,5,87.0,200.0
15753,40.43132,-3.68563,4,1.0,2.0,150.0,90.0,2,0.22,278,200,5328.0,74.694253,2.2,1.0,1,0,0,0,0,1,0,1,0,0,0,0,0,6,33.0,150.0
15754,40.44413,-3.67554,4,1.0,1.0,150.0,90.0,2,0.16,442,200,4508.0,67.220486,5.8,1.0,1,0,0,0,0,1,0,1,1,0,1,0,0,7,33.0,150.0
15755,40.49653,-3.69488,1,0.0,1.0,13.0,98.0,1,3.38,146,50,3545.0,57.198083,16.4,1.0,0,0,0,0,0,1,0,0,1,0,0,0,0,5,10.5,50.0
15756,40.41007,-3.69431,2,1.0,2.0,65.0,0.0,20,0.0,197,200,4503.0,68.043894,0.8,2.0,1,0,0,0,0,1,0,1,1,0,0,0,0,6,21.0,100.0
15757,40.41104,-3.71104,2,1.0,1.0,55.0,0.0,1,0.0,193,50,4503.0,68.043894,0.8,1.0,0,0,0,0,0,1,0,1,0,0,1,0,0,2,18.0,100.0
15758,40.41596,-3.69774,1,1.0,1.0,18.0,100.0,22,0.31,203,50,4503.0,68.043894,0.8,3.0,1,1,1,1,1,1,0,0,0,0,0,0,0,11,16.5,50.0
15759,40.40316,-3.66229,5,2.0,4.0,49.0,100.0,2,0.12,413,200,1890.0,41.443535,5.0,1.0,1,0,0,0,0,1,0,0,0,0,1,0,0,9,40.5,50.0
15760,40.39701,-3.73852,8,3.0,6.0,98.0,0.0,1,0.0,111,200,2287.0,47.008319,4.7,2.0,1,0,0,0,0,1,0,0,0,0,0,0,0,2,66.0,100.0
15761,40.38529,-3.69897,4,2.0,2.0,110.0,100.0,45,0.23,398,200,2316.0,43.910072,4.6,2.0,1,0,0,0,0,1,0,1,0,1,1,0,0,4,36.0,150.0
15762,40.37313,-3.72602,2,1.0,1.0,35.0,100.0,1,0.15,195,50,2195.0,47.402837,6.6,1.0,0,0,0,0,0,1,1,1,0,0,1,0,0,2,18.0,50.0
15763,40.44653,-3.60689,5,3.0,3.0,50.0,93.0,1,0.22,107,200,2477.0,70.967532,7.3,1.5,1,0,0,0,0,1,0,0,0,0,1,0,0,7,42.0,50.0
15764,40.41645,-3.70749,4,2.0,2.0,300.0,0.0,1,0.0,293,200,4503.0,68.043894,0.8,2.0,1,0,0,0,0,1,0,1,0,0,1,0,0,11,36.0,200.0
15765,40.39377,-3.70944,2,1.0,1.0,20.0,0.0,1,0.0,201,50,2195.0,47.402837,6.6,1.5,0,0,0,0,0,1,0,1,0,0,1,0,0,2,19.5,50.0
15766,40.40182,-3.69841,2,0.0,2.0,35.0,20.0,1,0.08,196,50,3917.0,55.025641,1.9,1.0,0,1,1,1,1,1,0,0,1,0,1,0,0,2,18.0,50.0
15767,40.39441,-3.64894,1,1.0,1.0,33.0,0.0,2,0.0,155,50,1890.0,41.443535,5.0,2.5,1,0,0,0,0,1,0,0,0,0,1,0,0,2,15.0,50.0
15768,40.41092,-3.69404,2,1.0,1.0,65.0,80.0,24,0.08,214,200,4503.0,68.043894,0.8,1.0,1,0,0,0,0,0,0,1,0,0,0,0,0,5,18.0,100.0
15769,40.41954,-3.69936,3,1.0,2.0,32.0,92.0,5,3.69,277,50,4503.0,68.043894,0.8,1.0,0,0,0,0,0,1,0,1,1,1,0,0,0,0,25.5,50.0
15770,40.44959,-3.70138,10,1.0,10.0,298.0,100.0,1,0.07,258,50,3476.0,60.621287,5.9,1.0,1,0,0,0,0,1,0,1,0,0,0,0,0,2,78.0,200.0
15771,40.40629,-3.67684,2,1.0,1.0,50.0,100.0,1,0.07,224,50,4220.0,63.672727,3.2,1.0,0,0,0,0,0,1,0,0,1,0,1,0,0,2,18.0,50.0
15772,40.42697,-3.70407,2,1.0,1.0,50.0,92.0,1,0.37,305,200,4503.0,68.043894,0.8,1.0,1,0,0,0,0,1,0,1,1,0,1,0,0,2,18.0,50.0
15773,40.41084,-3.70974,4,1.0,1.0,43.0,93.0,1,0.45,230,200,4503.0,68.043894,0.8,1.0,1,0,0,0,0,1,0,1,1,0,0,0,0,2,33.0,50.0
15774,40.42344,-3.70264,3,1.0,3.0,30.0,20.0,1,0.07,348,50,4503.0,68.043894,0.8,1.5,0,0,0,0,0,1,0,1,0,0,1,0,0,2,27.0,50.0
15775,40.4451,-3.67858,2,0.0,1.0,45.0,0.0,2,0.0,167,200,4508.0,67.220486,5.8,1.0,1,0,0,0,0,1,0,1,0,0,1,0,0,7,18.0,50.0
15776,40.42551,-3.70653,2,1.0,1.0,41.0,95.0,1,1.22,186,200,4503.0,68.043894,0.8,1.0,1,0,0,0,0,1,0,1,1,1,0,0,0,2,18.0,50.0
15777,40.4318,-3.70822,4,1.0,1.0,49.0,97.0,1,1.26,156,200,4855.0,64.056634,2.4,1.0,1,0,0,0,0,1,0,0,1,0,0,0,0,2,33.0,50.0
15778,40.41794,-3.67668,8,4.0,6.0,89.0,96.0,1,1.94,459,200,4220.0,63.672727,3.2,3.5,1,0,0,0,0,1,0,0,0,0,1,0,0,2,70.5,100.0
15779,40.41998,-3.69917,2,1.0,1.0,29.0,86.0,1,1.8,392,200,4503.0,68.043894,0.8,1.0,1,0,0,0,0,1,0,1,0,0,1,0,0,2,18.0,50.0
15780,40.47145,-3.68704,8,3.0,5.0,78.0,100.0,1,1.64,474,200,4508.0,67.220486,5.8,2.0,1,0,0,0,0,1,0,1,1,0,1,0,0,2,66.0,100.0
15781,40.41306,-3.70362,10,5.0,7.0,75.0,86.0,5,0.94,438,200,4503.0,68.043894,0.8,2.5,1,0,0,0,0,1,0,0,1,0,1,0,0,2,82.5,100.0
15782,40.41284,-3.70578,8,4.0,4.0,75.0,91.0,5,1.16,427,200,4503.0,68.043894,0.8,2.0,1,0,0,0,0,1,0,0,1,0,1,0,0,2,66.0,100.0
15783,40.41255,-3.70492,8,4.0,4.0,75.0,83.0,5,0.8,415,200,4503.0,68.043894,0.8,2.0,1,0,0,0,0,1,0,0,0,0,1,0,0,2,66.0,100.0
15784,40.4328,-3.70692,1,1.0,1.0,38.0,0.0,101,0.0,104,200,4855.0,64.056634,2.4,3.0,1,0,0,0,0,1,0,0,0,0,1,0,0,3,16.5,50.0
15785,40.33422,-3.70367,1,0.0,1.0,15.0,0.0,1,0.0,130,50,1696.0,37.641618,9.0,1.0,0,1,1,1,1,1,0,0,1,0,0,0,0,4,10.5,50.0
15790,40.43087,-3.71748,1,1.0,1.0,32.0,0.0,101,0.0,104,200,3555.0,63.451906,5.9,1.0,1,0,0,0,0,1,0,0,0,0,1,0,0,3,10.5,50.0
15791,40.43235,-3.71722,1,1.0,1.0,32.0,0.0,101,0.0,104,200,4855.0,64.056634,2.4,1.0,1,0,0,0,0,1,0,0,0,0,1,0,0,3,10.5,50.0
15792,40.42931,-3.70998,1,1.0,1.0,40.0,0.0,101,0.0,104,200,4503.0,68.043894,0.8,1.0,1,0,0,0,0,1,0,0,0,0,1,0,0,3,10.5,50.0
15793,40.43138,-3.71126,1,1.0,1.0,40.0,0.0,101,0.0,104,200,4855.0,64.056634,2.4,1.0,1,0,0,0,0,1,0,0,0,0,1,0,0,3,10.5,50.0
15795,40.40612,-3.72381,1,1.0,1.0,26.0,0.0,101,0.0,104,200,2287.0,47.008319,4.7,1.0,1,0,0,0,0,1,0,0,0,0,1,0,0,3,10.5,50.0
15798,40.42939,-3.70788,1,1.0,1.0,35.0,0.0,101,0.0,104,200,4503.0,68.043894,0.8,1.0,1,0,0,0,0,1,0,0,0,0,1,0,0,3,10.5,50.0
15799,40.42919,-3.70628,1,1.0,1.0,36.0,0.0,101,0.0,104,200,4503.0,68.043894,0.8,1.0,1,0,0,0,0,1,0,0,0,0,1,0,0,3,10.5,50.0
15800,40.42731,-3.71187,1,1.0,1.0,149.0,0.0,101,0.0,104,200,4503.0,68.043894,0.8,2.0,1,0,0,0,0,1,0,0,0,0,1,0,0,3,13.5,150.0
15801,40.42715,-3.71149,1,1.0,2.0,149.0,0.0,101,0.0,104,200,4503.0,68.043894,0.8,2.0,1,0,0,0,0,1,0,0,0,0,1,0,0,3,13.5,150.0
15804,40.4084,-3.74019,1,1.0,1.0,149.0,0.0,101,0.0,104,200,2287.0,47.008319,4.7,2.0,1,0,0,0,0,1,0,0,0,0,1,0,0,3,13.5,150.0
15806,40.4097,-3.74052,1,1.0,1.0,160.0,0.0,101,0.0,104,200,2287.0,47.008319,4.7,2.0,1,0,0,0,0,1,0,0,0,0,1,0,0,3,13.5,200.0
15811,40.43263,-3.71166,1,1.0,1.0,35.0,0.0,101,0.0,104,200,4855.0,64.056634,2.4,1.0,1,0,0,0,0,1,0,0,0,0,1,0,0,3,10.5,50.0
15815,40.45,-3.69474,4,2.0,2.0,52.0,93.0,1,1.82,440,200,3476.0,60.621287,5.9,1.0,1,0,0,0,0,1,0,1,1,1,1,0,0,8,33.0,100.0
15816,40.5023,-3.66623,4,2.0,2.0,80.0,93.0,1,0.67,472,200,3545.0,57.198083,16.4,2.0,1,0,0,0,0,1,1,0,1,1,1,0,0,3,36.0,100.0
15817,40.42127,-3.70233,4,1.0,3.0,80.0,100.0,1,0.07,173,200,4503.0,68.043894,0.8,1.5,1,0,0,0,0,0,0,1,1,0,0,0,0,5,34.5,100.0
15818,40.44053,-3.69481,5,2.0,3.0,90.0,100.0,1,0.61,214,200,4855.0,64.056634,2.4,2.0,1,0,0,0,0,1,0,1,0,0,0,0,0,5,43.5,100.0
15819,40.47299,-3.57598,4,2.0,2.0,180.0,0.0,3,0.0,264,200,3047.0,56.183432,11.8,1.0,1,0,0,0,0,1,0,1,0,0,1,0,0,8,33.0,200.0
15820,40.42531,-3.65246,1,1.0,1.0,50.0,0.0,1,0.0,72,50,2893.0,50.090625,6.5,1.0,0,1,1,1,1,1,0,0,1,0,0,0,0,4,10.5,50.0
15821,40.42797,-3.7042,1,1.0,1.0,30.0,100.0,1,0.08,280,50,4503.0,68.043894,0.8,1.0,0,0,0,0,0,1,0,1,0,0,0,0,0,6,10.5,50.0
15822,40.42264,-3.70474,4,1.0,4.0,59.0,0.0,38,0.0,442,50,4503.0,68.043894,0.8,4.0,0,0,0,0,0,1,0,1,0,0,1,0,0,3,42.0,100.0
15823,40.42103,-3.69038,4,1.0,2.0,63.0,20.0,1,0.07,364,200,5328.0,74.694253,2.2,1.0,1,1,1,1,1,1,0,1,0,0,1,0,0,2,33.0,100.0
15824,40.43444,-3.71187,1,1.0,2.0,50.0,0.0,1,0.0,112,50,4855.0,64.056634,2.4,1.0,1,0,0,0,0,1,0,0,0,0,0,0,0,6,10.5,50.0
15825,40.44112,-3.67216,4,1.0,2.0,52.0,90.0,1,1.28,375,200,4508.0,67.220486,5.8,1.0,1,0,0,0,0,1,0,1,0,0,0,0,0,3,33.0,100.0
15826,40.41377,-3.69948,8,3.0,5.0,70.0,80.0,4,0.45,428,200,4503.0,68.043894,0.8,1.0,1,0,0,0,0,1,0,1,0,0,1,0,0,2,63.0,100.0
15827,40.45961,-3.78178,6,2.0,5.0,49.0,83.0,1,0.9,644,200,3555.0,63.451906,5.9,1.0,1,0,0,0,0,1,0,1,0,1,1,0,0,2,48.0,50.0
15828,40.41145,-3.71317,3,1.0,2.0,43.0,73.0,1,0.78,318,200,4503.0,68.043894,0.8,1.0,1,0,0,0,0,1,0,1,0,0,0,0,0,2,25.5,50.0
15829,40.41979,-3.70502,2,1.0,1.0,172.0,0.0,1,0.0,199,200,4503.0,68.043894,0.8,1.0,1,0,0,0,0,1,0,1,0,0,0,0,0,4,18.0,200.0
15830,40.42827,-3.67196,2,1.0,1.0,93.0,80.0,113,0.34,250,200,5328.0,74.694253,2.2,1.0,1,0,0,0,0,1,0,1,1,0,0,0,0,7,18.0,100.0
15831,40.40834,-3.71642,1,1.0,1.0,145.0,0.0,101,0.0,121,200,3917.0,55.025641,1.9,2.0,1,0,0,0,0,1,0,0,0,0,1,0,0,3,13.5,150.0
15832,40.41005,-3.71785,1,1.0,1.0,30.0,0.0,101,0.0,121,200,3917.0,55.025641,1.9,2.0,1,0,0,0,0,1,0,0,0,0,1,0,0,3,13.5,50.0
15834,40.41004,-3.71752,1,1.0,1.0,30.0,0.0,101,0.0,121,200,4503.0,68.043894,0.8,2.0,1,0,0,0,0,1,0,0,0,0,1,0,0,3,13.5,50.0
15835,40.437,-3.71085,1,1.0,2.0,30.0,0.0,101,0.0,104,50,4855.0,64.056634,2.4,1.0,1,0,0,0,0,1,0,0,0,0,1,0,0,3,10.5,50.0
15839,40.44873,-3.67652,5,2.0,3.0,40.0,96.0,1,0.39,392,200,4508.0,67.220486,5.8,1.0,1,0,0,0,0,1,0,1,1,0,1,0,0,2,40.5,50.0
15842,40.41179,-3.73189,1,1.0,1.0,25.0,0.0,101,0.0,104,200,2287.0,47.008319,4.7,2.0,1,0,0,0,0,1,0,0,0,0,1,0,0,3,13.5,50.0
15844,40.43416,-3.69794,1,1.0,2.0,42.0,0.0,101,0.0,104,50,4855.0,64.056634,2.4,2.0,1,0,0,0,0,1,0,0,0,0,1,0,0,3,13.5,50.0
15848,40.42917,-3.70604,1,1.0,2.0,32.0,0.0,101,0.0,104,50,4503.0,68.043894,0.8,3.0,1,0,0,0,0,1,0,0,0,0,1,0,0,3,16.5,50.0
15849,40.4306,-3.7058,1,1.0,2.0,32.0,0.0,101,0.0,104,50,4855.0,64.056634,2.4,3.0,0,0,0,0,0,1,0,0,0,0,1,0,0,3,16.5,50.0
15856,40.42876,-3.70635,1,1.0,2.0,35.0,0.0,101,0.0,104,50,4503.0,68.043894,0.8,3.0,0,0,0,0,0,1,0,0,0,0,1,0,0,3,16.5,50.0
15857,40.43014,-3.70635,1,1.0,2.0,35.0,0.0,101,0.0,104,50,4855.0,64.056634,2.4,3.0,0,0,0,0,0,1,0,0,0,0,1,0,0,3,16.5,50.0
15858,40.42913,-3.70917,1,1.0,1.0,32.0,0.0,101,0.0,124,50,4503.0,68.043894,0.8,3.0,0,0,0,0,0,1,0,0,0,0,1,0,0,3,16.5,50.0
15859,40.42688,-3.70843,1,1.0,2.0,32.0,0.0,101,0.0,124,50,4503.0,68.043894,0.8,3.0,0,0,0,0,0,1,0,0,0,0,1,0,0,3,16.5,50.0
15863,40.42695,-3.60833,1,1.0,1.0,20.0,0.0,1,0.0,156,50,2477.0,70.967532,7.3,1.5,0,0,0,0,0,1,0,1,0,0,1,0,0,7,12.0,50.0
15869,40.44086,-3.71799,1,1.0,2.0,40.0,0.0,101,0.0,104,50,4855.0,64.056634,2.4,2.0,1,0,0,0,0,1,0,0,0,0,1,0,0,3,13.5,50.0
15870,40.44107,-3.71714,1,1.0,2.0,160.0,0.0,101,0.0,104,50,4855.0,64.056634,2.4,2.0,1,0,0,0,0,1,0,0,0,0,1,0,0,3,13.5,200.0
15873,40.40724,-3.70623,2,1.0,1.0,50.0,0.0,1,0.0,281,200,4503.0,68.043894,0.8,1.0,1,0,0,0,0,1,0,1,1,0,1,0,0,8,18.0,50.0
15874,40.40724,-3.70339,4,1.0,2.0,109.0,0.0,3,0.0,249,200,4503.0,68.043894,0.8,1.0,1,0,0,0,0,0,0,1,0,0,1,0,0,0,33.0,150.0
15875,40.39466,-3.69635,4,2.0,3.0,119.0,0.0,1,0.0,375,200,3917.0,55.025641,1.9,2.0,1,0,0,0,0,1,0,1,0,0,1,0,0,9,36.0,150.0
15876,40.40761,-3.7061,2,1.0,1.0,36.0,0.0,1,0.0,124,50,4503.0,68.043894,0.8,1.0,0,0,0,0,0,1,0,0,0,0,0,0,0,2,18.0,50.0
15878,40.44921,-3.70176,3,1.0,2.0,51.0,0.0,1,0.0,158,50,3476.0,60.621287,5.9,1.0,1,0,0,0,0,1,0,0,0,0,1,0,0,6,25.5,100.0
15879,40.39898,-3.67018,2,1.0,1.0,45.0,0.0,1,0.0,163,50,4220.0,63.672727,3.2,1.0,0,0,0,0,0,0,0,0,1,0,1,0,0,10,18.0,50.0
15880,40.44817,-3.65172,2,1.0,1.0,130.0,100.0,1,1.0,1065,200,2893.0,50.090625,6.5,1.0,1,0,0,0,0,1,0,1,0,1,1,0,0,7,18.0,150.0
15881,40.42129,-3.70498,4,1.0,2.0,196.0,0.0,3,0.0,214,200,4503.0,68.043894,0.8,1.0,1,0,0,0,0,1,0,0,0,0,0,0,0,0,33.0,200.0
15882,40.42067,-3.69832,4,1.0,2.0,219.0,0.0,3,0.0,218,200,4503.0,68.043894,0.8,1.0,1,0,0,0,0,0,0,1,0,0,0,0,0,0,33.0,200.0
15883,40.42484,-3.62024,1,1.0,1.0,18.0,0.0,2,0.0,170,50,2477.0,70.967532,7.3,1.5,0,0,0,0,0,1,0,0,0,0,1,0,0,3,12.0,50.0
15884,40.41081,-3.71738,2,1.0,1.0,36.0,0.0,1,0.07,167,50,4503.0,68.043894,0.8,1.0,0,0,0,0,0,1,0,0,0,1,0,0,0,2,18.0,50.0
15885,40.41136,-3.70844,1,1.0,1.0,25.0,0.0,3,0.0,145,50,4503.0,68.043894,0.8,2.0,1,0,0,0,0,1,0,0,0,0,1,0,0,2,13.5,50.0
15886,40.43573,-3.70183,6,2.0,3.0,86.0,95.0,1,0.58,271,200,4855.0,64.056634,2.4,2.0,1,0,0,0,0,1,0,0,1,0,0,0,0,2,51.0,100.0
15887,40.43017,-3.7005,5,2.0,2.0,55.0,0.0,1,0.0,142,200,4855.0,64.056634,2.4,2.0,1,0,0,0,0,1,0,1,0,0,0,0,0,5,43.5,100.0
15888,40.47022,-3.70809,1,0.0,1.0,35.0,0.0,1,0.0,180,50,3476.0,60.621287,5.9,1.0,0,1,1,1,1,1,0,0,0,0,1,0,0,4,10.5,50.0
15889,40.43954,-3.69931,3,1.0,2.0,39.0,89.0,15,0.82,363,200,4855.0,64.056634,2.4,1.0,1,0,0,0,0,1,0,1,0,1,1,0,0,3,25.5,50.0
15890,40.3833,-3.66507,2,1.0,2.0,40.0,0.0,1,0.0,73,50,1890.0,41.443535,5.0,1.0,1,0,0,0,0,1,0,0,0,0,0,0,0,2,18.0,50.0
15891,40.48501,-3.66895,2,0.0,1.0,59.0,100.0,4,0.35,461,200,3312.0,62.061453,9.2,1.0,1,1,1,1,1,1,1,1,1,0,1,0,1,7,18.0,100.0
15892,40.39292,-3.74415,2,1.0,2.0,22.0,0.0,1,0.0,190,50,2287.0,47.008319,4.7,1.0,0,0,0,0,0,1,0,0,0,0,0,0,0,3,18.0,50.0
15893,40.398,-3.65106,4,4.0,2.0,21.0,0.0,2,0.0,137,50,1890.0,41.443535,5.0,1.0,0,0,0,0,0,1,0,0,1,0,0,0,0,6,33.0,50.0
15894,40.38135,-3.65297,1,0.0,1.0,37.0,0.0,1,0.0,51,50,1890.0,41.443535,5.0,1.0,0,1,1,1,1,0,0,0,0,0,0,0,0,2,10.5,50.0
15897,40.43897,-3.71762,1,1.0,2.0,45.0,0.0,101,0.0,104,50,3555.0,63.451906,5.9,2.0,1,0,0,0,0,1,0,0,0,0,1,0,0,3,13.5,50.0
15899,40.48507,-3.68683,1,1.0,1.0,20.0,97.0,1,0.44,312,50,3545.0,57.198083,16.4,1.5,1,0,0,0,0,1,0,0,0,0,0,0,0,2,12.0,50.0
15900,40.4228,-3.69906,2,2.0,2.0,80.0,100.0,6,0.15,480,200,4503.0,68.043894,0.8,1.0,1,0,0,0,0,1,0,1,0,0,1,0,0,9,18.0,100.0
15901,40.36514,-3.75462,4,1.0,2.0,13.0,0.0,1,0.0,120,50,2195.0,47.402837,6.6,1.0,0,1,1,1,1,1,0,1,0,0,0,0,0,2,33.0,50.0
15902,40.437,-3.67296,2,1.0,1.0,65.0,0.0,1,0.0,138,50,5328.0,74.694253,2.2,1.0,0,0,0,0,0,1,0,0,1,0,0,0,0,5,18.0,100.0
15903,40.42713,-3.73212,8,4.0,4.0,150.0,0.0,2,0.0,154,200,3555.0,63.451906,5.9,2.0,1,1,1,1,1,1,0,0,0,0,1,0,0,8,66.0,150.0
15904,40.43399,-3.65502,6,2.0,3.0,121.0,100.0,72,0.22,165,200,2893.0,50.090625,6.5,1.0,1,0,0,0,0,1,0,0,0,0,1,0,0,6,48.0,150.0
15905,40.42136,-3.71019,8,3.0,6.0,220.0,0.0,3,0.0,323,200,4503.0,68.043894,0.8,2.0,1,0,0,0,0,1,0,1,0,0,1,0,0,3,66.0,200.0
15906,40.41079,-3.71303,6,2.0,3.0,125.0,0.0,14,0.0,702,200,4503.0,68.043894,0.8,2.0,1,0,0,0,0,1,0,1,0,0,1,1,0,8,51.0,150.0
15907,40.41289,-3.70741,2,0.0,1.0,33.0,82.0,38,0.95,242,200,4503.0,68.043894,0.8,1.0,1,0,0,0,0,1,0,1,0,0,0,0,0,9,18.0,50.0
15908,40.41446,-3.70367,4,1.0,1.0,95.0,0.0,14,0.0,664,200,4503.0,68.043894,0.8,1.0,1,0,0,0,0,1,0,1,0,1,0,0,0,8,33.0,100.0
15909,40.40941,-3.70128,4,2.0,4.0,100.0,0.0,2,0.0,213,200,4503.0,68.043894,0.8,1.0,1,0,0,0,0,1,0,0,0,0,0,0,0,4,33.0,100.0
15910,40.41054,-3.69697,4,1.0,2.0,79.0,94.0,1,0.51,253,200,4503.0,68.043894,0.8,1.0,1,0,0,0,0,1,0,0,0,1,1,0,0,0,33.0,100.0
15911,40.42567,-3.72974,2,1.0,2.0,28.0,0.0,1,0.0,110,50,3555.0,63.451906,5.9,1.0,0,0,0,0,0,1,0,0,0,0,1,0,0,9,18.0,50.0
15914,40.42974,-3.66295,3,2.0,2.0,64.0,0.0,2,0.0,384,200,5328.0,74.694253,2.2,1.0,1,0,0,0,0,1,0,1,0,0,1,0,0,7,25.5,100.0
15915,40.41001,-3.69724,2,1.0,1.0,30.0,100.0,1,0.22,176,50,4503.0,68.043894,0.8,1.0,0,0,0,0,0,1,0,0,0,0,1,0,0,3,18.0,50.0
15916,40.34668,-3.70541,2,1.0,1.0,20.0,100.0,1,0.73,183,50,1696.0,37.641618,9.0,1.0,1,0,0,0,0,1,0,0,0,0,1,0,0,4,18.0,50.0
15917,40.40111,-3.66285,2,1.0,1.0,25.0,0.0,1,0.0,205,50,1890.0,41.443535,5.0,1.0,0,0,0,0,0,1,0,1,0,0,0,0,0,2,18.0,50.0
15918,40.40945,-3.69992,2,0.0,1.0,38.0,0.0,1,0.0,176,200,4503.0,68.043894,0.8,1.0,1,0,0,0,0,1,0,1,1,0,0,0,0,4,18.0,50.0
15919,40.40737,-3.71047,2,1.0,1.0,39.0,100.0,1,0.07,167,50,4503.0,68.043894,0.8,1.0,0,0,0,0,0,1,0,0,0,0,1,0,0,2,18.0,50.0
15920,40.42044,-3.69718,10,5.0,5.0,733.0,100.0,1,1.15,354,200,4503.0,68.043894,0.8,5.0,1,0,0,0,0,1,0,1,0,1,1,0,0,2,90.0,200.0
15922,40.40115,-3.61953,2,1.0,1.0,30.0,0.0,1,0.0,596,50,2246.0,55.472222,11.2,1.0,0,0,0,0,0,1,0,0,1,1,1,0,0,3,18.0,50.0
15923,40.40012,-3.66334,3,1.0,2.0,49.0,0.0,1,0.0,84,50,1890.0,41.443535,5.0,1.0,0,0,0,0,0,1,0,0,0,0,0,0,0,6,25.5,50.0
15924,40.47249,-3.68667,3,1.0,3.0,66.0,100.0,67,0.32,320,200,4508.0,67.220486,5.8,1.0,1,0,0,0,0,1,0,1,0,0,1,0,0,7,25.5,100.0
15925,40.45335,-3.69045,2,4.0,5.0,230.0,0.0,2,0.0,289,200,3476.0,60.621287,5.9,4.0,1,0,0,0,0,1,1,1,0,0,1,0,0,2,27.0,200.0
15926,40.48415,-3.72227,2,1.0,2.0,40.0,0.0,1,0.0,218,50,3545.0,57.198083,16.4,1.0,0,0,0,0,0,1,1,0,0,0,1,0,0,4,18.0,50.0
15927,40.40222,-3.634,1,1.0,2.0,55.0,100.0,1,0.08,101,50,2547.0,45.581197,5.0,1.0,0,0,0,0,0,1,0,0,0,0,0,0,0,2,10.5,100.0
15928,40.41806,-3.71009,3,1.0,2.0,70.0,0.0,3,0.0,384,200,4503.0,68.043894,0.8,1.0,1,0,0,0,0,1,0,0,1,0,1,0,0,3,25.5,100.0
15929,40.39499,-3.77296,2,1.0,1.0,26.0,100.0,2,0.07,136,50,2287.0,47.008319,4.7,1.0,0,0,0,0,0,1,0,1,0,0,0,0,0,4,18.0,50.0
15930,40.40065,-3.66438,4,1.0,2.0,54.0,93.0,40,0.74,448,200,1890.0,41.443535,5.0,1.0,1,0,0,0,0,1,0,1,0,0,1,1,1,5,33.0,100.0
15931,40.39901,-3.66302,4,1.0,2.0,54.0,88.0,40,0.48,492,200,1890.0,41.443535,5.0,1.0,1,0,0,0,0,1,0,1,1,1,1,1,1,5,33.0,100.0
15932,40.40081,-3.66401,4,1.0,2.0,54.0,95.0,40,1.02,503,200,1890.0,41.443535,5.0,1.0,1,0,0,0,0,1,0,1,1,1,1,1,1,5,33.0,100.0
15933,40.40097,-3.66278,4,1.0,2.0,57.0,100.0,40,0.29,457,200,1890.0,41.443535,5.0,1.0,1,0,0,0,0,1,0,1,1,1,1,1,0,5,33.0,100.0
15934,40.39966,-3.6627,4,1.0,2.0,57.0,98.0,40,1.2,465,200,1890.0,41.443535,5.0,1.0,1,0,0,0,0,1,0,1,1,1,1,1,0,5,33.0,100.0
15936,40.42226,-3.69958,4,2.0,1.0,130.0,1.0,14,1.0,651,200,4503.0,68.043894,0.8,2.0,1,1,1,1,1,1,1,1,1,1,1,1,1,8,36.0,150.0
15937,40.38583,-3.78469,2,0.0,2.0,25.0,0.0,1,0.0,121,50,2287.0,47.008319,4.7,1.0,0,1,1,1,1,1,0,0,1,0,0,0,0,5,18.0,50.0
15938,40.39746,-3.69734,1,1.0,1.0,30.0,0.0,1,0.0,143,50,3917.0,55.025641,1.9,1.0,0,0,0,0,0,1,0,1,1,0,0,0,0,2,10.5,50.0
15939,40.40594,-3.6982,4,1.0,1.0,89.0,0.0,2,0.0,131,200,3917.0,55.025641,1.9,1.0,1,0,0,0,0,1,0,0,0,0,0,0,0,3,33.0,100.0
15940,40.42228,-3.70098,4,1.0,2.0,48.0,0.0,1,0.0,358,200,4503.0,68.043894,0.8,1.0,1,0,0,0,0,1,0,1,0,0,1,0,0,7,33.0,50.0
15942,40.43709,-3.67704,1,1.0,2.0,38.0,0.0,4,0.0,156,50,5328.0,74.694253,2.2,2.0,0,0,0,0,0,1,0,0,0,0,1,0,0,3,13.5,50.0
15943,40.38302,-3.71339,5,1.0,3.0,39.0,0.0,38,0.0,130,200,2316.0,43.910072,4.6,1.0,1,0,0,0,0,1,0,0,0,0,1,0,0,2,40.5,50.0
15944,40.41501,-3.70528,4,1.0,2.0,69.0,90.0,13,1.04,616,200,4503.0,68.043894,0.8,1.0,1,0,0,0,0,1,0,1,1,0,1,0,1,9,33.0,100.0
15946,40.40489,-3.65681,2,1.0,2.0,20.0,0.0,1,0.0,191,50,1890.0,41.443535,5.0,1.0,1,0,0,0,0,1,0,0,0,0,1,0,0,2,18.0,50.0
15947,40.40478,-3.66411,1,1.0,1.0,25.0,0.0,1,0.0,235,50,1890.0,41.443535,5.0,1.0,0,1,1,1,1,1,0,0,0,0,0,0,0,2,10.5,50.0
15948,40.41172,-3.69843,2,1.0,2.0,37.0,0.0,1,0.0,196,50,4503.0,68.043894,0.8,1.0,0,0,0,0,0,0,0,1,0,0,1,0,0,2,18.0,50.0
15949,40.42482,-3.70454,3,1.0,2.0,55.0,0.0,3,0.0,180,50,4503.0,68.043894,0.8,1.0,0,0,0,0,0,1,0,1,1,0,1,0,0,5,25.5,100.0
15950,40.4204,-3.70154,1,1.0,1.0,22.0,0.0,1,0.0,98,50,4503.0,68.043894,0.8,1.0,0,0,0,0,0,1,0,0,0,0,0,0,0,6,10.5,50.0
15951,40.43648,-3.71274,2,1.0,1.0,50.0,80.0,1,0.07,55,50,4855.0,64.056634,2.4,1.5,0,1,1,1,1,1,0,0,0,0,0,0,0,3,19.5,50.0
15952,40.45126,-3.69754,6,3.0,4.0,136.0,0.0,2,0.0,222,200,3476.0,60.621287,5.9,2.0,1,0,0,0,0,1,0,1,0,0,1,0,0,4,51.0,150.0
15953,40.38968,-3.69308,2,1.0,2.0,57.0,91.0,1,2.96,316,200,3917.0,55.025641,1.9,1.5,1,0,0,0,0,1,0,1,1,0,0,0,0,0,19.5,100.0
15954,40.44661,-3.61599,4,1.0,2.0,95.0,80.0,4,0.07,400,50,2477.0,70.967532,7.3,1.0,0,1,1,1,1,1,1,1,0,0,0,0,0,2,33.0,100.0
15955,40.41448,-3.71586,6,2.0,2.0,91.0,90.0,1,0.15,441,200,4503.0,68.043894,0.8,1.0,1,0,0,0,0,1,0,0,0,0,0,0,0,9,48.0,100.0
15957,40.47136,-3.68423,2,0.0,1.0,61.0,91.0,1,0.52,210,200,4508.0,67.220486,5.8,1.5,1,0,0,0,0,0,1,1,1,0,1,0,0,2,19.5,100.0
15958,40.40247,-3.68066,2,1.0,2.0,30.0,100.0,1,0.07,415,50,4220.0,63.672727,3.2,1.0,0,0,0,0,0,1,1,1,1,0,1,0,0,2,18.0,50.0
15959,40.44675,-3.61502,3,2.0,2.0,74.0,0.0,1,0.0,350,50,2477.0,70.967532,7.3,1.0,0,0,0,0,0,1,0,1,0,0,0,0,0,3,25.5,100.0
15960,40.46042,-3.70608,1,1.0,1.0,26.0,0.0,3,0.0,196,50,3476.0,60.621287,5.9,1.0,0,0,0,0,0,1,0,1,1,0,1,0,0,5,10.5,50.0
15961,40.43349,-3.6797,4,1.0,1.0,150.0,0.0,1,0.0,145,200,5328.0,74.694253,2.2,1.0,1,0,0,0,0,1,0,1,0,0,0,0,0,2,33.0,150.0
15962,40.36085,-3.58747,2,1.0,1.0,30.0,80.0,1,0.07,123,50,2382.0,49.659794,11.0,1.0,0,0,0,0,0,1,0,0,0,0,0,0,0,2,18.0,50.0
15963,40.49107,-3.68511,1,1.0,2.0,20.0,0.0,3,0.0,179,50,3545.0,57.198083,16.4,1.0,1,1,1,1,1,1,0,0,1,0,0,0,0,3,10.5,50.0
15964,40.45562,-3.70293,3,1.0,2.0,132.0,0.0,31,0.0,748,200,3476.0,60.621287,5.9,1.0,1,0,0,0,0,1,0,1,0,1,1,0,0,8,25.5,150.0
15965,40.43949,-3.66175,2,1.0,1.0,31.0,100.0,1,0.08,201,50,5328.0,74.694253,2.2,1.5,0,0,0,0,0,1,0,0,0,0,1,0,0,2,19.5,50.0
15966,40.40868,-3.70452,1,1.0,1.0,20.0,100.0,1,0.27,145,50,4503.0,68.043894,0.8,1.0,0,0,0,0,0,1,0,0,0,0,1,0,0,9,10.5,50.0
15967,40.45351,-3.70458,2,1.0,2.0,36.0,100.0,1,0.07,435,50,3476.0,60.621287,5.9,1.0,1,0,0,0,0,1,0,1,0,1,1,0,0,5,18.0,50.0
15968,40.38507,-3.70062,1,1.0,1.0,18.0,100.0,1,0.07,275,50,2316.0,43.910072,4.6,1.5,0,0,0,0,0,1,0,0,0,0,0,0,0,2,12.0,50.0
15969,40.43026,-3.64952,5,3.0,3.0,100.0,0.0,4,0.0,142,200,2893.0,50.090625,6.5,1.0,1,0,0,0,0,0,0,1,0,0,0,0,0,9,40.5,100.0
15970,40.36692,-3.75422,1,1.0,1.0,39.0,0.0,1,0.0,370,50,2195.0,47.402837,6.6,1.0,0,0,0,0,0,1,0,1,0,0,1,0,0,5,10.5,50.0
15971,40.34627,-3.7055,2,1.0,2.0,50.0,0.0,1,0.0,57,50,1696.0,37.641618,9.0,1.0,1,0,0,0,0,1,0,0,0,0,0,0,0,4,18.0,50.0
15973,40.41278,-3.70627,4,2.0,3.0,156.0,100.0,1,0.08,392,200,4503.0,68.043894,0.8,2.5,1,0,0,0,0,1,0,1,0,0,1,0,0,10,37.5,200.0
15974,40.37368,-3.69275,1,1.0,1.0,50.0,0.0,2,0.0,199,50,2316.0,43.910072,4.6,0.0,0,0,0,0,0,1,0,1,0,0,0,0,0,2,7.5,50.0
15975,40.42822,-3.70259,1,1.0,2.0,31.0,100.0,1,0.15,113,50,4503.0,68.043894,0.8,1.0,0,0,0,0,0,1,0,1,0,0,0,0,0,4,10.5,50.0
15976,40.42381,-3.70908,4,2.0,4.0,190.0,98.0,2,1.99,516,200,4503.0,68.043894,0.8,2.5,1,0,0,0,0,1,0,1,0,0,1,0,0,7,37.5,200.0
15977,40.46212,-3.65982,4,2.0,3.0,67.0,100.0,1,0.32,298,200,3312.0,62.061453,9.2,1.0,1,0,0,0,0,1,0,0,1,1,1,0,0,2,33.0,100.0
15978,40.37386,-3.69231,2,1.0,1.0,30.0,100.0,2,0.07,164,50,2316.0,43.910072,4.6,1.0,0,0,0,0,0,1,0,1,0,0,0,0,0,2,18.0,50.0
15979,40.42033,-3.7083,4,0.0,1.0,82.0,82.0,26,0.67,217,200,4503.0,68.043894,0.8,1.0,1,0,0,0,0,1,0,1,0,0,1,0,0,3,33.0,100.0
15980,40.42167,-3.7084,4,2.0,2.0,170.0,97.0,2,0.66,559,200,4503.0,68.043894,0.8,2.0,1,0,0,0,0,1,1,1,0,0,0,0,0,7,36.0,200.0
15981,40.41897,-3.70633,2,0.0,2.0,62.0,84.0,26,0.81,221,200,4503.0,68.043894,0.8,1.0,1,0,0,0,0,1,0,1,0,0,0,0,0,3,18.0,100.0
15982,40.41128,-3.70809,4,0.0,1.0,46.0,95.0,1,1.45,205,200,4503.0,68.043894,0.8,1.0,1,1,1,1,1,1,0,1,1,0,1,0,0,4,33.0,50.0
15983,40.42092,-3.70687,3,0.0,3.0,71.0,90.0,26,1.07,183,200,4503.0,68.043894,0.8,1.0,1,0,0,0,0,1,0,1,0,0,0,0,0,3,25.5,100.0
15984,40.41959,-3.70816,4,0.0,2.0,77.0,0.0,26,0.0,183,200,4503.0,68.043894,0.8,1.0,1,0,0,0,0,1,0,1,0,0,0,0,0,3,33.0,100.0
15985,40.42025,-3.70617,2,0.0,1.0,62.0,0.0,26,0.0,183,200,4503.0,68.043894,0.8,1.0,1,0,0,0,0,1,0,1,0,0,0,0,0,3,18.0,100.0
15986,40.4306,-3.66666,1,1.0,1.0,28.0,98.0,2,0.89,213,50,5328.0,74.694253,2.2,1.0,0,0,0,0,0,1,0,0,1,1,0,0,0,5,10.5,50.0
15988,40.41672,-3.70311,5,1.0,1.0,150.0,0.0,1,0.0,185,200,4503.0,68.043894,0.8,2.0,1,0,0,0,0,1,0,1,0,0,0,0,0,2,43.5,150.0
15990,40.42684,-3.70441,1,1.0,1.0,50.0,0.0,2,0.0,99,50,4503.0,68.043894,0.8,1.0,0,0,0,0,0,1,0,0,1,0,0,0,0,3,10.5,50.0
15991,40.386,-3.72935,2,1.0,1.0,35.0,0.0,1,0.0,127,50,2195.0,47.402837,6.6,1.0,0,0,0,0,0,0,1,0,1,0,0,0,0,6,18.0,50.0
15992,40.4604,-3.69732,2,1.0,2.0,36.0,100.0,1,0.08,55,50,3476.0,60.621287,5.9,1.0,0,0,0,0,0,1,0,0,0,0,0,0,0,5,18.0,50.0
15993,40.4121,-3.70715,4,1.0,1.0,41.0,100.0,18,1.46,417,200,4503.0,68.043894,0.8,1.0,1,0,0,0,0,1,0,1,1,1,1,0,0,6,33.0,50.0
15994,40.42709,-3.7124,3,0.0,2.0,61.0,0.0,1,0.0,95,200,4503.0,68.043894,0.8,1.0,1,1,1,1,1,1,0,0,1,0,1,0,0,3,25.5,100.0
15995,40.40851,-3.69034,4,1.0,1.0,95.0,100.0,1,0.79,433,200,4220.0,63.672727,3.2,2.0,1,0,0,0,0,1,0,1,0,1,1,0,0,2,36.0,100.0
15996,40.39962,-3.70265,4,1.0,2.0,56.0,0.0,1,0.0,344,200,3917.0,55.025641,1.9,1.0,1,0,0,0,0,1,0,1,0,0,0,0,0,2,33.0,100.0
15997,40.38021,-3.71459,3,1.0,1.0,39.0,1.0,1,1.0,381,200,2316.0,43.910072,4.6,1.5,1,1,1,1,1,1,1,1,1,1,1,1,1,8,27.0,50.0
15999,40.39144,-3.73911,2,1.0,2.0,21.0,0.0,1,0.0,171,50,2195.0,47.402837,6.6,1.0,0,0,0,0,0,1,0,0,0,0,0,0,0,2,18.0,50.0
16000,40.40887,-3.69741,1,1.0,2.0,50.0,100.0,1,0.07,110,50,4503.0,68.043894,0.8,1.0,0,0,0,0,0,1,0,0,0,0,0,0,0,2,10.5,50.0
16001,40.42206,-3.70744,2,0.0,1.0,90.0,0.0,1,0.0,163,200,4503.0,68.043894,0.8,1.0,1,0,0,0,0,1,0,1,0,0,1,0,0,4,18.0,100.0
16002,40.42623,-3.66536,1,1.0,2.0,40.0,0.0,1,0.0,150,50,5328.0,74.694253,2.2,1.0,0,0,0,0,0,1,0,0,0,0,0,0,0,9,10.5,50.0
16003,40.422,-3.70262,2,1.0,1.0,85.0,0.0,1,0.0,279,200,4503.0,68.043894,0.8,1.0,1,0,0,0,0,1,0,1,1,0,1,0,0,6,18.0,100.0
16004,40.44295,-3.65331,2,1.0,2.0,25.0,80.0,1,0.07,119,50,2893.0,50.090625,6.5,1.0,0,1,1,1,1,1,0,0,0,0,0,0,0,8,18.0,50.0
16005,40.46646,-3.71515,2,1.0,1.0,29.0,93.0,1,1.26,502,50,3555.0,63.451906,5.9,1.0,1,0,0,0,1,1,0,1,0,1,0,0,0,2,18.0,50.0
16006,40.41836,-3.67822,2,2.0,2.0,105.0,0.0,1,0.0,228,200,4220.0,63.672727,3.2,2.0,1,0,0,0,0,1,0,1,1,0,1,0,0,3,21.0,150.0
16007,40.41206,-3.7128,2,1.0,1.0,34.0,80.0,4,0.08,203,50,4503.0,68.043894,0.8,1.0,0,0,0,0,0,1,0,0,1,0,1,0,0,2,18.0,50.0
16008,40.41252,-3.71248,2,4.0,4.0,31.0,100.0,4,0.22,203,50,4503.0,68.043894,0.8,1.0,0,0,0,0,0,1,0,0,1,0,1,0,0,2,18.0,50.0
16009,40.47203,-3.58352,6,3.0,3.0,165.0,0.0,1,0.0,91,200,3047.0,56.183432,11.8,1.0,1,0,0,0,0,1,0,1,0,0,0,0,0,2,48.0,200.0
16010,40.39215,-3.69643,2,1.0,1.0,15.0,0.0,1,0.0,158,50,3917.0,55.025641,1.9,1.5,1,1,1,1,1,1,0,0,0,0,0,0,0,2,19.5,50.0
16011,40.44659,-3.61437,1,1.0,1.0,75.0,0.0,4,0.0,157,50,2477.0,70.967532,7.3,1.0,0,0,0,0,0,1,0,1,0,0,0,0,0,2,10.5,100.0
16012,40.4254,-3.66969,6,2.0,2.0,144.0,0.0,1,0.0,90,200,5328.0,74.694253,2.2,1.0,1,1,1,1,1,1,0,0,0,0,0,0,0,2,48.0,150.0
16013,40.4252,-3.70461,1,1.0,1.0,25.0,0.0,1,0.0,207,50,4503.0,68.043894,0.8,2.0,0,0,0,0,0,1,0,0,0,0,0,0,0,6,13.5,50.0
16014,40.4419,-3.6726,4,2.0,3.0,75.0,83.0,1,0.66,328,200,4508.0,67.220486,5.8,1.0,1,0,0,0,0,1,0,0,0,1,0,0,0,5,33.0,100.0
16015,40.45763,-3.69617,1,0.0,2.0,71.0,0.0,4,0.0,176,50,3476.0,60.621287,5.9,1.0,0,1,1,1,1,1,0,0,0,0,1,0,0,10,10.5,100.0
16016,40.43947,-3.71004,5,4.0,4.0,135.0,0.0,24,0.0,175,200,4855.0,64.056634,2.4,1.0,1,0,0,0,0,1,0,0,0,0,1,0,0,6,40.5,150.0
16017,40.41485,-3.71297,6,2.0,3.0,119.0,0.0,1,0.0,176,200,4503.0,68.043894,0.8,2.0,1,0,0,0,0,1,0,1,0,0,1,0,0,5,51.0,150.0
16018,40.41192,-3.71082,2,1.0,1.0,133.0,0.0,1,0.0,337,200,4503.0,68.043894,0.8,1.0,1,0,0,0,0,1,0,1,0,0,1,0,0,2,18.0,150.0
16019,40.44074,-3.69183,4,2.0,3.0,88.0,100.0,14,0.21,263,200,4855.0,64.056634,2.4,1.0,1,0,0,1,0,1,0,1,1,0,0,0,0,10,33.0,100.0
16020,40.41337,-3.69793,4,1.0,2.0,85.0,0.0,9,0.0,77,50,4503.0,68.043894,0.8,1.0,1,0,0,0,0,1,0,0,0,0,0,0,0,0,33.0,100.0
16021,40.36901,-3.70688,1,1.0,1.0,25.0,0.0,1,0.0,138,200,2316.0,43.910072,4.6,1.0,1,0,0,0,0,1,0,0,0,0,1,0,0,5,10.5,50.0
16022,40.42641,-3.67681,2,1.0,1.0,105.0,0.0,32,0.0,367,200,5328.0,74.694253,2.2,1.0,1,0,0,0,0,1,0,1,0,0,0,0,0,9,18.0,150.0
16023,40.42641,-3.67681,4,2.0,3.0,127.0,0.0,32,0.0,401,200,5328.0,74.694253,2.2,2.0,1,0,0,0,0,1,0,1,0,0,0,0,0,9,36.0,150.0
16026,40.37246,-3.7546,2,1.0,1.0,52.0,100.0,2,0.08,52,200,2195.0,47.402837,6.6,1.0,1,0,0,0,0,0,0,0,0,0,0,0,0,2,18.0,100.0
16027,40.42538,-3.67652,6,3.0,3.0,167.0,0.0,32,0.0,410,200,5328.0,74.694253,2.2,3.0,1,0,0,0,0,1,0,1,0,0,0,0,0,9,54.0,200.0
16028,40.44155,-3.69643,2,0.0,1.0,105.0,0.0,1,0.0,196,50,4855.0,64.056634,2.4,1.0,1,0,0,0,0,1,0,1,1,0,1,0,0,6,18.0,150.0
16029,40.3781,-3.75313,2,1.0,1.0,18.0,0.0,3,0.0,391,50,2195.0,47.402837,6.6,1.0,0,0,0,0,0,1,0,0,0,0,0,0,1,5,18.0,50.0
16030,40.41225,-3.71231,1,4.0,4.0,21.0,90.0,4,0.15,180,50,4503.0,68.043894,0.8,1.0,0,0,0,0,0,1,0,0,1,0,0,0,0,2,10.5,50.0
16031,40.38548,-3.75763,2,1.0,2.0,20.0,0.0,1,0.07,139,50,2287.0,47.008319,4.7,1.0,0,0,0,0,0,1,0,1,0,0,0,0,0,2,18.0,50.0
16032,40.41146,-3.7085,4,1.0,1.0,175.0,0.0,45,0.0,366,200,4503.0,68.043894,0.8,1.0,1,0,0,0,0,1,0,1,0,1,0,0,1,4,33.0,200.0
16033,40.41475,-3.69627,3,1.0,2.0,79.0,0.0,9,0.0,101,50,4503.0,68.043894,0.8,1.0,1,0,0,0,0,1,0,0,0,0,0,0,0,0,25.5,100.0
16034,40.41501,-3.69613,4,0.0,1.0,100.0,0.0,9,0.0,88,200,4503.0,68.043894,0.8,1.0,1,0,0,0,0,1,0,0,0,0,0,0,0,0,33.0,100.0
16035,40.41306,-3.69581,2,1.0,1.0,75.0,0.0,9,0.0,90,50,4503.0,68.043894,0.8,1.0,0,0,0,0,0,1,0,0,0,0,0,0,0,0,18.0,100.0
16036,40.4138,-3.69818,4,1.0,2.0,100.0,0.0,9,0.0,101,50,4503.0,68.043894,0.8,1.0,1,0,0,0,0,1,0,0,0,0,0,0,0,0,33.0,100.0
16037,40.413,-3.69612,4,1.0,2.0,80.0,0.0,9,0.0,101,50,4503.0,68.043894,0.8,1.0,0,0,0,0,0,1,0,0,0,0,0,0,0,0,33.0,100.0
16038,40.46336,-3.69367,8,3.0,4.0,59.0,0.0,43,0.0,369,200,3476.0,60.621287,5.9,1.0,1,0,0,0,0,1,0,1,0,0,0,0,0,6,63.0,100.0
16040,40.4153,-3.69625,2,1.0,1.0,60.0,0.0,9,0.0,101,50,4503.0,68.043894,0.8,1.0,0,0,0,0,0,1,0,0,0,0,0,0,0,0,18.0,100.0
16041,40.41309,-3.69609,4,1.0,2.0,100.0,0.0,9,0.0,115,50,4503.0,68.043894,0.8,1.0,1,0,0,0,0,1,0,0,0,0,0,0,0,0,33.0,100.0
16042,40.40816,-3.70102,2,1.0,1.0,52.0,100.0,1,0.15,251,200,4503.0,68.043894,0.8,1.0,1,0,0,0,0,1,0,1,0,0,0,0,0,6,18.0,100.0
16043,40.42177,-3.70985,4,2.0,2.0,116.0,0.0,1,0.0,168,200,4503.0,68.043894,0.8,2.0,1,0,0,0,0,1,0,1,0,0,1,0,0,2,36.0,150.0
16044,40.42629,-3.71258,3,1.0,2.0,40.0,0.0,2,0.0,114,50,4503.0,68.043894,0.8,1.0,0,1,1,1,1,1,0,0,0,0,0,0,0,2,25.5,50.0
16045,40.39672,-3.75967,1,1.0,2.0,98.0,0.0,1,0.0,243,50,2287.0,47.008319,4.7,1.0,1,0,0,0,0,1,0,1,0,0,1,0,0,2,10.5,100.0
16046,40.41883,-3.7009,2,1.0,2.0,29.0,91.0,10,4.1,224,50,4503.0,68.043894,0.8,1.0,1,0,0,0,0,1,0,1,1,0,0,0,0,10,18.0,50.0
16047,40.43291,-3.64699,2,1.0,1.0,25.0,100.0,1,0.22,321,50,2893.0,50.090625,6.5,1.0,0,0,0,0,0,1,0,0,0,0,1,0,0,7,18.0,50.0
16048,40.38101,-3.67669,2,1.0,1.0,24.0,60.0,4,0.3,397,50,1890.0,41.443535,5.0,2.0,1,1,1,1,1,1,1,1,1,1,1,1,1,5,21.0,50.0
16049,40.43385,-3.7032,1,1.0,1.0,20.0,1.0,3,1.0,394,50,4855.0,64.056634,2.4,1.0,1,1,1,1,1,1,1,1,1,1,1,1,1,3,10.5,50.0
16050,40.42171,-3.69887,2,1.0,1.0,52.0,100.0,3,0.32,343,200,4503.0,68.043894,0.8,1.0,1,0,0,0,0,1,0,1,0,0,0,0,0,5,18.0,100.0
16052,40.43341,-3.71069,2,1.0,1.0,75.0,0.0,32,0.0,420,200,4855.0,64.056634,2.4,1.0,1,0,0,0,0,1,0,1,0,0,0,0,0,9,18.0,100.0
16053,40.39227,-3.66683,2,1.0,1.0,27.0,0.0,1,0.0,164,50,1890.0,41.443535,5.0,1.0,0,0,0,0,0,1,0,0,0,0,0,0,0,2,18.0,50.0
16054,40.45684,-3.70007,4,2.0,2.0,92.0,80.0,32,0.14,400,200,3476.0,60.621287,5.9,1.0,1,0,0,0,0,1,0,0,0,0,0,0,0,9,33.0,100.0
16055,40.39064,-3.75728,1,1.0,1.0,17.0,0.0,2,0.0,311,50,2287.0,47.008319,4.7,1.0,1,0,0,0,0,1,0,1,0,0,1,0,0,0,10.5,50.0
16056,40.45062,-3.70761,4,1.0,2.0,130.0,0.0,1,0.0,129,200,3476.0,60.621287,5.9,1.0,1,0,0,0,0,1,0,0,0,0,0,0,0,0,33.0,150.0
16057,40.42911,-3.67899,4,2.0,2.0,80.0,0.0,1,0.0,128,200,5328.0,74.694253,2.2,1.0,1,0,0,0,0,1,0,1,0,0,1,0,0,2,33.0,100.0
16058,40.45635,-3.70112,2,1.0,1.0,81.0,0.0,32,0.0,391,200,3476.0,60.621287,5.9,1.0,1,0,0,0,0,1,0,0,0,0,0,0,0,9,18.0,100.0
16059,40.43393,-3.64818,3,1.0,2.0,50.0,0.0,2,0.0,225,50,2893.0,50.090625,6.5,1.0,0,0,0,0,0,1,0,0,0,0,1,0,0,8,25.5,50.0
16060,40.42331,-3.69612,4,1.0,1.0,92.0,80.0,1,0.28,366,200,4503.0,68.043894,0.8,1.0,1,0,0,0,0,1,0,1,0,1,1,0,0,2,33.0,100.0
16061,40.42656,-3.70051,2,0.0,1.0,60.0,0.0,1,0.0,126,200,4503.0,68.043894,0.8,1.0,1,0,0,0,0,0,0,0,0,0,1,0,0,8,18.0,100.0
16062,40.40782,-3.70118,4,2.0,1.0,300.0,0.0,15,0.0,140,200,4503.0,68.043894,0.8,1.0,1,0,0,0,0,1,0,1,0,0,0,0,0,4,33.0,200.0
16063,40.40249,-3.66345,2,1.0,1.0,23.0,0.0,1,0.0,141,50,1890.0,41.443535,5.0,1.0,0,0,0,0,0,1,0,0,0,0,0,0,0,2,18.0,50.0
16064,40.48419,-3.66869,5,3.0,4.0,196.0,0.0,1,0.0,554,200,3312.0,62.061453,9.2,2.0,1,0,0,0,0,1,1,1,0,0,1,0,0,3,43.5,200.0
16065,40.39268,-3.66096,2,1.0,1.0,40.0,0.0,1,0.0,139,50,1890.0,41.443535,5.0,1.0,1,0,0,0,0,1,0,1,0,0,0,0,0,2,18.0,50.0
16066,40.4698,-3.59424,1,1.0,1.0,36.0,0.0,3,0.0,232,50,3047.0,56.183432,11.8,1.0,1,0,0,0,0,1,0,0,0,0,1,0,0,10,10.5,50.0
16067,40.42173,-3.69121,4,0.0,2.0,42.0,96.0,8,2.7,540,200,5328.0,74.694253,2.2,1.0,1,0,0,0,0,1,0,1,0,0,0,0,0,4,33.0,50.0
16068,40.38302,-3.66978,2,1.0,2.0,50.0,100.0,1,0.07,179,50,1890.0,41.443535,5.0,1.0,0,0,0,0,0,1,0,1,0,0,1,0,0,2,18.0,50.0
16069,40.4105,-3.70385,3,1.0,1.0,40.0,97.0,2,0.64,443,200,4503.0,68.043894,0.8,1.0,1,0,0,0,0,1,0,1,0,0,1,0,1,4,25.5,50.0
16070,40.40994,-3.71085,8,3.0,4.0,103.0,94.0,59,0.86,446,200,4503.0,68.043894,0.8,2.0,1,0,0,0,0,1,0,1,0,1,1,0,0,7,66.0,150.0
16071,40.41005,-3.69908,2,1.0,1.0,23.0,0.0,2,0.0,129,50,4503.0,68.043894,0.8,1.5,0,0,0,0,0,1,0,0,0,0,0,0,0,2,19.5,50.0
16072,40.40933,-3.70886,4,1.0,2.0,68.0,80.0,1,0.23,524,200,4503.0,68.043894,0.8,1.0,1,0,0,0,0,1,0,1,1,0,0,0,0,3,33.0,100.0
16073,40.39959,-3.69982,1,1.0,1.0,36.0,1.0,2,1.0,255,50,3917.0,55.025641,1.9,2.5,1,1,1,1,1,1,1,1,1,1,1,1,1,3,15.0,50.0
16074,40.46877,-3.69717,4,3.0,3.0,150.0,0.0,1,0.0,221,200,3476.0,60.621287,5.9,2.0,1,0,0,0,0,1,0,1,1,0,0,0,0,2,36.0,150.0
16075,40.42572,-3.67191,6,2.0,2.0,109.0,0.0,1,0.0,90,200,5328.0,74.694253,2.2,1.0,1,0,0,0,0,1,0,0,0,0,0,0,0,3,48.0,150.0
16076,40.4182,-3.70119,4,1.0,2.0,175.0,0.0,4,0.0,134,200,4503.0,68.043894,0.8,1.0,1,0,0,0,0,0,0,0,0,0,1,0,0,2,33.0,200.0
16077,40.41915,-3.703,6,2.0,3.0,250.0,92.0,4,1.03,121,200,4503.0,68.043894,0.8,2.0,1,0,0,0,0,0,0,0,0,0,1,0,0,2,51.0,200.0
16078,40.41788,-3.70244,4,1.0,2.0,175.0,0.0,4,0.0,121,200,4503.0,68.043894,0.8,1.0,1,0,0,0,0,0,0,0,0,0,1,0,0,2,33.0,200.0
16079,40.41786,-3.70244,4,1.0,2.0,150.0,40.0,4,0.21,134,200,4503.0,68.043894,0.8,1.0,1,0,0,0,0,0,0,0,0,0,1,0,0,2,33.0,150.0
16080,40.4104,-3.69791,2,1.0,1.0,77.0,0.0,1,0.0,181,200,4503.0,68.043894,0.8,1.0,1,0,0,0,0,1,0,1,0,0,0,0,0,5,18.0,100.0
16081,40.42882,-3.71821,1,1.0,2.0,35.0,0.0,1,0.0,180,50,3555.0,63.451906,5.9,1.0,0,0,0,0,0,1,0,1,0,0,1,0,0,8,10.5,50.0
16082,40.38379,-3.70768,1,1.0,2.0,36.0,0.0,1,0.0,86,50,2316.0,43.910072,4.6,1.0,0,0,0,0,0,1,0,0,0,0,0,0,0,3,10.5,50.0
16083,40.42491,-3.70473,3,1.0,3.0,70.0,0.0,3,0.0,126,50,4503.0,68.043894,0.8,1.0,0,0,0,0,0,1,0,0,1,0,0,0,0,5,25.5,100.0
16084,40.42575,-3.70588,3,1.0,2.0,83.0,100.0,2,0.21,177,200,4503.0,68.043894,0.8,1.0,1,1,1,1,1,1,0,1,0,0,1,0,0,6,25.5,100.0
16085,40.42833,-3.7017,2,0.0,1.0,101.0,0.0,1,0.0,153,200,4503.0,68.043894,0.8,1.0,1,0,0,0,0,1,0,0,0,0,0,0,0,6,18.0,150.0
16086,40.34073,-3.69021,1,1.0,1.0,25.0,0.0,1,0.0,102,50,1696.0,37.641618,9.0,1.0,0,0,0,0,0,1,0,0,1,0,0,0,0,2,10.5,50.0
16087,40.38665,-3.72925,5,0.0,3.0,39.0,0.0,38,0.0,73,200,2195.0,47.402837,6.6,1.0,1,0,0,0,0,1,0,0,0,0,0,0,0,2,40.5,50.0
16088,40.3763,-3.74248,6,3.0,5.0,20.0,80.0,38,0.08,73,200,2195.0,47.402837,6.6,1.0,1,0,0,0,0,1,0,0,0,0,0,0,0,2,48.0,50.0
16089,40.38891,-3.7403,6,2.0,4.0,20.0,80.0,38,0.08,73,200,2195.0,47.402837,6.6,1.0,1,0,0,0,0,1,0,0,0,0,0,0,0,2,48.0,50.0
16090,40.43512,-3.65817,2,1.0,2.0,35.0,100.0,1,0.08,123,50,2893.0,50.090625,6.5,1.0,1,0,0,0,0,1,0,0,0,0,0,0,0,2,18.0,50.0
16091,40.42759,-3.70425,2,1.0,1.0,74.0,100.0,3,0.31,232,50,4503.0,68.043894,0.8,1.0,0,1,1,1,1,1,0,1,0,0,0,0,0,4,18.0,100.0
16092,40.42938,-3.70425,2,1.0,1.0,70.0,100.0,3,0.1,309,50,4855.0,64.056634,2.4,1.0,0,1,1,1,1,1,0,1,1,0,1,0,0,4,18.0,100.0
16093,40.39121,-3.69376,7,3.0,4.0,130.0,100.0,45,1.13,426,200,3917.0,55.025641,1.9,2.5,1,0,0,0,0,1,0,1,0,0,1,0,0,4,60.0,150.0
16094,40.46123,-3.62477,1,1.0,2.0,30.0,0.0,1,0.0,443,50,3312.0,62.061453,9.2,1.0,1,0,0,0,0,1,0,1,0,0,1,0,0,7,10.5,50.0
16095,40.41266,-3.7294,4,2.0,2.0,33.0,90.0,1,4.0,97,200,2287.0,47.008319,4.7,1.0,1,0,0,0,0,1,0,1,0,0,0,0,0,7,33.0,50.0
16096,40.48768,-3.68919,4,3.0,3.0,29.0,93.0,3,0.94,417,50,3545.0,57.198083,16.4,2.0,1,0,0,0,0,1,0,0,0,0,1,0,0,2,36.0,50.0
16097,40.42957,-3.69218,1,1.0,1.0,40.0,0.0,1,0.0,79,50,4855.0,64.056634,2.4,1.5,0,0,0,0,0,1,0,0,0,0,0,0,0,2,12.0,50.0
16098,40.41986,-3.70385,6,2.0,2.0,58.0,0.0,6,0.0,622,200,4503.0,68.043894,0.8,1.5,1,1,1,1,1,1,0,1,1,0,1,0,1,8,49.5,100.0
16099,40.43801,-3.70789,1,0.0,1.0,30.0,0.0,1,0.0,225,50,4855.0,64.056634,2.4,1.0,0,1,1,1,1,1,0,1,1,0,0,0,0,6,10.5,50.0
16100,40.4376,-3.64515,1,1.0,2.0,380.0,0.0,2,0.0,68,50,2893.0,50.090625,6.5,1.0,0,0,0,0,0,1,0,0,0,0,0,0,0,2,10.5,200.0
16101,40.43834,-3.6726,4,1.0,2.0,58.0,100.0,2,0.16,160,200,5328.0,74.694253,2.2,1.0,1,0,0,0,0,1,0,1,0,0,0,0,0,2,33.0,100.0
16102,40.41491,-3.69208,2,1.0,1.0,110.0,0.0,1,0.0,41,50,4220.0,63.672727,3.2,0.0,1,1,1,1,1,0,0,0,0,0,0,0,0,6,15.0,150.0
16103,40.38259,-3.67462,1,1.0,2.0,30.0,100.0,1,0.15,87,50,1890.0,41.443535,5.0,1.0,0,1,1,1,1,1,0,0,0,0,0,0,0,3,10.5,50.0
16105,40.38156,-3.73176,5,0.0,3.0,20.0,0.0,38,0.0,73,200,2195.0,47.402837,6.6,1.0,1,0,0,0,0,1,0,0,0,0,0,0,0,2,40.5,50.0
16106,40.43512,-3.70136,5,3.0,3.0,71.0,0.0,19,0.0,73,200,4855.0,64.056634,2.4,1.0,1,0,0,0,0,1,0,0,0,0,0,0,0,2,40.5,100.0
16107,40.37416,-3.7394,2,1.0,2.0,21.0,0.0,1,0.0,71,50,2195.0,47.402837,6.6,1.0,0,0,0,0,0,1,0,0,0,0,0,0,0,5,18.0,50.0
16108,40.40615,-3.68215,3,1.0,2.0,70.0,0.0,1,0.0,193,50,4220.0,63.672727,3.2,1.0,1,1,1,1,1,1,0,1,1,0,1,0,0,6,25.5,100.0
16109,40.43598,-3.70277,4,0.0,2.0,54.0,0.0,19,0.0,73,200,4855.0,64.056634,2.4,1.0,1,0,0,0,0,1,0,0,0,0,0,0,0,2,33.0,100.0
16110,40.44064,-3.69823,5,2.0,2.0,54.0,0.0,19,0.0,73,200,4855.0,64.056634,2.4,1.0,1,0,0,0,0,1,0,0,0,0,0,0,0,2,40.5,100.0
16111,40.43698,-3.71106,3,0.0,2.0,39.0,0.0,19,0.0,73,200,4855.0,64.056634,2.4,1.0,1,0,0,0,0,1,0,0,0,0,0,0,0,2,25.5,50.0
16112,40.40704,-3.73784,6,2.0,3.0,50.0,87.0,10,0.32,268,200,2287.0,47.008319,4.7,2.0,1,0,0,0,0,1,0,0,0,0,1,0,0,9,51.0,50.0
16113,40.43682,-3.68103,1,1.0,1.0,115.0,0.0,1,0.0,82,50,5328.0,74.694253,2.2,0.0,1,0,0,0,0,1,0,0,0,0,0,0,0,5,7.5,150.0
16114,40.42187,-3.70152,2,1.0,1.0,31.0,80.0,53,1.0,504,200,4503.0,68.043894,0.8,1.0,1,0,0,0,0,1,0,1,1,0,1,0,0,9,18.0,50.0
16115,40.42118,-3.69735,4,1.0,2.0,78.0,0.0,11,0.0,402,200,4503.0,68.043894,0.8,1.5,1,0,0,0,0,1,0,1,0,0,1,0,0,7,34.5,100.0
16116,40.42545,-3.68324,2,1.0,2.0,35.0,0.0,1,0.0,365,50,5328.0,74.694253,2.2,1.0,1,0,0,0,0,1,1,1,0,0,1,0,0,2,18.0,50.0
16117,40.43312,-3.70461,2,1.0,1.0,35.0,0.0,2,0.0,624,50,4855.0,64.056634,2.4,1.0,0,1,1,1,1,1,0,0,1,0,1,0,0,6,18.0,50.0
16118,40.43282,-3.70453,2,1.0,2.0,40.0,0.0,2,0.0,644,50,4855.0,64.056634,2.4,1.0,0,0,0,0,0,1,0,0,1,1,1,0,0,6,18.0,50.0
16119,40.43794,-3.6443,2,1.0,1.0,25.0,0.0,2,0.0,287,50,2893.0,50.090625,6.5,1.0,0,1,1,1,1,1,0,0,0,0,0,0,0,2,18.0,50.0
16120,40.44444,-3.69654,1,1.0,2.0,35.0,0.0,1,0.0,52,50,4855.0,64.056634,2.4,1.0,1,0,0,0,0,0,0,0,0,0,0,0,0,5,10.5,50.0
16121,40.42102,-3.71364,8,3.0,3.0,95.0,0.0,1,0.0,137,200,4503.0,68.043894,0.8,1.0,1,0,0,0,0,1,0,1,0,0,0,0,0,2,63.0,100.0
16122,40.35188,-3.67926,1,0.0,1.0,25.0,0.0,1,0.0,112,50,1696.0,37.641618,9.0,1.0,0,1,1,1,1,1,0,0,0,0,1,0,0,2,10.5,50.0
16123,40.4824,-3.7224,2,1.0,2.0,45.0,0.0,1,0.0,130,50,3545.0,57.198083,16.4,1.0,0,0,0,0,0,1,0,0,0,0,0,0,0,6,18.0,50.0
16124,40.39221,-3.69597,3,1.0,1.0,42.0,0.0,1,0.0,131,50,3917.0,55.025641,1.9,1.0,0,1,1,1,1,1,0,1,0,0,0,0,0,4,25.5,50.0
16125,40.40578,-3.71919,2,0.0,1.0,20.0,0.0,1,0.0,84,50,3917.0,55.025641,1.9,1.0,0,0,0,0,0,1,0,0,0,0,0,0,0,2,18.0,50.0
16126,40.4545,-3.65605,2,1.0,1.0,82.0,0.0,1,0.0,179,200,2893.0,50.090625,6.5,1.0,1,0,0,0,0,1,0,1,1,0,0,0,0,0,18.0,100.0
16127,40.4062,-3.68013,4,2.0,3.0,106.0,0.0,1,0.0,142,200,4220.0,63.672727,3.2,1.0,1,0,0,0,0,1,0,0,0,0,1,0,0,2,33.0,150.0
16128,40.39832,-3.71935,1,1.0,2.0,25.0,80.0,1,0.08,124,50,2195.0,47.402837,6.6,1.0,0,0,0,0,0,1,0,0,0,0,0,0,0,4,10.5,50.0
16129,40.42912,-3.70263,6,2.0,4.0,461.0,0.0,43,0.0,472,200,4855.0,64.056634,2.4,1.0,1,0,0,0,0,1,0,1,0,0,0,0,0,6,48.0,200.0
16130,40.36008,-3.69973,2,1.0,2.0,27.0,0.0,1,0.0,40,50,1696.0,37.641618,9.0,1.0,1,0,0,0,0,1,0,0,0,0,0,0,0,2,18.0,50.0
16131,40.40283,-3.71093,6,2.0,3.0,45.0,69.0,22,4.2,204,200,3917.0,55.025641,1.9,1.0,1,0,0,0,0,1,0,0,0,0,0,0,0,2,48.0,50.0
16132,40.42505,-3.69217,4,1.0,2.0,113.0,0.0,9,0.0,320,200,4503.0,68.043894,0.8,1.0,1,0,0,0,0,1,0,1,1,0,0,0,0,3,33.0,150.0
16133,40.39527,-3.73804,6,1.0,1.0,60.0,0.0,38,0.0,62,200,2195.0,47.402837,6.6,1.0,1,0,0,0,0,1,0,0,0,0,0,0,0,2,48.0,100.0
16134,40.39594,-3.66508,1,1.0,1.0,39.0,0.0,2,0.0,200,50,1890.0,41.443535,5.0,1.5,0,0,0,0,0,1,0,1,0,0,1,0,0,4,12.0,50.0
16135,40.38767,-3.66852,6,0.0,3.0,50.0,0.0,38,0.0,62,200,1890.0,41.443535,5.0,1.0,1,0,0,0,0,1,0,0,0,0,0,0,0,2,48.0,50.0
16136,40.44555,-3.67314,2,1.0,1.0,42.0,0.0,1,0.0,354,50,4508.0,67.220486,5.8,1.0,0,0,0,0,0,1,0,1,0,0,1,0,0,3,18.0,50.0
16137,40.41035,-3.71072,2,1.0,2.0,20.0,95.0,3,1.97,296,50,4503.0,68.043894,0.8,1.0,0,0,0,0,0,1,0,0,0,1,0,0,0,7,18.0,50.0
16138,40.41006,-3.71065,2,1.0,2.0,19.0,89.0,3,2.14,327,50,4503.0,68.043894,0.8,1.0,0,0,0,0,0,1,0,0,0,0,1,0,0,7,18.0,50.0
16139,40.41148,-3.7107,2,1.0,2.0,19.0,93.0,3,1.65,158,50,4503.0,68.043894,0.8,1.0,0,0,0,0,0,1,0,0,0,0,0,0,0,7,18.0,50.0
16140,40.43649,-3.7121,3,0.0,2.0,42.0,0.0,19,0.0,73,200,4855.0,64.056634,2.4,1.0,1,0,0,0,0,1,0,0,0,0,0,0,0,2,25.5,50.0
16141,40.4073,-3.68602,2,1.0,1.0,20.0,100.0,4,0.19,165,50,4220.0,63.672727,3.2,1.0,0,0,0,1,0,1,0,1,0,0,0,0,0,3,18.0,50.0
16142,40.43503,-3.71225,3,0.0,2.0,59.0,100.0,19,0.12,73,200,4855.0,64.056634,2.4,1.0,1,0,0,0,0,1,0,0,0,0,0,0,0,2,25.5,100.0
16143,40.43635,-3.70166,4,0.0,1.0,54.0,0.0,19,0.0,82,200,4855.0,64.056634,2.4,1.0,1,0,0,0,0,1,0,0,0,0,0,0,0,2,33.0,100.0
16144,40.43657,-3.70138,5,0.0,3.0,55.0,0.0,19,0.0,82,200,4855.0,64.056634,2.4,1.0,1,0,0,0,0,1,0,0,0,0,0,0,0,2,40.5,100.0
16145,40.41097,-3.71103,2,0.0,2.0,20.0,0.0,1,0.0,108,50,4503.0,68.043894,0.8,2.0,0,0,0,0,0,1,0,0,0,0,1,0,0,2,21.0,50.0
16146,40.42864,-3.6431,1,1.0,1.0,52.0,0.0,1,0.0,254,50,2893.0,50.090625,6.5,1.0,0,1,1,1,1,1,0,1,1,0,1,0,0,5,10.5,100.0
16147,40.39228,-3.73822,2,0.0,1.0,20.0,0.0,4,0.0,140,50,2195.0,47.402837,6.6,1.0,0,1,1,1,1,1,0,0,0,0,1,0,0,3,18.0,50.0
16148,40.42213,-3.70517,1,1.0,1.0,35.0,0.0,1,0.0,151,50,4503.0,68.043894,0.8,1.5,0,0,0,0,0,0,0,0,1,0,0,0,0,4,12.0,50.0
16149,40.41643,-3.71011,6,3.0,5.0,250.0,0.0,1,0.0,386,200,4503.0,68.043894,0.8,3.0,1,0,0,0,0,1,0,1,0,1,0,0,0,5,54.0,200.0
16151,40.37506,-3.73586,2,0.0,1.0,115.0,0.0,1,0.0,96,50,2195.0,47.402837,6.6,1.0,0,0,0,0,0,0,0,0,0,0,0,0,0,3,18.0,150.0
16152,40.48711,-3.68756,1,1.0,1.0,25.0,0.0,1,0.0,63,50,3545.0,57.198083,16.4,1.0,0,0,0,0,0,1,0,0,0,0,0,0,0,3,10.5,50.0
16153,40.4277,-3.70584,1,1.0,1.0,60.0,100.0,1,0.08,194,50,4503.0,68.043894,0.8,1.0,1,0,0,0,0,1,0,1,1,0,0,0,0,2,10.5,100.0
16154,40.42596,-3.7308,2,1.0,1.0,25.0,0.0,1,0.0,522,50,3555.0,63.451906,5.9,1.0,0,0,0,0,0,1,0,1,0,0,1,0,0,7,18.0,50.0
16155,40.40742,-3.68733,2,1.0,1.0,35.0,87.0,4,0.27,165,50,4220.0,63.672727,3.2,1.0,1,0,0,1,0,1,0,1,0,0,0,0,0,3,18.0,50.0
16156,40.39559,-3.6631,4,2.0,4.0,48.0,20.0,4,1.0,223,200,1890.0,41.443535,5.0,1.0,1,0,0,0,0,1,0,0,0,0,1,0,0,5,33.0,50.0
16157,40.47034,-3.58312,6,3.0,3.0,96.0,0.0,1,0.0,153,200,3047.0,56.183432,11.8,1.0,1,0,0,0,0,1,0,1,0,0,1,0,0,2,48.0,100.0
16158,40.40599,-3.68759,2,1.0,1.0,35.0,100.0,4,0.09,151,50,4220.0,63.672727,3.2,1.0,0,0,0,1,0,1,0,1,0,0,0,0,0,3,18.0,50.0
16159,40.41924,-3.70246,1,1.0,2.0,43.0,100.0,3,0.31,230,200,4503.0,68.043894,0.8,1.0,1,0,0,0,0,1,0,1,0,0,0,0,0,9,10.5,50.0
16160,40.42968,-3.70063,1,1.0,1.0,50.0,0.0,2,0.0,126,50,4855.0,64.056634,2.4,1.0,1,1,1,1,1,1,0,0,1,0,0,0,0,3,10.5,50.0
16161,40.39572,-3.6842,2,0.0,1.0,50.0,100.0,1,0.08,84,200,3917.0,55.025641,1.9,1.0,1,1,1,1,1,1,0,0,0,0,0,0,0,3,18.0,50.0
16162,40.43821,-3.64216,1,1.0,1.0,23.0,100.0,1,0.08,148,50,2893.0,50.090625,6.5,1.0,0,0,0,0,0,1,0,0,0,1,0,0,0,4,10.5,50.0
16163,40.41569,-3.70001,1,5.0,6.0,33.0,0.0,23,0.0,170,50,4503.0,68.043894,0.8,3.0,0,0,0,0,0,1,0,1,0,1,0,0,0,10,16.5,50.0
16164,40.44409,-3.69926,6,2.0,4.0,49.0,80.0,1,0.18,399,200,4855.0,64.056634,2.4,1.0,1,0,0,0,0,1,0,1,1,0,1,0,0,2,48.0,50.0
16165,40.42896,-3.7073,4,1.0,2.0,58.0,91.0,2,2.83,592,200,4503.0,68.043894,0.8,1.0,1,0,0,0,0,1,0,1,0,0,1,1,0,2,33.0,100.0
16166,40.43742,-3.69855,2,1.0,1.0,55.0,50.0,1,1.82,332,200,4855.0,64.056634,2.4,1.0,1,0,0,0,0,1,0,1,0,0,0,0,0,3,18.0,100.0
16167,40.39519,-3.73326,3,1.0,1.0,40.0,0.0,1,0.0,193,200,2195.0,47.402837,6.6,1.0,1,0,0,0,0,1,0,1,0,0,0,0,0,3,25.5,50.0
16168,40.40607,-3.65004,5,4.0,4.0,40.0,0.0,3,0.0,315,200,2547.0,45.581197,5.0,1.0,1,0,0,0,0,1,0,0,0,0,1,0,1,8,40.5,50.0
16169,40.40822,-3.7064,2,1.0,1.0,70.0,0.0,2,0.0,224,200,4503.0,68.043894,0.8,1.0,1,0,0,0,0,1,0,1,0,0,1,0,0,5,18.0,100.0
16170,40.40002,-3.64069,5,4.0,4.0,40.0,0.0,3,0.0,254,200,2547.0,45.581197,5.0,1.0,1,0,0,0,0,1,0,0,0,0,1,0,0,8,40.5,50.0
16171,40.39519,-3.69947,6,2.0,3.0,44.0,78.0,22,3.33,285,200,3917.0,55.025641,1.9,1.0,1,0,0,0,0,1,0,1,0,0,0,0,0,2,48.0,50.0
16172,40.42557,-3.67239,4,1.0,2.0,42.0,86.0,22,4.98,244,200,5328.0,74.694253,2.2,1.0,1,0,0,0,0,1,0,0,0,0,0,0,0,2,33.0,50.0
16173,40.3893,-3.75696,4,2.0,2.0,49.0,0.0,1,0.0,173,200,2287.0,47.008319,4.7,1.0,1,0,0,0,0,1,0,0,0,0,0,0,0,3,33.0,50.0
16174,40.40021,-3.69741,2,1.0,2.0,35.0,0.0,1,0.0,96,50,3917.0,55.025641,1.9,1.0,0,0,0,0,0,1,0,1,0,0,0,0,0,2,18.0,50.0
16175,40.41162,-3.69901,4,2.0,2.0,125.0,100.0,1,0.08,194,200,4503.0,68.043894,0.8,2.0,1,0,0,0,0,1,0,1,0,0,1,0,0,2,36.0,150.0
16176,40.42626,-3.70157,4,1.0,2.0,300.0,0.0,1,0.0,181,200,4503.0,68.043894,0.8,2.0,1,0,0,0,0,1,0,1,0,0,1,0,0,9,36.0,200.0
16177,40.38264,-3.73038,1,1.0,1.0,35.0,0.0,1,0.0,93,50,2195.0,47.402837,6.6,1.0,0,0,0,0,0,1,0,0,0,0,0,0,0,4,10.5,50.0
16178,40.42893,-3.67133,1,1.0,1.0,25.0,100.0,3,0.54,602,50,5328.0,74.694253,2.2,1.0,1,0,0,0,0,1,0,1,1,0,1,0,0,8,10.5,50.0
16179,40.39112,-3.66283,4,0.0,2.0,66.0,72.0,40,0.7,231,200,1890.0,41.443535,5.0,1.0,1,0,0,0,0,1,0,1,0,0,1,0,0,5,33.0,100.0
16180,40.39712,-3.68467,2,2.0,2.0,24.0,0.0,7,0.0,210,50,3917.0,55.025641,1.9,2.0,0,0,0,0,0,1,1,1,1,0,1,0,0,12,21.0,50.0
16181,40.45621,-3.70747,1,1.0,1.0,14.0,0.0,1,0.0,67,50,3476.0,60.621287,5.9,2.5,1,0,0,0,0,1,0,0,0,0,0,0,0,3,15.0,50.0
16182,40.41336,-3.699,6,3.0,3.0,67.0,0.0,2,0.0,171,200,4503.0,68.043894,0.8,1.0,1,1,1,1,1,1,0,1,0,0,0,0,0,5,48.0,100.0
16183,40.42259,-3.69806,3,1.0,1.0,74.0,0.0,3,0.0,245,50,4503.0,68.043894,0.8,1.0,0,0,0,0,0,1,0,1,1,0,0,0,0,4,25.5,100.0
16184,40.39852,-3.67227,1,1.0,1.0,20.0,0.0,1,0.0,159,50,4220.0,63.672727,3.2,1.0,0,1,1,1,1,1,0,1,1,0,0,0,0,5,10.5,50.0
16185,40.39336,-3.70702,2,1.0,2.0,35.0,0.0,1,0.0,41,50,2195.0,47.402837,6.6,1.0,1,0,0,0,0,0,0,0,0,0,0,0,0,5,18.0,50.0
16186,40.38749,-3.71752,2,1.0,2.0,35.0,0.0,1,0.0,272,50,2195.0,47.402837,6.6,1.0,0,0,0,0,0,1,0,1,0,0,1,0,0,2,18.0,50.0
16187,40.44436,-3.67376,1,1.0,1.0,18.0,0.0,2,0.0,116,50,4508.0,67.220486,5.8,2.0,0,0,0,0,0,1,0,0,0,0,1,0,0,10,13.5,50.0
16188,40.43788,-3.67376,2,1.0,2.0,35.0,0.0,1,0.0,77,50,5328.0,74.694253,2.2,1.0,0,0,0,0,0,1,0,0,0,0,0,0,0,2,18.0,50.0
16189,40.36279,-3.76193,1,0.0,1.0,20.0,0.0,3,0.0,166,50,2195.0,47.402837,6.6,1.0,0,0,0,0,0,1,0,0,0,0,1,0,0,5,10.5,50.0
16190,40.41658,-3.71004,5,2.0,3.0,112.0,0.0,4,0.0,300,200,4503.0,68.043894,0.8,1.0,1,0,0,0,0,1,0,1,0,0,1,0,0,3,40.5,150.0
16191,40.41054,-3.71232,7,3.0,4.0,230.0,98.0,1,1.04,396,200,4503.0,68.043894,0.8,3.0,1,0,0,0,0,1,0,1,0,0,1,0,0,2,61.5,200.0
16192,40.41517,-3.70652,2,1.0,2.0,52.0,0.0,1,0.0,169,50,4503.0,68.043894,0.8,1.0,0,0,0,0,0,1,0,1,0,0,1,0,0,5,18.0,100.0
16193,40.4354,-3.65217,3,1.0,2.0,40.0,0.0,2,0.0,85,50,2893.0,50.090625,6.5,1.0,0,0,0,0,0,1,0,0,0,0,1,0,0,2,25.5,50.0
16195,40.40643,-3.70132,4,1.0,2.0,50.0,0.0,15,0.0,224,200,4503.0,68.043894,0.8,1.0,1,1,1,1,1,1,0,1,0,0,0,0,0,4,33.0,50.0
16196,40.42335,-3.70386,4,1.0,2.0,45.0,0.0,15,0.0,313,200,4503.0,68.043894,0.8,1.0,1,1,1,1,1,1,0,1,1,0,0,0,0,4,33.0,50.0
16197,40.42389,-3.70241,3,1.0,1.0,40.0,0.0,15,0.0,281,200,4503.0,68.043894,0.8,1.0,1,1,1,1,1,1,0,1,1,0,0,0,0,4,25.5,50.0
16198,40.40179,-3.68109,4,1.0,1.0,95.0,100.0,2,1.0,456,200,3917.0,55.025641,1.9,1.0,1,0,0,0,0,1,0,1,0,1,0,0,0,7,33.0,100.0
16199,40.39035,-3.74111,2,1.0,2.0,32.0,0.0,1,0.0,148,50,2195.0,47.402837,6.6,1.0,0,0,0,0,0,1,0,0,0,0,0,0,0,3,18.0,50.0
16200,40.42266,-3.70791,4,1.0,2.0,58.0,60.0,53,1.0,529,200,4503.0,68.043894,0.8,1.0,1,0,0,0,0,1,0,1,1,0,1,0,0,9,33.0,100.0
16201,40.38395,-3.75832,1,1.0,2.0,98.0,0.0,1,0.0,213,50,2195.0,47.402837,6.6,1.0,1,0,0,0,0,1,0,1,0,0,0,0,0,6,10.5,100.0
16202,40.41263,-3.7279,1,1.0,1.0,35.0,0.0,1,0.0,111,50,2287.0,47.008319,4.7,1.0,0,1,1,1,1,1,0,0,0,0,0,0,0,5,10.5,50.0
16203,40.4207,-3.69892,3,1.0,2.0,45.0,100.0,3,0.33,493,50,4503.0,68.043894,0.8,1.5,1,0,0,0,0,1,0,1,1,0,0,1,0,2,27.0,50.0
16204,40.42864,-3.70217,5,2.0,3.0,88.0,84.0,1,0.79,238,200,4503.0,68.043894,0.8,1.0,1,0,0,0,0,1,0,1,1,0,0,0,0,2,40.5,100.0
16205,40.4314,-3.70671,4,1.0,2.0,52.0,100.0,1,0.44,408,200,4855.0,64.056634,2.4,1.0,1,0,0,0,0,1,0,1,1,1,1,0,0,2,33.0,100.0
16206,40.39935,-3.60288,1,1.0,1.0,20.0,0.0,1,0.0,192,50,2246.0,55.472222,11.2,1.0,0,1,1,1,1,1,0,0,0,0,1,0,0,2,10.5,50.0
16208,40.47392,-3.57763,7,3.0,3.0,230.0,0.0,3,0.0,695,200,3047.0,56.183432,11.8,2.0,1,0,0,0,0,0,0,1,0,0,1,0,0,8,58.5,200.0
16209,40.46842,-3.70062,1,1.0,1.0,25.0,0.0,1,0.0,188,50,3476.0,60.621287,5.9,1.0,0,0,0,0,0,1,0,0,0,0,1,0,0,2,10.5,50.0
16210,40.43535,-3.65282,3,1.0,2.0,33.0,0.0,2,0.0,137,50,2893.0,50.090625,6.5,1.0,1,1,1,1,1,1,0,0,1,0,1,0,0,2,25.5,50.0
16211,40.42261,-3.69947,2,1.0,1.0,55.0,100.0,1,0.08,154,50,4503.0,68.043894,0.8,1.0,0,0,0,0,0,1,0,1,0,0,0,0,0,2,18.0,100.0
16212,40.39004,-3.76632,1,1.0,2.0,98.0,0.0,1,0.0,197,50,2287.0,47.008319,4.7,1.0,1,0,0,0,0,1,0,1,0,0,1,0,0,2,10.5,100.0
16213,40.38081,-3.71134,5,1.0,2.0,35.0,0.0,35,0.0,177,200,2316.0,43.910072,4.6,1.0,1,0,0,0,0,1,0,1,0,0,1,0,0,2,40.5,50.0
16214,40.42436,-3.69685,4,2.0,2.0,171.0,0.0,101,0.0,216,200,4503.0,68.043894,0.8,6.0,1,0,0,0,0,1,0,1,0,0,0,0,0,6,48.0,200.0
16215,40.43777,-3.70337,6,2.0,2.0,51.0,20.0,35,0.14,159,200,4855.0,64.056634,2.4,1.0,1,0,0,0,0,1,0,0,0,0,1,0,0,2,48.0,100.0
16216,40.38698,-3.66926,4,1.0,1.0,25.0,0.0,35,0.0,177,200,1890.0,41.443535,5.0,1.0,1,0,0,0,0,1,0,1,0,0,1,0,0,2,33.0,50.0
16217,40.43475,-3.70181,5,2.0,2.0,60.0,100.0,35,0.22,157,200,4855.0,64.056634,2.4,1.0,1,0,0,0,0,1,0,0,0,0,1,0,0,2,40.5,100.0
16218,40.42386,-3.64845,2,1.0,1.0,48.0,0.0,2,0.0,207,200,2893.0,50.090625,6.5,1.0,1,1,1,1,1,1,0,0,0,0,1,0,0,2,18.0,50.0
16219,40.45251,-3.70202,4,1.0,2.0,55.0,0.0,35,0.0,177,200,3476.0,60.621287,5.9,1.0,1,0,0,0,0,1,0,1,0,0,1,0,0,2,33.0,100.0
16220,40.43874,-3.69627,7,2.0,1.0,50.0,0.0,35,0.0,157,200,4855.0,64.056634,2.4,1.0,1,0,0,0,0,1,0,0,0,0,1,0,0,2,55.5,50.0
16221,40.42105,-3.70653,2,1.0,1.0,55.0,0.0,2,0.0,197,200,4503.0,68.043894,0.8,1.0,1,1,1,1,1,1,0,0,1,0,1,0,0,8,18.0,100.0
16222,40.42305,-3.70494,1,1.0,1.0,32.0,0.0,1,0.0,192,50,4503.0,68.043894,0.8,1.0,0,0,0,0,0,1,0,1,0,0,1,0,0,9,10.5,50.0
16223,40.43058,-3.72024,1,1.0,1.0,45.0,0.0,5,0.0,239,50,3555.0,63.451906,5.9,1.0,1,0,0,0,0,1,0,1,0,0,1,0,0,10,10.5,50.0
16224,40.4299,-3.72048,2,1.0,1.0,80.0,0.0,5,0.0,234,200,3555.0,63.451906,5.9,1.0,1,0,0,0,0,1,0,1,0,0,1,0,0,10,18.0,100.0
16225,40.38817,-3.73985,7,2.0,3.0,40.0,70.0,35,0.16,157,200,2195.0,47.402837,6.6,1.0,1,0,0,0,0,1,0,0,0,0,1,0,0,2,55.5,50.0
16226,40.37481,-3.74063,7,3.0,4.0,45.0,0.0,35,0.0,178,200,2195.0,47.402837,6.6,1.0,1,0,0,0,0,1,0,0,0,0,1,0,0,2,55.5,50.0
16227,40.42363,-3.67145,1,1.0,1.0,16.0,100.0,2,0.37,148,50,5328.0,74.694253,2.2,1.0,0,1,1,1,1,1,0,0,1,0,1,0,0,7,10.5,50.0
16228,40.43619,-3.70135,5,1.0,3.0,71.0,0.0,19,0.0,82,200,4855.0,64.056634,2.4,1.0,1,0,0,0,0,1,0,0,0,0,0,0,0,2,40.5,100.0
16229,40.43561,-3.70446,4,1.0,2.0,59.0,0.0,19,0.0,82,200,4855.0,64.056634,2.4,1.0,1,0,0,0,0,1,0,0,0,0,0,0,0,2,33.0,100.0
16230,40.43519,-3.71164,6,2.0,4.0,70.0,0.0,19,0.0,82,200,4855.0,64.056634,2.4,1.0,1,0,0,0,0,1,0,0,0,0,0,0,0,2,48.0,100.0
16232,40.38637,-3.73585,4,1.0,2.0,15.0,0.0,1,0.0,44,50,2195.0,47.402837,6.6,1.0,0,0,0,0,0,0,0,0,0,0,0,0,0,2,33.0,50.0
16233,40.41347,-3.70849,1,1.0,2.0,30.0,0.0,1,0.0,62,50,4503.0,68.043894,0.8,1.0,0,0,0,0,0,0,0,0,0,0,0,0,0,2,10.5,50.0
16234,40.41873,-3.69955,2,1.0,2.0,27.0,88.0,10,5.15,224,50,4503.0,68.043894,0.8,1.0,1,1,1,1,1,1,0,1,1,0,0,0,0,10,18.0,50.0
16235,40.45671,-3.6993,1,1.0,1.0,23.0,0.0,13,0.0,220,50,3476.0,60.621287,5.9,1.0,0,0,0,0,0,1,0,0,1,0,1,0,0,2,10.5,50.0
16236,40.42154,-3.71001,2,1.0,1.0,135.0,0.0,1,0.0,159,50,4503.0,68.043894,0.8,1.0,1,0,0,0,0,1,0,1,0,0,0,0,0,4,18.0,150.0
16237,40.44111,-3.70839,5,0.0,3.0,40.0,0.0,35,0.0,157,200,4855.0,64.056634,2.4,1.0,1,0,0,0,0,1,0,0,0,0,1,0,0,2,40.5,50.0
16238,40.42368,-3.68212,2,1.0,1.0,70.0,0.0,1,0.0,151,200,5328.0,74.694253,2.2,1.0,1,1,1,1,1,1,0,1,1,0,0,0,0,3,18.0,100.0
16239,40.45889,-3.67596,8,2.0,4.0,40.0,96.0,1,1.75,388,200,4508.0,67.220486,5.8,2.0,1,0,0,0,0,1,0,1,1,0,1,0,0,2,66.0,50.0
16240,40.43784,-3.71005,1,1.0,2.0,16.0,0.0,8,0.0,139,50,4855.0,64.056634,2.4,2.0,0,0,0,0,0,1,0,0,0,0,1,0,0,7,13.5,50.0
16241,40.42044,-3.67555,1,1.0,2.0,23.0,20.0,8,0.09,115,50,4220.0,63.672727,3.2,2.0,0,0,0,0,0,1,0,0,0,0,1,0,0,7,13.5,50.0
16242,40.38909,-3.73034,5,0.0,3.0,40.0,0.0,35,0.0,157,200,2195.0,47.402837,6.6,1.0,1,0,0,0,0,1,0,0,0,0,1,0,0,2,40.5,50.0
16243,40.41758,-3.69803,1,1.0,1.0,18.0,80.0,22,0.13,260,50,4503.0,68.043894,0.8,3.0,1,1,1,1,1,1,0,0,0,0,0,0,0,11,16.5,50.0
16244,40.41553,-3.7042,5,3.0,4.0,142.0,100.0,1,0.12,299,200,4503.0,68.043894,0.8,3.0,1,0,0,0,0,1,0,0,0,1,1,0,0,2,46.5,150.0
16245,40.44492,-3.61294,1,0.0,1.0,15.0,100.0,1,0.59,156,50,2477.0,70.967532,7.3,0.0,0,0,0,0,0,1,0,0,0,0,0,0,0,3,7.5,50.0
16246,40.42084,-3.70983,3,1.0,3.0,61.0,0.0,2,0.0,571,200,4503.0,68.043894,0.8,1.5,1,0,0,0,0,1,0,1,0,0,1,0,1,7,27.0,100.0
16247,40.38533,-3.72363,2,1.0,2.0,24.0,0.0,1,0.0,143,50,2195.0,47.402837,6.6,2.0,1,0,0,0,0,1,0,1,0,0,1,0,0,8,21.0,50.0
16249,40.38711,-3.73496,6,3.0,6.0,79.0,100.0,2,0.1,150,200,2195.0,47.402837,6.6,1.0,1,0,0,0,0,1,0,1,0,0,0,0,0,6,48.0,100.0
16250,40.42272,-3.70813,4,1.0,1.0,54.0,0.0,6,0.0,425,200,4503.0,68.043894,0.8,1.0,1,0,0,0,0,1,0,0,0,0,1,0,0,11,33.0,100.0
16251,40.41049,-3.71239,4,1.0,1.0,60.0,0.0,6,0.0,429,200,4503.0,68.043894,0.8,1.0,1,0,0,0,0,1,0,1,0,0,1,0,0,11,33.0,100.0
16252,40.43489,-3.7066,2,2.0,2.0,26.0,0.0,2,0.0,128,50,4855.0,64.056634,2.4,2.0,0,1,1,1,1,1,0,0,1,0,0,0,0,3,21.0,50.0
16253,40.43568,-3.7052,2,2.0,2.0,25.0,0.0,2,0.0,140,50,4855.0,64.056634,2.4,1.5,0,1,1,1,1,1,0,0,1,0,1,0,0,3,19.5,50.0
16254,40.42536,-3.68257,4,2.0,1.0,62.0,0.0,69,0.0,164,200,5328.0,74.694253,2.2,2.0,1,0,0,0,0,1,0,1,0,0,0,0,0,3,36.0,100.0
16255,40.40103,-3.664,4,1.0,2.0,57.0,100.0,40,0.61,438,200,1890.0,41.443535,5.0,1.0,1,0,0,0,0,1,0,1,1,1,1,0,0,5,33.0,100.0
16256,40.42185,-3.68463,7,3.0,4.0,45.0,0.0,1,0.0,412,200,5328.0,74.694253,2.2,3.0,1,0,0,0,0,1,0,1,1,0,1,0,0,2,61.5,50.0
16257,40.41573,-3.70392,6,1.0,3.0,140.0,0.0,2,0.0,539,200,4503.0,68.043894,0.8,1.0,1,0,0,0,0,1,0,1,1,1,0,0,0,2,48.0,150.0
16258,40.4282,-3.64737,2,1.0,1.0,42.0,99.0,2,2.02,415,200,2893.0,50.090625,6.5,1.0,1,0,0,0,0,1,0,0,0,1,0,0,0,3,18.0,50.0
16259,40.43813,-3.68133,2,1.0,1.0,72.0,0.0,2,0.0,385,200,4508.0,67.220486,5.8,1.0,1,0,0,0,0,1,0,1,0,0,1,1,0,2,18.0,100.0
16260,40.4205,-3.70995,2,1.0,1.0,85.0,0.0,8,0.0,173,200,4503.0,68.043894,0.8,1.0,1,0,0,0,0,1,0,1,1,0,0,0,0,3,18.0,100.0
16261,40.40135,-3.6386,2,1.0,1.0,30.0,0.0,1,0.0,109,50,2547.0,45.581197,5.0,1.5,0,1,1,1,1,1,0,0,0,0,1,0,0,6,19.5,50.0
16262,40.42387,-3.69248,2,1.0,1.0,71.0,0.0,69,0.0,164,200,4503.0,68.043894,0.8,1.5,1,0,0,0,0,1,0,1,0,0,0,0,0,3,19.5,100.0
16263,40.424,-3.69254,4,2.0,3.0,130.0,0.0,69,0.0,164,200,4503.0,68.043894,0.8,2.0,1,0,0,0,0,1,0,1,0,0,0,0,0,3,36.0,150.0
16264,40.42525,-3.6933,4,1.0,2.0,62.0,0.0,69,0.0,164,200,4503.0,68.043894,0.8,1.0,1,0,0,0,0,1,0,1,0,0,0,0,0,3,33.0,100.0
16265,40.42234,-3.68803,2,1.0,1.0,103.0,0.0,69,0.0,164,200,5328.0,74.694253,2.2,1.0,1,0,0,0,0,1,0,1,0,0,0,0,0,3,18.0,150.0
16266,40.42938,-3.68484,4,2.0,2.0,173.0,0.0,69,0.0,164,200,5328.0,74.694253,2.2,2.0,1,0,0,0,0,1,0,1,0,0,0,0,0,3,36.0,200.0
16267,40.41445,-3.70154,4,2.0,3.0,72.0,0.0,69,0.0,164,200,4503.0,68.043894,0.8,2.0,1,0,0,0,0,1,0,1,0,0,0,0,0,3,36.0,100.0
16268,40.42566,-3.70132,2,1.0,1.0,69.0,0.0,69,0.0,164,200,4503.0,68.043894,0.8,1.0,1,0,0,0,0,1,0,1,0,0,0,0,0,3,18.0,100.0
16269,40.42355,-3.70067,2,1.0,1.0,92.0,0.0,69,0.0,164,200,4503.0,68.043894,0.8,1.0,1,0,0,0,0,1,0,1,0,0,0,0,0,3,18.0,100.0
16270,40.42439,-3.71421,2,1.0,1.0,65.0,0.0,69,0.0,164,200,3555.0,63.451906,5.9,1.0,1,0,0,0,0,1,0,1,0,0,0,0,0,3,18.0,100.0
16271,40.43423,-3.68123,4,2.0,3.0,98.0,0.0,69,0.0,164,200,5328.0,74.694253,2.2,2.0,1,0,0,0,0,1,0,1,0,0,0,0,0,3,36.0,100.0
16272,40.45927,-3.68597,2,1.0,1.0,87.0,0.0,69,0.0,164,200,4508.0,67.220486,5.8,1.0,1,0,0,0,0,1,0,1,0,0,0,0,0,3,18.0,100.0
16273,40.40972,-3.64994,1,1.0,1.0,24.0,100.0,2,0.27,334,50,2547.0,45.581197,5.0,1.0,0,0,0,0,0,1,0,0,0,0,0,0,0,5,10.5,50.0
16274,40.43538,-3.69856,2,0.0,1.0,44.0,0.0,19,0.0,73,200,4855.0,64.056634,2.4,1.0,1,0,0,0,0,1,0,0,0,0,0,0,0,2,18.0,50.0
16275,40.41475,-3.72605,1,1.0,1.0,20.0,0.0,1,0.0,130,50,2287.0,47.008319,4.7,1.0,0,0,0,0,0,0,0,0,1,0,1,0,0,7,10.5,50.0
16276,40.45215,-3.61399,2,1.0,1.0,40.0,85.0,4,0.38,842,50,3312.0,62.061453,9.2,1.5,1,0,0,0,0,1,1,0,0,1,1,0,0,8,19.5,50.0
16277,40.40881,-3.71068,3,1.0,5.0,45.0,0.0,15,0.0,419,200,4503.0,68.043894,0.8,1.0,1,1,1,1,1,1,0,1,1,0,0,0,1,4,25.5,50.0
16278,40.45225,-3.61352,4,1.0,2.0,70.0,0.0,4,0.0,591,50,3312.0,62.061453,9.2,1.5,1,0,0,0,0,1,1,0,0,1,1,0,0,8,34.5,100.0
16280,40.42046,-3.70357,1,1.0,1.0,41.0,0.0,9,0.0,156,50,4503.0,68.043894,0.8,1.0,1,0,0,1,0,1,0,1,1,0,1,0,0,6,10.5,50.0
16282,40.41843,-3.70429,3,1.0,2.0,68.0,0.0,9,0.0,157,200,4503.0,68.043894,0.8,1.0,1,0,0,1,0,1,0,1,1,0,1,0,0,6,25.5,100.0
16283,40.42046,-3.70388,3,1.0,3.0,69.0,0.0,9,0.0,148,50,4503.0,68.043894,0.8,1.0,1,0,0,1,0,1,0,1,1,0,0,0,0,6,25.5,100.0
16284,40.41848,-3.7032,2,1.0,1.0,65.0,0.0,9,0.0,158,200,4503.0,68.043894,0.8,1.0,1,0,0,1,0,0,0,1,0,0,1,0,0,6,18.0,100.0
16285,40.41988,-3.70523,2,1.0,2.0,58.0,0.0,9,0.0,148,50,4503.0,68.043894,0.8,1.0,1,0,0,1,0,1,0,1,1,0,0,0,0,6,18.0,100.0
16288,40.40874,-3.70827,4,1.0,3.0,55.0,0.0,3,0.0,285,200,4503.0,68.043894,0.8,1.0,1,0,0,0,0,1,0,1,0,0,1,0,0,3,33.0,100.0
16291,40.40827,-3.70829,4,1.0,3.0,55.0,0.0,3,0.0,410,200,4503.0,68.043894,0.8,1.0,1,0,0,0,0,1,0,1,0,0,1,0,0,3,33.0,100.0
16296,40.42017,-3.7086,1,1.0,1.0,16.0,76.0,29,1.3,141,50,4503.0,68.043894,0.8,2.0,0,0,0,0,0,1,0,0,1,0,1,0,0,3,13.5,50.0
16300,40.41842,-3.70765,1,1.0,1.0,16.0,72.0,29,1.41,96,50,4503.0,68.043894,0.8,2.0,0,0,0,0,0,1,0,0,1,0,0,0,0,3,13.5,50.0
16301,40.43388,-3.6916,3,1.0,1.0,79.0,0.0,22,0.0,549,200,4855.0,64.056634,2.4,1.0,1,0,0,0,0,1,0,1,1,0,0,0,0,6,25.5,100.0
16302,40.45949,-3.68752,2,1.0,1.0,72.0,0.0,69,0.0,164,200,4508.0,67.220486,5.8,1.0,1,0,0,0,0,1,0,1,0,0,0,0,0,3,18.0,100.0
16303,40.42597,-3.69175,2,1.0,1.0,71.0,0.0,69,0.0,164,200,4855.0,64.056634,2.4,1.0,1,0,0,0,0,1,0,1,0,0,0,0,0,3,18.0,100.0
16304,40.42622,-3.69124,3,2.0,2.0,108.0,0.0,69,0.0,164,200,4855.0,64.056634,2.4,2.0,1,0,0,0,0,1,0,1,0,0,0,0,0,3,28.5,150.0
16305,40.43173,-3.6734,2,1.0,1.0,81.0,0.0,69,0.0,164,200,5328.0,74.694253,2.2,1.0,1,0,0,0,0,1,0,1,0,0,0,0,0,3,18.0,100.0
16306,40.42235,-3.69868,2,1.0,1.0,28.0,93.0,1,0.99,225,200,4503.0,68.043894,0.8,1.0,1,0,0,0,0,1,0,1,0,1,1,0,0,2,18.0,50.0
16307,40.41568,-3.70329,3,2.0,2.0,116.0,100.0,2,1.43,261,200,4503.0,68.043894,0.8,2.0,1,0,0,0,0,1,0,1,1,0,0,0,0,2,28.5,150.0
16308,40.43117,-3.69373,2,1.0,1.0,62.0,0.0,69,0.0,164,200,4855.0,64.056634,2.4,1.0,1,0,0,0,0,1,0,1,0,0,0,0,0,3,18.0,100.0
16309,40.46679,-3.6873,2,1.0,1.0,98.0,100.0,2,0.41,498,200,4508.0,67.220486,5.8,1.0,1,0,0,0,0,1,0,1,0,0,1,0,0,2,18.0,100.0
16310,40.47381,-3.63988,2,1.0,1.0,45.0,0.0,4,0.0,193,50,3312.0,62.061453,9.2,1.0,0,0,0,0,0,1,0,1,0,0,0,0,0,2,18.0,50.0
16311,40.43093,-3.68732,4,2.0,3.0,135.0,0.0,69,0.0,164,200,5328.0,74.694253,2.2,2.0,1,0,0,0,0,1,0,1,0,0,0,0,0,3,36.0,150.0
16312,40.42918,-3.68557,6,2.0,2.0,180.0,0.0,1,0.0,234,200,5328.0,74.694253,2.2,2.0,1,0,0,0,0,1,0,1,1,0,0,0,0,7,51.0,200.0
16313,40.40918,-3.70616,1,1.0,1.0,43.0,0.0,2,0.0,220,50,4503.0,68.043894,0.8,1.5,1,0,0,0,0,1,0,0,0,1,0,0,0,9,12.0,50.0
16314,40.4211,-3.69067,4,2.0,3.0,108.0,0.0,69,0.0,164,200,5328.0,74.694253,2.2,2.5,1,0,0,0,0,1,0,1,0,0,0,0,0,3,37.5,150.0
16315,40.41274,-3.69661,6,3.0,4.0,200.0,100.0,1,0.34,333,200,4503.0,68.043894,0.8,2.0,1,0,0,0,0,1,0,1,1,0,1,0,0,2,51.0,200.0
16316,40.42943,-3.67246,3,2.0,2.0,62.0,0.0,69,0.0,164,200,5328.0,74.694253,2.2,1.0,1,0,0,0,0,1,0,1,0,0,0,0,0,3,25.5,100.0
16317,40.42571,-3.67483,6,3.0,6.0,195.0,0.0,3,0.0,277,200,5328.0,74.694253,2.2,2.0,1,1,1,1,1,1,0,1,1,0,1,0,0,3,51.0,200.0
16318,40.38565,-3.72402,2,0.0,1.0,25.0,94.0,1,3.34,224,50,2195.0,47.402837,6.6,1.0,0,0,0,0,0,1,0,1,0,0,0,0,0,2,18.0,50.0
16319,40.42438,-3.68278,7,4.0,5.0,290.0,100.0,1,0.7,283,200,5328.0,74.694253,2.2,4.5,1,0,0,0,0,1,0,1,1,0,0,0,0,2,66.0,200.0
16320,40.41957,-3.69281,6,3.0,4.0,218.0,100.0,1,1.55,304,200,5328.0,74.694253,2.2,3.0,1,0,0,0,0,1,0,1,1,0,1,0,0,2,54.0,200.0
16321,40.41356,-3.70277,6,1.0,3.0,57.0,97.0,2,2.7,264,200,4503.0,68.043894,0.8,1.5,1,0,0,0,0,0,0,1,0,0,1,0,0,2,49.5,100.0
16322,40.41059,-3.69376,6,3.0,5.0,299.0,100.0,1,0.14,310,200,4503.0,68.043894,0.8,2.5,1,0,0,0,0,1,0,1,1,0,0,0,0,2,52.5,200.0
16323,40.48066,-3.72268,1,1.0,1.0,23.0,0.0,1,0.0,193,50,3545.0,57.198083,16.4,1.0,0,0,0,0,0,1,0,0,0,0,0,0,0,5,10.5,50.0
16324,40.41082,-3.69393,4,2.0,3.0,186.0,97.0,1,0.79,289,200,4503.0,68.043894,0.8,2.5,1,0,0,0,0,1,0,1,1,0,0,0,0,2,37.5,200.0
16325,40.42347,-3.70119,4,2.0,3.0,75.0,0.0,69,0.0,164,200,4503.0,68.043894,0.8,2.0,1,0,0,0,0,1,0,1,0,0,0,0,0,3,36.0,100.0
16326,40.42867,-3.68515,6,3.0,5.0,270.0,0.0,69,0.0,164,200,5328.0,74.694253,2.2,3.5,1,0,0,0,0,1,0,1,0,0,0,0,0,3,55.5,200.0
16327,40.42975,-3.68641,6,2.0,4.0,256.0,98.0,1,1.28,338,200,5328.0,74.694253,2.2,3.0,1,0,0,0,0,1,0,1,1,0,1,0,0,2,54.0,200.0
16328,40.48156,-3.66713,1,1.0,2.0,35.0,0.0,3,0.0,214,50,2893.0,50.090625,6.5,0.0,0,0,0,0,0,1,1,0,0,0,1,0,0,10,7.5,50.0
16329,40.41335,-3.70692,3,1.0,1.0,52.0,100.0,12,0.24,393,200,4503.0,68.043894,0.8,2.0,1,0,0,0,0,1,0,1,0,1,1,0,0,5,28.5,100.0
16330,40.41961,-3.67849,2,1.0,1.0,60.0,100.0,1,0.1,497,200,4220.0,63.672727,3.2,1.0,1,0,0,0,0,1,0,1,0,0,1,0,1,2,18.0,100.0
16331,40.40918,-3.70807,1,1.0,1.0,83.0,0.0,1,0.0,98,50,4503.0,68.043894,0.8,1.0,1,0,0,0,0,1,0,0,0,0,0,0,0,2,10.5,100.0
16332,40.42181,-3.70203,4,1.0,1.0,46.0,94.0,2,4.08,353,200,4503.0,68.043894,0.8,1.0,1,0,0,0,0,1,0,1,0,0,0,0,0,3,33.0,50.0
16333,40.41068,-3.71476,4,2.0,3.0,200.0,80.0,1,0.41,284,200,4503.0,68.043894,0.8,2.0,1,0,0,0,0,1,0,1,0,0,0,0,0,2,36.0,200.0
16334,40.45958,-3.68683,4,2.0,3.0,103.0,0.0,69,0.0,164,200,4508.0,67.220486,5.8,1.0,1,0,0,0,0,1,0,1,0,0,0,0,0,3,33.0,150.0
16335,40.4333,-3.69054,3,1.0,2.0,94.0,0.0,22,0.0,575,200,4855.0,64.056634,2.4,1.0,1,0,0,0,0,1,0,1,1,1,1,0,0,6,25.5,100.0
16336,40.41613,-3.70614,6,2.0,2.0,107.0,100.0,13,0.24,329,200,4503.0,68.043894,0.8,1.0,1,0,0,0,0,1,0,1,1,0,1,0,0,4,48.0,150.0
16337,40.42058,-3.70693,4,1.0,2.0,79.0,0.0,13,0.0,243,200,4503.0,68.043894,0.8,2.0,1,0,0,0,0,1,0,1,0,0,1,0,0,4,36.0,100.0
16338,40.40603,-3.75044,2,1.0,1.0,20.0,1.0,2,1.0,69,50,2287.0,47.008319,4.7,1.5,1,1,1,1,1,1,1,1,1,1,1,1,1,4,19.5,50.0
16339,40.43454,-3.71708,3,0.0,2.0,500.0,0.0,2,0.0,120,200,4855.0,64.056634,2.4,1.0,1,0,0,0,0,1,0,1,0,0,0,0,0,6,25.5,200.0
16340,40.43269,-3.68479,6,3.0,4.0,137.0,0.0,69,0.0,164,200,5328.0,74.694253,2.2,2.0,1,0,0,0,0,1,0,1,0,0,0,0,0,3,51.0,150.0
16341,40.4291,-3.67756,6,3.0,4.0,141.0,0.0,69,0.0,164,200,5328.0,74.694253,2.2,2.0,1,0,0,0,0,1,0,1,0,0,0,0,0,3,51.0,150.0
16342,40.43583,-3.69136,4,2.0,3.0,108.0,0.0,69,0.0,164,200,4855.0,64.056634,2.4,2.0,1,0,0,0,0,1,0,1,0,0,0,0,0,3,36.0,150.0
16343,40.42555,-3.68133,4,2.0,3.0,112.0,0.0,69,0.0,164,200,5328.0,74.694253,2.2,2.0,1,0,0,0,0,1,0,1,0,0,0,0,0,3,36.0,150.0
16344,40.42213,-3.71026,4,2.0,3.0,105.0,0.0,69,0.0,57,200,4503.0,68.043894,0.8,2.0,1,0,0,0,0,0,0,0,0,0,0,0,0,3,36.0,150.0
16345,40.42304,-3.70844,2,1.0,1.0,87.0,0.0,69,0.0,164,200,4503.0,68.043894,0.8,1.0,1,0,0,0,0,1,0,1,0,0,0,0,0,3,18.0,100.0
16346,40.41943,-3.67269,4,2.0,2.0,92.0,0.0,69,0.0,164,200,4220.0,63.672727,3.2,1.0,1,0,0,0,0,1,0,1,0,0,0,0,0,3,33.0,100.0
16347,40.43601,-3.68306,5,3.0,1.0,130.0,0.0,69,0.0,164,200,5328.0,74.694253,2.2,2.5,1,0,0,0,0,1,0,1,0,0,0,0,0,3,45.0,150.0
16348,40.42794,-3.68394,6,3.0,3.0,232.0,0.0,69,0.0,164,200,5328.0,74.694253,2.2,3.0,1,0,0,0,0,1,0,1,0,0,0,0,0,3,54.0,200.0
16349,40.42894,-3.70145,2,1.0,1.0,92.0,0.0,69,0.0,164,200,4855.0,64.056634,2.4,1.0,1,0,0,0,0,1,0,1,0,0,0,0,0,3,18.0,100.0
16350,40.43269,-3.67736,2,1.0,1.0,62.0,0.0,69,0.0,164,200,5328.0,74.694253,2.2,1.0,1,0,0,0,0,1,0,1,0,0,0,0,0,3,18.0,100.0
16351,40.435,-3.67982,3,2.0,2.0,108.0,0.0,69,0.0,164,200,5328.0,74.694253,2.2,1.0,1,0,0,0,0,1,0,1,0,0,0,0,0,3,25.5,150.0
16352,40.42235,-3.68465,6,3.0,5.0,227.0,0.0,69,0.0,164,200,5328.0,74.694253,2.2,3.0,1,0,0,0,0,1,0,1,0,0,0,0,0,3,54.0,200.0
16353,40.43209,-3.67893,6,3.0,5.0,151.0,0.0,69,0.0,164,200,5328.0,74.694253,2.2,2.0,1,0,0,0,0,1,0,1,0,0,0,0,0,3,51.0,200.0
16354,40.4464,-3.66415,4,2.0,4.0,100.0,0.0,1,0.0,169,200,4508.0,67.220486,5.8,2.0,1,0,0,0,0,1,0,1,0,0,0,0,0,5,36.0,100.0
16355,40.40374,-3.70555,6,3.0,6.0,50.0,0.0,1,0.0,279,200,3917.0,55.025641,1.9,2.0,1,0,0,0,0,1,0,1,0,0,1,0,0,5,51.0,50.0
16356,40.41477,-3.6996,4,1.0,1.0,47.0,0.0,1,0.0,163,200,4503.0,68.043894,0.8,1.0,1,0,0,0,0,1,0,1,1,0,0,0,0,3,33.0,50.0
16357,40.41906,-3.7093,5,2.0,3.0,105.0,0.0,1,0.0,233,200,4503.0,68.043894,0.8,2.0,1,0,0,0,0,1,0,1,1,0,1,0,0,4,43.5,150.0
16358,40.43697,-3.62398,3,1.0,1.0,42.0,0.0,1,0.0,267,200,2477.0,70.967532,7.3,1.0,1,0,0,0,0,1,0,1,1,0,1,0,0,9,25.5,50.0
16359,40.39561,-3.69815,2,1.0,1.0,45.0,0.0,2,0.0,225,50,3917.0,55.025641,1.9,1.0,1,1,1,1,1,1,0,0,1,0,1,0,0,5,18.0,50.0
16362,40.42877,-3.6988,5,3.0,4.0,89.0,0.0,4,0.0,149,200,4855.0,64.056634,2.4,3.0,1,0,0,0,0,1,0,1,0,0,1,0,0,7,46.5,100.0
16363,40.42221,-3.6925,4,2.0,3.0,114.0,0.0,69,0.0,164,200,4503.0,68.043894,0.8,3.0,1,0,0,0,0,1,0,1,0,0,0,0,0,3,39.0,150.0
16365,40.40483,-3.69254,1,1.0,1.0,70.0,0.0,1,0.0,288,50,3917.0,55.025641,1.9,1.0,0,0,0,0,0,1,0,1,1,0,1,0,0,2,10.5,100.0
16366,40.41843,-3.70165,2,0.0,1.0,72.0,90.0,9,0.79,279,200,4503.0,68.043894,0.8,1.0,1,0,0,0,0,1,0,1,0,0,0,0,0,2,18.0,100.0
16367,40.41998,-3.70196,3,1.0,1.0,79.0,0.0,9,0.0,311,200,4503.0,68.043894,0.8,1.0,1,0,0,0,0,1,0,1,0,0,0,0,0,2,25.5,100.0
16368,40.41975,-3.69986,4,1.0,1.0,84.0,0.0,9,0.0,258,200,4503.0,68.043894,0.8,1.0,1,0,0,0,0,1,0,1,0,0,0,0,0,2,33.0,100.0
16369,40.41859,-3.70208,4,1.0,1.0,88.0,0.0,9,0.0,296,200,4503.0,68.043894,0.8,1.0,1,0,0,0,0,1,0,1,0,0,0,0,0,2,33.0,100.0
16370,40.47575,-3.58305,6,2.0,3.0,96.0,97.0,5,1.19,1092,200,3047.0,56.183432,11.8,1.5,1,0,0,0,0,0,0,0,0,1,0,0,1,10,49.5,100.0
16371,40.41164,-3.71195,4,2.0,4.0,40.0,0.0,3,0.0,184,200,4503.0,68.043894,0.8,1.0,1,0,0,0,0,1,0,1,0,0,1,0,0,4,33.0,50.0
16372,40.42099,-3.6758,1,1.0,2.0,20.0,0.0,8,0.0,115,50,4220.0,63.672727,3.2,2.0,1,0,0,0,0,1,0,0,0,0,1,0,0,7,13.5,50.0
16374,40.41192,-3.70015,4,2.0,2.0,213.0,0.0,62,0.0,446,200,4503.0,68.043894,0.8,1.0,1,0,0,0,0,1,0,1,1,0,1,0,0,5,33.0,200.0
16375,40.38923,-3.65309,2,1.0,1.0,17.0,0.0,6,0.0,111,50,1890.0,41.443535,5.0,1.0,0,0,0,0,0,1,0,0,0,0,0,0,0,11,18.0,50.0
16376,40.42402,-3.71458,4,2.0,3.0,72.0,0.0,69,0.0,164,200,3555.0,63.451906,5.9,1.0,1,0,0,0,0,1,0,1,0,0,0,0,0,3,33.0,100.0
16377,40.46413,-3.69588,1,1.0,1.0,28.0,0.0,3,0.0,180,50,3476.0,60.621287,5.9,1.5,0,0,0,0,0,1,0,1,0,0,1,0,0,2,12.0,50.0
16378,40.42405,-3.70606,6,3.0,3.0,150.0,0.0,1,0.0,129,200,4503.0,68.043894,0.8,2.0,1,0,0,0,0,1,0,0,0,0,1,0,0,6,51.0,150.0
16379,40.4076,-3.70181,4,2.0,2.0,105.0,0.0,1,0.0,220,200,4503.0,68.043894,0.8,2.0,1,0,0,0,0,1,0,1,1,0,1,0,0,9,36.0,150.0
16380,40.43731,-3.7095,1,1.0,2.0,14.0,100.0,8,0.1,139,50,4855.0,64.056634,2.4,2.0,0,0,0,0,0,1,0,0,0,0,1,0,0,7,13.5,50.0
16381,40.47552,-3.71556,4,2.0,2.0,50.0,0.0,4,0.0,503,50,3545.0,57.198083,16.4,1.0,0,1,1,1,1,1,0,1,1,0,1,0,0,4,33.0,50.0
16382,40.42455,-3.69876,4,1.0,2.0,37.0,0.0,62,0.0,458,200,4503.0,68.043894,0.8,1.0,1,0,0,0,0,1,0,1,1,1,1,0,0,5,33.0,50.0
16383,40.40686,-3.70066,3,1.0,2.0,47.0,91.0,62,0.75,440,200,4503.0,68.043894,0.8,1.0,1,0,0,0,0,1,0,1,0,1,1,0,0,5,25.5,50.0
16384,40.5068,-3.67085,6,3.0,5.0,128.0,97.0,67,0.66,413,200,3545.0,57.198083,16.4,2.0,1,0,0,0,0,1,1,1,0,0,1,0,0,7,51.0,150.0
16386,40.42921,-3.70253,6,1.0,3.0,70.0,100.0,3,0.1,195,200,4855.0,64.056634,2.4,1.0,1,0,0,0,0,1,0,1,1,0,1,0,0,7,48.0,100.0
16387,40.4302,-3.64074,1,1.0,1.0,15.0,0.0,4,0.0,192,50,2893.0,50.090625,6.5,1.0,0,1,1,1,1,1,0,1,0,0,0,0,0,5,10.5,50.0
16388,40.4274,-3.70306,5,1.0,2.0,60.0,80.0,3,0.11,195,200,4503.0,68.043894,0.8,1.0,1,0,0,0,0,1,0,1,1,0,1,0,0,7,40.5,100.0
16390,40.42192,-3.70257,6,4.0,4.0,162.0,0.0,69,0.0,164,200,4503.0,68.043894,0.8,3.0,1,0,0,0,0,1,0,1,0,0,0,0,0,3,54.0,200.0
16391,40.43672,-3.68353,2,1.0,1.0,71.0,0.0,69,0.0,164,200,5328.0,74.694253,2.2,1.0,1,0,0,0,0,1,0,1,0,0,0,0,0,3,18.0,100.0
16392,40.43469,-3.67868,4,2.0,3.0,108.0,0.0,69,0.0,164,200,5328.0,74.694253,2.2,2.0,1,0,0,0,0,1,0,1,0,0,0,0,0,3,36.0,150.0
16393,40.40699,-3.70105,6,2.0,5.0,54.0,0.0,1,0.0,488,200,4503.0,68.043894,0.8,1.0,1,0,0,0,0,1,0,1,0,0,0,0,0,2,48.0,100.0
16394,40.4551,-3.69217,2,1.0,1.0,50.0,80.0,1,0.18,274,200,3476.0,60.621287,5.9,1.0,1,0,0,0,0,1,0,1,0,0,1,0,0,3,18.0,50.0
16395,40.48475,-3.6911,2,0.0,2.0,40.0,0.0,2,0.0,255,200,3545.0,57.198083,16.4,1.0,1,0,0,0,0,1,0,1,0,0,0,0,0,4,18.0,50.0
16396,40.42323,-3.70507,5,5.0,8.0,23.0,100.0,2,1.0,498,50,4503.0,68.043894,0.8,5.5,1,0,0,0,0,1,0,0,0,1,0,0,0,3,54.0,50.0
16397,40.39541,-3.71949,1,1.0,1.0,15.0,100.0,1,1.0,279,50,2195.0,47.402837,6.6,1.0,0,0,0,0,0,1,0,0,0,0,1,0,0,5,10.5,50.0
16398,40.42863,-3.68621,7,3.0,5.0,300.0,0.0,1,0.0,138,200,5328.0,74.694253,2.2,2.0,1,0,0,0,0,1,0,1,0,0,0,0,0,6,58.5,200.0
16399,40.47199,-3.71096,4,2.0,2.0,33.0,0.0,2,0.0,285,200,3545.0,57.198083,16.4,1.0,1,0,0,0,0,1,0,1,0,1,1,0,0,9,33.0,50.0
16400,40.40868,-3.69983,4,2.0,3.0,30.0,0.0,1,0.0,132,200,4503.0,68.043894,0.8,1.0,1,0,0,0,0,0,0,1,0,0,1,0,0,2,33.0,50.0
16401,40.4124,-3.70147,1,1.0,1.0,66.0,0.0,11,0.0,122,50,4503.0,68.043894,0.8,1.0,1,0,0,0,0,1,0,1,0,0,0,0,0,3,10.5,100.0
16402,40.41311,-3.70316,2,1.0,1.0,79.0,0.0,11,0.0,122,50,4503.0,68.043894,0.8,1.0,1,0,0,0,0,1,0,1,0,0,0,0,0,3,18.0,100.0
16403,40.4127,-3.70278,2,1.0,2.0,79.0,0.0,11,0.0,122,50,4503.0,68.043894,0.8,1.0,1,0,0,0,0,1,0,1,0,0,0,0,0,3,18.0,100.0
16404,40.41259,-3.70333,3,1.0,1.0,101.0,0.0,11,0.0,122,50,4503.0,68.043894,0.8,1.0,1,0,0,0,0,1,0,1,0,0,0,0,0,3,25.5,150.0
16405,40.41279,-3.70288,4,1.0,1.0,131.0,0.0,11,0.0,122,50,4503.0,68.043894,0.8,1.0,1,0,0,0,0,1,0,1,0,0,0,0,0,3,33.0,150.0
16406,40.45553,-3.68045,2,1.0,1.0,107.0,90.0,113,0.2,213,200,4508.0,67.220486,5.8,2.0,1,0,0,0,0,1,0,1,0,0,0,0,0,7,21.0,150.0
16407,40.3944,-3.71287,3,0.0,1.0,60.0,0.0,1,0.0,115,50,2195.0,47.402837,6.6,1.0,1,0,0,0,0,1,0,0,0,0,0,0,0,2,25.5,100.0
16408,40.42176,-3.70946,4,2.0,2.0,89.0,0.0,1,0.0,266,200,4503.0,68.043894,0.8,2.0,1,0,0,0,0,1,0,1,0,0,1,0,0,2,36.0,100.0
16409,40.42185,-3.70027,1,0.0,1.0,47.0,0.0,10,0.0,92,200,4503.0,68.043894,0.8,1.5,1,0,0,0,0,1,0,1,1,0,0,0,0,4,12.0,50.0
16410,40.40928,-3.6974,4,2.0,2.0,90.0,0.0,1,0.0,182,200,4503.0,68.043894,0.8,2.0,1,0,0,0,0,1,0,1,0,1,0,0,0,6,36.0,100.0
16411,40.41199,-3.71061,4,2.0,2.0,65.0,0.0,1,0.0,161,200,4503.0,68.043894,0.8,1.0,1,0,0,0,0,1,0,0,0,0,0,0,0,3,33.0,100.0
16412,40.45043,-3.70056,4,1.0,2.0,77.0,0.0,3,0.0,447,200,3476.0,60.621287,5.9,1.0,1,0,0,0,0,1,0,0,0,0,1,0,0,11,33.0,100.0
16413,40.44906,-3.7008,4,1.0,2.0,56.0,0.0,3,0.0,461,200,3476.0,60.621287,5.9,1.0,1,0,0,0,0,1,0,0,0,0,1,0,0,11,33.0,100.0
16414,40.44879,-3.69903,4,1.0,2.0,56.0,80.0,3,1.0,496,200,3476.0,60.621287,5.9,1.0,1,0,0,0,0,1,0,0,0,1,1,0,0,11,33.0,100.0
16415,40.39756,-3.64214,2,1.0,1.0,25.0,20.0,2,0.09,126,50,2547.0,45.581197,5.0,1.0,1,1,1,1,1,1,1,1,1,1,1,1,1,2,18.0,50.0
16416,40.38895,-3.65002,2,0.0,1.0,376.0,0.0,1,0.0,208,50,1890.0,41.443535,5.0,1.0,1,0,0,0,0,1,0,1,0,0,0,0,0,3,18.0,200.0
16417,40.42327,-3.70779,1,1.0,2.0,15.0,92.0,1,0.47,132,50,4503.0,68.043894,0.8,1.0,0,0,0,0,0,1,0,0,0,0,1,0,0,7,10.5,50.0
16418,40.42389,-3.70242,1,1.0,1.0,25.0,0.0,1,0.0,202,200,4503.0,68.043894,0.8,1.0,1,0,0,0,0,1,0,0,0,0,1,0,0,5,10.5,50.0
16419,40.42555,-3.6715,1,1.0,2.0,29.0,0.0,1,0.0,193,50,5328.0,74.694253,2.2,2.0,0,0,0,0,0,1,0,1,1,0,0,0,0,7,13.5,50.0
16420,40.49068,-3.69528,1,1.0,1.0,60.0,0.0,1,0.0,155,50,3545.0,57.198083,16.4,1.0,0,0,0,0,0,1,0,1,0,0,0,0,0,3,10.5,100.0
16421,40.39946,-3.67258,2,1.0,2.0,38.0,0.0,1,0.0,155,200,4220.0,63.672727,3.2,1.0,1,0,0,0,0,1,0,1,0,0,1,0,0,8,18.0,50.0
16422,40.42951,-3.6774,2,1.0,1.0,76.0,0.0,69,0.0,164,200,5328.0,74.694253,2.2,1.0,1,0,0,0,0,1,0,1,0,0,0,0,0,3,18.0,100.0
16424,40.41908,-3.67769,1,1.0,1.0,25.0,100.0,1,0.86,91,50,4220.0,63.672727,3.2,1.5,0,1,1,1,1,1,0,0,1,0,0,0,0,4,12.0,50.0
16425,40.42406,-3.68094,4,1.0,2.0,92.0,0.0,69,0.0,164,200,5328.0,74.694253,2.2,1.0,1,0,0,0,0,1,0,1,0,0,0,0,0,3,33.0,100.0
16426,40.42185,-3.70353,4,1.0,1.0,130.0,0.0,2,0.0,296,200,4503.0,68.043894,0.8,1.0,1,0,0,0,0,1,0,1,0,0,1,0,0,9,33.0,150.0
16427,40.42314,-3.70961,2,1.0,1.0,63.0,0.0,1,0.0,316,200,4503.0,68.043894,0.8,1.0,1,0,0,0,0,1,0,1,0,0,1,0,0,2,18.0,100.0
16428,40.42851,-3.68726,3,2.0,2.0,135.0,0.0,69,0.0,164,200,5328.0,74.694253,2.2,1.0,1,0,0,0,0,1,0,1,0,0,0,0,0,3,25.5,150.0
16429,40.38811,-3.66247,2,1.0,1.0,30.0,0.0,1,0.0,240,50,1890.0,41.443535,5.0,1.0,0,0,0,0,0,1,0,0,1,0,1,0,0,2,18.0,50.0
16430,40.42571,-3.68135,4,2.0,3.0,119.0,0.0,69,0.0,164,200,5328.0,74.694253,2.2,2.0,1,0,0,0,0,1,0,1,0,0,0,0,0,3,36.0,150.0
16431,40.42526,-3.71489,4,1.0,1.0,78.0,100.0,1,0.65,206,200,3555.0,63.451906,5.9,1.0,1,0,0,0,0,1,0,0,0,1,1,0,0,2,33.0,100.0
16432,40.41992,-3.70129,4,1.0,1.0,88.0,95.0,9,0.52,314,200,4503.0,68.043894,0.8,1.0,1,0,0,0,0,1,0,1,0,0,0,0,0,2,33.0,100.0
16433,40.41995,-3.70138,4,1.0,1.0,84.0,0.0,9,0.0,277,200,4503.0,68.043894,0.8,1.0,1,0,0,0,0,1,0,1,0,0,0,0,0,2,33.0,100.0
16434,40.41796,-3.70116,3,1.0,1.0,79.0,80.0,9,1.48,254,200,4503.0,68.043894,0.8,1.0,1,0,0,0,0,1,0,1,0,0,0,0,0,2,25.5,100.0
16435,40.4197,-3.70025,2,0.0,1.0,72.0,0.0,9,0.0,249,200,4503.0,68.043894,0.8,1.0,1,0,0,0,0,1,0,1,0,0,0,0,0,2,18.0,100.0
16436,40.42007,-3.70202,2,0.0,1.0,72.0,67.0,9,2.14,197,200,4503.0,68.043894,0.8,1.0,1,0,0,0,0,1,0,1,0,0,0,0,0,2,18.0,100.0
16437,40.42782,-3.68636,2,1.0,1.0,87.0,0.0,69,0.0,164,200,5328.0,74.694253,2.2,1.0,1,0,0,0,0,1,0,1,0,0,0,0,0,3,18.0,100.0
16438,40.41243,-3.69667,4,2.0,2.0,71.0,0.0,69,0.0,164,200,4503.0,68.043894,0.8,2.0,1,0,0,0,0,1,0,1,0,0,0,0,0,3,36.0,100.0
16439,40.41095,-3.69686,4,1.0,2.0,46.0,92.0,1,2.24,451,200,4503.0,68.043894,0.8,1.5,1,0,0,0,0,1,0,0,0,0,1,0,0,2,34.5,50.0
16440,40.44142,-3.67508,2,1.0,1.0,49.0,0.0,4,0.0,216,200,4508.0,67.220486,5.8,1.0,1,0,0,0,0,1,0,0,0,0,0,0,0,2,18.0,50.0
16441,40.43779,-3.70217,1,3.0,1.0,30.0,0.0,1,0.0,48,50,4855.0,64.056634,2.4,1.5,0,0,0,0,0,1,0,1,0,0,0,0,0,5,12.0,50.0
16442,40.42062,-3.70549,4,0.0,3.0,45.0,0.0,1,0.0,183,200,4503.0,68.043894,0.8,1.0,1,1,1,1,1,0,0,1,1,0,1,0,0,6,33.0,50.0
16443,40.41121,-3.70086,1,0.0,1.0,30.0,0.0,2,0.0,242,50,4503.0,68.043894,0.8,1.0,0,0,0,0,0,1,0,1,0,0,1,0,0,9,10.5,50.0
16444,40.42645,-3.6735,4,0.0,4.0,45.0,85.0,28,1.9,412,200,5328.0,74.694253,2.2,1.5,1,0,0,0,0,1,0,1,1,0,0,0,0,7,34.5,50.0
16445,40.38339,-3.66371,2,1.0,1.0,40.0,90.0,1,0.23,880,200,1890.0,41.443535,5.0,1.0,1,0,0,0,0,0,0,1,0,1,1,1,0,9,18.0,50.0
16446,40.42541,-3.70352,4,2.0,3.0,160.0,97.0,1,4.29,580,200,4503.0,68.043894,0.8,2.0,1,0,0,0,0,1,1,1,0,1,1,0,0,2,36.0,200.0
16447,40.42058,-3.7063,2,1.0,2.0,44.0,40.0,3,1.0,265,50,4503.0,68.043894,0.8,1.5,1,1,1,1,1,1,0,1,1,0,0,0,0,2,19.5,50.0
16448,40.41915,-3.70649,3,1.0,3.0,44.0,0.0,3,0.0,265,50,4503.0,68.043894,0.8,1.0,1,1,1,1,1,1,0,1,1,0,0,0,0,2,25.5,50.0
16449,40.42705,-3.68522,4,2.0,2.0,76.0,0.0,69,0.0,149,200,5328.0,74.694253,2.2,2.0,1,0,0,0,0,1,0,1,0,0,0,0,0,3,36.0,100.0
16450,40.40044,-3.6945,2,1.0,1.0,300.0,0.0,1,0.0,150,200,3917.0,55.025641,1.9,1.0,1,0,0,0,0,1,0,1,0,0,0,0,0,3,18.0,200.0
16451,40.41421,-3.7028,1,1.0,1.0,70.0,0.0,7,0.0,172,50,4503.0,68.043894,0.8,2.0,0,0,0,0,0,1,0,1,0,0,0,0,0,6,13.5,100.0
16452,40.41025,-3.69717,4,2.0,2.0,150.0,0.0,2,0.0,87,200,4503.0,68.043894,0.8,2.0,1,0,0,0,0,1,0,0,0,0,0,0,0,6,36.0,150.0
16453,40.42523,-3.70651,2,0.0,1.0,50.0,0.0,1,0.0,48,200,4503.0,68.043894,0.8,1.0,1,0,0,0,0,0,0,0,0,0,0,0,0,3,18.0,50.0
16454,40.43214,-3.68667,6,2.0,3.0,293.0,0.0,1,0.0,214,200,5328.0,74.694253,2.2,2.0,1,1,1,1,1,1,0,1,1,0,1,0,0,6,51.0,200.0
16455,40.42058,-3.70276,4,1.0,1.0,134.0,0.0,4,0.0,564,200,4503.0,68.043894,0.8,1.0,1,0,0,0,0,1,0,1,1,0,1,0,0,2,33.0,150.0
16456,40.41657,-3.70285,1,1.0,1.0,17.0,0.0,4,0.0,145,50,4503.0,68.043894,0.8,2.0,0,0,0,0,0,1,0,0,0,0,1,0,0,5,13.5,50.0
16458,40.41657,-3.70285,2,1.0,1.0,22.0,0.0,4,0.0,145,50,4503.0,68.043894,0.8,2.0,0,0,0,0,0,1,0,0,0,0,1,0,0,5,21.0,50.0
16459,40.4355,-3.69928,2,1.0,2.0,50.0,0.0,1,0.0,244,50,4855.0,64.056634,2.4,1.0,1,0,0,0,0,1,0,1,0,0,1,0,0,2,18.0,50.0
16461,40.41408,-3.69534,1,1.0,1.0,30.0,0.0,1,0.0,251,50,4503.0,68.043894,0.8,1.0,0,0,0,0,0,1,0,0,0,1,1,0,0,2,10.5,50.0
16462,40.38922,-3.6937,2,1.0,1.0,48.0,0.0,7,0.0,172,50,3917.0,55.025641,1.9,2.0,0,0,0,0,0,1,0,1,0,0,0,0,0,6,21.0,50.0
16463,40.46087,-3.69468,2,1.0,1.0,88.0,100.0,2,0.31,437,200,3476.0,60.621287,5.9,1.0,1,0,0,0,0,1,1,1,0,0,1,0,0,2,18.0,100.0
16464,40.45607,-3.68588,2,1.0,3.0,40.0,0.0,5,0.0,186,50,4508.0,67.220486,5.8,1.0,0,0,0,0,0,1,0,1,1,0,1,0,0,10,18.0,50.0
16465,40.42206,-3.68613,7,3.0,4.0,40.0,100.0,1,0.1,423,200,5328.0,74.694253,2.2,2.0,1,0,0,0,0,1,0,1,1,0,1,0,0,2,58.5,50.0
16466,40.41501,-3.70066,1,1.0,1.0,17.0,0.0,3,0.0,183,50,4503.0,68.043894,0.8,2.0,0,0,0,0,0,1,0,0,0,0,1,0,0,5,13.5,50.0
16467,40.43363,-3.69884,1,2.0,1.0,25.0,0.0,1,0.0,94,50,4855.0,64.056634,2.4,1.0,0,1,1,1,1,1,0,0,0,0,0,0,0,6,10.5,50.0
16469,40.427,-3.70773,1,1.0,1.0,22.0,0.0,10,0.0,284,50,4503.0,68.043894,0.8,1.5,0,0,0,0,0,1,0,0,0,0,1,0,0,2,12.0,50.0
16470,40.41264,-3.70709,1,1.0,1.0,24.0,0.0,10,0.0,296,50,4503.0,68.043894,0.8,1.0,0,0,0,0,0,1,0,0,0,0,1,0,0,2,10.5,50.0
16471,40.41051,-3.70554,1,1.0,1.0,24.0,0.0,10,0.0,251,50,4503.0,68.043894,0.8,2.0,0,0,0,0,0,1,0,0,0,0,1,0,0,2,13.5,50.0
16472,40.42112,-3.68919,7,3.0,4.0,259.0,0.0,69,0.0,164,200,5328.0,74.694253,2.2,4.5,1,0,0,0,0,1,0,1,0,0,0,0,0,3,66.0,200.0
16473,40.42117,-3.69978,3,0.0,2.0,64.0,88.0,1,1.33,359,200,4503.0,68.043894,0.8,1.0,1,0,0,0,0,1,0,1,0,0,1,1,0,5,25.5,100.0
16474,40.42335,-3.69972,2,1.0,1.0,12.0,73.0,2,0.76,119,50,4503.0,68.043894,0.8,1.0,0,1,1,1,1,1,0,0,0,0,0,0,0,5,18.0,50.0
16475,40.41432,-3.70148,1,1.0,1.0,16.0,0.0,3,0.0,183,50,4503.0,68.043894,0.8,2.0,0,0,0,0,0,1,0,0,0,0,1,0,0,5,13.5,50.0
16476,40.42801,-3.71855,1,1.0,2.0,18.0,0.0,10,0.0,119,50,3555.0,63.451906,5.9,2.0,0,0,0,0,0,1,0,0,0,0,0,0,0,2,13.5,50.0
16477,40.46634,-3.70379,1,1.0,2.0,21.0,0.0,10,0.0,246,50,3476.0,60.621287,5.9,2.0,0,0,0,0,0,1,0,0,0,0,0,0,0,2,13.5,50.0
16478,40.40815,-3.71091,1,1.0,2.0,21.0,0.0,10,0.0,248,50,4503.0,68.043894,0.8,2.0,0,0,0,0,0,1,0,0,0,0,0,0,0,2,13.5,50.0
16479,40.41687,-3.70659,1,1.0,2.0,24.0,0.0,10,0.0,251,50,4503.0,68.043894,0.8,3.0,0,0,0,0,0,1,0,0,0,0,1,0,0,2,16.5,50.0
16480,40.43675,-3.70126,1,1.0,2.0,18.0,0.0,4,0.0,121,50,4855.0,64.056634,2.4,1.0,0,0,0,0,0,1,0,0,0,0,1,0,0,6,10.5,50.0
16481,40.45228,-3.67943,2,1.0,1.0,70.0,0.0,1,0.0,165,200,4508.0,67.220486,5.8,1.0,1,0,0,0,0,0,0,1,1,0,1,0,0,4,18.0,100.0
16482,40.39397,-3.66411,1,1.0,1.0,13.0,97.0,1,1.24,480,50,1890.0,41.443535,5.0,1.0,0,0,0,0,0,1,0,0,0,1,0,0,0,7,10.5,50.0
16483,40.43845,-3.71537,2,0.0,2.0,64.0,0.0,3,0.0,778,200,4855.0,64.056634,2.4,1.0,1,0,0,0,0,1,0,1,0,1,0,0,0,8,18.0,100.0
16484,40.43077,-3.67992,2,1.0,1.0,80.0,0.0,1,0.0,442,200,5328.0,74.694253,2.2,1.5,1,0,0,0,0,1,0,1,0,0,1,0,0,8,19.5,100.0
16485,40.42994,-3.7017,4,1.0,2.0,143.0,98.0,62,2.4,468,200,4855.0,64.056634,2.4,1.0,1,0,0,0,0,1,0,1,1,0,1,0,0,5,33.0,150.0
16486,40.42786,-3.67918,4,2.0,1.0,98.0,0.0,69,0.0,164,200,5328.0,74.694253,2.2,2.0,1,0,0,0,0,1,0,1,0,0,0,0,0,3,36.0,100.0
16487,40.42868,-3.70275,4,1.0,2.0,166.0,100.0,62,0.38,466,200,4503.0,68.043894,0.8,2.0,1,0,0,0,0,1,0,1,1,1,1,0,0,5,36.0,200.0
16488,40.42468,-3.69998,4,1.0,2.0,159.0,100.0,62,1.0,466,200,4503.0,68.043894,0.8,1.0,1,0,0,0,0,1,0,1,1,1,1,0,0,5,33.0,200.0
16489,40.42853,-3.70262,4,1.0,2.0,156.0,20.0,62,0.13,431,200,4503.0,68.043894,0.8,1.0,1,0,0,0,0,1,0,1,1,1,1,0,0,5,33.0,200.0
16490,40.42431,-3.71238,4,1.0,2.0,197.0,0.0,62,0.0,459,200,3555.0,63.451906,5.9,1.0,1,0,0,0,0,1,0,1,1,1,1,0,0,5,33.0,200.0
16491,40.42853,-3.70262,4,1.0,2.0,156.0,97.0,62,0.63,466,200,4503.0,68.043894,0.8,1.0,1,0,0,0,0,1,0,1,1,1,1,0,0,5,33.0,200.0
16492,40.43579,-3.70409,2,1.0,1.0,45.0,100.0,1,0.61,603,200,4855.0,64.056634,2.4,1.0,1,0,0,0,0,1,0,1,0,1,1,1,0,7,18.0,50.0
16493,40.39411,-3.7214,1,1.0,1.0,15.0,0.0,1,0.0,314,50,2195.0,47.402837,6.6,1.0,0,0,0,0,0,1,0,0,0,0,1,0,0,2,10.5,50.0
16494,40.41212,-3.70795,3,1.0,2.0,66.0,100.0,1,1.0,283,200,4503.0,68.043894,0.8,1.0,1,0,0,0,0,1,0,1,0,0,0,0,0,3,25.5,100.0
16495,40.38125,-3.71302,4,1.0,1.0,70.0,0.0,2,0.0,143,200,2316.0,43.910072,4.6,1.0,1,0,0,0,0,1,0,1,1,0,0,0,0,6,33.0,100.0
16496,40.41492,-3.70576,1,1.0,1.0,22.0,100.0,5,0.14,231,50,4503.0,68.043894,0.8,3.0,1,1,1,1,1,1,1,1,1,1,1,1,1,8,16.5,50.0
16497,40.4131,-3.7055,2,1.0,1.0,22.0,100.0,5,0.23,221,50,4503.0,68.043894,0.8,3.0,1,1,1,1,1,1,1,1,1,1,1,1,1,8,24.0,50.0
16498,40.37392,-3.62597,1,1.0,1.0,14.0,100.0,2,0.42,493,50,2382.0,49.659794,11.0,2.0,0,0,0,0,0,1,0,0,1,0,0,0,0,2,13.5,50.0
16499,40.41087,-3.70228,2,1.0,1.0,40.0,0.0,2,0.0,205,200,4503.0,68.043894,0.8,1.0,1,0,0,0,0,1,0,0,0,0,1,0,0,5,18.0,50.0
16501,40.46806,-3.69101,2,1.0,1.0,42.0,0.0,1,0.0,187,50,3476.0,60.621287,5.9,1.0,0,0,0,0,0,1,0,1,0,0,1,0,0,4,18.0,50.0
16502,40.39093,-3.73708,2,1.0,2.0,100.0,0.0,2,0.0,206,50,2195.0,47.402837,6.6,1.0,0,1,1,1,1,1,0,0,1,0,1,0,0,5,18.0,100.0
16503,40.41462,-3.70622,2,1.0,1.0,68.0,91.0,2,0.89,318,200,4503.0,68.043894,0.8,1.0,1,1,1,1,1,1,0,1,1,0,1,0,0,3,18.0,100.0
16504,40.46334,-3.70474,2,1.0,1.0,39.0,93.0,5,1.11,391,200,3476.0,60.621287,5.9,1.0,1,0,0,0,0,1,0,1,0,1,1,0,0,3,18.0,50.0
16505,40.40163,-3.66161,3,0.0,1.0,100.0,97.0,14,0.56,233,200,1890.0,41.443535,5.0,1.0,1,0,0,0,0,0,0,1,0,0,0,0,0,2,25.5,100.0
16506,40.44023,-3.63899,4,2.0,3.0,151.0,100.0,113,0.86,240,200,2893.0,50.090625,6.5,2.0,1,0,0,0,0,1,1,1,1,0,0,0,0,7,36.0,200.0
16507,40.40017,-3.69594,2,1.0,1.0,25.0,93.0,2,1.14,328,50,3917.0,55.025641,1.9,1.5,1,1,1,1,1,1,1,1,1,1,1,1,1,7,19.5,50.0
16508,40.46976,-3.65372,1,1.0,2.0,25.0,0.0,1,0.0,129,50,3312.0,62.061453,9.2,1.0,0,0,0,0,0,1,0,0,0,0,1,0,0,3,10.5,50.0
16509,40.42464,-3.69755,1,3.0,1.0,17.0,0.0,3,0.0,270,50,4503.0,68.043894,0.8,2.0,0,0,0,0,0,1,0,0,0,0,0,0,0,9,13.5,50.0
16510,40.4244,-3.69996,1,1.0,1.0,21.0,0.0,2,0.0,119,50,4503.0,68.043894,0.8,1.0,1,1,1,1,1,1,0,0,0,0,0,0,0,6,10.5,50.0
16511,40.44642,-3.67297,8,1.0,5.0,75.0,90.0,28,0.94,496,200,4508.0,67.220486,5.8,2.0,1,0,0,0,0,1,0,1,1,0,1,0,0,7,66.0,100.0
16512,40.43733,-3.71713,2,1.0,1.0,30.0,0.0,1,0.0,183,50,4855.0,64.056634,2.4,2.0,0,0,0,0,0,1,0,1,0,0,1,0,0,2,21.0,50.0
16513,40.48002,-3.64335,2,0.0,1.0,30.0,0.0,1,0.0,415,50,3312.0,62.061453,9.2,0.0,1,0,0,0,0,1,0,0,1,0,0,0,0,5,15.0,50.0
16514,40.42104,-3.70733,6,2.0,2.0,106.0,0.0,13,0.0,255,200,4503.0,68.043894,0.8,2.0,1,0,0,0,0,1,0,1,0,0,0,0,0,4,51.0,150.0
16515,40.42926,-3.70231,2,1.0,1.0,25.0,0.0,1,0.0,193,50,4855.0,64.056634,2.4,2.0,0,1,1,1,1,1,0,0,0,0,1,0,0,5,21.0,50.0
16517,40.42441,-3.66878,2,1.0,1.0,60.0,0.0,1,0.0,167,50,5328.0,74.694253,2.2,1.0,1,0,0,0,0,1,0,1,0,0,1,0,0,5,18.0,100.0
16518,40.4087,-3.70417,2,1.0,1.0,52.0,0.0,1,0.0,177,200,4503.0,68.043894,0.8,1.0,1,0,0,0,0,1,0,1,1,0,1,0,0,7,18.0,100.0
16519,40.40942,-3.7072,6,3.0,3.0,94.0,100.0,20,0.23,493,200,4503.0,68.043894,0.8,1.0,1,0,0,0,0,1,0,1,0,0,0,0,0,9,48.0,100.0
16520,40.40782,-3.74319,2,1.0,2.0,14.0,0.0,1,0.0,146,50,2287.0,47.008319,4.7,1.0,1,0,0,0,0,1,0,0,1,0,1,0,0,2,18.0,50.0
16521,40.47096,-3.64611,1,1.0,2.0,18.0,0.0,2,0.0,194,50,3312.0,62.061453,9.2,1.0,0,0,0,0,0,1,1,0,1,0,1,0,0,6,10.5,50.0
16522,40.4703,-3.64624,1,1.0,2.0,16.0,0.0,2,0.0,194,50,3312.0,62.061453,9.2,1.0,0,0,0,0,0,1,1,0,1,0,1,0,0,6,10.5,50.0
16523,40.43954,-3.65735,7,3.0,3.0,99.0,100.0,45,0.32,401,200,2893.0,50.090625,6.5,2.0,1,0,0,0,0,1,0,1,0,0,1,0,1,4,58.5,100.0
16524,40.4319,-3.64043,4,1.0,2.0,14.0,0.0,4,0.0,192,50,2893.0,50.090625,6.5,1.0,0,0,0,0,0,1,0,1,0,0,0,0,0,5,33.0,50.0
16525,40.43229,-3.64179,4,1.0,2.0,14.0,0.0,4,0.0,214,50,2893.0,50.090625,6.5,1.0,0,0,0,0,0,1,0,1,0,0,1,0,0,5,33.0,50.0
16526,40.43203,-3.64176,4,1.0,2.0,17.0,0.0,4,0.0,215,50,2893.0,50.090625,6.5,1.0,0,0,0,0,0,1,0,1,0,0,1,0,0,5,33.0,50.0
16527,40.45193,-3.61315,2,1.0,1.0,35.0,100.0,4,0.11,863,50,3312.0,62.061453,9.2,1.5,0,0,0,0,0,1,1,1,0,1,1,0,0,8,19.5,50.0
16528,40.43131,-3.7085,2,0.0,1.0,69.0,100.0,25,0.78,481,200,4855.0,64.056634,2.4,1.0,1,0,0,0,0,1,0,1,1,1,1,0,0,9,18.0,100.0
16529,40.4299,-3.66674,1,1.0,2.0,23.0,0.0,8,0.0,131,50,5328.0,74.694253,2.2,2.0,0,0,0,0,0,1,0,0,0,0,1,0,0,7,13.5,50.0
16530,40.41012,-3.70468,6,2.0,3.0,52.0,80.0,20,0.27,471,200,4503.0,68.043894,0.8,1.0,1,0,0,0,0,1,0,0,0,0,1,1,1,8,48.0,100.0
16531,40.40796,-3.7032,2,1.0,1.0,50.0,90.0,1,0.22,234,200,4503.0,68.043894,0.8,1.0,1,0,0,0,0,1,0,0,0,0,0,0,0,4,18.0,50.0
16532,40.4109,-3.72027,5,3.0,4.0,110.0,100.0,45,0.45,443,200,3917.0,55.025641,1.9,2.0,1,0,0,0,0,1,0,1,0,0,1,0,0,4,43.5,150.0
16533,40.43751,-3.62275,4,1.0,1.0,70.0,0.0,2,0.0,405,200,2477.0,70.967532,7.3,1.5,1,0,0,0,0,0,0,1,0,0,1,0,0,5,34.5,100.0
16534,40.37334,-3.76696,1,0.0,1.0,25.0,0.0,1,0.0,151,50,2287.0,47.008319,4.7,1.0,0,1,1,1,1,1,0,0,1,0,0,0,0,10,10.5,50.0
16535,40.42088,-3.69819,2,1.0,1.0,39.0,0.0,3,0.0,166,200,4503.0,68.043894,0.8,1.5,1,0,0,0,0,1,0,1,1,0,1,0,0,6,19.5,50.0
16536,40.43488,-3.67664,6,3.0,3.0,150.0,0.0,1,0.0,298,200,5328.0,74.694253,2.2,3.0,1,0,0,0,0,1,0,1,0,0,1,0,0,2,54.0,150.0
16537,40.44332,-3.67374,1,1.0,2.0,21.0,0.0,4,0.0,93,50,4508.0,67.220486,5.8,1.0,0,0,0,0,0,1,0,0,0,0,0,0,0,2,10.5,50.0
16538,40.44618,-3.78399,4,2.0,1.0,49.0,100.0,1,0.12,182,200,3555.0,63.451906,5.9,2.0,1,1,1,1,1,1,1,1,1,1,1,1,1,3,36.0,50.0
16539,40.47913,-3.70048,1,1.0,1.0,21.0,100.0,2,0.54,442,50,3545.0,57.198083,16.4,1.0,1,1,1,1,1,1,1,1,1,1,1,1,1,9,10.5,50.0
16540,40.47856,-3.6987,1,1.0,1.0,27.0,100.0,2,0.36,483,50,3545.0,57.198083,16.4,1.0,0,0,0,0,0,1,0,1,0,0,1,1,0,9,10.5,50.0
16541,40.40885,-3.71219,6,2.0,5.0,120.0,0.0,1,0.0,693,200,4503.0,68.043894,0.8,1.0,1,0,0,0,0,1,0,1,0,1,1,0,0,2,48.0,150.0
16542,40.45844,-3.69965,1,1.0,1.0,45.0,80.0,13,0.2,179,50,3476.0,60.621287,5.9,1.0,0,0,0,0,0,1,0,0,1,0,1,0,0,2,10.5,50.0
16543,40.5056,-3.67662,4,2.0,3.0,150.0,90.0,1,0.19,127,200,3545.0,57.198083,16.4,2.0,1,0,0,0,0,1,0,1,0,0,0,0,0,6,36.0,150.0
16544,40.42835,-3.70231,5,3.0,3.0,61.0,0.0,19,0.0,73,200,4503.0,68.043894,0.8,1.0,1,0,0,0,0,1,0,0,0,0,0,0,0,2,40.5,100.0
16545,40.48562,-3.68781,1,1.0,2.0,15.0,100.0,7,0.13,303,50,3545.0,57.198083,16.4,1.0,0,1,1,1,1,1,0,1,0,0,0,0,0,6,10.5,50.0
16546,40.39901,-3.69666,1,1.0,1.0,17.0,80.0,7,0.12,244,50,3917.0,55.025641,1.9,1.0,0,1,1,1,1,1,0,1,0,0,0,0,0,6,10.5,50.0
16547,40.436,-3.70501,2,1.0,2.0,68.0,0.0,1,0.0,141,50,4855.0,64.056634,2.4,1.0,0,0,0,0,0,1,0,1,0,0,0,0,0,2,18.0,100.0
16548,40.41007,-3.70643,6,3.0,4.0,101.0,90.0,1,1.5,420,200,4503.0,68.043894,0.8,2.5,1,0,0,0,0,1,0,1,0,0,1,0,0,5,52.5,150.0
16549,40.41237,-3.7065,4,1.0,2.0,90.0,100.0,1,0.19,176,200,4503.0,68.043894,0.8,1.0,1,0,0,0,0,1,0,1,0,0,1,0,0,2,33.0,100.0
16550,40.42637,-3.68487,2,1.0,1.0,143.0,0.0,113,0.0,278,200,5328.0,74.694253,2.2,1.0,1,0,0,0,0,1,0,1,1,0,0,0,0,7,18.0,150.0
16551,40.42977,-3.66876,1,1.0,2.0,18.0,100.0,8,0.2,131,50,5328.0,74.694253,2.2,2.0,1,0,0,0,0,1,0,0,0,0,1,0,0,7,13.5,50.0
16552,40.36534,-3.74692,1,1.0,1.0,65.0,0.0,1,0.0,202,50,2195.0,47.402837,6.6,2.5,1,0,0,0,0,1,1,0,0,0,1,0,0,2,15.0,100.0
16553,40.40869,-3.69997,5,3.0,4.0,60.0,0.0,1,0.0,163,200,4503.0,68.043894,0.8,1.0,1,0,0,1,0,1,0,0,0,0,1,0,0,5,40.5,100.0
16554,40.41683,-3.61825,2,1.0,1.0,26.0,100.0,1,0.22,244,50,2477.0,70.967532,7.3,1.0,0,0,0,0,0,1,0,1,0,0,0,0,0,3,18.0,50.0
16555,40.41705,-3.70819,4,1.0,2.0,68.0,100.0,4,2.11,236,200,4503.0,68.043894,0.8,1.0,1,0,0,0,0,1,0,1,1,0,1,0,0,4,33.0,100.0
16556,40.46245,-3.7,2,1.0,1.0,30.0,0.0,10,0.0,190,200,3476.0,60.621287,5.9,1.0,1,0,0,0,0,1,0,1,0,0,1,0,0,2,18.0,50.0
16557,40.46412,-3.70125,2,1.0,1.0,30.0,0.0,10,0.0,349,200,3476.0,60.621287,5.9,1.0,1,0,0,0,0,1,0,1,0,0,1,0,0,2,18.0,50.0
16558,40.39921,-3.69471,1,1.0,1.0,50.0,1.0,6,1.0,168,200,3917.0,55.025641,1.9,1.0,1,1,1,1,1,1,1,1,1,1,1,1,1,4,10.5,50.0
16559,40.39919,-3.69313,4,2.0,3.0,50.0,0.0,6,0.0,208,200,3917.0,55.025641,1.9,1.0,1,1,1,1,1,1,0,1,1,1,1,0,0,4,33.0,50.0
16560,40.39806,-3.69309,3,0.0,2.0,45.0,0.0,6,0.0,188,200,3917.0,55.025641,1.9,1.0,1,1,1,1,1,1,0,1,1,0,1,0,0,4,25.5,50.0
16561,40.43155,-3.67506,4,0.0,1.0,58.0,93.0,28,1.58,416,200,5328.0,74.694253,2.2,1.0,1,0,0,0,0,1,1,1,1,1,1,0,0,7,33.0,100.0
16562,40.46884,-3.68387,2,1.0,2.0,60.0,0.0,1,0.0,258,50,4508.0,67.220486,5.8,1.0,0,0,0,0,0,1,0,0,0,0,1,0,0,5,18.0,100.0
16563,40.40109,-3.67343,5,3.0,3.0,47.0,0.0,40,0.0,398,200,4220.0,63.672727,3.2,2.0,1,0,0,0,0,1,1,1,0,0,0,0,0,3,43.5,50.0
16564,40.414,-3.70264,1,1.0,1.0,70.0,0.0,7,0.0,191,50,4503.0,68.043894,0.8,2.0,0,0,0,0,0,1,0,1,0,0,0,0,0,6,13.5,100.0
16565,40.39086,-3.69175,1,1.0,1.0,48.0,0.0,7,0.0,191,50,3917.0,55.025641,1.9,2.0,0,0,0,0,0,1,0,1,0,0,0,0,0,6,13.5,50.0
16566,40.39723,-3.69548,4,1.0,1.0,18.0,0.0,7,0.0,436,200,3917.0,55.025641,1.9,2.0,1,0,0,0,0,1,0,1,0,0,1,0,0,6,36.0,50.0
16569,40.39907,-3.67126,5,3.0,3.0,47.0,100.0,40,0.36,421,200,4220.0,63.672727,3.2,2.0,1,0,0,0,0,1,1,1,0,0,1,0,0,3,43.5,50.0
16570,40.46053,-3.6566,2,1.0,1.0,26.0,90.0,14,0.2,112,50,3312.0,62.061453,9.2,1.0,1,1,1,1,1,1,1,1,1,1,1,1,1,2,18.0,50.0
16571,40.40829,-3.70564,7,2.0,3.0,90.0,100.0,45,0.55,486,200,4503.0,68.043894,0.8,2.0,1,0,0,0,0,1,0,1,0,0,1,0,1,4,58.5,100.0
16572,40.46075,-3.65472,2,0.0,1.0,25.0,67.0,14,0.6,124,50,3312.0,62.061453,9.2,0.0,0,1,1,1,1,1,0,0,1,0,0,0,0,2,15.0,50.0
16574,40.42148,-3.70513,2,0.0,1.0,19.0,100.0,14,1.0,121,50,4503.0,68.043894,0.8,1.0,0,0,0,0,0,1,0,1,0,0,0,0,0,2,18.0,50.0
16575,40.40739,-3.75276,1,1.0,1.0,57.0,1.0,2,1.0,248,50,3555.0,63.451906,5.9,1.0,1,1,1,1,1,1,1,1,1,1,1,1,1,6,10.5,100.0
16576,40.40957,-3.70242,4,3.0,3.0,100.0,0.0,2,0.0,215,200,4503.0,68.043894,0.8,1.0,1,0,0,0,0,1,0,1,1,0,1,0,0,5,33.0,100.0
16577,40.41615,-3.69918,4,1.0,1.0,42.0,96.0,18,0.56,453,200,4503.0,68.043894,0.8,1.0,1,0,0,0,0,1,0,1,1,0,1,0,0,6,33.0,50.0
16578,40.44829,-3.67177,6,1.0,1.0,74.0,94.0,28,1.31,356,200,4508.0,67.220486,5.8,2.0,1,0,0,0,0,1,0,1,1,0,1,0,0,7,51.0,100.0
16579,40.4484,-3.67197,7,1.0,2.0,67.0,92.0,28,0.49,381,200,4508.0,67.220486,5.8,2.0,1,0,0,0,0,1,0,1,1,0,1,0,0,7,58.5,100.0
16580,40.46262,-3.68055,2,1.0,1.0,80.0,100.0,4,0.66,588,200,4508.0,67.220486,5.8,1.0,1,0,0,0,0,1,1,1,0,1,1,0,0,7,18.0,100.0
16581,40.46233,-3.68265,2,1.0,1.0,80.0,100.0,4,0.41,596,200,4508.0,67.220486,5.8,1.0,1,0,0,0,0,1,1,1,0,1,1,0,0,7,18.0,100.0
16582,40.46746,-3.68563,2,2.0,3.0,100.0,100.0,4,0.11,520,200,4508.0,67.220486,5.8,1.0,1,0,0,0,0,1,0,1,0,0,1,0,0,7,18.0,100.0
16583,40.44784,-3.67194,10,2.0,4.0,92.0,94.0,28,0.97,206,200,4508.0,67.220486,5.8,3.0,1,0,0,0,0,1,0,1,1,0,0,0,0,7,84.0,100.0
16584,40.46882,-3.68629,2,1.0,1.0,60.0,92.0,4,0.54,664,200,4508.0,67.220486,5.8,1.0,1,0,0,0,0,1,0,0,0,0,1,1,0,7,18.0,100.0
16585,40.40074,-3.69795,1,1.0,1.0,20.0,0.0,1,0.0,106,50,3917.0,55.025641,1.9,1.0,0,0,0,0,0,1,0,0,0,0,0,0,0,3,10.5,50.0
16586,40.42209,-3.69994,3,0.0,2.0,44.0,0.0,14,0.0,136,200,4503.0,68.043894,0.8,1.0,1,1,1,1,1,0,0,1,1,0,0,0,0,2,25.5,50.0
16587,40.4102,-3.69875,2,1.0,1.0,20.0,98.0,2,1.09,396,50,4503.0,68.043894,0.8,1.0,0,0,0,0,0,1,0,0,0,1,1,0,0,8,18.0,50.0
16588,40.4256,-3.68574,1,1.0,2.0,30.0,95.0,2,0.42,143,50,5328.0,74.694253,2.2,1.0,0,0,0,0,0,1,0,1,1,0,0,0,0,6,10.5,50.0
16589,40.43706,-3.62291,4,1.0,1.0,9.0,100.0,1,0.15,91,200,2477.0,70.967532,7.3,3.0,1,1,1,1,1,1,1,1,1,1,1,1,1,5,39.0,50.0
16590,40.45802,-3.69963,1,1.0,1.0,14.0,0.0,1,0.0,154,50,3476.0,60.621287,5.9,2.0,0,0,0,0,0,1,0,0,0,0,0,0,0,2,13.5,50.0
16592,40.40841,-3.6992,4,1.0,2.0,66.0,0.0,1,0.0,208,200,4503.0,68.043894,0.8,1.0,1,0,0,0,0,1,0,1,1,0,1,0,0,2,33.0,100.0
16593,40.40954,-3.70738,2,0.0,1.0,40.0,99.0,12,3.16,363,200,4503.0,68.043894,0.8,1.0,1,0,0,0,0,1,0,0,1,0,1,0,1,2,18.0,50.0
16594,40.41705,-3.70266,4,0.0,2.0,120.0,95.0,1,0.47,184,200,4503.0,68.043894,0.8,1.0,1,0,0,0,0,1,0,0,0,0,1,0,0,7,33.0,150.0
16595,40.39649,-3.69059,1,3.0,2.0,20.0,0.0,2,0.0,27,50,3917.0,55.025641,1.9,1.5,1,0,0,0,0,0,0,0,0,0,0,0,0,8,12.0,50.0
16596,40.41259,-3.69862,4,1.0,1.0,37.0,96.0,9,4.81,314,200,4503.0,68.043894,0.8,1.0,1,0,0,0,0,1,0,1,0,0,0,0,0,8,33.0,50.0
16597,40.46036,-3.70627,2,1.0,1.0,42.0,0.0,3,0.0,435,50,3476.0,60.621287,5.9,2.0,0,0,0,0,0,1,0,1,0,1,0,0,0,5,21.0,50.0
16598,40.40164,-3.6998,6,3.0,4.0,110.0,100.0,45,1.0,428,200,3917.0,55.025641,1.9,2.0,1,0,0,0,0,1,0,1,0,1,1,0,1,4,51.0,150.0
16599,40.44156,-3.63253,4,2.0,3.0,37.0,100.0,1,0.1,287,200,2477.0,70.967532,7.3,1.0,1,0,0,0,0,1,0,1,0,0,1,0,0,2,33.0,50.0
16600,40.40797,-3.7072,2,1.0,1.0,20.0,100.0,4,0.13,263,50,4503.0,68.043894,0.8,1.0,0,0,0,0,0,1,0,0,1,0,1,0,0,3,18.0,50.0
16601,40.39488,-3.6662,1,1.0,1.0,20.0,0.0,1,0.0,126,50,1890.0,41.443535,5.0,1.0,0,0,0,0,0,1,0,0,0,0,0,0,0,2,10.5,50.0
16602,40.42726,-3.71841,1,1.0,1.0,17.0,100.0,31,0.12,248,50,3555.0,63.451906,5.9,2.0,0,0,0,0,0,1,0,0,1,0,1,0,0,5,13.5,50.0
16603,40.42543,-3.71767,1,1.0,1.0,17.0,100.0,31,0.12,231,50,3555.0,63.451906,5.9,2.0,0,0,0,0,0,1,0,0,1,0,1,0,0,5,13.5,50.0
16604,40.41657,-3.71105,1,1.0,2.0,15.0,100.0,2,0.88,256,50,4503.0,68.043894,0.8,1.0,0,0,0,0,0,1,0,0,0,0,1,0,0,0,10.5,50.0
16605,40.46996,-3.63581,1,1.0,1.0,36.0,0.0,1,0.0,155,50,3312.0,62.061453,9.2,1.0,0,0,0,0,0,1,0,0,0,0,1,0,0,2,10.5,50.0
16606,40.39416,-3.72199,3,2.0,2.0,45.0,100.0,1,0.32,461,200,2195.0,47.402837,6.6,1.0,1,0,0,0,0,1,0,1,0,0,1,0,0,2,25.5,50.0
16607,40.43605,-3.70576,7,2.0,3.0,70.0,0.0,35,0.0,157,200,4855.0,64.056634,2.4,1.0,1,0,0,0,0,1,0,0,0,0,1,0,0,2,55.5,100.0
16608,40.39599,-3.73254,5,1.0,3.0,40.0,100.0,35,0.19,146,200,2195.0,47.402837,6.6,1.0,1,0,0,0,0,1,0,0,0,0,1,0,0,2,40.5,50.0
16609,40.43681,-3.71644,1,5.0,1.0,21.0,0.0,5,0.0,417,50,4855.0,64.056634,2.4,2.0,0,0,0,0,0,1,0,0,0,0,1,0,0,2,13.5,50.0
16610,40.43681,-3.71644,1,5.0,1.0,20.0,0.0,5,0.0,417,50,4855.0,64.056634,2.4,2.0,0,0,0,0,0,1,0,0,0,0,1,0,0,2,13.5,50.0
16611,40.43674,-3.71655,1,5.0,1.0,19.0,0.0,5,0.0,417,50,4855.0,64.056634,2.4,2.0,0,0,0,0,0,1,0,0,0,0,1,0,0,2,13.5,50.0
16612,40.46598,-3.69965,1,1.0,1.0,15.0,0.0,1,0.0,118,50,3476.0,60.621287,5.9,1.0,0,0,0,0,0,1,0,1,0,0,0,0,0,3,10.5,50.0
16613,40.43674,-3.71655,1,5.0,1.0,23.0,0.0,5,0.0,428,50,4855.0,64.056634,2.4,2.0,0,0,0,0,0,1,0,0,0,0,1,0,0,2,13.5,50.0
16614,40.43675,-3.71654,1,5.0,1.0,22.0,0.0,5,0.0,411,50,4855.0,64.056634,2.4,2.0,0,0,0,0,0,1,0,0,0,0,1,0,0,2,13.5,50.0
16615,40.41714,-3.70976,4,2.0,3.0,146.0,0.0,113,0.0,188,200,4503.0,68.043894,0.8,2.0,1,0,0,0,0,1,0,0,1,0,0,0,0,7,36.0,150.0
16616,40.42042,-3.70983,4,2.0,2.0,202.0,0.0,113,0.0,248,200,4503.0,68.043894,0.8,2.0,1,0,0,0,0,1,0,1,1,0,0,0,0,7,36.0,200.0
16617,40.42084,-3.70836,2,1.0,1.0,121.0,80.0,113,0.57,209,200,4503.0,68.043894,0.8,1.0,1,0,0,0,0,1,0,0,1,0,0,0,0,7,18.0,150.0
16618,40.41434,-3.70074,4,1.0,2.0,52.0,100.0,27,0.98,200,200,4503.0,68.043894,0.8,1.0,1,0,0,0,0,1,0,1,0,0,1,0,0,2,33.0,100.0
16619,40.41791,-3.67515,2,1.0,1.0,250.0,0.0,1,0.0,119,200,4220.0,63.672727,3.2,2.0,1,0,0,0,0,1,0,1,0,0,0,0,0,8,21.0,200.0
16620,40.40688,-3.67255,7,4.0,4.0,106.0,0.0,1,0.0,470,200,4220.0,63.672727,3.2,2.0,1,0,0,0,0,0,0,0,0,0,1,0,0,4,58.5,150.0
16621,40.48753,-3.66493,5,1.0,4.0,85.0,90.0,10,0.44,760,200,3312.0,62.061453,9.2,1.5,1,0,0,0,0,1,0,1,1,1,1,1,0,2,42.0,100.0
16622,40.42683,-3.7097,2,1.0,2.0,45.0,0.0,1,0.0,207,50,4503.0,68.043894,0.8,1.0,1,0,0,0,1,1,0,1,0,0,1,0,0,3,18.0,50.0
16623,40.41572,-3.69723,5,2.0,3.0,84.0,100.0,8,0.23,192,200,4503.0,68.043894,0.8,2.0,1,0,0,0,0,1,0,1,0,1,0,0,0,9,43.5,100.0
16624,40.40706,-3.71075,3,1.0,2.0,52.0,100.0,3,0.2,416,200,4503.0,68.043894,0.8,1.0,1,0,0,0,0,1,0,0,0,0,1,0,0,6,25.5,100.0
16625,40.3936,-3.70749,2,1.0,1.0,500.0,87.0,2,0.31,648,50,2195.0,47.402837,6.6,1.0,0,0,0,0,0,1,0,0,0,1,1,1,0,6,18.0,200.0
16626,40.4285,-3.70581,4,2.0,2.0,79.0,83.0,1,1.09,499,200,4503.0,68.043894,0.8,1.0,1,0,0,0,0,1,0,1,1,0,1,0,0,0,33.0,100.0
16627,40.43388,-3.6916,3,1.0,2.0,65.0,100.0,22,0.48,543,200,4855.0,64.056634,2.4,1.0,1,0,0,0,0,1,0,1,1,0,0,0,0,6,25.5,100.0
16628,40.42311,-3.70487,2,1.0,1.0,31.0,0.0,6,0.0,139,50,4503.0,68.043894,0.8,2.0,0,0,0,0,0,1,0,1,0,0,0,0,0,2,21.0,50.0
16629,40.42166,-3.70715,1,1.0,1.0,20.0,80.0,6,0.1,139,50,4503.0,68.043894,0.8,2.0,0,0,0,0,0,1,0,1,0,0,0,0,0,2,13.5,50.0
16630,40.42129,-3.70561,3,1.0,2.0,35.0,0.0,6,0.0,139,50,4503.0,68.043894,0.8,2.0,0,0,0,0,0,1,0,1,0,0,0,0,0,2,28.5,50.0
16631,40.46262,-3.65636,2,1.0,1.0,25.0,96.0,14,0.71,124,50,3312.0,62.061453,9.2,0.0,0,1,1,1,1,1,0,0,1,0,0,0,0,2,15.0,50.0
16632,40.46065,-3.65657,2,1.0,2.0,26.0,100.0,14,0.21,112,50,3312.0,62.061453,9.2,0.0,0,1,1,1,1,1,0,0,0,0,0,0,0,2,15.0,50.0
16633,40.41511,-3.70224,4,0.0,3.0,42.0,94.0,27,0.91,200,200,4503.0,68.043894,0.8,1.0,1,0,0,0,0,1,0,1,0,0,1,0,0,2,33.0,50.0
16634,40.41512,-3.7022,4,0.0,3.0,37.0,86.0,27,3.16,200,200,4503.0,68.043894,0.8,1.0,1,0,0,0,0,1,0,1,0,0,1,0,0,2,33.0,50.0
16635,40.41298,-3.70307,4,1.0,2.0,299.0,89.0,27,1.86,200,200,4503.0,68.043894,0.8,1.0,1,0,0,0,0,1,0,1,0,0,1,0,0,2,33.0,200.0
16636,40.41615,-3.70043,4,1.0,2.0,17.0,88.0,27,1.27,190,50,4503.0,68.043894,0.8,1.0,0,0,0,0,0,1,0,1,0,0,0,0,0,2,33.0,50.0
16637,40.40321,-3.75023,5,3.0,3.0,59.0,100.0,4,0.23,380,200,2287.0,47.008319,4.7,1.0,1,0,0,0,0,1,0,1,0,1,1,0,0,4,40.5,100.0
16638,40.41169,-3.69854,3,0.0,2.0,37.0,85.0,27,1.42,200,200,4503.0,68.043894,0.8,1.0,1,0,0,0,0,1,0,1,0,0,1,0,0,2,25.5,50.0
16640,40.41129,-3.69938,4,1.0,2.0,40.0,82.0,27,2.01,200,200,4503.0,68.043894,0.8,1.0,1,0,0,0,0,1,0,1,0,0,1,0,0,2,33.0,50.0
16642,40.41164,-3.69753,4,1.0,3.0,40.0,91.0,27,1.39,200,200,4503.0,68.043894,0.8,1.0,1,0,0,0,0,1,0,1,0,0,1,0,0,2,33.0,50.0
16643,40.41106,-3.69915,2,0.0,1.0,31.0,63.0,27,1.27,158,200,4503.0,68.043894,0.8,1.0,1,0,0,0,0,1,0,1,0,0,0,0,0,2,18.0,50.0
16644,40.42542,-3.66664,5,4.0,4.0,70.0,0.0,1,0.0,512,200,5328.0,74.694253,2.2,1.0,1,0,0,0,0,1,0,1,0,0,1,0,0,2,40.5,100.0
16645,40.41305,-3.70494,6,2.0,3.0,42.0,79.0,27,2.14,181,200,4503.0,68.043894,0.8,1.0,1,0,0,0,0,1,0,1,0,0,1,0,0,2,48.0,50.0
16646,40.41318,-3.7031,6,2.0,4.0,42.0,91.0,27,2.51,200,200,4503.0,68.043894,0.8,1.0,1,0,0,0,0,1,0,1,0,0,1,0,0,2,48.0,50.0
16647,40.41303,-3.70519,6,2.0,5.0,45.0,75.0,27,1.73,200,200,4503.0,68.043894,0.8,1.0,1,0,0,0,0,1,0,1,0,0,1,0,0,2,48.0,50.0
16648,40.46242,-3.65461,16,15.0,23.0,29.0,0.0,14,0.0,98,50,3312.0,62.061453,9.2,4.0,0,1,1,1,1,1,0,0,0,0,0,0,0,2,132.0,50.0
16649,40.41074,-3.66419,2,1.0,2.0,48.0,100.0,1,0.12,466,50,4220.0,63.672727,3.2,1.0,1,0,0,0,0,1,0,1,0,0,1,0,0,8,18.0,50.0
16650,40.47147,-3.64776,4,1.0,2.0,64.0,100.0,45,0.4,421,200,3312.0,62.061453,9.2,1.0,1,0,0,0,0,1,0,1,0,0,1,0,1,4,33.0,100.0
16651,40.38676,-3.70061,1,1.0,1.0,20.0,100.0,1,0.88,149,50,2316.0,43.910072,4.6,1.0,0,0,0,0,0,1,0,0,0,0,1,0,0,5,10.5,50.0
16652,40.44297,-3.6455,2,0.0,1.0,30.0,0.0,1,0.0,214,50,2893.0,50.090625,6.5,1.0,0,0,0,0,0,1,0,0,0,0,0,0,0,2,18.0,50.0
16653,40.42392,-3.70192,4,1.0,2.0,52.0,100.0,17,0.15,374,200,4503.0,68.043894,0.8,1.5,1,0,0,0,0,1,0,1,0,0,1,0,0,9,34.5,100.0
16654,40.40767,-3.74021,1,1.0,1.0,20.0,1.0,1,1.0,156,50,2287.0,47.008319,4.7,1.0,1,1,1,1,1,1,1,1,1,1,1,1,1,6,10.5,50.0
16655,40.4209,-3.70839,6,2.0,3.0,185.0,0.0,1,0.0,382,200,4503.0,68.043894,0.8,2.0,1,0,0,0,0,1,0,1,0,0,1,0,0,2,51.0,200.0
16656,40.40981,-3.72709,1,1.0,1.0,17.0,0.0,1,0.0,140,50,2287.0,47.008319,4.7,1.0,0,1,1,1,1,1,0,0,1,0,0,0,0,5,10.5,50.0
16657,40.42137,-3.70569,2,1.0,1.0,18.0,80.0,20,0.48,189,50,4503.0,68.043894,0.8,1.0,1,0,0,0,0,1,0,1,0,0,0,0,0,8,18.0,50.0
16658,40.3651,-3.71729,2,1.0,2.0,25.0,0.0,1,0.0,77,50,2316.0,43.910072,4.6,1.0,1,1,1,1,1,1,0,0,1,0,0,0,0,2,18.0,50.0
16659,40.42122,-3.70678,1,1.0,1.0,25.0,0.0,6,0.0,139,50,4503.0,68.043894,0.8,2.0,0,0,0,0,0,1,0,1,0,0,0,0,0,2,13.5,50.0
16661,40.42231,-3.7021,1,1.0,2.0,20.0,0.0,6,0.0,84,50,4503.0,68.043894,0.8,1.0,0,0,0,0,0,1,0,0,0,0,0,0,0,2,10.5,50.0
16662,40.38658,-3.7229,1,1.0,1.0,14.0,0.0,1,0.0,105,50,2195.0,47.402837,6.6,0.0,1,1,1,1,1,1,0,0,0,0,0,0,0,4,7.5,50.0
16663,40.45387,-3.7159,1,1.0,1.0,15.0,0.0,1,0.0,115,50,3555.0,63.451906,5.9,1.0,0,0,0,0,0,1,0,0,0,0,1,0,0,2,10.5,50.0
16664,40.3548,-3.69572,4,1.0,1.0,50.0,0.0,1,0.0,73,50,1696.0,37.641618,9.0,1.0,0,0,0,0,0,1,0,0,0,0,1,0,0,2,33.0,50.0
16665,40.40321,-3.70164,3,0.0,2.0,43.0,91.0,1,0.72,162,200,3917.0,55.025641,1.9,1.0,1,0,0,0,0,1,0,1,0,0,0,0,0,6,25.5,50.0
16666,40.40518,-3.74384,4,1.0,1.0,31.0,0.0,1,0.0,184,200,2287.0,47.008319,4.7,1.0,1,1,1,1,1,1,0,0,0,0,0,0,0,3,33.0,50.0
16667,40.43357,-3.70539,7,3.0,4.0,50.0,0.0,1,0.0,376,200,4855.0,64.056634,2.4,2.5,1,0,0,0,0,1,0,1,0,0,1,0,0,2,60.0,50.0
16668,40.41271,-3.70134,3,1.0,2.0,85.0,0.0,1,0.0,118,200,4503.0,68.043894,0.8,1.0,1,0,0,0,0,0,0,0,0,0,0,0,0,9,25.5,100.0
16669,40.4131,-3.72133,4,1.0,1.0,30.0,93.0,5,1.7,488,200,3917.0,55.025641,1.9,1.0,1,0,0,0,0,1,0,1,0,1,1,0,0,4,33.0,50.0
16670,40.41287,-3.72126,4,1.0,1.0,30.0,92.0,5,2.75,488,200,3917.0,55.025641,1.9,1.5,1,0,0,0,0,1,0,1,0,1,1,0,0,4,34.5,50.0
16671,40.41093,-3.69567,1,1.0,2.0,30.0,0.0,1,0.0,142,50,4503.0,68.043894,0.8,1.0,0,1,1,1,1,1,0,0,0,0,1,0,0,4,10.5,50.0
16672,40.41134,-3.69547,4,1.0,2.0,39.0,99.0,9,1.84,419,200,4503.0,68.043894,0.8,1.0,1,0,0,0,0,1,0,0,0,0,1,0,0,8,33.0,50.0
16673,40.40788,-3.73261,1,1.0,1.0,23.0,0.0,1,0.0,134,50,2287.0,47.008319,4.7,1.0,0,0,0,0,0,1,0,0,0,0,1,0,0,7,10.5,50.0
16674,40.4127,-3.70231,1,1.0,1.0,24.0,0.0,20,0.0,386,50,4503.0,68.043894,0.8,1.0,0,0,0,0,0,1,0,1,0,0,1,1,0,8,10.5,50.0
16675,40.41228,-3.71942,4,1.0,1.0,35.0,96.0,5,3.36,456,200,3917.0,55.025641,1.9,1.0,1,0,0,0,0,1,0,1,0,0,1,0,0,4,33.0,50.0
16678,40.41349,-3.69602,4,1.0,2.0,68.0,98.0,9,1.23,290,200,4503.0,68.043894,0.8,1.5,1,1,1,1,1,1,0,1,1,0,1,0,0,8,34.5,100.0
16679,40.46079,-3.70767,1,1.0,1.0,13.0,1.0,2,1.0,134,50,3476.0,60.621287,5.9,1.5,1,1,1,1,1,1,1,1,1,1,1,1,1,6,12.0,50.0
16681,40.40103,-3.67269,5,3.0,3.0,51.0,0.0,40,0.0,421,200,4220.0,63.672727,3.2,2.0,1,0,0,0,0,1,1,1,0,0,1,0,0,3,43.5,100.0
16684,40.44957,-3.70441,4,1.0,2.0,36.0,93.0,1,2.08,493,200,3476.0,60.621287,5.9,1.0,1,0,0,0,0,1,0,1,0,0,1,1,1,2,33.0,50.0
16685,40.4572,-3.62628,3,1.0,1.0,56.0,96.0,4,1.21,468,200,3312.0,62.061453,9.2,1.0,1,0,0,1,0,1,1,1,0,0,1,0,0,7,25.5,100.0
16686,40.41044,-3.69802,3,1.0,2.0,76.0,100.0,3,0.72,426,200,4503.0,68.043894,0.8,1.0,1,0,0,0,1,0,0,0,0,0,0,1,0,2,25.5,100.0
16687,40.41118,-3.69297,10,5.0,7.0,250.0,0.0,3,0.0,306,200,4503.0,68.043894,0.8,4.0,1,1,1,1,1,1,0,1,1,0,1,0,0,7,87.0,200.0
16688,40.39747,-3.73304,5,1.0,4.0,34.0,0.0,38,0.0,141,200,2195.0,47.402837,6.6,1.0,1,0,0,0,0,1,0,0,0,0,1,0,0,2,40.5,50.0
16689,40.39794,-3.65751,6,2.0,3.0,68.0,0.0,8,0.0,415,200,1890.0,41.443535,5.0,1.0,1,0,0,0,0,1,0,1,0,0,1,0,0,0,48.0,100.0
16690,40.45162,-3.70668,2,1.0,1.0,56.0,89.0,8,1.17,453,200,3476.0,60.621287,5.9,1.0,1,0,0,0,0,1,0,1,0,0,1,0,0,0,18.0,100.0
16691,40.42246,-3.71028,6,1.0,2.0,60.0,0.0,2,0.0,202,200,4503.0,68.043894,0.8,2.0,1,1,1,1,1,1,0,1,1,0,1,0,0,8,51.0,100.0
16692,40.4207,-3.70025,4,1.0,3.0,55.0,92.0,6,0.51,138,200,4503.0,68.043894,0.8,1.0,1,0,0,0,0,1,0,1,0,0,0,0,0,3,33.0,100.0
16693,40.38851,-3.67113,5,1.0,3.0,20.0,0.0,38,0.0,73,200,1890.0,41.443535,5.0,1.0,1,0,0,0,0,1,0,0,0,0,0,0,0,2,40.5,50.0
16694,40.43385,-3.70298,5,3.0,3.0,98.0,0.0,19,0.0,73,200,4855.0,64.056634,2.4,1.0,1,0,0,0,0,1,0,0,0,0,0,0,0,2,40.5,100.0
16695,40.43616,-3.70439,5,2.0,1.0,50.0,0.0,19,0.0,73,200,4855.0,64.056634,2.4,1.0,1,0,0,0,0,1,0,0,0,0,0,0,0,2,40.5,50.0
16696,40.42223,-3.70491,2,2.0,2.0,38.0,0.0,1,0.0,410,50,4503.0,68.043894,0.8,1.0,0,0,0,0,0,1,0,1,1,0,0,0,0,2,18.0,50.0
16697,40.45855,-3.7083,4,1.0,2.0,74.0,100.0,45,0.76,418,200,3476.0,60.621287,5.9,1.0,1,0,0,0,0,1,0,1,0,1,1,0,0,4,33.0,100.0
16698,40.41273,-3.70847,2,0.0,1.0,41.0,100.0,6,0.12,355,200,4503.0,68.043894,0.8,1.0,1,0,0,0,0,1,0,1,0,1,1,0,0,2,18.0,50.0
16700,40.42428,-3.70001,4,1.0,3.0,79.0,90.0,7,1.94,254,200,4503.0,68.043894,0.8,1.0,1,0,0,0,0,1,0,1,0,0,0,0,0,8,33.0,100.0
16701,40.41183,-3.7086,1,1.0,1.0,20.0,0.0,1,0.0,326,50,4503.0,68.043894,0.8,1.0,0,0,0,0,0,1,0,0,0,0,1,0,0,2,10.5,50.0
16702,40.47704,-3.65984,1,1.0,1.0,10.0,0.0,1,0.0,151,50,3312.0,62.061453,9.2,1.0,0,0,0,0,0,1,0,1,0,0,1,0,0,5,10.5,50.0
16703,40.42268,-3.70137,5,1.0,3.0,77.0,92.0,7,2.07,267,200,4503.0,68.043894,0.8,1.0,1,0,0,0,0,1,0,1,0,0,0,0,0,8,40.5,100.0
16704,40.42073,-3.7091,4,1.0,2.0,54.0,100.0,1,1.78,426,200,4503.0,68.043894,0.8,1.0,1,0,0,0,0,1,0,1,0,0,0,0,0,2,33.0,100.0
16705,40.3924,-3.66753,4,1.0,2.0,52.0,100.0,8,0.59,655,200,1890.0,41.443535,5.0,1.0,1,0,0,0,0,1,0,1,1,1,1,0,0,3,33.0,100.0
16707,40.39057,-3.70578,2,1.0,1.0,10.0,1.0,1,1.0,185,50,2316.0,43.910072,4.6,1.5,1,1,1,1,1,1,1,1,1,1,1,1,1,5,19.5,50.0
16708,40.42922,-3.67677,2,1.0,1.0,50.0,0.0,2,0.0,214,50,5328.0,74.694253,2.2,2.0,0,0,0,0,0,1,0,0,0,0,1,0,0,8,21.0,50.0
16710,40.36522,-3.60094,2,1.0,2.0,30.0,0.0,1,0.0,66,50,2382.0,49.659794,11.0,1.0,1,0,0,0,0,1,0,0,0,0,0,0,0,5,18.0,50.0
16711,40.45499,-3.70235,2,1.0,1.0,65.0,0.0,2,0.0,275,50,3476.0,60.621287,5.9,1.5,1,0,0,0,0,1,0,1,0,0,1,0,0,2,19.5,100.0
16712,40.39462,-3.66802,4,1.0,2.0,48.0,100.0,8,0.71,609,50,1890.0,41.443535,5.0,1.0,1,0,0,0,0,1,0,1,1,1,1,0,0,3,33.0,50.0
16713,40.39414,-3.66677,4,1.0,4.0,57.0,73.0,8,0.91,563,50,1890.0,41.443535,5.0,1.0,1,1,1,1,1,1,0,1,1,1,1,0,0,3,33.0,100.0
16714,40.39447,-3.66848,4,1.0,2.0,46.0,93.0,8,0.31,625,200,1890.0,41.443535,5.0,1.0,1,0,0,0,0,1,0,1,1,1,1,0,0,3,33.0,50.0
16715,40.41252,-3.7116,2,1.0,1.0,30.0,100.0,1,2.0,518,50,4503.0,68.043894,0.8,1.5,0,0,0,0,0,1,0,1,0,1,1,0,0,3,19.5,50.0
16716,40.42642,-3.69802,2,1.0,1.0,126.0,0.0,113,0.0,174,200,4503.0,68.043894,0.8,1.0,1,0,0,0,0,1,0,1,1,0,0,0,0,7,18.0,150.0
16717,40.42765,-3.68577,5,3.0,4.0,171.0,100.0,1,0.26,275,200,5328.0,74.694253,2.2,2.0,1,0,0,0,1,1,0,1,1,0,0,0,0,2,43.5,200.0
16718,40.41328,-3.72005,2,1.0,1.0,55.0,0.0,45,0.0,314,200,3917.0,55.025641,1.9,1.0,1,0,0,0,0,1,0,0,0,0,1,0,1,4,18.0,100.0
16719,40.41203,-3.7033,6,2.0,4.0,60.0,0.0,45,0.0,278,200,4503.0,68.043894,0.8,1.0,1,0,0,0,0,1,0,0,0,1,1,0,0,4,48.0,100.0
16720,40.43271,-3.68624,6,3.0,4.0,250.0,0.0,1,0.0,161,200,5328.0,74.694253,2.2,3.0,1,0,0,0,0,1,0,1,1,0,0,0,0,5,54.0,200.0
16721,40.41367,-3.70954,2,1.0,1.0,38.0,0.0,1,0.0,98,50,4503.0,68.043894,0.8,1.0,0,0,0,0,0,1,0,0,0,0,0,0,0,6,18.0,50.0
16722,40.42731,-3.68343,6,3.0,4.0,200.0,98.0,1,1.7,296,200,5328.0,74.694253,2.2,3.5,1,0,0,0,1,1,0,1,1,0,0,0,0,2,55.5,200.0
16724,40.40942,-3.70247,3,1.0,2.0,75.0,0.0,1,0.0,97,200,4503.0,68.043894,0.8,1.0,1,0,0,0,0,1,0,1,0,0,0,0,0,7,25.5,100.0
16725,40.39874,-3.70035,4,1.0,3.0,150.0,100.0,2,0.12,416,200,3917.0,55.025641,1.9,1.5,1,0,0,0,0,1,0,1,0,0,1,0,0,4,34.5,150.0
16726,40.40804,-3.69774,4,1.0,2.0,30.0,83.0,9,0.78,412,200,4503.0,68.043894,0.8,1.0,1,0,0,0,0,1,0,1,0,1,1,0,0,8,33.0,50.0
16727,40.47123,-3.69767,4,2.0,4.0,100.0,0.0,1,0.0,195,200,3476.0,60.621287,5.9,1.0,1,0,0,0,0,0,0,1,0,0,0,0,0,2,33.0,100.0
16728,40.41182,-3.71479,6,3.0,4.0,261.0,96.0,1,1.16,275,200,4503.0,68.043894,0.8,2.0,1,0,0,0,0,1,0,1,1,0,0,0,0,2,51.0,200.0
16729,40.40806,-3.70752,2,0.0,1.0,43.0,0.0,1,0.0,131,50,4503.0,68.043894,0.8,1.0,0,0,0,0,0,1,0,0,0,0,1,0,0,4,18.0,50.0
16730,40.42214,-3.69708,4,2.0,3.0,230.0,0.0,1,0.0,275,200,4503.0,68.043894,0.8,2.0,1,0,0,0,0,1,0,1,0,0,0,0,0,2,36.0,200.0
16731,40.41704,-3.70965,3,1.0,2.0,66.0,0.0,1,0.0,553,200,4503.0,68.043894,0.8,1.0,1,0,0,0,0,1,0,1,1,0,1,0,0,5,25.5,100.0
16732,40.42756,-3.71624,1,1.0,1.0,14.0,100.0,31,0.12,262,50,3555.0,63.451906,5.9,2.0,0,0,0,0,0,1,0,0,1,0,1,0,0,5,13.5,50.0
16733,40.4217,-3.71009,4,1.0,2.0,55.0,100.0,7,0.64,233,200,4503.0,68.043894,0.8,1.5,1,0,0,0,0,1,0,1,0,0,0,0,0,8,34.5,100.0
16734,40.40399,-3.71168,1,1.0,1.0,18.0,0.0,31,0.0,191,50,3917.0,55.025641,1.9,1.0,1,0,0,0,0,1,0,0,1,0,0,0,0,5,10.5,50.0
16735,40.40084,-3.6734,5,3.0,3.0,49.0,0.0,40,0.0,421,200,4220.0,63.672727,3.2,2.0,1,0,0,0,0,1,1,1,0,0,1,0,0,3,43.5,50.0
16736,40.42575,-3.70245,4,2.0,3.0,119.0,100.0,1,0.39,255,200,4503.0,68.043894,0.8,2.5,1,0,0,0,0,0,0,1,0,0,0,0,0,2,37.5,150.0
16739,40.4008,-3.67129,5,3.0,3.0,53.0,0.0,40,0.0,397,200,4220.0,63.672727,3.2,2.0,1,0,0,0,0,1,1,1,0,0,1,0,0,3,43.5,100.0
16743,40.39951,-3.67124,6,3.0,3.0,53.0,100.0,40,0.64,413,200,4220.0,63.672727,3.2,3.0,1,0,0,0,0,1,0,1,0,0,1,0,0,3,54.0,100.0
16744,40.45955,-3.71071,2,1.0,1.0,60.0,0.0,1,0.0,392,50,3555.0,63.451906,5.9,1.5,0,0,0,0,0,1,0,0,0,1,1,0,0,8,19.5,100.0
16745,40.41748,-3.6997,4,2.0,3.0,500.0,100.0,5,0.27,275,200,4503.0,68.043894,0.8,2.5,1,0,0,0,0,1,0,1,1,0,0,0,0,2,37.5,200.0
16746,40.42049,-3.68254,4,2.0,3.0,126.0,93.0,1,1.4,261,200,4220.0,63.672727,3.2,2.0,1,0,0,0,0,0,0,1,1,0,0,0,0,2,36.0,150.0
16747,40.43543,-3.68072,6,2.0,3.0,204.0,100.0,6,0.82,325,200,5328.0,74.694253,2.2,2.0,1,0,0,0,0,1,0,1,0,0,1,0,0,5,51.0,200.0
16748,40.41292,-3.70714,4,2.0,3.0,101.0,99.0,1,1.74,303,200,4503.0,68.043894,0.8,1.0,1,0,0,0,0,1,0,1,1,0,0,0,0,2,33.0,150.0
16749,40.42405,-3.69988,6,1.0,5.0,82.0,90.0,7,2.31,269,200,4503.0,68.043894,0.8,1.0,1,0,0,0,0,1,0,1,0,0,0,0,0,8,48.0,100.0
16750,40.42082,-3.70148,4,1.0,2.0,77.0,95.0,19,4.4,203,200,4503.0,68.043894,0.8,1.0,1,0,0,0,0,1,0,1,0,0,0,0,0,8,33.0,100.0
16751,40.42954,-3.68431,2,1.0,1.0,115.0,99.0,1,1.69,301,200,5328.0,74.694253,2.2,1.0,1,0,0,0,0,1,0,1,1,1,0,0,0,2,18.0,150.0
16752,40.41518,-3.69729,6,3.0,4.0,159.0,98.0,1,1.79,263,200,4503.0,68.043894,0.8,2.0,1,0,0,0,0,1,0,1,0,0,0,0,0,2,51.0,200.0
16753,40.40063,-3.67332,3,2.0,2.0,41.0,0.0,40,0.0,398,200,4220.0,63.672727,3.2,1.0,1,0,0,0,0,1,1,1,0,0,0,0,0,3,25.5,50.0
16754,40.42025,-3.71056,4,1.0,2.0,53.0,0.0,7,0.0,173,200,4503.0,68.043894,0.8,1.5,1,0,0,0,0,1,0,1,0,0,0,0,0,8,34.5,100.0
16755,40.40115,-3.67289,3,2.0,2.0,35.0,0.0,40,0.0,398,200,4220.0,63.672727,3.2,1.0,1,0,0,0,0,1,1,1,0,0,0,0,0,3,25.5,50.0
16756,40.39922,-3.67137,3,2.0,2.0,37.0,0.0,40,0.0,398,200,4220.0,63.672727,3.2,1.0,1,0,0,0,0,1,1,1,0,0,0,0,0,3,25.5,50.0
16757,40.39917,-3.67204,3,2.0,2.0,57.0,0.0,40,0.0,398,200,4220.0,63.672727,3.2,1.0,1,0,0,0,0,1,1,1,0,0,0,0,0,3,25.5,100.0
16758,40.39182,-3.74538,1,1.0,1.0,14.0,100.0,1,0.41,384,50,2287.0,47.008319,4.7,1.0,0,0,0,0,0,1,0,0,0,1,1,0,0,2,10.5,50.0
16759,40.4194,-3.70708,2,1.0,1.0,78.0,0.0,1,0.0,153,200,4503.0,68.043894,0.8,1.0,1,0,0,0,0,0,0,1,0,0,1,0,0,2,18.0,100.0
16764,40.47021,-3.70303,5,3.0,3.0,123.0,100.0,1,0.12,218,200,3476.0,60.621287,5.9,1.0,1,0,0,0,0,1,0,1,0,0,1,0,0,2,40.5,150.0
16765,40.3996,-3.67127,3,2.0,2.0,40.0,0.0,40,0.0,398,200,4220.0,63.672727,3.2,1.0,1,0,0,0,0,1,1,1,0,0,0,0,0,3,25.5,50.0
16767,40.39105,-3.73977,2,1.0,2.0,20.0,93.0,4,0.39,140,50,2195.0,47.402837,6.6,1.0,0,0,0,0,0,1,0,0,0,0,1,0,0,3,18.0,50.0
16768,40.39044,-3.73991,2,0.0,2.0,20.0,0.0,4,0.0,160,50,2195.0,47.402837,6.6,1.0,0,1,1,1,1,1,0,0,0,0,1,0,0,3,18.0,50.0
16769,40.42012,-3.70188,4,1.0,2.0,66.0,96.0,19,3.67,270,200,4503.0,68.043894,0.8,1.0,1,0,0,0,0,1,0,1,0,0,0,0,0,8,33.0,100.0
16770,40.4203,-3.70173,4,1.0,2.0,66.0,94.0,19,4.16,344,200,4503.0,68.043894,0.8,1.0,1,0,0,0,0,1,0,1,1,0,0,0,0,8,33.0,100.0
16771,40.41459,-3.70584,4,2.0,3.0,134.0,97.0,1,1.69,358,200,4503.0,68.043894,0.8,1.0,1,0,0,0,0,1,0,1,0,1,0,0,0,2,33.0,150.0
16772,40.40599,-3.70073,1,1.0,2.0,12.0,0.0,8,0.0,139,50,4503.0,68.043894,0.8,2.0,0,0,0,0,0,1,0,0,0,0,1,0,0,7,13.5,50.0
16773,40.45407,-3.70236,2,1.0,2.0,50.0,0.0,2,0.0,274,50,3476.0,60.621287,5.9,0.0,1,0,0,0,0,1,0,1,0,0,1,0,0,2,15.0,50.0
16774,40.4108,-3.73155,2,1.0,1.0,40.0,0.0,1,0.0,157,200,2287.0,47.008319,4.7,1.0,1,0,0,0,0,1,0,0,0,0,1,0,0,8,18.0,50.0
16775,40.41297,-3.69753,3,0.0,2.0,75.0,100.0,2,0.1,311,200,4503.0,68.043894,0.8,1.0,1,0,0,0,0,1,0,1,0,1,0,0,0,2,25.5,100.0
16776,40.42428,-3.70122,4,1.0,3.0,79.0,90.0,7,0.87,269,200,4503.0,68.043894,0.8,1.0,1,0,0,0,0,1,0,1,0,0,0,0,0,8,33.0,100.0
16777,40.39575,-3.71539,1,0.0,1.0,40.0,0.0,1,0.0,119,50,2195.0,47.402837,6.6,1.0,0,0,0,0,0,1,0,0,1,0,0,0,0,2,10.5,50.0
16778,40.39919,-3.6734,2,1.0,1.0,37.0,0.0,40,0.0,410,200,4220.0,63.672727,3.2,1.0,1,0,0,0,0,1,1,1,0,0,0,0,0,3,18.0,50.0
16779,40.399,-3.67181,2,1.0,1.0,42.0,0.0,40,0.0,430,200,4220.0,63.672727,3.2,1.0,1,0,0,0,0,1,1,1,0,0,0,0,0,3,18.0,50.0
16780,40.41394,-3.70706,6,3.0,3.0,201.0,96.0,1,1.7,338,200,4503.0,68.043894,0.8,3.0,1,0,0,0,1,1,0,1,0,0,1,0,1,2,54.0,200.0
16781,40.42112,-3.70774,6,2.0,4.0,120.0,0.0,1,0.0,118,200,4503.0,68.043894,0.8,2.0,1,0,0,0,0,0,0,1,0,0,0,0,0,5,51.0,150.0
16782,40.46049,-3.69595,6,3.0,5.0,86.0,0.0,2,0.0,608,200,3476.0,60.621287,5.9,2.0,1,0,0,0,0,1,0,1,0,0,1,0,1,7,51.0,100.0
16783,40.39534,-3.66078,6,3.0,3.0,61.0,97.0,8,0.77,415,200,1890.0,41.443535,5.0,1.0,1,0,0,0,0,1,0,1,0,0,1,0,0,0,48.0,100.0
16784,40.38267,-3.71113,4,1.0,3.0,20.0,100.0,38,0.1,73,200,2316.0,43.910072,4.6,1.0,1,0,0,0,0,1,0,0,0,0,0,0,0,2,33.0,50.0
16785,40.42762,-3.70739,2,1.0,1.0,30.0,40.0,3,0.1,299,50,4503.0,68.043894,0.8,1.0,0,0,0,0,0,1,0,0,0,0,1,0,0,3,18.0,50.0
16786,40.40666,-3.69459,1,1.0,2.0,17.0,0.0,1,0.0,148,50,3917.0,55.025641,1.9,1.0,1,1,1,1,1,1,0,0,1,0,1,0,0,2,10.5,50.0
16787,40.41486,-3.69968,6,2.0,3.0,125.0,100.0,23,0.33,410,200,4503.0,68.043894,0.8,1.0,1,0,0,0,0,1,0,1,0,0,0,0,1,10,48.0,150.0
16789,40.33404,-3.70204,2,1.0,1.0,52.0,0.0,7,0.0,287,200,1696.0,37.641618,9.0,1.5,1,0,0,0,0,1,0,1,0,0,1,0,0,7,19.5,100.0
16790,40.39292,-3.66693,4,1.0,2.0,56.0,60.0,8,0.26,419,200,1890.0,41.443535,5.0,1.0,1,0,0,0,0,1,0,1,0,0,1,0,0,0,33.0,100.0
16791,40.42205,-3.69629,4,2.0,3.0,189.0,98.0,1,1.45,330,200,4503.0,68.043894,0.8,2.0,1,0,0,0,0,1,0,1,1,0,1,0,0,2,36.0,200.0
16792,40.46988,-3.6839,4,2.0,4.0,60.0,0.0,1,0.0,95,50,4508.0,67.220486,5.8,2.0,0,0,0,0,0,1,0,0,0,0,0,0,0,6,36.0,100.0
16793,40.43459,-3.71815,4,1.0,2.0,53.0,98.0,1,1.29,407,200,4855.0,64.056634,2.4,1.0,1,0,0,0,0,1,0,1,0,0,0,0,1,3,33.0,100.0
16794,40.43428,-3.7014,5,3.0,4.0,55.0,0.0,38,0.0,96,200,4855.0,64.056634,2.4,1.0,1,0,0,0,0,1,0,0,0,0,1,0,0,2,40.5,100.0
16795,40.40419,-3.66079,1,1.0,2.0,11.0,0.0,1,0.0,97,50,1890.0,41.443535,5.0,1.0,0,0,0,0,0,1,0,0,0,0,0,0,0,3,10.5,50.0
16796,40.4227,-3.69157,4,2.0,3.0,191.0,100.0,1,1.2,307,200,4503.0,68.043894,0.8,2.0,1,0,0,0,0,1,0,1,1,0,0,0,0,2,36.0,200.0
16797,40.45168,-3.6776,2,1.0,1.0,65.0,0.0,1,0.0,149,200,4508.0,67.220486,5.8,1.0,1,0,0,0,0,0,0,1,0,0,1,0,0,7,18.0,100.0
16798,40.41569,-3.70528,1,1.0,2.0,25.0,20.0,1,0.86,140,50,4503.0,68.043894,0.8,1.0,1,0,0,0,0,1,0,0,1,0,1,0,0,6,10.5,50.0
16799,40.42589,-3.6908,2,1.0,1.0,160.0,0.0,1,0.0,211,200,4855.0,64.056634,2.4,1.0,1,0,0,0,0,1,0,1,0,0,1,0,0,7,18.0,200.0
16800,40.42222,-3.70149,6,2.0,4.0,106.0,100.0,7,0.11,269,200,4503.0,68.043894,0.8,1.0,1,0,0,0,0,1,0,1,0,0,0,0,0,8,48.0,150.0
16801,40.39799,-3.68478,1,1.0,1.0,17.0,0.0,2,0.0,121,50,3917.0,55.025641,1.9,1.5,1,0,0,0,0,1,0,1,0,0,1,0,0,8,12.0,50.0
16802,40.42266,-3.70108,7,2.0,6.0,120.0,60.0,7,0.22,267,200,4503.0,68.043894,0.8,1.0,1,0,0,0,0,1,0,1,0,0,0,0,0,8,55.5,150.0
16803,40.4413,-3.6735,6,2.0,3.0,91.0,0.0,1,0.0,143,200,4508.0,67.220486,5.8,2.0,1,0,0,0,0,1,0,0,0,0,1,0,0,3,51.0,100.0
16804,40.40627,-3.70275,1,1.0,1.0,40.0,0.0,1,0.0,258,50,4503.0,68.043894,0.8,1.0,1,0,0,0,0,1,0,1,0,0,1,0,0,5,10.5,50.0
16805,40.43748,-3.67432,2,1.0,1.0,25.0,0.0,1,0.0,185,50,5328.0,74.694253,2.2,1.0,0,0,0,0,0,1,0,1,0,0,1,0,0,5,18.0,50.0
16806,40.40885,-3.71087,4,2.0,2.0,90.0,0.0,1,0.0,160,200,4503.0,68.043894,0.8,2.0,1,0,0,0,0,1,0,0,0,0,1,0,0,5,36.0,100.0
16807,40.41189,-3.71203,2,1.0,1.0,97.0,0.0,113,0.0,179,200,4503.0,68.043894,0.8,1.0,1,0,0,0,0,1,0,1,1,0,0,0,0,7,18.0,100.0
16808,40.43791,-3.68419,1,1.0,1.0,33.0,100.0,1,0.15,177,50,4508.0,67.220486,5.8,1.0,0,0,0,0,0,1,0,0,0,0,1,0,0,7,10.5,50.0
16809,40.40809,-3.70743,1,1.0,1.0,15.0,0.0,1,0.0,263,50,4503.0,68.043894,0.8,1.0,0,0,0,0,0,1,0,0,0,1,0,0,0,3,10.5,50.0
16810,40.41149,-3.70938,2,1.0,1.0,70.0,0.0,1,0.0,186,200,4503.0,68.043894,0.8,1.0,1,0,0,0,0,1,0,1,0,0,1,0,0,8,18.0,100.0
16811,40.40992,-3.71203,2,0.0,1.0,32.0,80.0,40,0.17,341,200,4503.0,68.043894,0.8,1.0,1,0,0,0,0,1,0,1,0,0,0,0,0,3,18.0,50.0
16812,40.40906,-3.71027,2,1.0,1.0,36.0,0.0,2,0.0,217,50,4503.0,68.043894,0.8,1.0,0,1,1,1,1,1,0,0,1,0,1,0,0,7,18.0,50.0
16813,40.487,-3.68613,1,1.0,1.0,22.0,100.0,1,2.96,489,50,3545.0,57.198083,16.4,1.0,0,0,0,0,0,1,0,1,0,0,0,0,0,7,10.5,50.0
16814,40.39455,-3.71216,1,1.0,1.0,23.0,0.0,1,0.0,227,50,2195.0,47.402837,6.6,1.5,0,0,0,0,0,1,0,0,0,0,0,0,0,2,12.0,50.0
16815,40.43686,-3.70169,3,1.0,2.0,39.0,0.0,1,0.0,175,200,4855.0,64.056634,2.4,1.0,1,0,0,0,0,1,0,1,0,0,0,0,0,2,25.5,50.0
16816,40.40791,-3.7123,2,1.0,2.0,60.0,96.0,25,1.15,437,200,4503.0,68.043894,0.8,1.0,1,0,0,0,0,1,0,0,1,1,1,0,0,9,18.0,100.0
16817,40.42508,-3.7053,3,0.0,3.0,75.0,0.0,3,0.0,156,50,4503.0,68.043894,0.8,1.0,0,1,1,1,1,1,0,0,1,0,0,0,0,5,25.5,100.0
16818,40.4178,-3.67859,5,2.0,4.0,60.0,0.0,1,0.0,155,200,4220.0,63.672727,3.2,1.0,1,0,0,0,0,1,0,0,0,0,1,0,0,4,40.5,100.0
16819,40.40035,-3.69633,4,2.0,3.0,77.0,88.0,1,1.22,411,200,3917.0,55.025641,1.9,1.0,1,0,0,0,0,1,0,1,0,0,1,0,0,2,33.0,100.0
16820,40.40344,-3.69008,2,3.0,1.0,15.0,95.0,3,0.59,64,50,3917.0,55.025641,1.9,1.0,0,0,0,0,0,1,0,0,0,0,1,0,0,3,18.0,50.0
16821,40.41611,-3.70115,6,3.0,3.0,127.0,86.0,66,5.53,508,200,4503.0,68.043894,0.8,2.0,1,0,0,0,0,1,0,1,0,1,1,0,0,6,51.0,150.0
16822,40.33232,-3.70361,4,1.0,1.0,49.0,0.0,7,0.0,389,200,1696.0,37.641618,9.0,1.5,1,0,0,0,0,1,0,1,0,0,1,1,0,7,34.5,50.0
16823,40.42975,-3.71121,2,1.0,2.0,60.0,0.0,2,0.0,235,200,4503.0,68.043894,0.8,1.0,1,0,0,0,0,1,0,1,0,0,1,0,0,6,18.0,100.0
16824,40.39447,-3.70016,1,1.0,1.0,16.0,84.0,1,0.55,183,50,3917.0,55.025641,1.9,1.0,0,0,0,0,0,1,0,0,0,0,1,0,0,9,10.5,50.0
16825,40.41208,-3.70491,2,1.0,2.0,28.0,0.0,1,0.0,107,50,4503.0,68.043894,0.8,1.0,1,1,1,1,1,1,0,0,0,0,1,0,0,4,18.0,50.0
16826,40.39341,-3.72465,1,1.0,3.0,14.0,100.0,1,0.12,157,50,2195.0,47.402837,6.6,1.5,0,0,0,0,0,1,0,1,0,0,1,0,0,2,12.0,50.0
16827,40.42936,-3.72181,4,2.0,2.0,65.0,0.0,2,0.0,84,200,3555.0,63.451906,5.9,2.0,1,0,0,0,0,0,0,0,0,0,0,0,0,8,36.0,100.0
16828,40.42518,-3.6834,6,3.0,5.0,250.0,100.0,1,1.64,261,200,5328.0,74.694253,2.2,3.0,1,0,0,0,0,1,0,1,1,0,0,0,0,2,54.0,200.0
16829,40.44001,-3.63592,1,1.0,1.0,13.0,94.0,1,7.0,97,50,2477.0,70.967532,7.3,1.5,1,0,0,0,0,1,0,0,0,0,0,0,0,2,12.0,50.0
16830,40.47208,-3.65743,1,1.0,1.0,14.0,0.0,1,0.0,136,50,3312.0,62.061453,9.2,1.0,0,0,0,0,0,1,0,0,0,0,0,0,0,6,10.5,50.0
16831,40.415,-3.68055,2,0.0,1.0,25.0,89.0,8,6.21,342,200,4220.0,63.672727,3.2,1.0,1,0,0,0,0,1,0,1,0,0,1,0,0,6,18.0,50.0
16832,40.41515,-3.67943,1,0.0,1.0,27.0,87.0,8,4.18,342,200,4220.0,63.672727,3.2,1.0,1,0,0,0,0,1,0,1,0,0,1,0,0,6,10.5,50.0
16833,40.42119,-3.67612,1,1.0,1.0,24.0,0.0,1,0.0,610,50,4220.0,63.672727,3.2,1.0,1,0,0,0,1,1,0,0,0,0,1,1,1,6,10.5,50.0
16834,40.40669,-3.6925,6,6.0,6.0,120.0,0.0,1,0.0,226,200,3917.0,55.025641,1.9,2.0,1,0,0,0,0,1,0,0,0,1,1,0,0,3,51.0,150.0
16835,40.41294,-3.72532,6,3.0,3.0,78.0,100.0,4,0.31,208,50,2287.0,47.008319,4.7,1.0,0,0,0,0,0,1,0,1,1,1,0,0,0,6,48.0,100.0
16836,40.39992,-3.698,4,1.0,2.0,44.0,79.0,22,2.43,175,200,3917.0,55.025641,1.9,1.0,1,0,0,0,0,0,0,1,0,0,0,0,0,2,33.0,50.0
16837,40.42191,-3.70224,4,1.0,3.0,50.0,88.0,6,0.84,188,200,4503.0,68.043894,0.8,1.0,1,0,0,0,0,1,0,1,0,0,0,0,0,3,33.0,50.0
16838,40.4242,-3.70443,1,1.0,2.0,15.0,0.0,1,0.0,145,50,4503.0,68.043894,0.8,2.0,0,0,0,0,0,1,0,0,0,0,1,0,0,11,13.5,50.0
16839,40.48592,-3.68776,1,1.0,2.0,12.0,0.0,7,0.0,298,50,3545.0,57.198083,16.4,1.0,1,1,1,1,1,1,0,1,0,0,1,0,0,6,10.5,50.0
16840,40.47644,-3.63909,2,1.0,1.0,17.0,1.0,1,1.0,117,50,3312.0,62.061453,9.2,1.5,1,1,1,1,1,1,1,1,1,1,1,1,1,4,19.5,50.0
16841,40.40729,-3.70223,2,1.0,1.0,17.0,100.0,1,0.17,207,50,4503.0,68.043894,0.8,1.0,0,0,0,0,0,1,0,0,0,0,1,0,0,3,18.0,50.0
16843,40.40901,-3.7105,6,3.0,3.0,75.0,0.0,2,0.0,185,50,4503.0,68.043894,0.8,2.0,1,0,0,0,0,1,0,0,0,0,1,0,0,3,51.0,100.0
16844,40.45355,-3.70971,2,1.0,2.0,30.0,100.0,1,0.36,481,200,3476.0,60.621287,5.9,1.0,1,0,0,0,0,1,0,0,0,0,1,0,0,6,18.0,50.0
16845,40.41382,-3.7005,4,1.0,1.0,68.0,100.0,8,0.13,220,200,4503.0,68.043894,0.8,1.0,1,0,0,0,0,1,0,1,0,0,1,0,0,4,33.0,100.0
16846,40.40638,-3.67246,1,1.0,1.0,21.0,100.0,2,0.55,346,50,4220.0,63.672727,3.2,1.0,0,0,0,0,0,1,0,1,1,0,1,0,0,6,10.5,50.0
16847,40.41088,-3.71038,4,2.0,2.0,77.0,0.0,1,0.0,281,200,4503.0,68.043894,0.8,1.5,1,0,0,0,0,1,0,1,0,0,1,0,0,5,34.5,100.0
16848,40.4816,-3.71839,1,1.0,1.0,13.0,0.0,1,0.0,200,50,3545.0,57.198083,16.4,1.0,0,0,0,0,0,1,0,0,0,0,1,0,0,6,10.5,50.0
16849,40.47223,-3.64838,5,2.0,3.0,50.0,0.0,1,0.0,162,200,3312.0,62.061453,9.2,1.5,1,1,1,1,1,1,0,1,0,0,0,0,0,2,42.0,50.0
16850,40.48143,-3.73757,6,2.0,6.0,100.0,0.0,4,0.0,610,200,3545.0,57.198083,16.4,1.5,1,1,1,1,1,1,0,1,0,1,1,0,0,6,49.5,100.0
16851,40.38866,-3.7188,8,2.0,6.0,195.0,0.0,31,0.0,873,200,2195.0,47.402837,6.6,2.0,1,0,0,0,0,1,1,1,1,1,1,0,1,8,66.0,200.0
16852,40.39093,-3.71689,6,2.0,4.0,185.0,0.0,31,0.0,924,200,2195.0,47.402837,6.6,2.0,1,0,0,0,0,1,0,1,1,1,1,0,1,8,51.0,200.0
16853,40.39064,-3.71716,4,2.0,5.0,120.0,0.0,31,0.0,873,200,2195.0,47.402837,6.6,2.0,1,0,0,0,0,1,1,1,1,1,1,0,1,8,36.0,150.0
16854,40.50449,-3.6664,2,2.0,4.0,24.0,0.0,2,0.0,354,50,3545.0,57.198083,16.4,2.0,1,1,1,1,1,1,1,1,1,0,1,0,0,4,21.0,50.0
16855,40.41431,-3.70155,4,1.0,2.0,53.0,0.0,8,0.0,207,200,4503.0,68.043894,0.8,1.0,1,0,0,0,0,1,0,1,0,0,1,0,0,4,33.0,100.0
16856,40.35625,-3.69133,1,1.0,1.0,15.0,100.0,1,0.12,87,50,1696.0,37.641618,9.0,1.0,0,0,0,0,0,1,0,0,0,0,0,0,0,2,10.5,50.0
16857,40.40834,-3.70333,1,1.0,1.0,200.0,73.0,3,0.98,263,50,4503.0,68.043894,0.8,1.0,0,0,0,0,0,1,0,1,0,0,0,0,0,3,10.5,200.0
16858,40.42256,-3.66677,1,1.0,1.0,20.0,100.0,1,3.0,491,50,5328.0,74.694253,2.2,1.0,1,0,0,0,0,1,0,0,0,0,1,0,0,4,10.5,50.0
16859,40.4235,-3.70904,2,1.0,1.0,79.0,100.0,4,2.0,482,200,4503.0,68.043894,0.8,1.0,1,0,0,0,0,1,0,0,0,0,1,0,0,7,18.0,100.0
16860,40.38338,-3.73053,1,1.0,1.0,10.0,100.0,1,0.6,147,50,2195.0,47.402837,6.6,1.0,1,1,1,1,1,1,1,1,1,1,1,1,1,6,10.5,50.0
16861,40.36698,-3.69103,2,1.0,2.0,12.0,20.0,2,0.45,205,50,2316.0,43.910072,4.6,1.0,1,1,1,1,1,1,0,0,1,0,0,0,0,2,18.0,50.0
16862,40.38703,-3.64111,2,1.0,2.0,25.0,0.0,1,0.0,176,50,1890.0,41.443535,5.0,1.0,1,1,1,1,1,1,0,0,0,0,0,0,0,3,18.0,50.0
16863,40.40902,-3.69268,6,2.0,4.0,57.0,93.0,2,1.84,450,200,4503.0,68.043894,0.8,1.0,1,0,0,0,0,0,0,1,0,1,1,0,0,2,48.0,100.0
16864,40.40981,-3.70268,2,1.0,1.0,35.0,95.0,10,1.67,412,200,4503.0,68.043894,0.8,1.0,1,0,0,0,0,1,0,1,0,0,0,1,1,6,18.0,50.0
16865,40.42044,-3.69924,4,1.0,2.0,49.0,0.0,2,0.0,161,200,4503.0,68.043894,0.8,1.0,1,0,0,0,0,1,0,1,0,0,0,0,0,3,33.0,50.0
16866,40.39869,-3.70243,2,1.0,1.0,43.0,81.0,22,2.3,248,50,3917.0,55.025641,1.9,1.0,0,0,0,0,0,1,0,0,0,0,0,0,0,2,18.0,50.0
16867,40.45979,-3.7684,11,5.0,7.0,493.0,90.0,2,0.23,333,200,3555.0,63.451906,5.9,5.5,1,0,0,0,0,1,1,0,0,1,0,0,0,7,99.0,200.0
16868,40.42374,-3.70415,8,4.0,4.0,90.0,90.0,2,0.44,279,200,4503.0,68.043894,0.8,4.0,1,0,0,0,0,1,0,1,0,0,0,0,0,2,72.0,100.0
16869,40.40952,-3.71434,3,1.0,2.0,66.0,100.0,25,0.9,413,200,4503.0,68.043894,0.8,1.0,1,0,0,0,0,1,0,1,1,0,1,0,0,9,25.5,100.0
16870,40.48254,-3.66895,2,1.0,1.0,50.0,80.0,1,0.11,458,200,2893.0,50.090625,6.5,1.0,1,0,0,0,0,1,1,1,1,0,1,0,0,8,18.0,50.0
16871,40.40064,-3.66291,1,1.0,2.0,30.0,0.0,1,0.0,94,50,1890.0,41.443535,5.0,1.0,0,1,1,1,1,1,0,0,0,0,0,0,0,3,10.5,50.0
16872,40.43053,-3.71282,3,2.0,2.0,62.0,100.0,1,0.3,358,200,4855.0,64.056634,2.4,1.0,1,0,0,0,0,1,0,1,0,0,1,0,0,2,25.5,100.0
16873,40.40687,-3.69469,5,3.0,3.0,66.0,83.0,8,0.76,371,200,3917.0,55.025641,1.9,1.0,1,0,0,0,0,1,0,1,0,0,1,0,0,0,40.5,100.0
16874,40.40778,-3.71206,1,2.0,1.0,30.0,0.0,1,0.0,120,50,4503.0,68.043894,0.8,1.5,0,1,1,1,1,1,0,0,0,0,0,0,0,2,12.0,50.0
16876,40.42174,-3.70307,2,1.0,1.0,50.0,0.0,2,0.0,270,200,4503.0,68.043894,0.8,1.0,1,0,0,0,0,1,0,1,0,0,0,0,0,2,18.0,50.0
16877,40.40893,-3.70116,2,1.0,1.0,35.0,0.0,1,0.0,215,50,4503.0,68.043894,0.8,1.5,1,0,0,0,0,1,0,0,0,0,1,0,0,4,19.5,50.0
16878,40.39078,-3.66507,4,1.0,2.0,38.0,97.0,2,3.25,347,200,1890.0,41.443535,5.0,1.0,1,0,0,0,0,1,0,1,0,0,1,0,0,6,33.0,50.0
16880,40.40441,-3.70902,2,1.0,1.0,50.0,0.0,1,0.0,295,50,3917.0,55.025641,1.9,1.0,1,0,0,0,0,1,0,1,0,0,1,0,0,0,18.0,50.0
16881,40.41904,-3.70572,4,1.0,2.0,53.0,100.0,7,0.94,346,200,4503.0,68.043894,0.8,1.5,1,0,0,0,0,1,0,1,0,0,1,0,0,6,34.5,100.0
16882,40.43199,-3.71207,3,3.0,3.0,21.0,95.0,4,0.85,488,50,4855.0,64.056634,2.4,1.0,0,0,0,0,0,1,0,1,0,1,1,0,0,2,25.5,50.0
16883,40.42695,-3.71711,3,3.0,3.0,26.0,90.0,4,0.28,373,50,3555.0,63.451906,5.9,1.0,0,0,0,0,0,1,0,1,0,1,1,0,0,2,25.5,50.0
16884,40.42954,-3.69567,2,1.0,1.0,50.0,0.0,1,0.0,171,50,4855.0,64.056634,2.4,1.0,0,0,0,0,0,1,0,1,0,0,1,0,0,4,18.0,50.0
16885,40.36662,-3.71557,2,1.0,1.0,10.0,0.0,1,0.0,161,50,2316.0,43.910072,4.6,2.0,1,0,0,0,0,1,1,1,0,0,0,0,0,2,21.0,50.0
16886,40.41539,-3.70024,2,1.0,2.0,19.0,82.0,27,1.91,157,50,4503.0,68.043894,0.8,1.0,0,0,0,0,0,1,0,1,0,0,0,0,0,2,18.0,50.0
16887,40.39819,-3.70288,2,0.0,1.0,30.0,0.0,1,0.0,145,50,3917.0,55.025641,1.9,1.0,0,0,0,0,0,1,0,0,1,0,0,0,0,6,18.0,50.0
16888,40.40728,-3.70077,1,1.0,2.0,25.0,0.0,1,0.0,187,50,4503.0,68.043894,0.8,1.0,0,1,1,1,1,1,0,1,0,0,1,0,0,2,10.5,50.0
16889,40.42477,-3.69694,8,3.0,3.0,60.0,100.0,3,0.11,169,200,4503.0,68.043894,0.8,2.0,1,0,0,0,0,1,0,0,0,0,1,0,0,9,66.0,100.0
16890,40.41648,-3.7002,4,1.0,2.0,80.0,90.0,23,0.36,470,200,4503.0,68.043894,0.8,1.0,1,0,0,0,0,1,0,1,1,1,0,0,0,10,33.0,100.0
16891,40.47488,-3.71218,4,2.0,2.0,63.0,100.0,1,0.23,455,200,3545.0,57.198083,16.4,1.0,1,0,0,0,0,1,0,1,0,0,1,0,1,2,33.0,100.0
16892,40.42826,-3.71835,2,1.0,2.0,50.0,0.0,8,0.0,222,200,3555.0,63.451906,5.9,1.0,1,0,0,0,0,1,0,1,0,0,0,0,0,2,18.0,50.0
16893,40.4581,-3.70093,1,1.0,1.0,19.0,0.0,13,0.0,287,50,3476.0,60.621287,5.9,1.0,0,0,0,0,0,1,0,1,0,0,1,0,0,2,10.5,50.0
16894,40.35641,-3.69224,1,1.0,1.0,33.0,0.0,1,0.0,149,50,1696.0,37.641618,9.0,1.0,0,1,1,1,1,1,0,1,1,0,0,0,0,2,10.5,50.0
16895,40.42376,-3.66871,3,1.0,2.0,62.0,0.0,1,0.0,414,50,5328.0,74.694253,2.2,1.0,0,0,0,0,0,1,0,1,0,0,1,0,0,9,25.5,100.0
16897,40.41355,-3.69132,4,1.0,4.0,120.0,100.0,3,0.46,183,200,4220.0,63.672727,3.2,1.0,1,0,0,0,0,1,0,1,0,0,1,0,0,7,33.0,150.0
16898,40.46135,-3.71047,1,1.0,1.0,197.0,0.0,1,0.0,138,50,3555.0,63.451906,5.9,1.0,0,1,1,1,1,1,0,0,0,0,0,0,0,2,10.5,200.0
16899,40.43432,-3.70857,2,0.0,1.0,34.0,94.0,21,3.58,247,200,4855.0,64.056634,2.4,1.0,1,0,0,0,0,1,0,1,0,0,1,0,0,4,18.0,50.0
16900,40.43249,-3.70789,2,0.0,1.0,35.0,93.0,21,3.3,312,200,4855.0,64.056634,2.4,1.0,1,0,0,0,0,1,0,1,0,0,1,0,0,4,18.0,50.0
16901,40.43245,-3.70918,2,0.0,1.0,35.0,93.0,21,2.73,235,200,4855.0,64.056634,2.4,1.0,1,0,0,0,0,1,0,1,0,0,1,0,0,4,18.0,50.0
16902,40.41861,-3.70322,4,2.0,3.0,45.0,100.0,1,0.21,285,50,4503.0,68.043894,0.8,2.0,0,0,0,0,0,1,0,0,0,0,1,0,0,2,36.0,50.0
16903,40.42875,-3.70136,6,2.0,3.0,92.0,100.0,12,0.14,508,200,4503.0,68.043894,0.8,2.0,1,0,0,0,0,1,0,1,0,0,0,0,0,4,51.0,100.0
16904,40.44331,-3.67601,1,1.0,1.0,15.0,0.0,3,0.0,154,50,4508.0,67.220486,5.8,1.0,0,1,1,1,1,1,0,0,1,0,1,0,0,7,10.5,50.0
16905,40.36307,-3.75606,1,1.0,1.0,25.0,0.0,1,0.0,72,50,2195.0,47.402837,6.6,1.0,0,0,0,0,0,1,0,0,1,0,0,0,0,3,10.5,50.0
16906,40.4283,-3.66403,4,2.0,3.0,54.0,97.0,1,4.3,507,200,5328.0,74.694253,2.2,1.0,1,0,0,0,0,1,0,1,0,0,1,1,0,2,33.0,100.0
16907,40.42693,-3.7182,2,1.0,1.0,50.0,0.0,8,0.0,146,200,3555.0,63.451906,5.9,1.0,1,0,0,0,0,1,0,1,0,0,0,0,0,2,18.0,50.0
16908,40.42916,-3.66085,1,4.0,5.0,19.0,60.0,8,0.32,153,50,5328.0,74.694253,2.2,2.0,1,0,0,0,0,1,0,0,0,0,1,0,0,2,13.5,50.0
16909,40.42073,-3.71362,8,3.0,3.0,103.0,90.0,1,0.22,172,200,4503.0,68.043894,0.8,1.0,1,0,0,0,0,1,0,1,0,0,0,0,0,2,63.0,150.0
16910,40.40537,-3.69896,2,4.0,1.0,25.0,90.0,8,0.59,199,50,3917.0,55.025641,1.9,2.0,0,0,0,0,0,1,0,0,0,0,1,0,0,2,21.0,50.0
16911,40.42615,-3.67289,1,1.0,1.0,25.0,100.0,1,0.11,361,50,5328.0,74.694253,2.2,1.0,0,0,0,0,0,1,0,1,0,0,0,0,0,2,10.5,50.0
16912,40.39465,-3.67137,3,1.0,1.0,20.0,20.0,1,0.16,300,50,1890.0,41.443535,5.0,1.5,1,1,1,1,1,1,1,1,1,1,1,1,1,2,27.0,50.0
16913,40.42494,-3.67056,1,0.0,1.0,15.0,100.0,2,0.11,170,50,5328.0,74.694253,2.2,1.0,0,1,1,1,1,1,0,0,0,0,1,0,0,7,10.5,50.0
16914,40.42842,-3.704,6,1.0,3.0,74.0,86.0,1,0.8,188,200,4503.0,68.043894,0.8,1.0,1,0,0,0,0,1,0,1,0,0,0,0,0,2,48.0,100.0
16915,40.41671,-3.66132,1,1.0,2.0,30.0,0.0,1,0.0,187,50,4220.0,63.672727,3.2,1.0,0,0,0,0,0,1,0,1,0,0,1,0,0,2,10.5,50.0
16916,40.40013,-3.66344,5,2.0,3.0,20.0,100.0,38,0.11,93,200,1890.0,41.443535,5.0,1.0,1,0,0,0,0,1,0,1,0,0,0,0,0,2,40.5,50.0
16917,40.40593,-3.71897,1,1.0,1.0,25.0,0.0,1,0.0,109,50,3917.0,55.025641,1.9,1.0,0,0,0,0,0,1,0,0,0,0,0,0,0,9,10.5,50.0
16918,40.3896,-3.69183,1,1.0,1.0,25.0,0.0,7,0.0,191,50,3917.0,55.025641,1.9,2.0,0,0,0,0,0,1,0,1,0,0,0,0,0,6,13.5,50.0
16919,40.40948,-3.71061,2,1.0,1.0,29.0,100.0,2,0.52,306,200,4503.0,68.043894,0.8,1.0,1,0,0,0,0,1,0,0,1,0,1,0,0,7,18.0,50.0
16920,40.43012,-3.70153,2,0.0,1.0,35.0,91.0,21,0.95,289,200,4855.0,64.056634,2.4,1.0,1,0,0,0,0,1,0,1,0,0,1,0,0,4,18.0,50.0
16921,40.41116,-3.69584,4,1.0,1.0,100.0,90.0,4,0.65,527,200,4503.0,68.043894,0.8,1.0,1,0,0,0,0,1,0,1,1,0,1,0,0,9,33.0,100.0
16922,40.35737,-3.68477,2,1.0,1.0,15.0,0.0,1,0.0,145,50,1696.0,37.641618,9.0,1.0,1,1,1,1,1,1,0,1,0,0,1,0,0,5,18.0,50.0
16923,40.46683,-3.62815,4,1.0,2.0,68.0,0.0,24,0.0,202,200,3312.0,62.061453,9.2,1.0,1,0,0,0,0,1,0,0,0,1,0,0,0,5,33.0,100.0
16924,40.40899,-3.69537,2,1.0,1.0,44.0,97.0,24,0.8,161,200,4503.0,68.043894,0.8,1.0,1,0,0,0,0,1,0,0,0,0,0,0,0,5,18.0,50.0
16925,40.401,-3.70408,2,1.0,1.0,17.0,80.0,22,2.02,128,50,3917.0,55.025641,1.9,1.0,0,0,0,0,0,1,0,0,0,0,0,0,0,2,18.0,50.0
16926,40.45852,-3.69918,1,1.0,1.0,19.0,0.0,13,0.0,134,50,3476.0,60.621287,5.9,1.0,0,0,0,0,0,0,0,0,0,0,0,0,0,2,10.5,50.0
16927,40.43953,-3.69964,2,1.0,2.0,60.0,0.0,3,0.0,124,200,4855.0,64.056634,2.4,1.0,1,1,1,1,1,0,0,1,1,0,0,0,0,3,18.0,100.0
16928,40.4445,-3.67288,6,3.0,3.0,71.0,0.0,1,0.0,132,200,4508.0,67.220486,5.8,1.0,1,0,0,0,0,1,0,1,0,0,1,0,0,2,48.0,100.0
16930,40.42183,-3.69974,2,1.0,1.0,46.0,0.0,3,0.0,236,50,4503.0,68.043894,0.8,1.0,1,0,0,0,0,1,0,1,1,0,1,0,0,9,18.0,50.0
16931,40.48773,-3.68809,1,1.0,1.0,29.0,100.0,3,0.65,394,50,3545.0,57.198083,16.4,2.0,0,0,0,0,0,1,0,0,0,0,1,0,0,2,13.5,50.0
16932,40.4274,-3.71811,1,1.0,1.0,15.0,100.0,31,0.12,316,50,3555.0,63.451906,5.9,2.0,0,0,0,0,0,1,0,0,1,0,1,0,0,5,13.5,50.0
16933,40.47047,-3.58322,3,2.0,2.0,69.0,100.0,1,0.15,265,200,3047.0,56.183432,11.8,1.0,1,0,0,1,0,1,0,1,0,0,0,0,0,6,25.5,100.0
16934,40.45017,-3.70476,3,2.0,2.0,75.0,0.0,1,0.0,202,200,3476.0,60.621287,5.9,1.0,1,1,1,1,1,0,0,1,0,0,1,0,0,6,25.5,100.0
16935,40.42639,-3.67615,1,1.0,1.0,17.0,0.0,1,0.0,123,50,5328.0,74.694253,2.2,1.0,0,0,0,0,0,1,0,0,0,0,1,0,0,2,10.5,50.0
16936,40.43176,-3.6695,3,1.0,1.0,60.0,0.0,1,0.0,70,200,5328.0,74.694253,2.2,1.0,1,0,0,0,0,0,0,0,0,0,0,0,0,2,25.5,100.0
16937,40.42949,-3.67461,2,1.0,1.0,120.0,0.0,1,0.0,225,200,5328.0,74.694253,2.2,1.0,1,0,0,0,0,1,0,1,0,0,1,0,0,3,18.0,150.0
16938,40.42157,-3.7092,1,1.0,1.0,20.0,0.0,5,0.0,203,50,4503.0,68.043894,0.8,2.0,0,0,0,0,0,1,0,0,0,0,1,0,0,2,13.5,50.0
16939,40.40931,-3.65057,5,3.0,4.0,75.0,0.0,2,0.0,269,200,2547.0,45.581197,5.0,1.0,1,0,0,0,0,1,0,1,0,1,1,0,0,4,40.5,100.0
16940,40.42147,-3.70879,7,8.0,8.0,250.0,0.0,3,0.0,165,200,4503.0,68.043894,0.8,7.0,1,0,0,0,0,1,0,1,0,0,1,0,0,2,73.5,200.0
16941,40.40587,-3.69653,1,1.0,1.0,25.0,90.0,8,0.23,139,50,3917.0,55.025641,1.9,2.0,0,0,0,0,0,1,0,0,0,0,1,0,0,2,13.5,50.0
16942,40.42543,-3.6978,1,1.0,1.0,20.0,0.0,1,0.0,79,50,4503.0,68.043894,0.8,1.0,0,1,1,1,1,1,0,0,0,0,0,0,0,5,10.5,50.0
16943,40.47259,-3.57781,4,0.0,1.0,51.0,87.0,1,0.36,194,200,3047.0,56.183432,11.8,1.0,1,0,0,0,0,1,0,1,0,0,0,0,0,2,33.0,100.0
16944,40.43254,-3.71557,4,1.0,2.0,52.0,92.0,28,1.65,415,200,4855.0,64.056634,2.4,1.0,1,0,0,0,0,1,0,1,0,0,0,0,0,7,33.0,100.0
16945,40.39868,-3.7177,1,1.0,2.0,70.0,0.0,3,0.0,230,50,2195.0,47.402837,6.6,1.5,1,1,1,1,1,1,0,0,1,0,1,0,0,3,12.0,100.0
16946,40.48574,-3.68778,1,1.0,1.0,29.0,94.0,3,0.86,431,50,3545.0,57.198083,16.4,1.5,0,0,0,0,0,1,0,0,0,0,1,0,0,2,12.0,50.0
16947,40.44001,-3.71534,3,1.0,1.0,25.0,0.0,1,0.0,187,50,4855.0,64.056634,2.4,2.0,0,0,0,0,0,1,0,0,1,0,1,0,0,2,28.5,50.0
16948,40.42269,-3.69968,2,1.0,2.0,32.0,91.0,15,1.62,151,50,4503.0,68.043894,0.8,1.0,1,0,0,0,0,1,0,1,0,1,0,0,0,3,18.0,50.0
16949,40.44027,-3.67427,1,1.0,1.0,32.0,0.0,2,0.0,57,50,4508.0,67.220486,5.8,1.5,0,0,0,1,0,1,0,0,0,0,0,0,0,4,12.0,50.0
16951,40.40746,-3.69701,5,2.0,2.0,50.0,98.0,1,1.8,292,200,4503.0,68.043894,0.8,1.0,1,0,0,0,0,1,0,1,0,0,0,0,0,2,40.5,50.0
16952,40.4607,-3.78122,2,1.0,1.0,30.0,0.0,3,0.0,290,50,3555.0,63.451906,5.9,1.5,1,0,0,0,0,1,0,1,0,0,1,0,0,3,19.5,50.0
16953,40.43695,-3.71071,4,1.0,1.0,54.0,100.0,28,0.81,353,200,4855.0,64.056634,2.4,1.0,1,0,0,0,0,1,0,1,0,0,0,0,0,7,33.0,100.0
16954,40.40746,-3.69896,2,0.0,1.0,28.0,100.0,9,1.0,154,200,4503.0,68.043894,0.8,1.0,1,0,0,0,0,1,0,1,0,0,0,0,0,8,18.0,50.0
16955,40.46017,-3.70318,2,1.0,1.0,56.0,74.0,8,0.78,413,200,3476.0,60.621287,5.9,1.0,1,0,0,0,0,1,0,1,0,0,1,0,0,0,18.0,100.0
16956,40.41064,-3.70184,2,1.0,1.0,30.0,0.0,1,0.0,219,50,4503.0,68.043894,0.8,1.0,0,0,0,0,0,1,0,1,1,0,1,0,0,7,18.0,50.0
16957,40.39528,-3.72925,1,1.0,1.0,25.0,0.0,1,0.0,376,50,2195.0,47.402837,6.6,1.0,0,0,0,0,0,0,0,0,0,1,1,0,1,5,10.5,50.0
16958,40.41391,-3.70112,2,1.0,1.0,517.0,0.0,3,0.0,38,50,4503.0,68.043894,0.8,1.0,1,1,1,1,1,0,0,0,0,0,0,0,0,4,18.0,200.0
16960,40.41028,-3.70546,3,1.0,2.0,39.0,93.0,20,0.66,205,200,4503.0,68.043894,0.8,1.0,1,0,0,0,0,1,0,1,0,0,1,0,0,9,25.5,50.0
16961,40.42411,-3.69466,2,0.0,1.0,55.0,94.0,21,2.59,260,200,4503.0,68.043894,0.8,1.0,1,0,0,0,0,1,0,1,0,0,1,0,0,4,18.0,100.0
16962,40.40207,-3.74421,5,2.0,3.0,50.0,0.0,1,0.0,103,200,2287.0,47.008319,4.7,1.0,1,1,1,1,1,0,0,0,0,0,0,0,0,4,40.5,50.0
16963,40.39482,-3.75002,3,1.0,3.0,30.0,0.0,1,0.0,132,50,2287.0,47.008319,4.7,1.0,0,0,0,0,0,1,0,1,0,0,0,0,0,2,25.5,50.0
16964,40.41649,-3.70286,6,2.0,5.0,110.0,96.0,1,0.54,209,200,4503.0,68.043894,0.8,1.0,1,0,0,0,0,1,0,1,1,0,1,0,0,7,48.0,150.0
16965,40.42237,-3.69901,1,1.0,1.0,30.0,0.0,1,0.0,95,50,4503.0,68.043894,0.8,1.0,1,0,0,0,0,1,0,0,0,0,0,0,0,3,10.5,50.0
16966,40.42416,-3.69866,4,2.0,2.0,96.0,100.0,12,0.11,350,200,4503.0,68.043894,0.8,1.0,1,0,0,0,0,1,0,1,0,0,1,0,0,9,33.0,100.0
16967,40.47119,-3.59279,2,1.0,1.0,25.0,95.0,3,1.63,426,50,3047.0,56.183432,11.8,1.0,0,1,1,1,1,1,0,1,0,1,0,0,0,2,18.0,50.0
16968,40.39599,-3.73371,5,1.0,3.0,20.0,0.0,38,0.0,73,200,2195.0,47.402837,6.6,1.0,1,0,0,0,0,1,0,0,0,0,0,0,0,2,40.5,50.0
16970,40.42346,-3.69881,2,1.0,1.0,46.0,1.0,2,1.0,244,200,4503.0,68.043894,0.8,1.0,1,1,1,1,1,1,1,1,1,1,1,1,1,10,18.0,50.0
16971,40.42813,-3.68406,4,1.0,1.0,60.0,0.0,2,0.0,124,200,5328.0,74.694253,2.2,2.0,1,0,0,0,0,1,0,1,0,0,0,0,0,7,36.0,100.0
16972,40.44941,-3.70687,4,2.0,4.0,41.0,0.0,1,0.0,204,200,3476.0,60.621287,5.9,1.0,1,0,0,0,0,1,0,1,0,0,1,0,0,2,33.0,50.0
16973,40.43363,-3.71558,4,1.0,1.0,55.0,94.0,28,2.61,239,200,4855.0,64.056634,2.4,1.0,1,0,0,0,0,1,0,1,0,0,0,0,0,7,33.0,100.0
16974,40.4241,-3.69115,3,1.0,2.0,70.0,0.0,1,0.0,158,200,4503.0,68.043894,0.8,1.0,1,0,0,0,0,0,0,1,0,0,1,0,0,9,25.5,100.0
16975,40.43316,-3.6453,1,1.0,1.0,18.0,98.0,1,1.06,186,50,2893.0,50.090625,6.5,1.0,0,0,0,0,0,1,0,0,1,0,0,0,0,6,10.5,50.0
16976,40.42613,-3.70988,2,1.0,1.0,40.0,0.0,1,0.0,190,50,4503.0,68.043894,0.8,1.0,1,1,1,1,1,1,0,0,0,0,1,0,0,2,18.0,50.0
16977,40.42299,-3.70362,1,2.0,1.0,25.0,1.0,1,1.0,122,50,4503.0,68.043894,0.8,1.0,1,1,1,1,1,1,1,1,1,1,1,1,1,2,10.5,50.0
16978,40.41353,-3.69662,4,1.0,1.0,40.0,96.0,9,1.06,372,200,4503.0,68.043894,0.8,1.0,1,0,0,0,0,1,0,1,0,0,1,0,0,8,33.0,50.0
16979,40.44606,-3.6721,1,1.0,1.0,12.0,80.0,2,0.11,238,50,4508.0,67.220486,5.8,1.0,0,1,1,1,1,1,0,0,0,0,0,0,0,2,10.5,50.0
16980,40.41297,-3.7072,1,1.0,2.0,10.0,0.0,10,0.0,243,50,4503.0,68.043894,0.8,1.0,0,0,0,0,0,1,0,0,0,0,1,0,0,2,10.5,50.0
16981,40.41675,-3.70494,6,2.0,4.0,95.0,100.0,26,0.58,222,200,4503.0,68.043894,0.8,1.5,1,0,0,0,0,1,0,1,0,0,0,0,0,3,49.5,100.0
16982,40.42347,-3.70248,2,1.0,1.0,50.0,0.0,1,0.0,146,200,4503.0,68.043894,0.8,1.0,1,0,0,0,0,1,0,0,0,0,1,0,0,5,18.0,50.0
16983,40.40993,-3.70126,2,1.0,2.0,24.0,100.0,1,0.11,166,50,4503.0,68.043894,0.8,1.0,1,0,0,0,0,1,0,1,0,0,1,0,0,7,18.0,50.0
16984,40.41674,-3.70453,5,1.0,5.0,81.0,100.0,26,0.44,242,200,4503.0,68.043894,0.8,2.0,1,0,0,0,0,1,0,1,0,1,0,0,0,3,43.5,100.0
16985,40.4168,-3.70445,2,0.0,2.0,57.0,90.0,26,0.89,209,200,4503.0,68.043894,0.8,1.0,1,0,0,0,0,1,0,1,0,0,0,0,0,3,18.0,100.0
16986,40.42154,-3.70174,2,1.0,1.0,90.0,96.0,26,3.84,292,200,4503.0,68.043894,0.8,1.0,1,0,0,0,0,1,0,1,0,0,0,0,0,3,18.0,100.0
16987,40.39508,-3.65916,3,1.0,1.0,30.0,0.0,1,0.0,234,50,1890.0,41.443535,5.0,1.0,0,0,0,0,0,1,0,0,0,0,0,0,0,3,25.5,50.0
16988,40.48262,-3.72185,1,0.0,1.0,40.0,0.0,1,0.0,134,50,3545.0,57.198083,16.4,1.0,0,0,0,0,0,1,0,0,0,0,1,0,0,3,10.5,50.0
16989,40.40971,-3.71133,2,1.0,1.0,50.0,0.0,1,0.0,87,50,4503.0,68.043894,0.8,1.0,1,0,0,0,0,1,0,0,0,0,0,0,0,6,18.0,50.0
16991,40.41599,-3.70817,2,0.0,1.0,93.0,100.0,26,0.11,183,200,4503.0,68.043894,0.8,1.0,1,0,0,0,0,1,0,1,0,0,0,0,0,3,18.0,100.0
16992,40.41719,-3.70834,2,0.0,1.0,110.0,0.0,26,0.0,194,200,4503.0,68.043894,0.8,1.0,1,0,0,0,0,1,0,1,0,0,0,0,0,3,18.0,150.0
16993,40.41813,-3.70718,2,0.0,1.0,95.0,0.0,26,0.0,211,200,4503.0,68.043894,0.8,1.0,1,0,0,0,0,1,0,1,0,0,0,0,0,3,18.0,100.0
16994,40.4162,-3.7082,3,1.0,2.0,122.0,0.0,26,0.0,234,200,4503.0,68.043894,0.8,1.0,1,0,0,0,0,1,0,1,0,0,0,0,0,3,25.5,150.0
16995,40.42597,-3.70164,1,1.0,1.0,24.0,100.0,7,0.54,180,50,4503.0,68.043894,0.8,2.0,1,1,1,1,1,1,1,1,1,1,1,1,1,10,13.5,50.0
16996,40.4167,-3.70638,3,1.0,2.0,135.0,0.0,26,0.0,212,200,4503.0,68.043894,0.8,1.0,1,0,0,0,0,1,0,1,0,0,1,0,0,3,25.5,150.0
16997,40.41603,-3.70702,4,2.0,3.0,142.0,100.0,26,0.12,201,200,4503.0,68.043894,0.8,1.0,1,0,0,0,0,1,0,1,0,0,1,0,0,3,33.0,150.0
16998,40.42565,-3.70698,4,1.0,1.0,82.0,89.0,8,0.98,474,200,4503.0,68.043894,0.8,1.0,1,0,0,0,0,1,0,1,0,1,1,0,0,2,33.0,100.0
16999,40.41672,-3.70387,4,1.0,1.0,66.0,93.0,8,0.34,408,200,4503.0,68.043894,0.8,1.0,1,0,0,0,0,1,0,1,0,0,0,0,0,2,33.0,100.0
17000,40.42334,-3.70153,6,3.0,3.0,80.0,0.0,5,0.0,174,200,4503.0,68.043894,0.8,2.0,1,0,0,0,0,1,0,1,0,0,1,0,0,3,51.0,100.0
17001,40.41701,-3.70711,3,1.0,1.0,116.0,100.0,6,3.04,708,200,4503.0,68.043894,0.8,1.0,1,0,0,0,1,1,0,1,0,1,1,1,0,10,25.5,150.0
17002,40.41673,-3.70335,2,1.0,1.0,44.0,90.0,8,0.98,416,200,4503.0,68.043894,0.8,1.0,1,0,0,0,0,1,0,1,0,0,0,0,0,2,18.0,50.0
17003,40.4167,-3.70269,2,1.0,1.0,43.0,100.0,8,0.76,456,200,4503.0,68.043894,0.8,1.0,1,0,0,0,0,1,0,1,0,1,0,0,0,2,18.0,50.0
17004,40.41662,-3.70406,4,1.0,1.0,44.0,93.0,8,1.95,438,200,4503.0,68.043894,0.8,1.0,1,0,0,0,0,1,0,1,0,0,0,0,0,2,33.0,50.0
17005,40.42561,-3.70506,6,2.0,3.0,93.0,96.0,8,1.69,415,200,4503.0,68.043894,0.8,2.0,1,0,0,0,0,1,0,1,0,1,1,0,0,2,51.0,100.0
17006,40.42491,-3.6972,2,0.0,2.0,25.0,90.0,1,0.23,291,200,4503.0,68.043894,0.8,1.0,1,0,0,0,0,1,0,1,0,1,1,0,0,6,18.0,50.0
17007,40.42482,-3.70486,2,0.0,1.0,70.0,100.0,8,0.22,804,200,4503.0,68.043894,0.8,1.0,1,0,0,0,0,1,0,1,0,1,1,0,1,2,18.0,100.0
17008,40.42365,-3.70638,2,0.0,1.0,70.0,87.0,8,1.2,447,200,4503.0,68.043894,0.8,1.0,1,0,0,0,0,1,0,1,0,1,1,0,0,2,18.0,100.0
17009,40.44307,-3.67219,4,3.0,3.0,150.0,0.0,1,0.0,195,200,4508.0,67.220486,5.8,1.0,1,0,0,0,0,1,0,1,0,0,1,0,0,2,33.0,150.0
17010,40.41522,-3.7114,6,3.0,4.0,123.0,95.0,20,1.09,526,200,4503.0,68.043894,0.8,2.0,1,0,0,0,0,1,0,1,0,1,1,0,0,9,51.0,150.0
17011,40.46414,-3.69913,2,1.0,2.0,36.0,0.0,1,0.0,215,200,3476.0,60.621287,5.9,1.0,1,0,0,0,0,1,0,1,0,0,0,0,0,6,18.0,50.0
17012,40.42552,-3.70659,3,1.0,1.0,79.0,0.0,8,0.0,479,200,4503.0,68.043894,0.8,1.0,1,0,0,0,0,1,0,1,0,1,1,0,0,2,25.5,100.0
17013,40.42375,-3.70515,2,1.0,1.0,70.0,88.0,8,0.86,480,200,4503.0,68.043894,0.8,1.0,1,1,1,1,1,1,1,1,1,1,1,1,1,2,18.0,100.0
17015,40.41985,-3.70881,4,1.0,2.0,18.0,0.0,5,0.0,203,50,4503.0,68.043894,0.8,2.0,1,0,0,0,0,1,0,0,0,0,1,0,0,2,36.0,50.0
17016,40.37551,-3.73479,2,1.0,1.0,30.0,0.0,1,0.0,229,50,2195.0,47.402837,6.6,1.0,1,0,0,0,0,1,0,1,0,0,0,0,0,5,18.0,50.0
17018,40.432,-3.67288,2,2.0,2.0,60.0,0.0,1,0.0,147,200,5328.0,74.694253,2.2,2.0,1,0,0,0,0,1,0,1,0,0,1,0,0,4,21.0,100.0
17019,40.39558,-3.69993,1,1.0,2.0,15.0,0.0,1,0.0,156,50,3917.0,55.025641,1.9,1.0,0,0,0,0,0,1,0,0,1,0,1,0,0,5,10.5,50.0
17020,40.42387,-3.6988,4,1.0,2.0,85.0,0.0,2,0.0,222,200,4503.0,68.043894,0.8,1.0,1,0,0,0,0,1,0,1,0,0,0,0,0,2,33.0,100.0
17021,40.42385,-3.70917,6,2.0,2.0,54.0,0.0,7,0.0,183,200,4503.0,68.043894,0.8,1.5,1,0,0,0,0,1,0,1,0,0,0,0,0,8,49.5,100.0
17022,40.43063,-3.66721,4,2.0,2.0,88.0,100.0,2,0.11,145,200,5328.0,74.694253,2.2,1.0,1,0,0,0,0,1,0,1,0,0,0,0,0,5,33.0,100.0
17023,40.42209,-3.6992,2,1.0,1.0,35.0,91.0,1,0.78,308,200,4503.0,68.043894,0.8,1.5,1,0,0,0,0,0,0,1,0,0,1,0,1,6,19.5,50.0
17024,40.39339,-3.66878,2,1.0,1.0,20.0,0.0,1,0.0,157,50,1890.0,41.443535,5.0,1.0,0,0,0,0,0,1,0,0,1,0,1,0,0,0,18.0,50.0
17025,40.39182,-3.69799,1,1.0,1.0,15.0,0.0,1,0.0,142,50,3917.0,55.025641,1.9,1.5,0,0,0,0,0,1,0,0,0,0,0,0,0,5,12.0,50.0
17026,40.42463,-3.70315,3,1.0,2.0,27.0,0.0,1,0.0,184,50,4503.0,68.043894,0.8,1.0,0,0,0,0,0,1,0,0,0,0,1,0,0,2,25.5,50.0
17027,40.42539,-3.62002,5,3.0,3.0,68.0,95.0,8,1.67,429,200,2477.0,70.967532,7.3,1.0,1,0,0,0,0,1,0,1,0,0,1,0,0,0,40.5,100.0
17028,40.40181,-3.69779,2,0.0,1.0,40.0,0.0,1,0.0,115,50,3917.0,55.025641,1.9,1.0,1,1,1,1,1,1,0,0,0,0,0,0,0,4,18.0,50.0
17029,40.42242,-3.70748,6,2.0,4.0,44.0,98.0,8,2.18,201,200,4503.0,68.043894,0.8,1.0,1,0,0,0,0,1,0,0,0,0,1,0,0,0,48.0,50.0
17030,40.41458,-3.70144,6,2.0,4.0,72.0,100.0,23,0.38,514,200,4503.0,68.043894,0.8,1.0,1,0,0,0,0,1,0,1,1,1,0,0,1,10,48.0,100.0
17031,40.46968,-3.69495,3,2.0,3.0,58.0,0.0,2,0.0,291,200,3476.0,60.621287,5.9,2.0,1,0,0,0,0,0,0,1,0,1,0,0,0,2,28.5,100.0
17032,40.44761,-3.64223,1,1.0,1.0,28.0,80.0,1,0.11,169,50,2477.0,70.967532,7.3,1.0,0,0,0,0,0,1,0,1,0,0,0,0,0,3,10.5,50.0
17033,40.4313,-3.63842,4,3.0,4.0,90.0,0.0,1,0.0,134,50,2893.0,50.090625,6.5,1.0,0,1,1,1,1,1,0,0,0,0,0,0,0,3,33.0,100.0
17034,40.41164,-3.69872,2,0.0,1.0,38.0,88.0,27,2.62,151,200,4503.0,68.043894,0.8,1.0,1,0,0,0,0,1,0,1,0,0,0,0,0,2,18.0,50.0
17035,40.39686,-3.66366,2,3.0,1.0,25.0,1.0,1,1.0,237,50,1890.0,41.443535,5.0,2.0,1,1,1,1,1,1,1,1,1,1,1,1,1,7,21.0,50.0
17036,40.41674,-3.70241,2,1.0,1.0,48.0,100.0,8,0.78,423,200,4503.0,68.043894,0.8,1.0,1,0,0,0,0,1,0,1,0,0,0,0,0,2,18.0,50.0
17037,40.41683,-3.70227,4,1.0,1.0,44.0,90.0,8,0.26,423,200,4503.0,68.043894,0.8,1.0,1,0,0,0,0,1,0,1,0,0,0,0,0,2,33.0,50.0
17038,40.41637,-3.70374,2,1.0,1.0,43.0,100.0,8,0.44,393,200,4503.0,68.043894,0.8,1.0,1,0,0,0,0,1,0,1,0,0,0,0,0,2,18.0,50.0
17039,40.41479,-3.70215,4,1.0,2.0,44.0,97.0,8,0.77,423,200,4503.0,68.043894,0.8,1.0,1,0,0,0,0,1,0,1,0,0,0,0,0,2,33.0,50.0
17040,40.39387,-3.65727,8,3.0,3.0,101.0,100.0,40,1.0,422,200,1890.0,41.443535,5.0,1.0,1,0,0,0,0,1,0,1,0,0,1,1,1,5,63.0,150.0
17041,40.41182,-3.70334,1,1.0,1.0,11.0,0.0,2,0.0,393,50,4503.0,68.043894,0.8,1.0,0,0,0,0,0,1,0,0,0,0,1,0,0,3,10.5,50.0
17042,40.42047,-3.70164,6,3.0,3.0,70.0,0.0,1,0.0,412,200,4503.0,68.043894,0.8,2.0,1,0,0,0,0,1,0,1,0,0,1,0,0,9,51.0,100.0
17043,40.42266,-3.70297,2,1.0,1.0,50.0,0.0,1,0.0,408,200,4503.0,68.043894,0.8,1.0,1,0,0,0,0,1,0,0,0,1,1,0,0,8,18.0,50.0
17044,40.41016,-3.70476,1,1.0,1.0,16.0,100.0,2,0.14,392,50,4503.0,68.043894,0.8,1.0,0,0,0,0,0,1,0,0,0,1,1,0,0,3,10.5,50.0
17045,40.41982,-3.7032,2,1.0,1.0,80.0,0.0,6,0.0,168,200,4503.0,68.043894,0.8,1.0,1,0,0,0,0,1,0,1,0,0,1,0,0,2,18.0,100.0
17046,40.419,-3.70765,2,1.0,1.0,80.0,0.0,6,0.0,149,200,4503.0,68.043894,0.8,1.0,1,0,0,0,0,1,0,1,0,0,0,0,0,2,18.0,100.0
17047,40.42766,-3.69476,1,1.0,1.0,25.0,98.0,2,1.81,128,50,4855.0,64.056634,2.4,1.0,1,0,0,0,0,1,0,0,0,0,0,0,0,4,10.5,50.0
17048,40.41002,-3.73245,2,1.0,1.0,18.0,100.0,1,0.46,182,50,2287.0,47.008319,4.7,1.0,0,0,0,0,0,1,0,1,0,0,1,0,0,5,18.0,50.0
17049,40.42492,-3.70036,1,1.0,1.0,25.0,96.0,2,0.58,103,50,4503.0,68.043894,0.8,1.0,1,1,1,1,1,1,1,1,1,1,1,1,1,4,10.5,50.0
17050,40.42208,-3.69696,4,1.0,2.0,120.0,0.0,2,0.0,222,200,4503.0,68.043894,0.8,1.0,1,1,1,1,1,1,0,1,1,0,0,0,0,2,33.0,150.0
17051,40.42227,-3.69851,2,1.0,2.0,81.0,0.0,9,0.0,449,200,4503.0,68.043894,0.8,1.0,1,0,0,0,0,1,0,1,0,0,1,0,0,7,18.0,100.0
17055,40.41025,-3.70971,2,0.0,1.0,50.0,100.0,1,0.18,234,200,4503.0,68.043894,0.8,1.0,1,0,0,0,0,1,0,1,0,0,1,0,0,2,18.0,50.0
17056,40.39644,-3.66588,6,2.0,2.0,71.0,0.0,12,0.0,238,200,1890.0,41.443535,5.0,1.5,1,0,0,0,0,1,0,1,0,0,1,0,0,6,49.5,100.0
17058,40.39724,-3.60359,6,3.0,5.0,175.0,100.0,24,0.34,286,200,2246.0,55.472222,11.2,2.0,1,0,0,0,0,1,1,1,0,0,0,0,0,5,51.0,200.0
17059,40.42221,-3.69762,3,3.0,3.0,56.0,0.0,1,0.0,189,50,4503.0,68.043894,0.8,1.5,0,0,0,0,0,1,0,0,1,0,0,0,0,6,27.0,100.0
17060,40.43469,-3.6446,1,0.0,1.0,25.0,0.0,1,0.0,131,50,2893.0,50.090625,6.5,1.0,0,1,1,1,1,1,0,0,0,0,0,0,0,2,10.5,50.0
17061,40.47306,-3.64381,4,1.0,1.0,90.0,1.0,1,1.0,221,200,3312.0,62.061453,9.2,1.0,1,1,1,1,1,1,1,1,1,1,1,1,1,8,33.0,100.0
17062,40.41511,-3.70122,6,1.0,3.0,56.0,90.0,18,0.89,453,200,4503.0,68.043894,0.8,1.0,1,0,0,0,0,1,0,1,1,0,1,0,0,6,48.0,100.0
17063,40.41514,-3.69917,4,1.0,2.0,47.0,90.0,18,1.08,461,200,4503.0,68.043894,0.8,1.0,1,0,0,0,0,1,0,1,1,0,1,0,0,6,33.0,50.0
17064,40.4139,-3.70166,3,1.0,3.0,79.0,100.0,20,0.94,356,200,4503.0,68.043894,0.8,1.0,1,0,0,0,0,1,0,1,0,0,1,1,0,7,25.5,100.0
17065,40.41964,-3.71012,4,1.0,2.0,50.0,0.0,7,0.0,478,200,4503.0,68.043894,0.8,1.5,1,0,0,0,0,1,0,1,0,0,0,0,0,8,34.5,50.0
17066,40.41688,-3.70316,13,4.0,8.0,235.0,97.0,10,2.08,407,200,4503.0,68.043894,0.8,2.5,1,0,0,0,0,1,0,1,0,1,1,0,0,6,105.0,200.0
17067,40.47409,-3.58237,2,1.0,1.0,33.0,0.0,1,0.0,187,50,3047.0,56.183432,11.8,1.0,0,0,0,0,0,1,0,0,1,0,0,0,0,2,18.0,50.0
17068,40.42507,-3.71135,6,2.0,2.0,77.0,100.0,7,0.97,151,200,4503.0,68.043894,0.8,2.0,1,0,0,0,0,1,0,1,0,0,0,0,0,8,51.0,100.0
17069,40.41175,-3.69409,16,6.0,17.0,202.0,93.0,10,2.37,629,200,4503.0,68.043894,0.8,4.0,1,0,0,0,0,1,0,0,1,1,1,0,0,6,132.0,200.0
17070,40.4097,-3.73942,3,1.0,1.0,25.0,0.0,1,0.0,107,50,2287.0,47.008319,4.7,1.5,0,1,1,1,1,1,0,0,1,0,0,0,0,2,27.0,50.0
17071,40.41383,-3.70164,3,1.0,3.0,83.0,0.0,20,0.0,335,200,4503.0,68.043894,0.8,1.0,1,0,0,0,0,1,0,1,0,0,1,0,0,7,25.5,100.0
17072,40.4151,-3.70178,6,2.0,6.0,205.0,0.0,20,0.0,335,200,4503.0,68.043894,0.8,2.0,1,0,0,0,0,1,0,1,0,0,1,0,0,7,51.0,200.0
17073,40.39628,-3.68978,2,1.0,1.0,23.0,86.0,22,1.85,137,50,3917.0,55.025641,1.9,1.0,1,0,0,0,0,1,0,1,0,0,0,0,0,2,18.0,50.0
17074,40.47383,-3.58946,2,1.0,1.0,40.0,0.0,1,0.0,139,50,3047.0,56.183432,11.8,1.0,1,0,0,0,0,1,1,1,0,0,0,0,0,2,18.0,50.0
17075,40.40953,-3.71038,3,1.0,1.0,45.0,0.0,1,0.0,173,50,4503.0,68.043894,0.8,1.0,0,0,0,0,0,1,0,1,0,0,1,0,0,6,25.5,50.0
17076,40.39656,-3.69145,2,1.0,1.0,22.0,90.0,22,0.23,268,50,3917.0,55.025641,1.9,1.0,1,0,0,0,0,1,0,1,0,0,0,0,0,2,18.0,50.0
17077,40.44701,-3.70033,2,1.0,1.0,55.0,0.0,9,0.0,151,50,3476.0,60.621287,5.9,2.0,0,0,0,0,0,0,0,1,0,0,0,0,0,2,21.0,100.0
17078,40.39638,-3.68972,2,1.0,1.0,22.0,100.0,22,0.34,98,50,3917.0,55.025641,1.9,1.0,1,0,0,0,0,0,0,0,0,0,0,0,0,2,18.0,50.0
17079,40.44715,-3.69843,2,1.0,2.0,55.0,0.0,9,0.0,297,50,3476.0,60.621287,5.9,2.0,0,0,0,0,0,0,0,1,0,0,1,0,0,2,21.0,100.0
17080,40.44825,-3.70028,3,1.0,1.0,75.0,1.0,9,1.0,151,50,3476.0,60.621287,5.9,3.0,1,1,1,1,1,1,1,1,1,1,1,1,1,2,31.5,100.0
17081,40.39724,-3.69199,2,1.0,1.0,21.0,82.0,22,1.29,269,50,3917.0,55.025641,1.9,1.0,1,0,0,0,0,1,0,1,0,0,0,0,0,2,18.0,50.0
17082,40.40993,-3.70833,1,1.0,2.0,21.0,0.0,1,0.0,109,50,4503.0,68.043894,0.8,1.0,0,1,1,1,1,1,0,0,0,0,1,0,0,5,10.5,50.0
17083,40.41482,-3.70174,2,1.0,2.0,32.0,87.0,1,0.43,405,50,4503.0,68.043894,0.8,1.0,0,1,1,1,1,1,0,1,0,0,1,0,0,8,18.0,50.0
17084,40.46782,-3.69775,2,1.0,2.0,30.0,0.0,1,0.0,138,50,3476.0,60.621287,5.9,1.0,0,0,0,0,0,1,0,0,0,0,1,0,0,3,18.0,50.0
17085,40.40932,-3.7048,4,0.0,2.0,32.0,0.0,1,0.0,279,200,4503.0,68.043894,0.8,1.0,1,0,0,1,0,1,0,1,1,0,0,0,0,7,33.0,50.0
17086,40.41098,-3.70602,3,2.0,2.0,80.0,0.0,2,0.0,104,200,4503.0,68.043894,0.8,2.0,1,0,0,0,0,1,0,0,0,0,1,0,0,9,28.5,100.0
17087,40.48563,-3.68532,2,2.0,3.0,29.0,0.0,1,0.0,213,50,3545.0,57.198083,16.4,1.0,0,0,0,0,0,1,0,1,0,0,1,0,0,2,18.0,50.0
17088,40.37819,-3.71231,1,1.0,1.0,15.0,0.0,1,0.0,186,50,2316.0,43.910072,4.6,1.0,0,1,1,1,1,1,0,0,1,0,1,0,0,2,10.5,50.0
17089,40.42482,-3.70275,5,2.0,3.0,100.0,0.0,1,0.0,154,200,4503.0,68.043894,0.8,1.5,1,1,1,1,1,1,0,1,0,0,0,0,0,5,42.0,100.0
17090,40.38143,-3.72912,2,1.0,2.0,46.0,0.0,2,0.0,104,50,2195.0,47.402837,6.6,1.0,1,1,1,1,1,1,0,0,1,0,0,0,0,3,18.0,50.0
17091,40.439,-3.70649,4,0.0,3.0,32.0,80.0,19,0.12,73,200,4855.0,64.056634,2.4,1.0,1,0,0,0,0,1,0,0,0,0,0,0,0,2,33.0,50.0
17092,40.41294,-3.70759,4,1.0,1.0,39.0,98.0,18,1.89,326,200,4503.0,68.043894,0.8,1.0,1,1,1,1,1,1,1,1,1,1,1,1,1,6,33.0,50.0
17093,40.39766,-3.69671,1,4.0,1.0,15.0,1.0,7,1.0,27,50,3917.0,55.025641,1.9,1.5,1,1,1,1,1,1,1,1,1,1,1,1,1,6,12.0,50.0
17094,40.45595,-3.69968,5,2.0,3.0,75.0,60.0,9,0.12,179,200,3476.0,60.621287,5.9,1.0,1,0,0,0,0,0,0,0,0,0,0,0,0,2,40.5,100.0
17095,40.45611,-3.70063,3,0.0,2.0,65.0,100.0,9,0.37,156,200,3476.0,60.621287,5.9,1.0,1,0,0,0,0,0,0,1,0,0,0,0,0,2,25.5,100.0
17097,40.38288,-3.6207,1,1.0,2.0,39.0,0.0,1,0.0,202,50,2382.0,49.659794,11.0,1.5,0,0,0,0,0,1,0,0,0,0,1,0,0,5,12.0,50.0
17098,40.42337,-3.70381,2,1.0,1.0,40.0,100.0,1,0.14,182,50,4503.0,68.043894,0.8,1.0,0,0,0,0,0,1,0,0,0,0,1,0,0,5,18.0,50.0
17099,40.41439,-3.70725,4,2.0,2.0,131.0,100.0,6,2.61,474,200,4503.0,68.043894,0.8,1.0,1,0,0,0,0,1,0,1,0,1,1,0,0,3,33.0,150.0
17100,40.41411,-3.70836,2,0.0,1.0,83.0,100.0,6,0.14,416,200,4503.0,68.043894,0.8,1.0,1,0,0,0,0,1,0,1,0,0,1,0,0,3,18.0,100.0
17102,40.39998,-3.70114,1,1.0,1.0,14.0,0.0,1,0.0,414,50,3917.0,55.025641,1.9,2.0,0,0,0,0,0,1,0,0,0,0,1,0,0,3,13.5,50.0
17103,40.41874,-3.67282,1,2.0,1.0,29.0,100.0,2,0.36,225,50,4220.0,63.672727,3.2,1.5,1,1,1,1,1,1,1,1,1,1,1,1,1,9,12.0,50.0
17104,40.41681,-3.70201,4,1.0,2.0,73.0,95.0,13,4.32,640,200,4503.0,68.043894,0.8,1.0,1,0,0,0,0,1,0,1,1,0,1,0,1,9,33.0,100.0
17105,40.4082,-3.70922,2,0.0,1.0,42.0,98.0,12,1.25,295,200,4503.0,68.043894,0.8,1.0,1,0,0,0,0,1,0,0,1,0,1,0,0,2,18.0,50.0
17106,40.39197,-3.66725,2,2.0,4.0,15.0,0.0,1,0.0,202,50,1890.0,41.443535,5.0,1.0,0,0,0,0,0,1,0,1,0,0,0,0,0,2,18.0,50.0
17107,40.4282,-3.70224,5,3.0,3.0,60.0,0.0,19,0.0,73,200,4503.0,68.043894,0.8,1.0,1,0,0,0,0,1,0,0,0,0,0,0,0,2,40.5,100.0
17108,40.43347,-3.64469,1,1.0,1.0,20.0,100.0,2,1.28,256,50,2893.0,50.090625,6.5,1.5,0,1,1,1,1,1,0,0,1,0,0,0,0,6,12.0,50.0
17109,40.41914,-3.70639,2,1.0,2.0,55.0,0.0,2,0.0,145,50,4503.0,68.043894,0.8,1.0,0,1,1,1,1,1,0,1,1,0,0,0,0,3,18.0,100.0
17110,40.41143,-3.69752,3,1.0,2.0,81.0,96.0,3,1.14,510,200,4503.0,68.043894,0.8,1.0,1,0,0,0,0,1,0,1,0,0,1,0,0,2,25.5,100.0
17111,40.39937,-3.67122,2,1.0,1.0,39.0,100.0,40,1.0,418,200,4220.0,63.672727,3.2,1.0,1,0,0,0,0,1,1,1,0,1,0,0,0,3,18.0,50.0
17112,40.4373,-3.7111,2,1.0,2.0,43.0,0.0,1,0.0,171,50,4855.0,64.056634,2.4,1.0,0,0,0,0,0,1,0,0,0,0,1,0,0,5,18.0,50.0
17114,40.4008,-3.67109,2,0.0,1.0,32.0,80.0,40,0.18,430,200,4220.0,63.672727,3.2,1.0,1,0,0,0,0,1,1,1,0,0,0,1,0,3,18.0,50.0
17115,40.39043,-3.66939,5,1.0,3.0,49.0,0.0,38,0.0,73,200,1890.0,41.443535,5.0,1.0,1,0,0,0,0,1,0,0,0,0,0,0,0,2,40.5,50.0
17116,40.43657,-3.67681,6,2.0,3.0,89.0,100.0,12,0.43,669,200,5328.0,74.694253,2.2,2.0,1,0,0,0,0,1,0,1,0,0,1,1,0,4,51.0,100.0
17117,40.38432,-3.72187,2,1.0,1.0,18.0,100.0,2,0.12,308,50,2195.0,47.402837,6.6,1.0,0,0,0,0,0,1,0,0,1,0,0,0,0,5,18.0,50.0
17120,40.42984,-3.66238,2,1.0,1.0,25.0,60.0,8,0.13,153,50,5328.0,74.694253,2.2,2.0,1,1,1,1,1,1,1,1,1,1,1,1,1,2,21.0,50.0
17121,40.40508,-3.69848,2,4.0,5.0,25.0,80.0,8,0.13,142,50,3917.0,55.025641,1.9,2.0,0,0,0,0,0,1,0,0,0,0,1,0,0,2,21.0,50.0
17123,40.43196,-3.66569,6,2.0,3.0,105.0,99.0,2,3.73,727,200,5328.0,74.694253,2.2,2.0,1,0,0,0,0,0,0,0,0,0,1,1,1,7,51.0,150.0
17124,40.40409,-3.74403,1,0.0,1.0,13.0,0.0,2,0.0,182,50,2287.0,47.008319,4.7,1.0,1,1,1,1,1,0,0,0,0,0,0,0,0,3,10.5,50.0
17125,40.40105,-3.67171,2,0.0,1.0,42.0,100.0,40,0.17,418,200,4220.0,63.672727,3.2,1.0,1,0,0,0,0,1,1,1,0,1,0,0,0,3,18.0,50.0
17126,40.4012,-3.6712,2,1.0,1.0,39.0,0.0,40,0.0,189,200,4220.0,63.672727,3.2,1.0,1,0,0,0,0,1,1,1,0,0,0,0,0,3,18.0,50.0
17127,40.40901,-3.70637,2,1.0,1.0,35.0,0.0,1,0.0,132,50,4503.0,68.043894,0.8,1.0,0,0,0,0,0,1,0,0,1,0,1,0,0,4,18.0,50.0
17128,40.43095,-3.6928,3,2.0,2.0,140.0,80.0,15,0.97,525,200,4855.0,64.056634,2.4,1.0,1,0,0,1,0,1,0,1,0,1,1,0,0,6,25.5,150.0
17129,40.37202,-3.61889,2,1.0,2.0,45.0,0.0,1,0.0,80,50,2382.0,49.659794,11.0,1.0,1,1,1,1,1,1,0,0,0,0,0,0,0,5,18.0,50.0
17130,40.41319,-3.69844,4,1.0,1.0,58.0,89.0,9,2.02,280,200,4503.0,68.043894,0.8,1.0,1,1,1,1,1,1,0,1,1,0,0,0,0,8,33.0,100.0
17131,40.42999,-3.68404,2,0.0,1.0,59.0,100.0,6,0.37,187,200,5328.0,74.694253,2.2,1.0,1,0,0,0,0,1,0,1,0,0,1,0,0,2,18.0,100.0
17132,40.4262,-3.70958,2,1.0,1.0,48.0,93.0,6,0.35,172,200,4503.0,68.043894,0.8,1.0,1,0,0,0,0,1,0,1,0,0,0,0,0,6,18.0,50.0
17133,40.41363,-3.69889,2,1.0,1.0,28.0,100.0,4,0.13,151,50,4503.0,68.043894,0.8,1.0,0,0,0,0,0,1,0,1,0,0,0,0,0,2,18.0,50.0
17134,40.41242,-3.70252,2,0.0,1.0,80.0,90.0,3,0.24,338,200,4503.0,68.043894,0.8,1.0,1,0,0,0,0,1,0,0,0,0,0,1,0,2,18.0,100.0
17136,40.42417,-3.70095,1,1.0,2.0,20.0,0.0,5,0.0,322,50,4503.0,68.043894,0.8,1.0,1,0,0,0,0,1,0,1,0,0,0,0,0,7,10.5,50.0
17139,40.39792,-3.76975,5,3.0,3.0,50.0,80.0,3,0.23,237,200,2287.0,47.008319,4.7,1.0,1,0,0,0,0,0,0,1,0,0,0,0,0,8,40.5,50.0
17141,40.41412,-3.70621,6,3.0,3.0,100.0,0.0,1,0.0,82,200,4503.0,68.043894,0.8,1.5,1,0,0,0,0,0,0,0,1,0,0,0,0,2,49.5,100.0
17142,40.41635,-3.72446,2,2.0,2.0,26.0,0.0,3,0.0,237,50,3555.0,63.451906,5.9,1.0,1,0,0,0,0,1,0,1,0,0,1,0,0,4,18.0,50.0
17143,40.46521,-3.69,2,1.0,2.0,30.0,100.0,1,0.13,174,50,3476.0,60.621287,5.9,1.0,0,0,0,0,0,1,0,1,0,0,1,0,0,2,18.0,50.0
17144,40.40863,-3.72725,1,1.0,1.0,12.0,0.0,1,0.0,174,50,2287.0,47.008319,4.7,1.0,0,0,0,0,0,1,0,1,0,0,0,0,0,4,10.5,50.0
17145,40.42088,-3.69753,2,1.0,1.0,32.0,1.0,15,1.0,151,50,4503.0,68.043894,0.8,1.0,1,1,1,1,1,1,1,1,1,1,1,1,1,3,18.0,50.0
17151,40.45817,-3.70053,2,1.0,1.0,50.0,0.0,13,0.0,192,50,3476.0,60.621287,5.9,1.0,1,0,0,0,0,1,0,0,1,0,1,0,0,2,18.0,50.0
17152,40.35324,-3.69148,1,1.0,1.0,20.0,0.0,3,0.0,106,50,1696.0,37.641618,9.0,1.0,1,1,1,1,1,1,0,0,0,0,0,0,0,3,10.5,50.0
17154,40.427,-3.69945,4,1.0,4.0,87.0,0.0,6,0.0,278,50,4503.0,68.043894,0.8,1.0,1,0,0,0,0,1,0,0,0,0,0,0,0,8,33.0,100.0
17157,40.42163,-3.69938,4,2.0,2.0,78.0,90.0,1,1.08,160,200,4503.0,68.043894,0.8,1.0,1,0,0,0,0,1,0,1,0,0,0,0,0,2,33.0,100.0
17158,40.428,-3.69778,6,1.0,6.0,111.0,0.0,6,0.0,278,50,4503.0,68.043894,0.8,1.0,1,0,0,0,0,1,0,0,0,0,0,0,0,8,48.0,150.0
17159,40.42222,-3.68648,6,3.0,3.0,360.0,0.0,15,0.0,384,200,5328.0,74.694253,2.2,3.0,1,0,0,0,0,1,0,1,0,0,0,0,0,6,54.0,200.0
17160,40.40597,-3.67477,1,1.0,1.0,18.0,100.0,1,0.39,181,50,4220.0,63.672727,3.2,1.0,0,0,0,0,0,1,0,1,0,0,0,0,0,6,10.5,50.0
17161,40.4286,-3.685,6,3.0,4.0,343.0,0.0,113,0.0,183,200,5328.0,74.694253,2.2,3.0,1,0,0,0,0,1,0,1,1,0,0,0,0,7,54.0,200.0
17162,40.45054,-3.70195,7,2.0,4.0,84.0,0.0,8,0.0,366,200,3476.0,60.621287,5.9,1.0,1,0,0,0,0,1,0,1,0,0,0,0,1,4,55.5,100.0
17163,40.44807,-3.70032,2,1.0,2.0,55.0,0.0,9,0.0,254,50,3476.0,60.621287,5.9,2.0,1,1,1,1,1,0,0,1,0,0,1,0,0,2,21.0,100.0
17165,40.39504,-3.76715,1,0.0,1.0,15.0,100.0,1,0.26,136,50,2287.0,47.008319,4.7,0.0,1,1,1,1,1,1,0,0,0,0,0,0,0,2,7.5,50.0
17166,40.42797,-3.65636,4,2.0,3.0,53.0,0.0,1,0.0,787,200,2893.0,50.090625,6.5,2.0,1,0,0,0,0,0,0,1,0,0,1,1,1,3,36.0,100.0
17167,40.40858,-3.70701,4,0.0,2.0,71.0,94.0,2,0.98,167,200,4503.0,68.043894,0.8,1.0,1,0,0,0,0,1,0,0,0,0,1,0,0,3,33.0,100.0
17168,40.42213,-3.70903,1,1.0,2.0,20.0,0.0,5,0.0,216,50,4503.0,68.043894,0.8,2.0,1,1,1,1,1,1,0,0,0,0,1,0,0,2,13.5,50.0
17169,40.41096,-3.71225,2,1.0,1.0,64.0,90.0,1,1.0,414,200,4503.0,68.043894,0.8,1.0,1,0,0,0,0,1,0,1,0,0,1,0,1,2,18.0,100.0
17170,40.41052,-3.69634,1,0.0,1.0,25.0,0.0,1,0.0,245,200,4503.0,68.043894,0.8,1.0,1,0,0,0,0,0,0,0,0,0,1,0,0,2,10.5,50.0
17171,40.38366,-3.72296,2,2.0,3.0,16.0,95.0,1,1.28,388,50,2195.0,47.402837,6.6,1.0,0,0,0,0,0,1,0,1,0,0,1,0,0,0,18.0,50.0
17172,40.39572,-3.63977,2,0.0,2.0,25.0,0.0,1,0.0,108,50,2547.0,45.581197,5.0,0.0,0,1,1,1,1,0,0,0,0,0,0,0,0,2,15.0,50.0
17173,40.42962,-3.6451,1,1.0,2.0,12.0,0.0,1,0.0,178,50,2893.0,50.090625,6.5,1.0,0,1,1,1,1,1,0,0,0,0,1,0,0,2,10.5,50.0
17174,40.4029,-3.7493,1,1.0,1.0,23.0,0.0,1,0.0,637,50,2287.0,47.008319,4.7,1.0,0,0,0,0,0,0,0,0,0,1,0,0,0,8,10.5,50.0
17175,40.44965,-3.7088,1,0.0,1.0,40.0,100.0,1,0.15,194,200,3476.0,60.621287,5.9,1.0,1,0,0,0,0,1,0,1,0,0,1,0,0,9,10.5,50.0
17176,40.43518,-3.64351,2,0.0,2.0,20.0,0.0,1,0.0,141,50,2893.0,50.090625,6.5,1.0,0,1,1,1,1,0,0,0,0,0,0,0,0,2,18.0,50.0
17177,40.41709,-3.69813,1,1.0,1.0,20.0,0.0,1,0.0,135,50,4503.0,68.043894,0.8,2.0,1,0,0,0,0,1,0,1,0,0,1,0,0,6,13.5,50.0
17178,40.40557,-3.73335,1,1.0,1.0,25.0,0.0,1,0.0,152,50,2287.0,47.008319,4.7,2.0,0,0,0,0,0,1,0,1,0,0,1,0,0,3,13.5,50.0
17179,40.40645,-3.69987,2,1.0,1.0,35.0,0.0,2,0.0,337,200,4503.0,68.043894,0.8,1.5,1,0,0,0,0,1,0,0,0,0,1,0,0,9,19.5,50.0
17180,40.42456,-3.7031,2,0.0,1.0,50.0,0.0,3,0.0,254,200,4503.0,68.043894,0.8,1.0,1,0,0,0,0,1,0,1,1,0,0,0,0,2,18.0,50.0
17181,40.43232,-3.67432,4,2.0,2.0,75.0,60.0,9,0.12,177,200,5328.0,74.694253,2.2,1.0,1,0,0,0,0,0,0,1,0,0,0,0,0,2,33.0,100.0
17182,40.42146,-3.70391,4,2.0,2.0,40.0,0.0,1,0.0,148,200,4503.0,68.043894,0.8,1.0,1,0,0,0,0,1,0,0,0,0,1,0,0,6,33.0,50.0
17183,40.34521,-3.68509,2,1.0,2.0,26.0,0.0,1,0.0,85,50,1696.0,37.641618,9.0,1.0,0,0,0,0,0,1,0,0,0,0,0,0,0,4,18.0,50.0
17184,40.42685,-3.65036,1,3.0,1.0,10.0,0.0,2,0.0,115,50,2893.0,50.090625,6.5,1.5,0,0,0,0,0,1,0,0,0,0,0,0,0,6,12.0,50.0
17185,40.42525,-3.70459,2,1.0,1.0,71.0,93.0,3,1.96,246,200,4503.0,68.043894,0.8,1.0,1,0,0,0,0,1,0,0,1,0,0,0,0,2,18.0,100.0
17186,40.42369,-3.70298,2,1.0,1.0,71.0,98.0,3,1.46,255,200,4503.0,68.043894,0.8,1.0,1,0,0,0,0,1,0,0,1,0,0,0,0,2,18.0,100.0
17187,40.43423,-3.71384,1,1.0,1.0,27.0,0.0,4,0.0,60,50,4855.0,64.056634,2.4,1.0,0,1,1,1,1,1,0,0,1,0,0,0,0,7,10.5,50.0
17188,40.39307,-3.66047,4,1.0,1.0,21.0,0.0,8,0.0,180,50,1890.0,41.443535,5.0,2.0,0,0,0,0,0,1,0,0,0,0,1,0,0,4,36.0,50.0
17189,40.43445,-3.68317,5,2.0,4.0,235.0,0.0,1,0.0,203,200,5328.0,74.694253,2.2,2.5,1,0,0,0,0,1,0,1,0,0,1,0,0,6,45.0,200.0
17190,40.40572,-3.75266,1,1.0,2.0,68.0,0.0,2,0.0,237,50,2287.0,47.008319,4.7,1.0,0,0,0,0,0,1,0,0,1,0,1,0,0,6,10.5,100.0
17191,40.37844,-3.63269,4,1.0,2.0,45.0,93.0,2,0.7,387,200,2382.0,49.659794,11.0,1.5,1,0,0,0,0,0,1,1,0,0,0,0,1,8,34.5,50.0
17192,40.43489,-3.70242,5,2.0,3.0,61.0,0.0,19,0.0,93,200,4855.0,64.056634,2.4,1.0,1,0,0,0,0,1,0,1,0,0,0,0,0,2,40.5,100.0
17193,40.37134,-3.70326,3,1.0,1.0,15.0,73.0,1,0.42,211,50,2316.0,43.910072,4.6,1.5,0,0,0,0,0,1,0,0,0,0,0,0,0,2,27.0,50.0
17194,40.423,-3.69684,5,2.0,3.0,90.0,100.0,2,0.12,414,200,4503.0,68.043894,0.8,2.0,1,0,0,0,0,0,0,1,0,1,1,0,0,2,43.5,100.0
17195,40.41114,-3.70269,4,1.0,2.0,156.0,87.0,62,3.0,446,200,4503.0,68.043894,0.8,1.0,1,0,0,0,0,1,0,1,1,0,1,0,0,5,33.0,200.0
17196,40.40857,-3.70316,4,1.0,2.0,115.0,0.0,24,0.0,221,200,4503.0,68.043894,0.8,1.0,1,0,0,0,0,0,0,1,0,0,0,0,0,5,33.0,150.0
17197,40.43383,-3.7119,1,1.0,1.0,28.0,0.0,4,0.0,60,50,4855.0,64.056634,2.4,1.0,1,1,1,1,1,1,0,0,1,0,0,0,0,7,10.5,50.0
17199,40.40796,-3.70195,1,1.0,1.0,24.0,100.0,2,0.15,101,50,4503.0,68.043894,0.8,1.0,0,0,0,0,0,1,0,0,0,0,1,0,0,4,10.5,50.0
17200,40.46666,-3.67871,7,4.0,8.0,419.0,0.0,3,0.0,583,200,4508.0,67.220486,5.8,4.0,1,0,0,0,0,1,1,1,0,1,1,0,0,0,64.5,200.0
17201,40.42211,-3.69953,5,2.0,3.0,77.0,97.0,1,3.4,615,200,4503.0,68.043894,0.8,1.0,1,0,0,0,1,1,0,1,0,1,1,0,1,2,40.5,100.0
17202,40.41532,-3.70678,3,1.0,1.0,66.0,97.0,2,0.83,339,200,4503.0,68.043894,0.8,1.0,1,0,0,0,0,1,0,1,0,1,1,0,0,2,25.5,100.0
17203,40.40173,-3.67731,1,1.0,1.0,30.0,0.0,1,0.0,104,50,4220.0,63.672727,3.2,1.0,0,0,0,0,0,1,0,0,1,0,0,0,0,2,10.5,50.0
17204,40.39897,-3.66362,10,1.0,1.0,25.0,0.0,8,0.0,179,50,1890.0,41.443535,5.0,2.0,0,0,0,0,0,1,0,0,0,0,1,0,0,4,81.0,50.0
17205,40.40953,-3.70983,3,1.0,2.0,60.0,90.0,1,0.32,244,200,4503.0,68.043894,0.8,1.0,1,0,0,0,0,1,0,1,0,0,1,0,0,2,25.5,100.0
17206,40.45134,-3.69894,3,0.0,1.0,47.0,100.0,1,0.14,130,200,3476.0,60.621287,5.9,1.0,1,0,0,0,0,1,0,0,0,0,1,0,0,2,25.5,50.0
17207,40.45925,-3.69781,3,1.0,2.0,25.0,100.0,1,0.43,721,50,3476.0,60.621287,5.9,1.0,1,0,0,0,0,1,1,1,1,0,1,1,1,6,25.5,50.0
17208,40.38876,-3.67091,5,0.0,4.0,20.0,0.0,38,0.0,73,200,1890.0,41.443535,5.0,1.0,1,0,0,0,0,1,0,0,0,0,0,0,0,2,40.5,50.0
17209,40.41327,-3.7075,9,9.0,9.0,75.0,0.0,1,0.0,229,200,4503.0,68.043894,0.8,3.0,1,0,0,0,0,1,0,0,0,0,1,0,0,10,76.5,100.0
17210,40.42665,-3.67927,2,2.0,2.0,36.0,0.0,1,0.0,316,50,5328.0,74.694253,2.2,3.0,0,1,1,1,1,1,0,1,1,0,1,0,0,6,24.0,50.0
17211,40.43465,-3.70331,5,2.0,3.0,20.0,0.0,38,0.0,96,200,4855.0,64.056634,2.4,1.0,1,0,0,0,0,1,0,0,0,0,0,0,0,2,40.5,50.0
17212,40.42286,-3.70536,10,5.0,7.0,400.0,0.0,1,0.0,275,200,4503.0,68.043894,0.8,1.0,1,0,0,0,0,1,0,1,1,0,0,0,0,5,78.0,200.0
17213,40.40662,-3.67074,3,2.0,2.0,55.0,0.0,2,0.0,238,200,4220.0,63.672727,3.2,1.0,1,0,0,0,0,1,0,1,0,0,1,0,0,5,25.5,100.0
17214,40.46683,-3.68868,2,1.0,1.0,58.0,0.0,3,0.0,278,50,4508.0,67.220486,5.8,1.0,1,1,1,1,1,1,0,1,1,0,0,0,0,3,18.0,100.0
17215,40.46806,-3.68874,2,1.0,1.0,36.0,0.0,3,0.0,282,50,3476.0,60.621287,5.9,1.0,1,1,1,1,1,1,0,1,1,0,1,0,0,3,18.0,50.0
17216,40.46838,-3.68837,1,2.0,1.0,29.0,0.0,3,0.0,246,50,4508.0,67.220486,5.8,1.0,1,1,1,1,1,1,0,1,1,0,1,0,0,3,10.5,50.0
17217,40.43816,-3.7018,4,0.0,2.0,20.0,0.0,38,0.0,73,200,4855.0,64.056634,2.4,1.0,1,0,0,0,0,1,0,0,0,0,0,0,0,2,33.0,50.0
17218,40.41999,-3.70334,1,1.0,1.0,17.0,0.0,1,0.0,155,50,4503.0,68.043894,0.8,2.0,1,0,0,0,0,1,0,0,1,0,1,0,0,8,13.5,50.0
17219,40.42677,-3.66313,2,1.0,1.0,30.0,0.0,1,0.0,63,50,5328.0,74.694253,2.2,1.0,0,1,1,1,1,0,0,0,1,0,0,0,0,2,18.0,50.0
17220,40.39257,-3.72689,1,1.0,2.0,19.0,0.0,1,0.0,670,50,2195.0,47.402837,6.6,1.5,0,0,0,0,0,1,0,1,0,0,1,0,0,2,12.0,50.0
17221,40.43746,-3.67864,3,1.0,1.0,64.0,100.0,3,0.53,346,200,5328.0,74.694253,2.2,1.0,1,0,0,0,0,1,0,1,0,0,1,0,0,6,25.5,100.0
17222,40.40941,-3.73406,4,1.0,2.0,26.0,90.0,1,0.48,292,50,2287.0,47.008319,4.7,1.0,0,0,0,0,0,1,0,0,1,1,1,0,0,6,33.0,50.0
17223,40.42305,-3.70591,4,0.0,2.0,59.0,95.0,1,0.5,818,200,4503.0,68.043894,0.8,1.0,1,0,0,0,0,1,0,1,0,0,1,1,0,2,33.0,100.0
17224,40.42087,-3.71223,1,1.0,1.0,35.0,1.0,1,1.0,152,50,4503.0,68.043894,0.8,1.5,1,1,1,1,1,1,1,1,1,1,1,1,1,9,12.0,50.0
17225,40.37678,-3.73762,1,3.0,1.0,30.0,1.0,1,1.0,118,50,2195.0,47.402837,6.6,1.5,1,1,1,1,1,1,1,1,1,1,1,1,1,2,12.0,50.0
17226,40.41238,-3.70718,5,2.0,3.0,141.0,0.0,72,0.0,254,200,4503.0,68.043894,0.8,1.0,1,0,0,0,0,1,0,1,0,0,0,0,0,6,40.5,150.0
17230,40.41627,-3.70111,3,1.0,1.0,40.0,0.0,5,0.0,240,200,4503.0,68.043894,0.8,1.0,1,0,0,0,0,1,0,0,0,0,1,0,0,0,25.5,50.0
17231,40.40302,-3.69013,1,1.0,1.0,16.0,70.0,3,1.05,75,50,3917.0,55.025641,1.9,1.0,0,0,0,0,0,1,0,0,0,0,1,0,0,3,10.5,50.0
17233,40.43493,-3.71052,3,0.0,2.0,34.0,0.0,38,0.0,73,200,4855.0,64.056634,2.4,1.0,1,0,0,0,0,1,0,0,0,0,0,0,0,2,25.5,50.0
17234,40.47147,-3.69169,1,1.0,1.0,24.0,0.0,1,0.0,219,50,3476.0,60.621287,5.9,1.0,0,1,1,1,1,1,0,1,0,0,1,0,0,6,10.5,50.0
17235,40.37686,-3.69964,2,1.0,1.0,80.0,1.0,1,1.0,310,200,2316.0,43.910072,4.6,1.5,1,1,1,1,1,1,1,1,1,1,1,1,1,4,19.5,100.0
17236,40.42655,-3.6848,2,0.0,1.0,29.0,80.0,4,1.0,455,200,5328.0,74.694253,2.2,1.5,1,0,0,0,0,1,0,1,0,0,1,1,0,2,19.5,50.0
17237,40.40906,-3.70923,2,0.0,1.0,43.0,99.0,12,2.62,289,200,4503.0,68.043894,0.8,1.0,1,0,0,0,0,1,0,0,1,1,1,0,0,2,18.0,50.0
17238,40.35192,-3.68754,1,1.0,2.0,40.0,0.0,1,0.0,102,50,1696.0,37.641618,9.0,1.0,0,1,1,1,1,1,0,0,0,0,0,0,0,4,10.5,50.0
17239,40.43737,-3.67524,4,2.0,2.0,100.0,0.0,3,0.0,203,200,5328.0,74.694253,2.2,2.0,1,0,0,0,0,1,0,1,1,0,1,0,0,10,36.0,100.0
17240,40.42142,-3.70082,6,2.0,3.0,101.0,100.0,67,1.0,347,200,4503.0,68.043894,0.8,1.0,1,0,0,0,0,1,0,1,0,0,1,1,0,7,48.0,150.0
17241,40.43766,-3.71079,3,3.0,3.0,45.0,0.0,1,0.0,103,200,4855.0,64.056634,2.4,1.0,1,0,0,0,0,0,0,0,0,0,1,0,0,7,25.5,50.0
17242,40.41598,-3.70191,4,1.0,4.0,57.0,0.0,4,0.0,77,50,4503.0,68.043894,0.8,1.0,1,0,0,0,0,1,0,1,0,0,0,0,0,3,33.0,100.0
17243,40.41568,-3.70223,2,1.0,2.0,26.0,80.0,5,0.39,119,50,4503.0,68.043894,0.8,1.0,0,0,0,0,0,1,0,1,0,0,0,0,0,2,18.0,50.0
17244,40.41559,-3.70064,2,1.0,2.0,30.0,0.0,5,0.0,175,50,4503.0,68.043894,0.8,1.0,1,0,0,0,0,1,0,1,0,0,0,0,0,2,18.0,50.0
17245,40.39527,-3.63353,2,1.0,2.0,17.0,0.0,1,0.0,157,50,2547.0,45.581197,5.0,1.5,0,0,0,0,0,1,0,1,0,0,0,0,0,7,19.5,50.0
17246,40.4229,-3.70236,2,1.0,1.0,40.0,100.0,2,0.6,125,200,4503.0,68.043894,0.8,2.0,1,0,0,0,0,1,0,1,0,0,1,0,0,9,21.0,50.0
17247,40.42603,-3.69067,4,1.0,2.0,117.0,100.0,1,1.81,335,200,4855.0,64.056634,2.4,1.0,1,0,0,0,0,1,0,1,1,0,0,1,0,2,33.0,150.0
17248,40.46156,-3.67991,2,1.0,1.0,45.0,97.0,3,1.82,372,200,4508.0,67.220486,5.8,1.0,1,0,0,1,0,1,0,1,0,0,0,0,0,2,18.0,50.0
17249,40.48564,-3.70962,2,1.0,2.0,25.0,0.0,1,0.0,110,50,3545.0,57.198083,16.4,1.0,1,1,1,1,1,1,0,0,1,0,0,0,0,2,18.0,50.0
17250,40.41551,-3.70969,4,0.0,4.0,32.0,0.0,6,0.0,158,50,4503.0,68.043894,0.8,1.0,0,0,0,0,0,1,0,0,1,0,0,0,0,3,33.0,50.0
17251,40.41622,-3.71182,2,0.0,2.0,26.0,0.0,6,0.0,176,50,4503.0,68.043894,0.8,1.0,0,0,0,0,0,1,0,0,1,0,0,0,0,3,18.0,50.0
17252,40.37676,-3.77595,1,0.0,1.0,30.0,0.0,1,0.0,267,50,2287.0,47.008319,4.7,1.5,0,0,0,0,0,1,0,0,0,0,0,0,0,8,12.0,50.0
17253,40.41295,-3.69864,2,1.0,2.0,16.0,0.0,4,0.0,185,50,4503.0,68.043894,0.8,1.0,0,0,0,0,0,1,0,1,0,0,1,0,0,7,18.0,50.0
17254,40.42086,-3.69701,2,1.0,1.0,119.0,0.0,113,0.0,151,200,4503.0,68.043894,0.8,1.0,1,0,0,0,0,1,0,0,1,0,0,0,0,7,18.0,150.0
17255,40.42563,-3.69061,2,1.0,1.0,260.0,0.0,1,0.0,213,200,4855.0,64.056634,2.4,1.0,1,0,0,0,0,1,0,1,0,0,1,0,0,2,18.0,200.0
17256,40.41248,-3.70522,2,1.0,2.0,25.0,0.0,1,0.0,144,50,4503.0,68.043894,0.8,1.0,0,0,0,0,0,1,0,0,0,0,1,0,0,7,18.0,50.0
17257,40.42615,-3.70626,4,2.0,2.0,105.0,0.0,1,0.0,465,200,4503.0,68.043894,0.8,2.0,1,0,0,0,0,1,0,1,0,0,1,0,0,2,36.0,150.0
17258,40.41852,-3.70302,1,1.0,1.0,20.0,0.0,1,0.0,164,50,4503.0,68.043894,0.8,1.5,0,0,0,0,0,1,0,1,0,0,0,0,0,2,12.0,50.0
17259,40.46021,-3.68185,4,2.0,3.0,80.0,99.0,3,2.09,492,200,4508.0,67.220486,5.8,1.0,1,0,0,0,0,1,0,1,0,1,1,0,0,2,33.0,100.0
17260,40.43396,-3.70574,4,1.0,2.0,20.0,0.0,38,0.0,93,200,4855.0,64.056634,2.4,1.0,1,0,0,0,0,1,0,1,0,0,0,0,0,2,33.0,50.0
17261,40.42744,-3.70745,4,1.0,2.0,86.0,80.0,1,0.28,247,200,4503.0,68.043894,0.8,1.0,1,0,0,0,0,1,0,0,0,0,0,0,0,2,33.0,100.0
17262,40.41106,-3.70979,1,1.0,1.0,22.0,0.0,3,0.0,145,50,4503.0,68.043894,0.8,1.0,0,0,0,0,0,1,0,0,0,0,1,0,0,2,10.5,50.0
17263,40.48615,-3.66683,2,0.0,2.0,55.0,93.0,4,0.72,489,200,3312.0,62.061453,9.2,1.5,1,0,0,0,0,1,1,1,1,0,1,0,1,7,19.5,100.0
17264,40.40984,-3.7104,6,1.0,4.0,65.0,0.0,3,0.0,232,200,4503.0,68.043894,0.8,2.0,1,0,0,0,0,1,0,1,0,0,0,0,0,6,51.0,100.0
17265,40.41375,-3.71268,4,2.0,3.0,118.0,95.0,2,0.54,266,200,4503.0,68.043894,0.8,2.0,1,0,0,0,0,1,0,1,0,0,0,0,0,3,36.0,150.0
17266,40.42264,-3.70929,4,2.0,3.0,200.0,97.0,1,1.68,872,200,4503.0,68.043894,0.8,2.0,1,0,0,0,0,1,1,1,1,0,1,1,0,2,36.0,200.0
17267,40.46072,-3.68108,6,3.0,4.0,120.0,95.0,3,0.52,448,200,4508.0,67.220486,5.8,2.0,1,0,0,0,0,1,0,1,0,1,1,0,0,2,51.0,150.0
17268,40.48786,-3.66466,4,1.0,2.0,82.0,100.0,10,0.29,674,200,3312.0,62.061453,9.2,1.5,1,0,0,0,0,1,0,1,1,1,1,0,0,2,34.5,100.0
17269,40.39884,-3.69965,4,1.0,2.0,200.0,100.0,2,0.15,366,200,3917.0,55.025641,1.9,2.5,1,0,0,0,0,1,0,1,0,0,1,0,0,4,37.5,200.0
17270,40.38902,-3.66535,4,3.0,3.0,75.0,0.0,2,0.0,69,200,1890.0,41.443535,5.0,1.5,1,0,0,0,0,0,0,0,0,0,1,0,0,6,34.5,100.0
17271,40.41026,-3.73984,1,1.0,2.0,50.0,0.0,2,0.0,188,50,2287.0,47.008319,4.7,1.0,0,0,0,0,0,1,0,1,0,0,1,0,0,9,10.5,50.0
17273,40.42516,-3.69835,1,2.0,1.0,30.0,0.0,2,0.0,233,50,4503.0,68.043894,0.8,2.0,1,0,0,0,0,1,0,0,1,0,1,0,0,3,13.5,50.0
17274,40.42913,-3.71792,2,1.0,1.0,60.0,0.0,1,0.0,225,200,3555.0,63.451906,5.9,2.0,1,0,0,0,0,0,0,1,0,0,0,0,0,2,21.0,100.0
17275,40.43663,-3.64235,2,0.0,1.0,21.0,76.0,2,1.09,116,50,2893.0,50.090625,6.5,2.0,0,1,1,1,1,1,0,1,0,0,0,0,0,2,21.0,50.0
17276,40.43446,-3.64389,2,1.0,1.0,25.0,80.0,2,1.36,149,50,2893.0,50.090625,6.5,2.0,1,1,1,1,1,1,1,1,1,1,1,1,1,2,21.0,50.0
17277,40.35157,-3.69447,2,1.0,1.0,26.0,0.0,1,0.0,129,50,1696.0,37.641618,9.0,1.0,0,0,0,0,0,1,0,0,0,0,1,0,0,2,18.0,50.0
17278,40.41536,-3.7072,1,0.0,1.0,30.0,0.0,2,0.0,149,200,4503.0,68.043894,0.8,1.0,1,0,0,0,0,1,0,1,0,0,0,0,0,2,10.5,50.0
17279,40.4749,-3.71514,2,1.0,1.0,20.0,100.0,1,0.4,169,50,3545.0,57.198083,16.4,1.0,0,0,0,0,0,1,0,1,0,0,1,0,0,2,18.0,50.0
17280,40.40613,-3.67755,1,4.0,1.0,45.0,0.0,2,0.0,148,50,4220.0,63.672727,3.2,1.0,0,1,1,1,1,1,0,1,1,0,0,0,0,2,10.5,50.0
17281,40.40477,-3.67772,2,4.0,1.0,50.0,0.0,2,0.0,125,50,4220.0,63.672727,3.2,1.0,0,1,1,1,1,1,0,1,0,0,0,0,0,2,18.0,50.0
17282,40.41327,-3.70573,4,1.0,3.0,57.0,80.0,1,0.29,427,200,4503.0,68.043894,0.8,1.0,1,0,0,0,0,1,0,1,0,0,0,1,0,2,33.0,100.0
17283,40.36648,-3.68658,1,1.0,1.0,25.0,100.0,1,0.13,183,50,2316.0,43.910072,4.6,1.5,0,1,1,1,1,1,0,1,1,0,1,0,0,4,12.0,50.0
17284,40.44052,-3.70691,4,0.0,3.0,20.0,0.0,38,0.0,73,200,4855.0,64.056634,2.4,1.0,1,0,0,0,0,1,0,0,0,0,0,0,0,2,33.0,50.0
17285,40.42143,-3.69887,2,1.0,1.0,9.0,87.0,2,0.38,100,50,4503.0,68.043894,0.8,1.0,0,1,1,1,1,1,0,0,0,0,0,0,0,5,18.0,50.0
17286,40.42179,-3.70747,2,1.0,1.0,34.0,87.0,20,0.78,139,50,4503.0,68.043894,0.8,1.0,1,0,0,0,0,1,0,1,0,0,0,0,0,8,18.0,50.0
17287,40.42153,-3.70725,2,1.0,1.0,35.0,80.0,20,0.87,197,50,4503.0,68.043894,0.8,1.0,1,0,0,0,0,1,0,1,0,1,0,0,0,8,18.0,50.0
17288,40.42305,-3.70571,2,1.0,1.0,20.0,100.0,20,1.46,139,50,4503.0,68.043894,0.8,1.0,0,1,1,1,1,1,0,1,0,0,0,0,0,8,18.0,50.0
17289,40.42325,-3.7075,2,1.0,1.0,29.0,0.0,20,0.0,359,50,4503.0,68.043894,0.8,1.0,1,1,1,1,1,1,0,1,0,1,0,0,0,8,18.0,50.0
17290,40.42303,-3.70569,2,1.0,1.0,31.0,0.0,20,0.0,316,50,4503.0,68.043894,0.8,1.0,1,0,0,0,0,1,0,1,0,0,0,0,0,8,18.0,50.0
17291,40.42154,-3.70595,2,1.0,1.0,34.0,100.0,20,1.05,152,50,4503.0,68.043894,0.8,1.0,1,0,0,0,0,1,0,1,0,0,0,0,0,8,18.0,50.0
17293,40.42094,-3.70638,6,2.0,2.0,145.0,90.0,1,0.79,447,200,4503.0,68.043894,0.8,1.0,1,0,0,0,0,1,0,1,0,0,1,0,0,2,48.0,150.0
17294,40.37925,-3.67448,4,2.0,2.0,22.0,0.0,1,0.0,224,50,1890.0,41.443535,5.0,1.5,0,1,1,1,1,1,0,1,0,0,1,0,0,0,34.5,50.0
17295,40.3941,-3.69585,4,1.0,1.0,87.0,100.0,1,0.27,427,200,3917.0,55.025641,1.9,1.0,1,0,0,0,0,1,0,0,0,0,1,0,0,2,33.0,100.0
17296,40.43154,-3.70989,3,3.0,3.0,21.0,93.0,4,0.49,451,50,4855.0,64.056634,2.4,1.0,0,0,0,0,0,1,0,1,0,1,1,0,0,2,25.5,50.0
17297,40.40961,-3.70568,5,2.0,2.0,75.0,0.0,1,0.0,199,200,4503.0,68.043894,0.8,1.5,1,0,0,0,0,0,0,0,0,0,1,0,0,5,42.0,100.0
17298,40.43416,-3.70041,4,1.0,4.0,20.0,0.0,38,0.0,73,200,4855.0,64.056634,2.4,1.0,1,0,0,0,0,1,0,0,0,0,0,0,0,2,33.0,50.0
17299,40.41878,-3.70689,4,2.0,2.0,175.0,100.0,1,0.93,669,200,4503.0,68.043894,0.8,2.0,1,0,0,0,0,1,0,1,0,1,1,1,0,7,36.0,200.0
17300,40.4202,-3.70366,3,1.0,3.0,90.0,0.0,1,0.0,143,200,4503.0,68.043894,0.8,1.0,1,0,0,0,0,0,0,1,0,0,0,0,0,4,25.5,100.0
17301,40.41299,-3.70714,4,1.0,2.0,100.0,100.0,1,0.15,330,200,4503.0,68.043894,0.8,2.0,1,0,0,0,0,1,0,1,0,0,1,0,0,2,36.0,100.0
17302,40.46646,-3.67751,2,4.0,1.0,84.0,1.0,3,1.0,607,50,4508.0,67.220486,5.8,4.5,1,1,1,1,1,1,1,1,1,1,1,1,1,0,28.5,100.0
17303,40.46845,-3.67729,2,4.0,8.0,66.0,0.0,3,0.0,619,50,4508.0,67.220486,5.8,4.0,1,1,1,1,1,1,1,1,1,1,1,0,0,0,27.0,100.0
17304,40.40439,-3.69434,2,1.0,2.0,30.0,0.0,3,0.0,490,50,3917.0,55.025641,1.9,1.5,0,0,0,0,0,1,0,0,0,0,0,0,0,3,19.5,50.0
17305,40.41582,-3.70899,2,1.0,1.0,85.0,0.0,2,0.0,138,200,4503.0,68.043894,0.8,1.5,1,0,0,0,0,1,0,1,0,0,0,0,0,2,19.5,100.0
17306,40.44688,-3.69563,5,1.0,3.0,95.0,0.0,1,0.0,149,200,3476.0,60.621287,5.9,1.0,1,0,0,0,0,1,0,1,0,0,1,0,0,10,40.5,100.0
17307,40.40585,-3.6936,2,1.0,1.0,30.0,0.0,3,0.0,502,50,3917.0,55.025641,1.9,1.5,0,0,0,0,0,1,0,0,0,0,1,0,0,3,19.5,50.0
17308,40.40641,-3.69449,1,1.0,1.0,20.0,0.0,3,0.0,479,50,3917.0,55.025641,1.9,1.5,0,0,0,0,0,1,0,0,0,0,0,0,0,3,12.0,50.0
17309,40.40396,-3.6751,1,0.0,1.0,20.0,0.0,2,0.0,123,50,4220.0,63.672727,3.2,1.0,0,1,1,1,1,1,0,0,1,0,0,0,0,3,10.5,50.0
17310,40.42828,-3.69885,3,1.0,1.0,79.0,0.0,1,0.0,203,50,4503.0,68.043894,0.8,1.0,1,0,0,0,0,1,0,1,0,1,1,0,0,2,25.5,100.0
17311,40.4327,-3.7021,2,1.0,1.0,40.0,0.0,1,0.0,94,50,4855.0,64.056634,2.4,1.0,0,0,0,0,0,1,0,0,0,0,0,0,0,2,18.0,50.0
17312,40.40547,-3.71176,2,1.0,2.0,22.0,100.0,4,0.15,127,50,3917.0,55.025641,1.9,1.0,0,0,0,0,0,1,0,0,0,0,1,0,0,5,18.0,50.0
17313,40.4201,-3.70073,1,1.0,1.0,40.0,0.0,1,0.0,178,50,4503.0,68.043894,0.8,1.5,0,0,0,0,0,1,0,1,0,0,1,0,0,2,12.0,50.0
17314,40.39218,-3.66811,8,3.0,3.0,93.0,100.0,40,0.41,413,200,1890.0,41.443535,5.0,2.0,1,0,0,0,0,1,0,1,0,1,1,0,0,5,66.0,100.0
17315,40.39357,-3.66882,8,3.0,4.0,107.0,92.0,40,0.95,418,200,1890.0,41.443535,5.0,2.0,1,0,0,0,0,1,0,1,0,1,1,1,0,5,66.0,150.0
17316,40.39167,-3.67005,8,3.0,4.0,93.0,80.0,40,1.09,455,200,1890.0,41.443535,5.0,1.0,1,0,0,0,0,1,0,1,0,1,1,1,0,5,63.0,100.0
17317,40.41297,-3.69716,3,1.0,2.0,185.0,0.0,25,0.0,165,200,4503.0,68.043894,0.8,1.5,1,0,0,0,0,1,0,0,0,0,0,0,0,3,27.0,200.0
17318,40.40588,-3.70147,2,1.0,1.0,42.0,0.0,1,0.0,149,200,4503.0,68.043894,0.8,1.0,1,0,0,0,0,1,0,0,0,0,0,0,0,10,18.0,50.0
17319,40.41449,-3.6968,4,1.0,2.0,89.0,0.0,25,0.0,149,200,4503.0,68.043894,0.8,1.0,1,0,0,0,0,1,0,1,0,0,0,0,0,3,33.0,100.0
17320,40.43432,-3.64901,1,1.0,1.0,18.0,0.0,2,0.0,107,50,2893.0,50.090625,6.5,1.0,0,0,0,0,0,1,0,0,0,0,1,0,0,2,10.5,50.0
17321,40.42218,-3.70124,2,1.0,1.0,53.0,80.0,1,0.42,187,200,4503.0,68.043894,0.8,1.0,1,0,0,0,0,1,0,0,1,0,0,0,0,6,18.0,100.0
17322,40.42423,-3.70088,6,2.0,3.0,214.0,87.0,3,0.85,491,200,4503.0,68.043894,0.8,2.0,1,0,0,0,0,1,0,1,0,0,1,1,0,2,51.0,200.0
17323,40.4213,-3.70397,4,1.0,1.0,65.0,95.0,67,0.58,192,200,4503.0,68.043894,0.8,1.0,1,0,0,0,0,1,0,1,0,0,1,0,0,7,33.0,100.0
17324,40.39753,-3.64773,4,3.0,3.0,30.0,0.0,2,0.0,90,200,1890.0,41.443535,5.0,1.0,1,0,0,0,0,0,0,0,0,0,0,0,0,9,33.0,50.0
17325,40.42104,-3.70218,1,1.0,1.0,29.0,96.0,5,7.67,441,50,4503.0,68.043894,0.8,0.0,0,0,0,0,0,1,0,1,0,1,1,0,0,0,7.5,50.0
17326,40.39767,-3.71798,1,1.0,1.0,30.0,0.0,1,0.0,650,50,2195.0,47.402837,6.6,1.0,0,0,0,0,0,1,0,0,0,1,1,0,0,9,10.5,50.0
17327,40.42826,-3.63964,1,1.0,2.0,25.0,0.0,1,0.0,169,50,2893.0,50.090625,6.5,1.0,0,0,0,0,0,1,0,0,0,0,0,0,0,3,10.5,50.0
17328,40.38659,-3.64842,1,0.0,2.0,25.0,0.0,1,0.0,96,50,1890.0,41.443535,5.0,1.0,0,1,1,1,1,1,0,0,1,0,0,0,0,4,10.5,50.0
17329,40.41765,-3.70319,2,1.0,1.0,40.0,0.0,1,0.0,386,50,4503.0,68.043894,0.8,1.0,1,0,0,0,0,1,0,1,0,1,0,0,0,3,18.0,50.0
17330,40.42423,-3.70088,6,2.0,4.0,214.0,84.0,3,1.91,482,200,4503.0,68.043894,0.8,2.0,1,0,0,0,0,1,0,1,0,0,1,1,0,2,51.0,200.0
17332,40.42423,-3.70088,6,2.0,4.0,115.0,93.0,3,0.42,482,200,4503.0,68.043894,0.8,2.0,1,0,0,0,0,1,0,1,0,0,1,1,0,2,51.0,150.0
17333,40.47181,-3.70212,3,2.0,2.0,35.0,0.0,1,0.0,198,200,3476.0,60.621287,5.9,1.0,1,0,0,0,0,1,0,0,0,0,0,0,0,4,25.5,50.0
17334,40.409,-3.70264,4,0.0,1.0,40.0,91.0,38,1.11,146,200,4503.0,68.043894,0.8,1.0,1,0,0,0,0,1,0,1,0,0,0,0,0,9,33.0,50.0
17335,40.41601,-3.7015,10,3.0,6.0,124.0,0.0,1,0.0,295,200,4503.0,68.043894,0.8,3.0,1,0,0,0,0,1,0,1,0,0,1,0,0,2,84.0,150.0
17336,40.3576,-3.69789,2,1.0,1.0,25.0,0.0,1,0.0,79,50,1696.0,37.641618,9.0,1.0,0,0,0,0,0,1,0,0,0,0,0,0,0,5,18.0,50.0
17337,40.42003,-3.70121,1,1.0,1.0,31.0,98.0,5,3.38,346,50,4503.0,68.043894,0.8,0.0,0,0,0,0,0,1,0,1,0,1,1,0,0,0,7.5,50.0
17338,40.41511,-3.70225,4,2.0,1.0,65.0,70.0,23,2.0,554,200,4503.0,68.043894,0.8,1.0,1,1,1,1,1,1,1,1,1,1,1,1,1,10,33.0,100.0
17339,40.42104,-3.70218,1,1.0,1.0,30.0,97.0,5,1.41,332,50,4503.0,68.043894,0.8,0.0,0,0,0,0,0,1,0,1,0,1,1,0,0,0,7.5,50.0
17340,40.42265,-3.68041,5,2.0,4.0,169.0,93.0,1,0.39,342,200,5328.0,74.694253,2.2,2.0,1,0,0,0,0,1,0,1,1,0,0,1,0,0,43.5,200.0
17341,40.42104,-3.70218,1,1.0,1.0,29.0,0.0,5,0.0,385,50,4503.0,68.043894,0.8,0.0,0,0,0,0,0,1,0,1,0,1,1,0,0,0,7.5,50.0
17342,40.42118,-3.69773,1,1.0,1.0,32.0,0.0,15,0.0,27,50,4503.0,68.043894,0.8,1.0,1,0,0,0,0,0,0,0,0,0,0,0,0,3,10.5,50.0
17343,40.38347,-3.76518,4,1.0,2.0,48.0,83.0,22,3.39,253,200,2287.0,47.008319,4.7,1.0,1,0,0,0,0,1,0,1,0,0,0,0,0,2,33.0,50.0
17344,40.38939,-3.7013,2,1.0,1.0,21.0,100.0,1,0.5,164,50,2316.0,43.910072,4.6,2.0,1,0,0,0,0,1,0,1,0,1,0,0,0,9,21.0,50.0
17345,40.37997,-3.78201,1,1.0,1.0,40.0,0.0,1,0.0,141,50,2287.0,47.008319,4.7,1.5,0,0,0,0,0,1,0,1,1,0,1,0,0,3,12.0,50.0
17346,40.38124,-3.76463,4,1.0,2.0,48.0,87.0,22,2.28,163,200,2287.0,47.008319,4.7,1.0,1,0,0,0,0,1,0,1,0,0,0,0,0,2,33.0,50.0
17347,40.42112,-3.70072,2,1.0,2.0,47.0,100.0,3,0.2,246,200,4503.0,68.043894,0.8,1.0,1,0,0,0,0,1,0,1,0,0,1,0,0,9,18.0,50.0
17348,40.43248,-3.71364,1,1.0,1.0,40.0,100.0,4,0.56,222,50,4855.0,64.056634,2.4,1.0,1,0,0,0,0,1,0,1,1,0,0,0,0,12,10.5,50.0
17349,40.40307,-3.68131,2,0.0,1.0,30.0,100.0,3,0.62,130,50,4220.0,63.672727,3.2,1.5,1,1,1,1,1,1,0,1,1,0,0,0,0,2,19.5,50.0
17350,40.44496,-3.6973,4,2.0,3.0,165.0,0.0,2,0.0,426,200,4855.0,64.056634,2.4,2.0,1,0,0,0,0,1,0,1,0,1,1,0,0,10,36.0,200.0
17351,40.40965,-3.70039,2,1.0,1.0,70.0,100.0,1,1.08,351,200,4503.0,68.043894,0.8,1.0,1,0,0,0,0,1,0,1,0,1,1,0,0,9,18.0,100.0
17352,40.4806,-3.71721,2,1.0,1.0,35.0,100.0,1,0.14,222,50,3545.0,57.198083,16.4,1.5,0,0,0,0,0,1,0,0,0,0,1,0,0,2,19.5,50.0
17353,40.41312,-3.69014,2,1.0,1.0,44.0,0.0,1,0.0,376,50,4220.0,63.672727,3.2,1.5,0,0,0,0,0,1,0,0,0,0,0,1,1,2,19.5,50.0
17354,40.4251,-3.70631,4,2.0,3.0,66.0,0.0,1,0.0,467,200,4503.0,68.043894,0.8,2.0,1,0,0,0,0,1,0,1,0,0,1,1,0,8,36.0,100.0
17355,40.43709,-3.71245,3,0.0,2.0,31.0,0.0,35,0.0,146,200,4855.0,64.056634,2.4,1.0,1,0,0,0,0,1,0,0,0,0,1,0,0,2,25.5,50.0
17356,40.39027,-3.66946,6,2.0,3.0,45.0,0.0,35,0.0,157,200,1890.0,41.443535,5.0,1.0,1,0,0,0,0,1,0,0,0,0,1,0,0,2,48.0,50.0
17357,40.40433,-3.6796,2,0.0,1.0,35.0,0.0,3,0.0,130,50,4220.0,63.672727,3.2,1.5,1,1,1,1,1,1,0,1,1,0,0,0,0,2,19.5,50.0
17360,40.43338,-3.70053,5,1.0,4.0,35.0,73.0,35,0.45,146,200,4855.0,64.056634,2.4,1.0,1,0,0,0,0,1,0,0,0,0,1,0,0,2,40.5,50.0
17361,40.43359,-3.70426,4,1.0,2.0,38.0,40.0,35,1.13,177,200,4855.0,64.056634,2.4,1.0,1,0,0,0,0,1,0,1,0,0,1,0,0,2,33.0,50.0
17362,40.43378,-3.70184,7,3.0,4.0,85.0,0.0,35,0.0,146,200,4855.0,64.056634,2.4,1.0,1,0,0,0,0,1,0,0,0,0,1,0,0,2,55.5,100.0
17363,40.43823,-3.70152,3,0.0,2.0,33.0,87.0,35,0.45,146,200,4855.0,64.056634,2.4,1.0,1,0,0,0,0,1,0,0,0,0,1,0,0,2,25.5,50.0
17364,40.39485,-3.67225,7,3.0,4.0,49.0,0.0,35,0.0,157,200,1890.0,41.443535,5.0,1.0,1,0,0,0,0,1,0,0,0,0,1,0,0,2,55.5,50.0
17365,40.41307,-3.70159,2,2.0,1.0,18.0,60.0,5,0.77,188,50,4503.0,68.043894,0.8,1.0,1,1,1,1,1,1,1,1,1,1,1,1,1,2,18.0,50.0
17366,40.43808,-3.69881,6,2.0,4.0,73.0,92.0,1,0.71,260,200,4855.0,64.056634,2.4,2.0,1,0,0,0,0,1,0,0,1,0,0,0,0,2,51.0,100.0
17367,40.43184,-3.66583,4,1.0,2.0,48.0,99.0,2,3.54,707,200,5328.0,74.694253,2.2,1.0,1,0,0,0,0,0,0,0,0,0,1,1,1,7,33.0,50.0
17368,40.42052,-3.71684,4,1.0,2.0,32.0,0.0,5,0.0,245,200,3555.0,63.451906,5.9,2.0,1,0,0,0,0,1,0,1,1,0,1,0,0,6,36.0,50.0
17369,40.43925,-3.7095,4,0.0,2.0,40.0,60.0,35,0.15,146,200,4855.0,64.056634,2.4,1.0,1,0,0,0,0,1,0,0,0,0,1,0,0,2,33.0,50.0
17370,40.48991,-3.66482,2,1.0,1.0,45.0,100.0,1,0.13,511,50,3312.0,62.061453,9.2,1.5,0,0,0,0,0,1,0,0,0,0,1,1,0,2,19.5,50.0
17371,40.47036,-3.57892,4,2.0,2.0,58.0,40.0,1,0.16,181,200,3047.0,56.183432,11.8,1.0,1,0,0,0,0,1,0,1,0,0,0,0,0,6,33.0,100.0
17372,40.42137,-3.67965,1,1.0,2.0,40.0,0.0,1,0.0,78,50,4220.0,63.672727,3.2,1.0,0,0,0,0,0,0,0,0,0,0,1,0,0,8,10.5,50.0
17373,40.41099,-3.70351,3,1.0,2.0,85.0,0.0,25,0.0,197,200,4503.0,68.043894,0.8,1.0,1,0,0,0,0,1,0,1,0,0,1,0,0,3,25.5,100.0
17374,40.43401,-3.70004,4,2.0,2.0,160.0,0.0,113,0.0,257,200,4855.0,64.056634,2.4,2.0,1,0,0,0,0,1,0,0,1,0,0,0,0,7,36.0,200.0
17375,40.41327,-3.69747,2,1.0,1.0,65.0,1.0,6,1.0,295,50,4503.0,68.043894,0.8,1.0,1,1,1,1,1,1,1,1,1,1,1,1,1,2,18.0,100.0
17376,40.41448,-3.69733,2,1.0,1.0,29.0,1.0,6,1.0,295,50,4503.0,68.043894,0.8,1.0,1,1,1,1,1,1,1,1,1,1,1,1,1,2,18.0,50.0
17377,40.41295,-3.69869,2,1.0,2.0,29.0,0.0,6,0.0,308,50,4503.0,68.043894,0.8,1.0,0,0,0,0,0,1,0,1,0,0,1,0,0,2,18.0,50.0
17378,40.41302,-3.69797,2,1.0,1.0,29.0,0.0,6,0.0,381,50,4503.0,68.043894,0.8,1.0,0,0,0,0,0,1,0,1,0,0,1,0,0,2,18.0,50.0
17379,40.41299,-3.69924,2,1.0,1.0,29.0,1.0,6,1.0,351,50,4503.0,68.043894,0.8,1.0,1,1,1,1,1,1,1,1,1,1,1,1,1,2,18.0,50.0
17380,40.42677,-3.67987,1,1.0,1.0,20.0,0.0,1,0.0,172,50,5328.0,74.694253,2.2,1.0,0,1,1,1,1,1,0,1,0,0,1,0,0,4,10.5,50.0
17381,40.42955,-3.71279,2,0.0,1.0,34.0,80.0,21,0.45,190,200,4503.0,68.043894,0.8,1.0,1,0,0,0,0,1,0,1,0,0,1,0,0,4,18.0,50.0
17382,40.42866,-3.67681,4,2.0,2.0,328.0,0.0,4,0.0,865,200,5328.0,74.694253,2.2,2.0,1,0,0,0,0,1,1,1,0,1,1,1,0,2,36.0,200.0
17383,40.42681,-3.70187,2,1.0,1.0,32.0,0.0,1,0.0,171,200,4503.0,68.043894,0.8,1.0,1,0,0,0,0,1,0,1,0,0,1,0,0,3,18.0,50.0
17384,40.42808,-3.64667,4,3.0,3.0,45.0,94.0,2,0.91,226,200,2893.0,50.090625,6.5,2.0,1,0,0,0,0,1,0,1,0,0,1,0,0,3,36.0,50.0
17385,40.42431,-3.70008,7,2.0,3.0,159.0,80.0,7,0.94,261,200,4503.0,68.043894,0.8,1.0,1,0,0,0,0,1,0,1,0,0,0,0,0,8,55.5,200.0
17386,40.42941,-3.70723,4,1.0,2.0,68.0,94.0,1,2.38,636,200,4503.0,68.043894,0.8,1.0,1,0,0,0,0,1,0,1,0,0,1,0,0,2,33.0,100.0
17387,40.38269,-3.67165,2,0.0,1.0,23.0,0.0,2,0.0,317,50,1890.0,41.443535,5.0,1.0,0,1,1,1,1,0,0,0,0,0,1,0,0,2,18.0,50.0
17388,40.38282,-3.76506,6,1.0,3.0,48.0,92.0,22,4.29,366,200,2287.0,47.008319,4.7,1.0,1,0,0,0,0,1,0,1,0,0,0,0,0,2,48.0,50.0
17389,40.38679,-3.66947,1,1.0,1.0,10.0,100.0,1,0.29,413,50,1890.0,41.443535,5.0,1.0,0,0,0,0,0,1,0,1,0,0,1,0,0,2,10.5,50.0
17390,40.38273,-3.67219,2,0.0,1.0,20.0,100.0,2,1.0,364,50,1890.0,41.443535,5.0,1.0,1,1,1,1,1,0,0,0,0,0,1,0,0,2,18.0,50.0
17391,40.40677,-3.69321,3,1.0,2.0,75.0,0.0,4,0.0,190,50,3917.0,55.025641,1.9,1.0,1,0,0,0,0,1,0,1,0,0,1,0,0,2,25.5,100.0
17392,40.40984,-3.70935,1,1.0,1.0,17.0,100.0,1,1.88,209,50,4503.0,68.043894,0.8,1.0,0,0,0,0,0,1,0,0,0,0,0,0,0,4,10.5,50.0
17393,40.42344,-3.70182,3,1.0,1.0,114.0,100.0,1,1.69,616,200,4503.0,68.043894,0.8,1.5,1,0,0,0,0,1,0,1,0,1,0,1,0,2,27.0,150.0
17394,40.37543,-3.74021,2,1.0,2.0,15.0,100.0,1,0.5,150,50,2195.0,47.402837,6.6,1.0,1,0,0,0,0,1,0,0,0,1,0,0,0,2,18.0,50.0
17395,40.35902,-3.68411,1,1.0,1.0,34.0,0.0,1,0.0,159,50,1696.0,37.641618,9.0,1.0,1,0,0,0,0,1,1,1,0,0,0,0,0,3,10.5,50.0
17396,40.42226,-3.71198,3,1.0,1.0,80.0,0.0,1,0.0,161,200,4503.0,68.043894,0.8,1.0,1,0,0,0,0,1,0,1,0,0,0,0,0,2,25.5,100.0
17397,40.4207,-3.7055,2,0.0,1.0,49.0,0.0,1,0.0,151,200,4503.0,68.043894,0.8,1.0,1,0,0,0,0,1,0,1,0,0,0,0,0,2,18.0,50.0
17399,40.42831,-3.68484,2,0.0,1.0,25.0,80.0,4,0.15,457,200,5328.0,74.694253,2.2,1.5,1,0,0,0,0,1,0,1,0,0,1,0,0,2,19.5,50.0
17400,40.41139,-3.69396,2,1.0,1.0,38.0,0.0,1,0.0,269,200,4503.0,68.043894,0.8,1.0,1,0,0,0,0,1,0,1,0,0,1,0,0,10,18.0,50.0
17401,40.42529,-3.70296,2,1.0,1.0,29.0,89.0,2,2.3,305,200,4503.0,68.043894,0.8,1.5,1,0,0,0,0,1,0,0,0,0,1,0,0,8,19.5,50.0
17402,40.4077,-3.69338,3,1.0,2.0,70.0,100.0,4,0.13,158,50,4503.0,68.043894,0.8,1.0,1,0,0,0,0,1,0,1,0,0,1,0,0,2,25.5,100.0
17403,40.43646,-3.71208,3,0.0,2.0,37.0,0.0,38,0.0,73,200,4855.0,64.056634,2.4,1.0,1,0,0,0,0,1,0,0,0,0,0,0,0,2,25.5,50.0
17404,40.43095,-3.65334,3,2.0,2.0,35.0,80.0,1,0.26,142,200,2893.0,50.090625,6.5,1.5,1,0,0,0,0,0,0,0,0,0,1,0,0,2,27.0,50.0
17405,40.41715,-3.70257,2,1.0,1.0,35.0,0.0,1,0.0,223,200,4503.0,68.043894,0.8,1.0,1,1,1,1,1,1,0,1,0,0,1,0,0,6,18.0,50.0
17406,40.38327,-3.66831,2,1.0,1.0,23.0,1.0,1,1.0,161,50,1890.0,41.443535,5.0,1.0,1,1,1,1,1,1,1,1,1,1,1,1,1,2,18.0,50.0
17407,40.44112,-3.6987,1,0.0,1.0,18.0,100.0,1,0.28,84,50,4855.0,64.056634,2.4,1.0,0,1,1,1,1,1,0,0,0,0,0,0,0,3,10.5,50.0
17408,40.45771,-3.69974,3,1.0,2.0,62.0,80.0,16,0.33,731,200,3476.0,60.621287,5.9,1.0,1,0,0,0,0,1,0,1,1,1,1,0,0,4,25.5,100.0
17409,40.45805,-3.69991,3,1.0,2.0,50.0,90.0,16,0.61,767,200,3476.0,60.621287,5.9,1.0,1,0,0,0,0,1,0,1,1,1,1,0,0,4,25.5,50.0
17410,40.45755,-3.69869,3,1.0,2.0,50.0,100.0,16,0.15,833,200,3476.0,60.621287,5.9,1.0,1,0,0,0,0,1,0,1,1,1,1,0,0,4,25.5,50.0
17411,40.45849,-3.70019,3,1.0,2.0,50.0,90.0,16,2.0,753,200,3476.0,60.621287,5.9,1.0,1,0,0,0,0,1,0,1,1,1,1,0,0,4,25.5,50.0
17412,40.46704,-3.707,1,1.0,1.0,20.0,1.0,3,1.0,434,50,3476.0,60.621287,5.9,1.0,1,1,1,1,1,1,1,1,1,1,1,1,1,5,10.5,50.0
17413,40.41312,-3.73339,1,1.0,1.0,27.0,0.0,11,0.0,207,50,3555.0,63.451906,5.9,1.0,1,0,0,0,0,1,0,1,0,0,1,0,0,7,10.5,50.0
17414,40.39392,-3.69375,1,1.0,1.0,27.0,100.0,1,0.14,179,50,3917.0,55.025641,1.9,1.0,0,0,0,0,0,1,0,1,1,0,1,0,0,8,10.5,50.0
17415,40.42735,-3.63964,2,1.0,2.0,35.0,0.0,1,0.0,63,50,2893.0,50.090625,6.5,1.0,1,0,0,0,0,1,0,0,0,0,0,0,0,3,18.0,50.0
17416,40.42507,-3.66959,1,1.0,1.0,20.0,100.0,1,0.14,570,50,5328.0,74.694253,2.2,1.5,0,0,0,0,0,1,0,1,0,1,1,0,0,2,12.0,50.0
17417,40.43213,-3.71904,6,1.0,2.0,63.0,100.0,2,1.93,720,200,3555.0,63.451906,5.9,1.0,1,0,0,0,0,1,0,1,0,0,1,0,0,3,48.0,100.0
17418,40.40478,-3.71409,1,1.0,2.0,14.0,87.0,4,1.61,151,50,3917.0,55.025641,1.9,1.0,0,0,0,0,0,1,0,0,0,0,1,0,0,5,10.5,50.0
17419,40.38621,-3.70395,2,1.0,1.0,18.0,100.0,2,0.55,637,50,2316.0,43.910072,4.6,1.0,0,0,0,0,0,1,0,0,0,0,1,0,0,7,18.0,50.0
17420,40.42206,-3.69938,2,1.0,1.0,50.0,0.0,1,0.0,163,50,4503.0,68.043894,0.8,1.0,1,0,0,0,0,1,0,0,0,0,1,0,0,5,18.0,50.0
17421,40.40595,-3.6934,2,1.0,1.0,35.0,0.0,4,0.0,171,50,3917.0,55.025641,1.9,1.0,0,0,0,0,0,1,0,1,0,0,1,0,0,2,18.0,50.0
17422,40.40623,-3.69543,2,1.0,2.0,35.0,0.0,4,0.0,171,50,3917.0,55.025641,1.9,3.0,0,0,0,0,0,1,0,1,0,0,1,0,0,2,24.0,50.0
17423,40.46779,-3.69318,2,1.0,1.0,56.0,0.0,1,0.0,169,200,3476.0,60.621287,5.9,1.0,1,0,0,0,0,1,0,0,0,0,1,0,0,5,18.0,100.0
17424,40.49235,-3.65464,1,1.0,1.0,22.0,0.0,1,0.0,250,50,3312.0,62.061453,9.2,1.0,0,0,0,0,0,1,1,1,0,0,1,0,0,5,10.5,50.0
17425,40.44311,-3.66977,2,1.0,2.0,25.0,90.0,1,0.27,270,50,4508.0,67.220486,5.8,1.0,0,0,0,0,0,1,0,0,0,1,1,0,0,7,18.0,50.0
17426,40.43372,-3.71165,6,2.0,5.0,50.0,100.0,35,0.14,157,200,4855.0,64.056634,2.4,1.0,1,0,0,0,0,1,0,0,0,0,1,0,0,2,48.0,50.0
17427,40.4571,-3.7052,1,1.0,1.0,17.0,96.0,1,1.86,407,50,3476.0,60.621287,5.9,1.0,0,0,0,0,0,1,0,0,0,0,1,0,0,2,10.5,50.0
17428,40.42769,-3.70468,2,1.0,1.0,80.0,0.0,1,0.0,177,200,4503.0,68.043894,0.8,2.0,1,0,0,1,0,1,0,1,0,0,0,0,0,4,21.0,100.0
17429,40.40194,-3.75018,2,1.0,1.0,70.0,1.0,1,1.0,254,50,2287.0,47.008319,4.7,1.0,1,1,1,1,1,1,1,1,1,1,1,1,1,2,18.0,100.0
17430,40.42092,-3.70518,3,1.0,1.0,76.0,20.0,1,0.45,366,200,4503.0,68.043894,0.8,1.0,1,0,0,0,0,0,0,1,0,0,0,0,1,9,25.5,100.0
17432,40.38853,-3.67129,6,1.0,3.0,35.0,0.0,35,0.0,146,200,1890.0,41.443535,5.0,1.0,1,0,0,0,0,1,0,0,0,0,1,0,0,2,48.0,50.0
17433,40.39569,-3.73196,5,1.0,3.0,35.0,0.0,35,0.0,157,200,2195.0,47.402837,6.6,1.0,1,0,0,0,0,1,0,0,0,0,1,0,0,2,40.5,50.0
17435,40.41871,-3.69911,4,1.0,2.0,101.0,100.0,4,0.14,342,200,4503.0,68.043894,0.8,1.0,1,0,0,0,0,1,0,1,0,0,0,0,0,2,33.0,150.0
17436,40.38735,-3.74481,5,2.0,3.0,38.0,0.0,3,0.0,157,50,2195.0,47.402837,6.6,1.0,0,0,0,0,0,1,0,0,0,0,1,0,0,5,40.5,50.0
17437,40.4678,-3.69521,2,1.0,1.0,28.0,100.0,1,0.41,364,50,3476.0,60.621287,5.9,0.0,0,0,0,0,0,1,0,0,1,0,0,0,0,2,15.0,50.0
17438,40.46976,-3.64321,2,1.0,1.0,23.0,100.0,1,0.9,101,50,3312.0,62.061453,9.2,1.0,0,0,0,0,0,1,1,0,0,0,0,0,0,2,18.0,50.0
17439,40.40864,-3.69924,2,1.0,1.0,26.0,0.0,4,0.0,119,50,4503.0,68.043894,0.8,1.0,1,0,0,0,0,1,0,0,0,0,0,0,0,3,18.0,50.0
17440,40.41646,-3.70053,2,1.0,3.0,20.0,96.0,1,1.33,636,50,4503.0,68.043894,0.8,1.5,0,0,0,0,0,1,0,0,0,1,1,1,0,2,19.5,50.0
17441,40.36911,-3.69777,2,1.0,1.0,25.0,0.0,1,0.0,219,50,2316.0,43.910072,4.6,1.0,0,1,1,1,1,1,0,0,0,0,0,0,0,2,18.0,50.0
17442,40.45991,-3.70046,3,1.0,2.0,50.0,80.0,16,0.22,790,200,3476.0,60.621287,5.9,1.0,1,0,0,0,0,1,0,0,1,1,1,0,0,4,25.5,50.0
17443,40.45795,-3.69822,2,1.0,2.0,50.0,100.0,16,0.15,770,200,3476.0,60.621287,5.9,1.0,1,0,0,0,0,1,0,1,1,1,1,0,0,4,18.0,50.0
17444,40.42774,-3.68577,3,1.0,1.0,94.0,100.0,1,0.17,347,200,5328.0,74.694253,2.2,1.0,1,0,0,0,0,1,0,1,0,1,1,0,0,2,25.5,100.0
17445,40.41582,-3.70146,1,1.0,1.0,13.0,100.0,13,0.17,120,50,4503.0,68.043894,0.8,1.0,0,0,0,0,0,0,0,0,0,0,0,0,0,2,10.5,50.0
17446,40.48781,-3.66702,4,1.0,3.0,84.0,0.0,10,0.0,297,200,3312.0,62.061453,9.2,1.5,1,0,0,0,0,1,0,1,0,0,1,0,0,2,34.5,100.0
17447,40.41613,-3.70115,1,1.0,1.0,25.0,0.0,13,0.0,52,50,4503.0,68.043894,0.8,1.0,0,0,0,0,0,0,0,0,0,0,0,0,0,2,10.5,50.0
17448,40.40967,-3.70783,6,3.0,6.0,86.0,0.0,14,0.0,206,200,4503.0,68.043894,0.8,1.0,1,0,0,0,0,1,0,1,1,0,0,0,0,6,48.0,100.0
17449,40.4094,-3.70927,6,3.0,6.0,66.0,0.0,14,0.0,206,200,4503.0,68.043894,0.8,1.0,1,0,0,0,0,1,0,1,1,0,0,0,0,6,48.0,100.0
17450,40.41124,-3.70909,6,3.0,6.0,73.0,0.0,14,0.0,206,200,4503.0,68.043894,0.8,1.0,1,0,0,0,0,1,0,1,1,0,0,0,0,6,48.0,100.0
17453,40.42955,-3.64763,2,1.0,1.0,18.0,100.0,2,1.08,668,50,2893.0,50.090625,6.5,1.0,0,0,0,0,0,1,0,0,0,0,1,0,0,2,18.0,50.0
17454,40.39941,-3.69525,4,1.0,1.0,81.0,95.0,59,0.57,413,200,3917.0,55.025641,1.9,1.0,1,0,0,0,0,1,1,1,0,1,1,0,0,7,33.0,100.0
17455,40.38178,-3.73275,6,0.0,3.0,35.0,0.0,35,0.0,157,200,2195.0,47.402837,6.6,1.0,1,0,0,0,0,1,0,0,0,0,1,0,0,2,48.0,50.0
17456,40.41109,-3.70828,4,2.0,2.0,86.0,0.0,14,0.0,219,200,4503.0,68.043894,0.8,2.0,1,0,0,0,0,1,0,1,1,0,0,0,0,6,36.0,100.0
17457,40.40437,-3.69661,3,1.0,1.0,110.0,0.0,1,0.0,619,200,3917.0,55.025641,1.9,1.0,1,0,0,0,0,1,0,1,0,1,1,0,0,7,25.5,150.0
17458,40.41016,-3.70999,2,1.0,2.0,60.0,0.0,1,0.0,347,50,4503.0,68.043894,0.8,1.0,0,1,1,1,1,1,0,1,0,0,1,0,0,2,18.0,100.0
17459,40.4381,-3.68784,2,1.0,1.0,60.0,0.0,1,0.0,335,200,4508.0,67.220486,5.8,1.0,1,0,0,0,0,0,0,1,0,0,0,0,0,2,18.0,100.0
17460,40.42034,-3.70962,4,2.0,3.0,141.0,96.0,2,1.38,467,200,4503.0,68.043894,0.8,2.0,1,0,0,0,0,1,0,1,0,0,1,1,0,5,36.0,150.0
17461,40.43111,-3.71323,7,4.0,5.0,229.0,0.0,4,0.0,355,200,4855.0,64.056634,2.4,3.5,1,1,1,1,1,1,0,1,1,0,1,0,0,9,63.0,200.0
17463,40.44159,-3.63069,5,2.0,4.0,45.0,0.0,15,0.0,453,200,2477.0,70.967532,7.3,1.0,1,0,0,0,0,1,0,1,1,1,1,0,1,3,40.5,50.0
17464,40.42206,-3.69673,2,1.0,1.0,45.0,0.0,1,0.0,140,200,4503.0,68.043894,0.8,1.0,1,0,0,0,0,1,0,1,0,0,0,0,0,7,18.0,50.0
17465,40.41821,-3.70508,6,2.0,6.0,104.0,0.0,4,0.0,279,200,4503.0,68.043894,0.8,1.5,1,0,0,0,0,1,0,1,0,0,0,1,0,6,49.5,150.0
17466,40.42252,-3.70029,4,2.0,3.0,196.0,0.0,25,0.0,208,200,4503.0,68.043894,0.8,2.0,1,0,0,0,0,1,0,1,0,0,1,0,0,3,36.0,200.0
17467,40.4028,-3.73927,2,1.0,2.0,23.0,0.0,1,0.0,384,50,2287.0,47.008319,4.7,1.0,0,1,1,1,1,1,0,0,0,1,1,0,0,2,18.0,50.0
17468,40.4556,-3.69534,8,3.0,4.0,70.0,0.0,20,0.0,672,200,3476.0,60.621287,5.9,2.0,1,0,0,0,0,1,0,0,1,1,1,1,0,8,66.0,100.0
17469,40.40504,-3.69112,3,2.0,3.0,55.0,89.0,1,1.23,105,200,3917.0,55.025641,1.9,1.0,1,0,0,0,0,0,0,1,0,0,0,0,0,2,25.5,100.0
17470,40.4655,-3.69765,1,2.0,1.0,20.0,100.0,2,0.14,116,50,3476.0,60.621287,5.9,1.0,0,0,0,0,0,1,0,0,0,0,0,0,0,2,10.5,50.0
17471,40.42087,-3.69805,2,1.0,1.0,42.0,80.0,15,0.35,165,50,4503.0,68.043894,0.8,1.0,1,0,0,0,0,1,0,1,0,0,1,0,0,3,18.0,50.0
17472,40.4213,-3.69765,2,1.0,2.0,37.0,0.0,15,0.0,165,50,4503.0,68.043894,0.8,1.0,1,0,0,0,0,1,0,1,0,0,1,0,0,3,18.0,50.0
17474,40.4211,-3.69784,3,1.0,2.0,61.0,0.0,15,0.0,165,50,4503.0,68.043894,0.8,1.0,0,0,0,0,0,1,0,1,0,0,1,0,0,3,25.5,100.0
17475,40.45924,-3.6984,2,1.0,2.0,50.0,100.0,16,0.15,538,200,3476.0,60.621287,5.9,1.0,1,0,0,0,0,1,0,1,1,1,1,0,0,4,18.0,50.0
17476,40.45823,-3.70011,2,1.0,2.0,50.0,0.0,16,0.0,731,200,3476.0,60.621287,5.9,1.0,1,0,0,0,0,1,0,1,1,1,1,0,0,4,18.0,50.0
17477,40.48549,-3.65107,5,2.0,3.0,84.0,90.0,1,0.43,731,200,3312.0,62.061453,9.2,1.0,1,0,0,0,0,1,0,1,0,0,0,0,0,3,40.5,100.0
17478,40.45938,-3.69846,2,1.0,2.0,50.0,100.0,16,0.31,715,200,3476.0,60.621287,5.9,1.0,1,0,0,0,0,1,0,1,1,1,1,0,0,4,18.0,50.0
17479,40.41055,-3.73174,2,1.0,1.0,20.0,1.0,1,1.0,291,50,2287.0,47.008319,4.7,1.0,1,1,1,1,1,1,1,1,1,1,1,1,1,3,18.0,50.0
17480,40.45973,-3.69983,2,1.0,1.0,50.0,100.0,16,0.26,731,200,3476.0,60.621287,5.9,1.0,1,0,0,0,0,1,0,1,1,1,1,0,0,4,18.0,50.0
17481,40.40955,-3.70131,2,1.0,1.0,31.0,0.0,1,0.0,267,50,4503.0,68.043894,0.8,2.0,0,0,0,0,0,1,0,1,1,0,1,0,0,7,21.0,50.0
17482,40.46708,-3.69779,1,2.0,1.0,21.0,100.0,2,0.21,116,50,3476.0,60.621287,5.9,1.0,1,1,1,1,1,1,1,1,1,1,1,1,1,2,10.5,50.0
17483,40.4082,-3.71049,2,0.0,1.0,44.0,93.0,18,0.54,372,200,4503.0,68.043894,0.8,1.0,1,0,0,0,0,1,0,1,0,0,0,1,0,2,18.0,50.0
17484,40.43646,-3.69941,1,1.0,1.0,65.0,100.0,1,0.2,200,200,4855.0,64.056634,2.4,1.0,1,0,0,0,0,1,0,1,0,0,1,0,0,2,10.5,100.0
17485,40.43185,-3.64527,1,0.0,1.0,20.0,0.0,1,0.0,184,50,2893.0,50.090625,6.5,1.0,1,1,1,1,1,1,0,1,1,0,0,0,0,3,10.5,50.0
17486,40.39315,-3.73798,6,1.0,4.0,38.0,40.0,35,0.18,138,200,2195.0,47.402837,6.6,1.0,1,0,0,0,0,1,0,0,0,0,1,0,0,2,48.0,50.0
17487,40.46902,-3.69187,1,0.0,1.0,20.0,100.0,1,1.25,415,50,3476.0,60.621287,5.9,1.0,0,0,0,0,0,1,0,0,0,0,0,1,0,2,10.5,50.0
17488,40.39339,-3.73728,7,1.0,4.0,45.0,0.0,35,0.0,158,200,2195.0,47.402837,6.6,1.0,1,0,0,0,0,1,0,1,0,0,1,0,0,2,55.5,50.0
17489,40.47207,-3.58312,1,1.0,1.0,16.0,0.0,3,0.0,189,50,3047.0,56.183432,11.8,1.0,0,0,0,0,0,1,0,0,1,0,1,0,0,6,10.5,50.0
17490,40.4078,-3.71146,2,1.0,1.0,123.0,60.0,18,0.36,361,200,4503.0,68.043894,0.8,1.0,1,0,0,0,0,1,0,1,0,0,0,1,0,2,18.0,150.0
17491,40.41957,-3.69766,2,1.0,2.0,18.0,40.0,18,0.22,137,50,4503.0,68.043894,0.8,1.5,1,1,1,1,1,1,0,0,0,0,0,0,0,2,19.5,50.0
17492,40.42717,-3.73216,1,1.0,1.0,25.0,0.0,1,0.0,184,50,3555.0,63.451906,5.9,1.5,0,0,0,0,0,1,0,0,0,0,1,0,0,6,12.0,50.0
17493,40.42086,-3.70332,1,1.0,1.0,26.0,90.0,7,0.28,346,50,4503.0,68.043894,0.8,1.0,1,1,1,1,1,1,1,1,1,1,1,1,1,10,10.5,50.0
17494,40.39294,-3.77338,1,1.0,1.0,40.0,100.0,1,0.41,79,50,2287.0,47.008319,4.7,1.0,0,0,0,0,0,1,0,0,0,0,1,0,0,2,10.5,50.0
17495,40.38686,-3.7463,2,3.0,2.0,17.0,100.0,1,0.16,194,50,2195.0,47.402837,6.6,1.0,0,0,0,0,0,0,0,1,0,0,1,0,0,2,18.0,50.0
17496,40.42184,-3.71067,3,0.0,3.0,81.0,90.0,4,2.0,291,200,4503.0,68.043894,0.8,1.0,1,0,0,0,0,1,0,1,0,0,0,0,0,2,25.5,100.0
17497,40.42242,-3.70748,4,1.0,2.0,40.0,84.0,8,2.77,354,200,4503.0,68.043894,0.8,1.0,1,0,0,0,0,1,0,0,0,1,1,0,0,0,33.0,50.0
17498,40.42217,-3.71065,3,0.0,3.0,57.0,90.0,4,0.81,291,200,4503.0,68.043894,0.8,1.0,1,0,0,0,0,1,0,1,0,0,0,0,0,2,25.5,100.0
17501,40.37263,-3.73611,5,2.0,3.0,60.0,0.0,1,0.0,242,200,2195.0,47.402837,6.6,1.0,1,0,0,0,0,1,0,1,0,0,1,0,0,6,40.5,100.0
17502,40.42698,-3.67616,4,2.0,2.0,333.0,0.0,4,0.0,519,200,5328.0,74.694253,2.2,2.0,1,0,0,0,0,1,1,1,0,0,1,1,0,2,36.0,200.0
17503,40.42678,-3.67826,2,1.0,1.0,198.0,0.0,4,0.0,421,200,5328.0,74.694253,2.2,1.0,1,0,0,0,0,1,1,1,0,1,1,0,0,2,18.0,200.0
17504,40.42842,-3.67775,2,1.0,1.0,215.0,100.0,4,1.0,382,200,5328.0,74.694253,2.2,1.0,1,0,0,0,0,1,1,1,0,1,1,0,0,2,18.0,200.0
17505,40.3896,-3.66922,5,1.0,4.0,20.0,0.0,38,0.0,73,200,1890.0,41.443535,5.0,1.0,1,0,0,0,0,1,0,0,0,0,0,0,0,2,40.5,50.0
17506,40.41488,-3.7074,4,2.0,3.0,80.0,0.0,2,0.0,183,200,4503.0,68.043894,0.8,2.5,1,0,0,0,0,1,0,1,0,0,1,0,0,6,37.5,100.0
17507,40.40993,-3.70279,2,1.0,1.0,22.0,0.0,3,0.0,540,50,4503.0,68.043894,0.8,1.0,1,1,1,1,1,1,0,1,1,0,1,0,0,10,18.0,50.0
17508,40.3914,-3.66425,5,2.0,4.0,49.0,0.0,1,0.0,250,200,1890.0,41.443535,5.0,1.0,1,0,0,0,0,1,0,1,0,0,1,0,0,2,40.5,50.0
17509,40.43588,-3.6748,6,2.0,2.0,80.0,0.0,1,0.0,407,200,5328.0,74.694253,2.2,1.5,1,0,0,0,0,1,0,1,0,0,1,0,0,7,49.5,100.0
17510,40.42658,-3.65021,1,1.0,1.0,11.0,0.0,2,0.0,177,50,2893.0,50.090625,6.5,0.0,0,1,1,1,1,1,0,0,1,0,0,0,0,6,7.5,50.0
17511,40.40667,-3.7053,1,1.0,2.0,30.0,0.0,1,0.0,304,50,4503.0,68.043894,0.8,1.0,0,1,1,1,1,1,0,1,1,0,0,0,0,0,10.5,50.0
17512,40.42829,-3.64371,3,0.0,1.0,47.0,90.0,45,2.0,513,200,2893.0,50.090625,6.5,1.0,1,0,0,0,0,1,0,1,0,0,1,0,0,4,25.5,50.0
17513,40.43154,-3.7164,4,2.0,2.0,85.0,0.0,2,0.0,546,200,4855.0,64.056634,2.4,1.0,1,0,0,0,0,1,0,1,0,0,1,1,0,7,33.0,100.0
17514,40.4105,-3.70189,3,1.0,1.0,41.0,100.0,1,3.75,579,200,4503.0,68.043894,0.8,1.0,1,0,0,0,0,1,0,1,0,1,1,0,0,7,25.5,50.0
17515,40.4211,-3.70284,1,1.0,1.0,30.0,100.0,7,0.18,155,50,4503.0,68.043894,0.8,1.5,1,0,0,0,0,0,0,0,0,1,0,0,0,10,12.0,50.0
17516,40.42355,-3.69191,4,1.0,4.0,72.0,100.0,2,1.84,631,200,4503.0,68.043894,0.8,1.0,1,0,0,0,0,1,0,1,0,0,1,1,0,4,33.0,100.0
17517,40.3967,-3.71859,1,1.0,2.0,60.0,0.0,3,0.0,230,50,2195.0,47.402837,6.6,1.5,1,1,1,1,1,1,0,0,1,0,1,0,0,3,12.0,100.0
17518,40.39326,-3.72219,2,1.0,2.0,20.0,0.0,19,0.0,172,50,2195.0,47.402837,6.6,1.0,1,0,0,0,0,1,0,0,0,0,1,0,0,3,18.0,50.0
17519,40.39152,-3.72231,2,1.0,2.0,19.0,70.0,19,0.3,172,50,2195.0,47.402837,6.6,1.0,0,0,0,0,0,1,0,0,0,0,1,0,0,3,18.0,50.0
17520,40.40779,-3.67965,2,1.0,1.0,35.0,0.0,2,0.0,275,50,4220.0,63.672727,3.2,1.0,1,1,1,1,1,0,0,0,1,0,1,0,0,6,18.0,50.0
17521,40.39155,-3.72043,2,1.0,2.0,16.0,100.0,19,0.15,172,50,2195.0,47.402837,6.6,1.0,0,0,0,0,0,1,0,0,0,0,1,0,0,3,18.0,50.0
17522,40.39144,-3.72086,1,1.0,2.0,15.0,0.0,19,0.0,149,50,2195.0,47.402837,6.6,1.0,0,0,0,0,0,1,0,0,0,0,0,0,0,3,10.5,50.0
17523,40.38981,-3.7268,2,1.0,1.0,16.0,100.0,19,0.14,172,50,2195.0,47.402837,6.6,2.0,0,0,0,0,0,1,0,0,0,0,1,0,0,3,21.0,50.0
17524,40.39189,-3.72639,2,1.0,2.0,19.0,0.0,19,0.0,172,50,2195.0,47.402837,6.6,2.0,0,0,0,0,0,1,0,0,0,0,1,0,0,3,21.0,50.0
17525,40.39061,-3.7269,2,1.0,1.0,18.0,80.0,19,0.15,172,50,2195.0,47.402837,6.6,2.0,0,0,0,0,0,1,0,0,0,0,1,0,0,3,21.0,50.0
17526,40.39199,-3.72695,2,1.0,2.0,16.0,80.0,19,0.32,172,50,2195.0,47.402837,6.6,2.0,0,0,0,0,0,1,0,0,0,0,1,0,0,3,21.0,50.0
17527,40.39041,-3.67098,5,1.0,3.0,30.0,80.0,35,0.17,157,200,1890.0,41.443535,5.0,1.0,1,0,0,0,0,1,0,0,0,0,1,0,0,2,40.5,50.0
17528,40.45787,-3.70446,2,1.0,2.0,27.0,98.0,1,1.76,466,200,3476.0,60.621287,5.9,1.0,1,0,0,0,0,1,0,1,0,1,0,0,0,8,18.0,50.0
17529,40.41122,-3.70364,2,1.0,2.0,51.0,100.0,1,0.63,280,200,4503.0,68.043894,0.8,1.0,1,0,0,0,0,1,0,1,0,0,1,0,0,2,18.0,100.0
17530,40.3894,-3.69252,3,1.0,1.0,46.0,0.0,1,0.0,201,200,3917.0,55.025641,1.9,1.0,1,0,0,0,0,0,1,0,0,0,1,0,0,3,25.5,50.0
17531,40.44017,-3.70006,6,3.0,4.0,180.0,0.0,1,0.0,217,200,4855.0,64.056634,2.4,2.0,1,1,1,1,1,1,0,1,1,0,1,0,0,11,51.0,200.0
17532,40.41939,-3.70047,4,1.0,1.0,77.0,100.0,4,0.91,199,200,4503.0,68.043894,0.8,2.0,1,0,0,0,0,1,0,1,0,0,0,0,0,2,36.0,100.0
17533,40.41939,-3.70047,4,1.0,1.0,93.0,100.0,4,4.0,210,200,4503.0,68.043894,0.8,1.0,1,0,0,0,0,1,0,1,0,1,0,0,0,2,33.0,100.0
17534,40.35204,-3.68395,1,1.0,1.0,22.0,100.0,2,0.5,120,50,1696.0,37.641618,9.0,1.0,0,1,1,1,1,1,0,1,0,0,0,0,0,5,10.5,50.0
17535,40.44863,-3.69826,1,2.0,3.0,20.0,0.0,2,0.0,187,50,3476.0,60.621287,5.9,1.0,1,0,0,0,0,1,0,1,0,0,0,0,0,6,10.5,50.0
17536,40.43485,-3.69847,1,1.0,1.0,22.0,100.0,1,0.72,339,50,4855.0,64.056634,2.4,1.0,1,0,0,0,0,1,0,1,0,0,1,0,0,2,10.5,50.0
17537,40.42083,-3.71836,2,1.0,1.0,32.0,100.0,1,0.15,161,50,3555.0,63.451906,5.9,1.0,0,0,0,0,0,1,0,0,0,0,0,0,0,5,18.0,50.0
17538,40.42396,-3.67454,4,2.0,2.0,56.0,60.0,12,0.16,300,200,5328.0,74.694253,2.2,2.0,1,0,0,0,0,1,0,1,0,0,1,0,0,4,36.0,100.0
17539,40.42577,-3.71223,11,6.0,6.0,130.0,100.0,12,0.83,261,200,4503.0,68.043894,0.8,6.0,1,0,0,0,0,1,0,1,0,0,1,0,0,4,100.5,150.0
17540,40.40309,-3.75973,2,1.0,1.0,16.0,85.0,2,0.61,442,50,2287.0,47.008319,4.7,1.0,1,0,0,0,0,1,0,1,0,1,1,0,0,3,18.0,50.0
17541,40.43327,-3.65001,1,1.0,1.0,24.0,100.0,1,0.14,167,50,2893.0,50.090625,6.5,1.0,0,0,0,0,0,1,0,0,0,0,1,0,0,7,10.5,50.0
17542,40.39307,-3.71227,1,1.0,1.0,15.0,73.0,2,0.45,188,50,2195.0,47.402837,6.6,1.0,0,0,0,0,0,1,0,1,0,0,1,0,0,3,10.5,50.0
17543,40.4232,-3.71098,1,1.0,1.0,25.0,0.0,1,0.0,387,50,4503.0,68.043894,0.8,1.0,0,0,0,0,0,1,0,1,1,1,1,0,0,2,10.5,50.0
17544,40.41794,-3.62759,2,1.0,1.0,25.0,0.0,1,0.0,117,50,2893.0,50.090625,6.5,1.0,0,0,0,0,0,1,0,0,0,0,0,0,0,3,18.0,50.0
17545,40.41705,-3.70313,2,1.0,1.0,50.0,0.0,3,0.0,229,50,4503.0,68.043894,0.8,1.0,1,0,0,0,0,1,0,0,0,0,1,0,0,2,18.0,50.0
17546,40.41018,-3.70255,1,1.0,2.0,29.0,0.0,1,0.0,66,50,4503.0,68.043894,0.8,1.0,0,0,0,0,0,1,0,0,0,0,0,0,0,3,10.5,50.0
17547,40.39151,-3.72024,1,1.0,1.0,14.0,0.0,5,0.0,124,50,2195.0,47.402837,6.6,2.0,0,0,0,0,0,1,0,0,0,0,0,0,0,10,13.5,50.0
17548,40.42565,-3.71467,1,0.0,1.0,18.0,0.0,1,0.0,248,50,3555.0,63.451906,5.9,1.0,0,0,0,0,0,1,0,0,0,0,0,0,0,3,10.5,50.0
17549,40.40228,-3.75901,2,1.0,2.0,30.0,0.0,1,0.0,120,50,2287.0,47.008319,4.7,1.0,0,1,1,1,1,1,0,0,0,0,0,0,0,2,18.0,50.0
17550,40.40304,-3.70151,2,1.0,1.0,45.0,0.0,1,0.0,122,200,3917.0,55.025641,1.9,1.0,1,0,0,0,0,1,0,1,0,0,1,0,0,10,18.0,50.0
17551,40.42593,-3.69723,2,1.0,1.0,85.0,0.0,92,0.0,191,200,4503.0,68.043894,0.8,1.0,1,0,0,0,0,1,0,1,0,0,1,0,0,7,18.0,100.0
17552,40.41817,-3.70679,5,3.0,4.0,159.0,0.0,1,0.0,278,200,4503.0,68.043894,0.8,2.0,1,0,0,0,0,1,0,1,0,0,1,0,0,7,43.5,200.0
17553,40.4244,-3.69729,2,1.0,1.0,90.0,0.0,92,0.0,191,200,4503.0,68.043894,0.8,1.0,1,0,0,0,0,1,0,1,0,0,1,0,0,7,18.0,100.0
17554,40.42961,-3.6809,4,1.0,2.0,102.0,0.0,1,0.0,250,200,5328.0,74.694253,2.2,1.0,1,0,0,0,0,1,0,1,0,0,1,0,0,7,33.0,150.0
17555,40.38165,-3.73086,1,1.0,1.0,20.0,100.0,1,0.14,57,50,2195.0,47.402837,6.6,1.0,1,1,1,1,1,1,1,1,1,1,1,1,1,2,10.5,50.0
17556,40.43245,-3.68106,4,2.0,3.0,74.0,0.0,40,0.0,391,200,5328.0,74.694253,2.2,2.0,1,0,0,0,0,1,0,1,0,0,0,1,0,3,36.0,100.0
17557,40.40697,-3.70811,1,1.0,1.0,22.0,0.0,1,0.0,223,50,4503.0,68.043894,0.8,1.0,0,0,0,0,0,1,0,0,0,0,0,0,0,10,10.5,50.0
17558,40.42063,-3.69952,2,14.0,24.0,55.0,0.0,1,0.0,176,50,4503.0,68.043894,0.8,14.0,1,0,0,0,0,1,0,1,0,0,1,0,0,3,57.0,100.0
17560,40.3915,-3.72039,2,1.0,2.0,17.0,0.0,5,0.0,320,50,2195.0,47.402837,6.6,1.0,0,0,0,0,0,1,0,0,0,1,1,0,0,10,18.0,50.0
17561,40.39132,-3.72146,2,1.0,2.0,17.0,0.0,5,0.0,139,50,2195.0,47.402837,6.6,2.0,0,0,0,0,0,0,0,0,0,0,1,0,0,10,21.0,50.0
17562,40.39338,-3.72203,2,1.0,2.0,16.0,0.0,5,0.0,116,50,2195.0,47.402837,6.6,2.0,0,0,0,0,0,0,0,0,0,0,0,0,0,10,21.0,50.0
17563,40.41025,-3.70135,4,2.0,2.0,71.0,100.0,1,2.33,253,200,4503.0,68.043894,0.8,2.0,1,0,0,0,0,1,0,1,0,1,1,0,0,0,36.0,100.0
17564,40.41706,-3.70583,4,1.0,2.0,80.0,0.0,14,0.0,405,200,4503.0,68.043894,0.8,1.0,1,0,0,0,0,1,0,1,1,1,1,0,1,10,33.0,100.0
17565,40.43605,-3.70395,5,2.0,2.0,45.0,0.0,38,0.0,73,200,4855.0,64.056634,2.4,1.0,1,0,0,0,0,1,0,0,0,0,0,0,0,2,40.5,50.0
17566,40.42856,-3.70839,4,1.0,1.0,90.0,0.0,14,0.0,405,200,4503.0,68.043894,0.8,1.0,1,0,0,0,0,1,0,1,1,1,1,0,1,10,33.0,100.0
17567,40.41939,-3.70047,2,1.0,1.0,69.0,100.0,4,1.0,230,200,4503.0,68.043894,0.8,1.0,1,0,0,0,0,1,0,1,0,0,0,0,0,2,18.0,100.0
17568,40.39061,-3.71753,4,3.0,4.0,135.0,0.0,24,0.0,298,200,2195.0,47.402837,6.6,1.0,1,0,0,0,0,1,1,1,1,1,1,0,0,6,33.0,150.0
17569,40.41939,-3.70047,5,2.0,2.0,96.0,93.0,4,3.0,199,200,4503.0,68.043894,0.8,2.0,1,0,0,0,0,1,0,1,0,0,0,0,0,2,43.5,100.0
17571,40.40938,-3.70835,4,1.0,2.0,32.0,90.0,14,0.28,114,200,4503.0,68.043894,0.8,1.5,1,1,1,1,1,0,0,1,0,0,0,0,0,2,34.5,50.0
17572,40.43265,-3.68292,6,3.0,5.0,98.0,40.0,40,0.31,172,200,5328.0,74.694253,2.2,3.0,1,0,0,0,0,1,0,1,0,0,0,0,0,3,54.0,100.0
17573,40.40965,-3.71083,2,1.0,1.0,35.0,0.0,40,0.0,375,200,4503.0,68.043894,0.8,1.0,1,0,0,0,0,1,0,1,0,0,0,0,0,3,18.0,50.0
17574,40.3961,-3.73413,3,0.0,2.0,23.0,20.0,35,0.18,157,200,2195.0,47.402837,6.6,1.0,1,0,0,0,0,1,0,0,0,0,1,0,0,2,25.5,50.0
17575,40.45325,-3.70409,2,1.0,1.0,51.0,97.0,1,2.31,984,200,3476.0,60.621287,5.9,2.0,1,0,0,0,0,1,0,1,0,1,1,0,0,2,21.0,100.0
17576,40.42544,-3.7015,4,1.0,1.0,75.0,0.0,1,0.0,145,200,4503.0,68.043894,0.8,1.0,1,1,1,1,1,1,0,0,0,0,1,0,0,4,33.0,100.0
17577,40.43342,-3.65355,2,1.0,1.0,25.0,0.0,2,0.0,244,50,2893.0,50.090625,6.5,1.0,1,0,0,0,0,1,1,1,1,0,0,0,0,9,18.0,50.0
17578,40.40827,-3.7081,2,1.0,2.0,30.0,0.0,40,0.0,317,200,4503.0,68.043894,0.8,1.0,1,0,0,0,0,1,0,1,0,0,0,1,0,3,18.0,50.0
17579,40.40956,-3.70878,3,1.0,2.0,120.0,90.0,14,0.46,114,200,4503.0,68.043894,0.8,1.0,1,1,1,1,1,0,0,1,0,0,0,0,0,2,25.5,150.0
17580,40.41523,-3.70234,1,1.0,1.0,20.0,0.0,13,0.0,335,50,4503.0,68.043894,0.8,1.0,0,0,0,0,0,1,0,0,0,0,1,0,0,2,10.5,50.0
17581,40.41016,-3.71001,3,2.0,3.0,37.0,80.0,40,0.56,172,200,4503.0,68.043894,0.8,1.0,1,0,0,0,0,1,0,1,0,0,0,0,0,3,25.5,50.0
17582,40.41585,-3.7048,2,1.0,3.0,75.0,0.0,15,0.0,363,200,4503.0,68.043894,0.8,1.0,1,0,0,0,0,1,0,1,0,0,1,0,0,3,18.0,100.0
17583,40.37561,-3.73381,1,1.0,1.0,13.0,1.0,1,1.0,60,50,2195.0,47.402837,6.6,1.0,1,1,1,1,1,1,1,1,1,1,1,1,1,3,10.5,50.0
17584,40.41142,-3.69562,5,2.0,2.0,100.0,100.0,1,0.94,225,200,4503.0,68.043894,0.8,2.0,1,0,0,0,0,1,0,1,0,0,0,0,0,3,43.5,100.0
17585,40.43456,-3.67595,2,1.0,1.0,45.0,0.0,1,0.0,255,50,5328.0,74.694253,2.2,1.0,1,1,1,1,1,0,0,0,0,0,0,0,0,9,18.0,50.0
17586,40.43049,-3.70196,2,1.0,1.0,29.0,0.0,1,0.0,132,50,4855.0,64.056634,2.4,1.0,0,0,0,0,0,1,0,0,0,0,1,0,0,6,18.0,50.0
17587,40.43831,-3.71011,5,4.0,4.0,185.0,0.0,24,0.0,149,200,4855.0,64.056634,2.4,1.0,1,0,0,0,0,1,0,1,0,0,1,0,0,6,40.5,200.0
17588,40.42625,-3.69568,2,1.0,2.0,90.0,0.0,92,0.0,191,200,4503.0,68.043894,0.8,1.0,1,0,0,0,0,1,0,1,0,0,1,0,0,7,18.0,100.0
17589,40.41493,-3.69849,3,2.0,3.0,186.0,100.0,25,0.14,253,200,4503.0,68.043894,0.8,2.0,1,0,0,0,0,1,0,1,0,0,1,0,0,3,28.5,200.0
17591,40.43512,-3.69682,7,4.0,4.0,500.0,0.0,4,0.0,161,200,4855.0,64.056634,2.4,4.0,1,0,0,0,0,0,0,1,0,0,1,0,0,7,64.5,200.0
17592,40.42368,-3.70675,2,1.0,1.0,60.0,0.0,1,0.0,191,200,4503.0,68.043894,0.8,1.0,1,0,0,0,0,1,0,1,0,0,1,0,0,7,18.0,100.0
17593,40.46137,-3.70439,6,1.0,2.0,46.0,0.0,1,0.0,550,200,3476.0,60.621287,5.9,2.0,1,0,0,0,0,1,0,1,0,0,1,1,0,2,51.0,50.0
17594,40.42086,-3.67581,4,2.0,2.0,105.0,0.0,2,0.0,499,200,4220.0,63.672727,3.2,2.0,1,0,0,0,0,1,0,1,0,0,1,1,0,2,36.0,150.0
17595,40.42086,-3.67581,6,3.0,3.0,84.0,0.0,2,0.0,492,200,4220.0,63.672727,3.2,3.0,1,0,0,0,0,1,0,1,0,0,1,1,0,2,54.0,100.0
17596,40.38715,-3.6409,5,2.0,3.0,19.0,100.0,5,0.56,434,50,1890.0,41.443535,5.0,0.0,0,0,0,0,0,1,0,1,0,1,1,0,0,3,37.5,50.0
17597,40.3866,-3.64275,6,1.0,4.0,40.0,73.0,5,0.42,83,200,1890.0,41.443535,5.0,1.0,1,0,0,0,0,0,0,0,0,0,0,0,0,3,48.0,50.0
17598,40.39467,-3.69568,5,0.0,1.0,360.0,0.0,2,0.0,345,200,3917.0,55.025641,1.9,2.0,1,1,1,1,1,1,0,0,1,0,1,0,0,6,43.5,200.0
17599,40.42123,-3.70461,2,1.0,1.0,22.0,100.0,7,0.16,325,50,4503.0,68.043894,0.8,1.0,0,0,0,0,0,1,0,0,0,0,1,0,0,10,18.0,50.0
17600,40.41615,-3.70519,4,1.0,1.0,80.0,100.0,6,0.18,230,200,4503.0,68.043894,0.8,1.5,1,0,0,0,0,1,0,1,0,1,1,0,0,11,34.5,100.0
17601,40.41021,-3.70309,1,1.0,1.0,20.0,0.0,2,0.0,101,50,4503.0,68.043894,0.8,1.0,1,0,0,0,0,1,0,0,0,0,1,0,0,4,10.5,50.0
17602,40.39643,-3.69295,4,1.0,2.0,50.0,100.0,3,0.16,334,200,3917.0,55.025641,1.9,1.0,1,0,0,0,0,1,0,0,0,0,0,0,0,6,33.0,50.0
17603,40.45956,-3.69893,2,1.0,1.0,56.0,95.0,1,4.01,241,200,3476.0,60.621287,5.9,1.0,1,0,0,0,0,1,0,1,0,0,0,0,0,2,18.0,100.0
17604,40.43576,-3.64993,2,1.0,2.0,25.0,0.0,1,0.0,78,50,2893.0,50.090625,6.5,1.0,0,0,0,0,0,1,0,0,0,0,0,0,0,2,18.0,50.0
17605,40.43753,-3.61127,1,1.0,1.0,30.0,0.0,1,0.0,69,50,2477.0,70.967532,7.3,1.0,0,0,0,0,0,1,0,0,0,0,0,0,0,7,10.5,50.0
17606,40.46378,-3.69979,2,0.0,1.0,20.0,0.0,1,0.0,280,50,3476.0,60.621287,5.9,1.0,0,0,0,0,0,1,0,1,0,0,1,0,0,4,18.0,50.0
17607,40.40912,-3.70712,2,1.0,1.0,47.0,95.0,12,1.88,218,200,4503.0,68.043894,0.8,1.0,1,0,0,0,0,1,0,0,0,0,1,0,0,2,18.0,50.0
17608,40.40881,-3.71402,2,1.0,1.0,35.0,0.0,1,0.0,203,200,4503.0,68.043894,0.8,1.0,1,0,0,0,0,1,0,1,0,0,1,0,0,3,18.0,50.0
17609,40.42512,-3.70155,1,1.0,2.0,15.0,0.0,5,0.0,116,50,4503.0,68.043894,0.8,4.0,0,0,0,0,0,1,0,0,0,0,0,0,0,7,19.5,50.0
17610,40.40482,-3.67511,2,2.0,2.0,55.0,0.0,2,0.0,258,200,4220.0,63.672727,3.2,1.0,1,0,0,0,0,1,0,1,0,0,1,0,0,5,18.0,100.0
17611,40.42955,-3.64763,2,1.0,1.0,17.0,100.0,2,0.76,748,50,2893.0,50.090625,6.5,1.0,1,1,1,1,1,1,1,1,1,1,1,1,1,2,18.0,50.0
17612,40.41451,-3.70118,1,1.0,1.0,20.0,100.0,13,0.14,423,50,4503.0,68.043894,0.8,1.0,0,0,0,0,0,1,0,0,0,0,1,0,0,2,10.5,50.0
17613,40.41462,-3.70084,1,1.0,1.0,18.0,0.0,13,0.0,386,50,4503.0,68.043894,0.8,1.0,0,0,0,0,0,1,0,0,0,0,1,0,0,2,10.5,50.0
17614,40.41397,-3.70223,2,1.0,1.0,25.0,0.0,13,0.0,426,50,4503.0,68.043894,0.8,1.0,0,0,0,0,0,1,0,0,0,0,1,0,0,2,18.0,50.0
17615,40.42423,-3.70413,6,2.0,3.0,50.0,0.0,2,0.0,181,200,4503.0,68.043894,0.8,2.0,1,0,0,0,0,1,0,1,0,0,0,0,0,3,51.0,50.0
17616,40.36975,-3.70633,1,0.0,1.0,55.0,0.0,1,0.0,167,50,2316.0,43.910072,4.6,1.0,1,1,1,1,1,1,0,0,1,0,1,0,0,7,10.5,100.0
17617,40.34465,-3.68819,1,0.0,1.0,23.0,0.0,1,0.0,84,50,1696.0,37.641618,9.0,1.0,0,0,0,0,0,1,0,0,0,0,0,0,0,2,10.5,50.0
17618,40.44898,-3.69904,2,1.0,2.0,45.0,100.0,1,0.73,272,200,3476.0,60.621287,5.9,1.0,1,0,0,0,0,1,0,1,0,1,0,0,0,8,18.0,50.0
17619,40.41698,-3.70204,4,1.0,4.0,40.0,0.0,1,0.0,72,50,4503.0,68.043894,0.8,2.0,0,1,1,1,1,1,0,0,1,0,0,0,0,5,36.0,50.0
17620,40.45922,-3.70042,2,1.0,1.0,50.0,0.0,16,0.0,749,200,3476.0,60.621287,5.9,1.0,1,0,0,0,0,1,0,1,1,1,1,0,0,4,18.0,50.0
17621,40.4339,-3.67189,2,1.0,2.0,62.0,80.0,8,0.32,422,200,5328.0,74.694253,2.2,1.0,1,0,0,0,0,1,0,0,0,0,0,0,0,2,18.0,100.0
17622,40.43375,-3.70202,6,3.0,4.0,55.0,0.0,38,0.0,73,200,4855.0,64.056634,2.4,1.0,1,0,0,0,0,1,0,0,0,0,0,0,0,2,48.0,100.0
17623,40.39766,-3.71233,2,0.0,1.0,40.0,73.0,2,1.61,619,200,2195.0,47.402837,6.6,1.0,1,0,0,0,0,1,0,1,0,1,1,0,0,5,18.0,50.0
17624,40.41233,-3.70293,4,1.0,1.0,37.0,40.0,1,0.53,120,200,4503.0,68.043894,0.8,1.0,1,0,0,0,0,1,0,0,0,0,0,0,0,3,33.0,50.0
17625,40.40866,-3.73547,1,0.0,4.0,14.0,0.0,1,0.0,187,50,2287.0,47.008319,4.7,1.0,0,1,1,1,1,1,0,0,0,0,1,0,0,4,10.5,50.0
17627,40.41165,-3.69991,2,1.0,1.0,40.0,89.0,1,1.15,517,50,4503.0,68.043894,0.8,1.0,1,0,0,0,0,1,0,1,1,1,1,1,0,7,18.0,50.0
17628,40.41221,-3.71201,2,1.0,1.0,89.0,96.0,10,0.82,423,200,4503.0,68.043894,0.8,1.0,1,0,0,0,0,1,0,1,0,0,1,1,0,9,18.0,100.0
17629,40.40531,-3.70258,4,2.0,2.0,41.0,0.0,1,0.0,280,200,4503.0,68.043894,0.8,1.0,1,0,0,0,0,1,0,0,0,0,0,0,0,2,33.0,50.0
17630,40.49105,-3.6937,3,2.0,3.0,40.0,0.0,1,0.0,407,50,3545.0,57.198083,16.4,1.0,0,0,0,0,0,1,0,0,0,0,1,0,0,2,25.5,50.0
17631,40.43658,-3.67345,1,1.0,1.0,17.0,100.0,1,1.15,148,50,5328.0,74.694253,2.2,1.0,0,0,0,0,0,1,1,0,0,0,1,0,0,10,10.5,50.0
17632,40.42472,-3.71018,2,1.0,1.0,83.0,0.0,92,0.0,182,200,4503.0,68.043894,0.8,1.0,1,0,0,0,0,1,0,1,0,0,1,0,0,7,18.0,100.0
17633,40.42377,-3.70813,2,1.0,1.0,90.0,0.0,92,0.0,182,200,4503.0,68.043894,0.8,1.0,1,0,0,0,0,1,0,1,0,0,1,0,0,7,18.0,100.0
17634,40.42471,-3.71005,2,1.0,2.0,90.0,0.0,92,0.0,182,200,4503.0,68.043894,0.8,1.0,1,0,0,0,0,1,0,1,0,0,1,0,0,7,18.0,100.0
17635,40.42376,-3.70808,2,1.0,2.0,100.0,0.0,92,0.0,182,200,4503.0,68.043894,0.8,2.0,1,0,0,0,0,1,0,1,0,0,1,0,0,7,21.0,100.0
17636,40.43033,-3.70451,2,1.0,1.0,88.0,80.0,10,0.39,213,200,4855.0,64.056634,2.4,1.0,1,0,0,0,0,1,0,1,0,0,1,0,0,7,18.0,100.0
17637,40.45751,-3.69645,2,1.0,1.0,72.0,100.0,10,0.19,207,200,3476.0,60.621287,5.9,1.0,1,0,0,0,0,1,1,1,0,0,1,0,0,7,18.0,100.0
17638,40.34718,-3.70522,2,1.0,1.0,19.0,0.0,1,0.0,92,50,1696.0,37.641618,9.0,1.0,0,0,0,0,0,1,0,0,0,0,0,0,0,2,18.0,50.0
17639,40.443,-3.65424,1,1.0,1.0,26.0,100.0,1,0.29,351,50,2893.0,50.090625,6.5,1.0,0,0,0,0,0,1,1,0,0,0,1,0,0,5,10.5,50.0
17640,40.45166,-3.70218,4,2.0,3.0,87.0,0.0,72,0.0,340,200,3476.0,60.621287,5.9,1.0,1,0,0,0,0,1,0,1,1,1,0,0,0,6,33.0,100.0
17641,40.42371,-3.62334,2,1.0,1.0,39.0,0.0,1,0.0,287,50,2477.0,70.967532,7.3,1.0,0,1,1,1,1,1,0,0,0,0,0,0,0,4,18.0,50.0
17642,40.46992,-3.68414,2,1.0,1.0,36.0,20.0,1,0.24,167,50,4508.0,67.220486,5.8,2.0,0,0,0,0,0,0,0,0,0,0,1,0,0,8,21.0,50.0
17644,40.42938,-3.70773,2,1.0,1.0,9.0,69.0,5,1.06,181,50,4503.0,68.043894,0.8,2.0,1,1,1,1,1,1,0,0,1,0,1,0,0,2,21.0,50.0
17645,40.44871,-3.70227,4,2.0,2.0,79.0,85.0,5,0.72,314,200,3476.0,60.621287,5.9,2.0,1,0,0,0,0,1,0,1,0,0,0,0,0,5,36.0,100.0
17646,40.39879,-3.66334,1,1.0,1.0,18.0,0.0,8,0.0,148,50,1890.0,41.443535,5.0,2.0,0,0,0,0,0,1,0,0,0,0,1,0,0,4,13.5,50.0
17647,40.41966,-3.69668,4,1.0,1.0,82.0,100.0,3,0.17,144,200,4503.0,68.043894,0.8,1.0,1,0,0,0,0,1,0,0,0,0,0,0,0,3,33.0,100.0
17648,40.43195,-3.70167,4,3.0,3.0,13.0,0.0,8,0.0,184,50,4855.0,64.056634,2.4,1.0,0,1,1,1,1,1,0,0,1,0,1,0,0,5,33.0,50.0
17649,40.44726,-3.7006,2,1.0,1.0,66.0,92.0,5,1.52,336,200,3476.0,60.621287,5.9,1.0,1,0,0,0,0,1,0,1,0,0,0,1,0,5,18.0,100.0
17650,40.41429,-3.70395,4,2.0,3.0,47.0,0.0,1,0.0,163,200,4503.0,68.043894,0.8,1.0,1,0,0,0,0,1,0,1,0,0,1,0,0,4,33.0,50.0
17651,40.39873,-3.66343,1,1.0,1.0,18.0,0.0,8,0.0,129,50,1890.0,41.443535,5.0,2.0,0,0,0,0,0,1,0,0,0,0,1,0,0,4,13.5,50.0
17652,40.39399,-3.66299,1,1.0,1.0,18.0,0.0,8,0.0,140,50,1890.0,41.443535,5.0,2.0,0,0,0,0,0,1,0,0,0,0,1,0,0,4,13.5,50.0
17654,40.46401,-3.72545,1,1.0,1.0,13.0,0.0,1,0.0,111,50,3555.0,63.451906,5.9,1.0,0,0,0,0,0,1,0,0,0,0,0,0,0,5,10.5,50.0
17655,40.39246,-3.6596,1,1.0,1.0,15.0,0.0,8,0.0,117,50,1890.0,41.443535,5.0,2.0,0,0,0,0,0,1,0,0,0,0,0,0,0,4,13.5,50.0
17656,40.3909,-3.65963,1,1.0,1.0,18.0,0.0,8,0.0,106,50,1890.0,41.443535,5.0,2.0,0,0,0,0,0,1,0,0,0,0,0,0,0,4,13.5,50.0
17657,40.40365,-3.68091,6,2.0,2.0,72.0,100.0,45,0.17,623,200,4220.0,63.672727,3.2,2.0,1,0,0,0,0,1,0,1,0,0,1,0,0,4,51.0,100.0
17658,40.43593,-3.67527,4,2.0,2.0,70.0,0.0,1,0.0,523,200,5328.0,74.694253,2.2,2.0,1,0,0,0,0,1,0,1,1,1,1,0,0,3,36.0,100.0
17659,40.4222,-3.65694,1,1.0,1.0,29.0,0.0,1,0.0,199,50,2893.0,50.090625,6.5,2.0,0,0,0,0,0,1,0,0,1,0,1,0,0,8,13.5,50.0
17660,40.42413,-3.70737,2,0.0,2.0,31.0,84.0,10,0.93,726,200,4503.0,68.043894,0.8,1.0,1,0,0,0,0,1,0,1,0,0,1,0,0,2,18.0,50.0
17661,40.42433,-3.70534,2,1.0,2.0,37.0,87.0,10,2.92,913,200,4503.0,68.043894,0.8,1.0,1,0,0,0,0,1,0,1,0,0,1,0,0,2,18.0,50.0
17662,40.42419,-3.70704,4,1.0,1.0,82.0,80.0,10,0.9,772,200,4503.0,68.043894,0.8,1.0,1,0,0,0,0,1,0,1,0,0,1,0,0,2,33.0,100.0
17663,40.4235,-3.70679,4,2.0,2.0,93.0,100.0,10,1.06,1012,200,4503.0,68.043894,0.8,1.0,1,0,0,0,0,1,0,1,0,0,0,0,0,2,33.0,100.0
17664,40.42525,-3.70286,2,1.0,1.0,25.0,93.0,8,2.88,577,50,4503.0,68.043894,0.8,1.0,0,0,0,0,0,1,0,0,0,1,1,0,0,10,18.0,50.0
17665,40.40515,-3.70976,2,1.0,1.0,100.0,0.0,2,0.0,480,200,3917.0,55.025641,1.9,1.0,1,0,0,0,0,1,0,0,0,0,0,0,0,8,18.0,100.0
17666,40.41011,-3.72602,1,1.0,1.0,32.0,0.0,1,0.0,199,50,2287.0,47.008319,4.7,1.0,0,0,0,0,0,1,0,1,0,0,1,0,0,4,10.5,50.0
17667,40.42514,-3.70727,4,2.0,2.0,83.0,80.0,10,0.79,740,200,4503.0,68.043894,0.8,1.0,1,0,0,0,0,1,0,1,0,0,1,0,0,2,33.0,100.0
17668,40.42535,-3.70553,2,1.0,1.0,31.0,100.0,10,0.5,653,200,4503.0,68.043894,0.8,1.0,1,0,0,0,0,1,0,1,0,0,1,0,0,2,18.0,50.0
17669,40.42398,-3.70741,4,2.0,2.0,53.0,0.0,10,0.0,744,200,4503.0,68.043894,0.8,1.0,1,0,0,0,0,1,0,1,0,0,1,0,0,2,33.0,100.0
17670,40.4171,-3.70737,1,0.0,1.0,19.0,0.0,1,0.0,143,50,4503.0,68.043894,0.8,1.0,0,0,0,0,0,1,0,1,1,0,0,0,0,2,10.5,50.0
17671,40.42355,-3.70592,4,1.0,1.0,40.0,87.0,10,0.76,762,200,4503.0,68.043894,0.8,1.0,1,1,1,1,1,1,1,1,1,1,1,1,1,2,33.0,50.0
17672,40.42457,-3.6842,3,2.0,2.0,155.0,0.0,92,0.0,191,200,5328.0,74.694253,2.2,1.0,1,0,0,0,0,1,0,1,0,0,1,0,0,7,25.5,200.0
17673,40.42643,-3.71754,1,1.0,1.0,61.0,100.0,2,0.39,633,50,3555.0,63.451906,5.9,1.0,1,0,0,0,0,1,0,1,0,1,1,1,0,6,10.5,100.0
17674,40.42021,-3.67782,2,1.0,1.0,28.0,100.0,8,2.5,562,50,4220.0,63.672727,3.2,1.0,0,0,0,0,0,1,0,0,0,1,1,0,0,7,18.0,50.0
17675,40.4198,-3.70367,4,1.0,2.0,95.0,100.0,12,0.39,486,200,4503.0,68.043894,0.8,1.0,1,0,0,0,0,1,0,1,0,0,0,1,0,2,33.0,100.0
17677,40.44721,-3.70214,2,1.0,1.0,50.0,0.0,1,0.0,117,50,3476.0,60.621287,5.9,1.0,0,0,0,0,0,1,0,0,0,0,0,0,0,6,18.0,50.0
17678,40.43922,-3.62195,4,1.0,3.0,63.0,0.0,1,0.0,469,200,2477.0,70.967532,7.3,1.0,1,1,1,1,1,1,0,1,0,0,1,0,0,2,33.0,100.0
17679,40.41964,-3.70388,4,1.0,2.0,83.0,100.0,12,0.85,486,200,4503.0,68.043894,0.8,1.0,1,0,0,0,0,1,0,1,0,0,0,1,0,2,33.0,100.0
17680,40.41903,-3.70248,4,1.0,2.0,95.0,100.0,12,0.18,472,200,4503.0,68.043894,0.8,1.0,1,0,0,0,0,1,0,1,0,1,0,1,0,2,33.0,100.0
17681,40.49076,-3.6909,4,2.0,2.0,62.0,91.0,5,1.5,184,200,3545.0,57.198083,16.4,2.0,1,0,0,0,0,1,0,1,0,0,1,0,0,5,36.0,100.0
17682,40.39342,-3.73827,7,1.0,5.0,50.0,20.0,6,0.34,93,200,2195.0,47.402837,6.6,1.0,1,0,0,0,0,1,0,1,0,0,0,0,0,2,55.5,50.0
17683,40.43516,-3.70365,5,3.0,1.0,60.0,0.0,6,0.0,73,200,4855.0,64.056634,2.4,1.0,1,0,0,0,0,1,0,0,0,0,0,0,0,2,40.5,100.0
17684,40.45757,-3.68582,4,1.0,2.0,68.0,100.0,1,0.38,140,200,4508.0,67.220486,5.8,1.0,1,0,0,0,0,1,0,0,0,0,0,0,0,0,33.0,100.0
17685,40.4738,-3.69083,4,2.0,3.0,97.0,100.0,1,0.56,177,200,3476.0,60.621287,5.9,1.0,1,0,0,0,0,1,0,0,0,1,1,0,0,6,33.0,100.0
17686,40.40418,-3.65718,1,1.0,1.0,14.0,1.0,1,1.0,235,50,1890.0,41.443535,5.0,1.0,1,1,1,1,1,1,1,1,1,1,1,1,1,7,10.5,50.0
17687,40.4154,-3.70098,1,1.0,1.0,21.0,80.0,13,0.15,421,50,4503.0,68.043894,0.8,1.0,0,0,0,0,0,1,0,0,0,0,1,0,0,2,10.5,50.0
17688,40.39255,-3.64798,5,1.0,3.0,34.0,0.0,11,0.0,73,200,1890.0,41.443535,5.0,1.0,1,0,0,0,0,1,0,0,0,0,0,0,0,2,40.5,50.0
17689,40.41707,-3.70815,2,1.0,2.0,43.0,97.0,4,3.56,474,200,4503.0,68.043894,0.8,1.0,1,0,0,0,0,1,0,1,0,0,0,1,0,2,18.0,50.0
17690,40.41766,-3.70692,2,1.0,2.0,37.0,100.0,4,2.27,468,200,4503.0,68.043894,0.8,1.0,1,0,0,0,0,1,0,1,0,0,0,1,0,2,18.0,50.0
17691,40.43537,-3.71247,5,2.0,3.0,50.0,0.0,11,0.0,73,200,4855.0,64.056634,2.4,1.0,1,0,0,0,0,1,0,0,0,0,0,0,0,2,40.5,50.0
17692,40.41545,-3.70685,2,1.0,2.0,43.0,100.0,4,2.8,471,200,4503.0,68.043894,0.8,1.0,1,0,0,0,0,1,0,1,0,0,1,1,0,2,18.0,50.0
17693,40.4305,-3.70216,5,3.0,4.0,50.0,0.0,11,0.0,73,200,4855.0,64.056634,2.4,1.0,1,0,0,0,0,1,0,0,0,0,0,0,0,2,40.5,50.0
17694,40.40993,-3.71101,1,1.0,1.0,19.0,0.0,1,0.0,161,50,4503.0,68.043894,0.8,1.0,0,0,0,0,0,1,0,0,0,0,0,0,0,8,10.5,50.0
17695,40.42771,-3.66422,2,1.0,1.0,111.0,0.0,1,0.0,439,200,5328.0,74.694253,2.2,1.5,1,0,0,0,0,1,0,1,0,0,1,1,0,5,19.5,150.0
17696,40.4233,-3.69907,1,1.0,1.0,36.0,80.0,1,0.68,577,50,4503.0,68.043894,0.8,1.0,1,0,0,0,0,1,1,1,0,0,1,1,0,8,10.5,50.0
17697,40.44465,-3.67201,1,1.0,1.0,13.0,0.0,2,0.0,384,50,4508.0,67.220486,5.8,1.0,0,1,1,1,1,1,0,0,0,0,0,0,0,2,10.5,50.0
17698,40.422,-3.69821,2,1.0,1.0,35.0,0.0,2,0.0,226,50,4503.0,68.043894,0.8,2.0,1,0,0,0,0,1,0,0,0,0,0,0,0,6,21.0,50.0
17699,40.47365,-3.62872,8,4.0,4.0,500.0,93.0,1,2.65,717,200,3312.0,62.061453,9.2,4.0,1,0,0,0,0,1,1,1,0,1,1,0,0,2,72.0,200.0
17700,40.38252,-3.72795,1,0.0,1.0,21.0,0.0,1,0.0,356,50,2195.0,47.402837,6.6,1.0,0,1,1,1,1,1,0,0,0,1,0,1,1,5,10.5,50.0
17701,40.40142,-3.75133,2,0.0,1.0,37.0,73.0,1,0.46,445,200,2287.0,47.008319,4.7,1.0,1,0,0,0,0,1,0,1,0,1,1,0,0,5,18.0,50.0
17702,40.3936,-3.72312,1,1.0,1.0,70.0,0.0,1,0.0,133,50,2195.0,47.402837,6.6,1.0,0,0,0,0,0,1,0,0,0,0,0,0,0,8,10.5,100.0
17703,40.42325,-3.70663,4,2.0,2.0,43.0,93.0,10,1.55,730,200,4503.0,68.043894,0.8,1.0,1,0,0,0,0,1,0,1,0,0,1,0,0,2,33.0,50.0
17704,40.42609,-3.70593,2,1.0,1.0,51.0,80.0,7,1.02,495,200,4503.0,68.043894,0.8,1.0,1,0,0,0,0,1,0,1,0,0,1,0,0,6,18.0,100.0
17705,40.43494,-3.70104,4,0.0,2.0,40.0,0.0,9,0.0,87,200,4855.0,64.056634,2.4,1.0,1,1,1,1,1,1,0,0,0,0,0,0,0,2,33.0,50.0
17706,40.48885,-3.67074,4,0.0,2.0,59.0,53.0,7,0.54,191,200,3312.0,62.061453,9.2,1.0,1,0,0,0,0,1,0,1,0,0,0,0,0,3,33.0,100.0
17707,40.45633,-3.7061,2,1.0,1.0,23.0,0.0,1,0.0,332,50,3476.0,60.621287,5.9,2.0,0,0,0,0,0,1,0,1,0,1,1,0,0,5,21.0,50.0
17708,40.42597,-3.70513,2,1.0,1.0,71.0,80.0,10,0.31,903,200,4503.0,68.043894,0.8,1.0,1,0,0,0,0,1,0,0,0,0,1,0,0,2,18.0,100.0
17709,40.45961,-3.69313,8,10.0,8.0,130.0,0.0,3,0.0,144,200,3476.0,60.621287,5.9,5.0,1,0,0,0,0,1,0,1,0,0,1,0,0,2,75.0,150.0
17710,40.42347,-3.7047,4,1.0,2.0,113.0,0.0,2,0.0,227,200,4503.0,68.043894,0.8,1.0,1,0,0,0,0,1,0,1,0,0,1,0,0,2,33.0,150.0
17711,40.42351,-3.70435,6,2.0,3.0,166.0,93.0,2,1.02,343,200,4503.0,68.043894,0.8,2.0,1,0,0,0,0,1,0,1,0,0,1,0,0,2,51.0,200.0
17712,40.39283,-3.69694,4,1.0,2.0,45.0,0.0,1,0.0,177,200,3917.0,55.025641,1.9,1.0,1,0,0,0,0,1,0,1,1,0,0,0,0,8,33.0,50.0
17713,40.40949,-3.70942,2,0.0,1.0,45.0,100.0,12,2.82,238,200,4503.0,68.043894,0.8,1.0,1,0,0,0,0,1,0,0,1,0,1,0,0,2,18.0,50.0
17714,40.42707,-3.6411,1,0.0,2.0,25.0,0.0,1,0.0,350,50,2893.0,50.090625,6.5,1.0,0,0,0,0,0,1,0,0,0,0,1,0,0,2,10.5,50.0
17715,40.41852,-3.69856,3,0.0,1.0,95.0,0.0,10,0.0,617,200,4503.0,68.043894,0.8,1.0,1,0,0,0,0,1,0,1,0,0,1,0,1,9,25.5,100.0
17716,40.41595,-3.70088,8,2.0,2.0,140.0,0.0,3,0.0,600,200,4503.0,68.043894,0.8,2.0,1,0,0,0,0,1,0,1,0,1,1,0,1,8,66.0,150.0
17717,40.41593,-3.70066,4,1.0,1.0,58.0,97.0,3,5.91,578,200,4503.0,68.043894,0.8,1.0,1,0,0,0,0,1,0,1,0,1,1,1,1,8,33.0,100.0
17718,40.4019,-3.6707,1,1.0,1.0,22.0,80.0,1,0.32,182,50,4220.0,63.672727,3.2,1.0,0,0,0,0,0,1,1,1,0,0,1,0,0,2,10.5,50.0
17719,40.38992,-3.71172,6,2.0,3.0,65.0,0.0,1,0.0,126,200,2316.0,43.910072,4.6,1.0,1,0,0,0,0,1,0,1,0,0,0,0,0,3,48.0,100.0
17720,40.42837,-3.702,5,3.0,3.0,50.0,0.0,9,0.0,73,200,4503.0,68.043894,0.8,1.0,1,0,0,0,0,1,0,0,0,0,0,0,0,2,40.5,50.0
17721,40.44123,-3.71579,8,5.0,7.0,125.0,0.0,1,0.0,237,200,4855.0,64.056634,2.4,3.0,1,0,0,0,0,0,0,1,0,0,1,0,0,4,69.0,150.0
17722,40.42608,-3.70193,1,1.0,1.0,25.0,0.0,3,0.0,146,50,4503.0,68.043894,0.8,3.0,0,0,0,0,0,1,0,0,0,0,1,0,0,0,16.5,50.0
17723,40.42704,-3.70535,4,1.0,1.0,56.0,91.0,2,2.38,284,200,4503.0,68.043894,0.8,1.0,1,0,0,0,0,1,0,1,0,0,1,0,0,2,33.0,100.0
17724,40.40904,-3.70093,4,0.0,2.0,49.0,95.0,6,0.6,330,200,4503.0,68.043894,0.8,1.0,1,0,0,0,0,1,0,0,0,0,1,0,0,2,33.0,50.0
17725,40.40589,-3.70163,6,2.0,3.0,69.0,95.0,6,0.6,292,200,4503.0,68.043894,0.8,1.0,1,0,0,0,0,1,0,0,0,0,0,0,0,2,48.0,100.0
17726,40.42676,-3.68563,4,2.0,3.0,168.0,0.0,69,0.0,164,200,5328.0,74.694253,2.2,2.0,1,0,0,0,0,1,0,1,0,0,0,0,0,3,36.0,200.0
17727,40.43451,-3.7039,4,0.0,2.0,41.0,0.0,3,0.0,140,200,4855.0,64.056634,2.4,1.0,1,0,0,0,0,1,0,0,0,0,1,0,0,10,33.0,50.0
17728,40.41487,-3.67348,2,1.0,1.0,86.0,100.0,1,0.39,374,200,4220.0,63.672727,3.2,1.0,1,0,0,0,0,1,0,1,1,0,1,0,0,2,18.0,100.0
17729,40.44218,-3.64514,2,1.0,1.0,36.0,60.0,1,0.34,325,50,2893.0,50.090625,6.5,1.0,0,0,0,0,0,1,1,1,0,0,1,0,0,8,18.0,50.0
17730,40.40912,-3.69314,2,10.0,10.0,600.0,0.0,2,0.0,261,50,4503.0,68.043894,0.8,1.0,1,0,0,0,0,1,0,1,0,0,1,0,0,4,18.0,200.0
17731,40.41588,-3.7031,4,2.0,2.0,94.0,97.0,1,1.4,311,200,4503.0,68.043894,0.8,2.0,1,0,0,0,0,1,0,1,0,1,0,0,0,7,36.0,100.0
17732,40.39862,-3.69432,1,1.0,1.0,13.0,100.0,1,0.18,187,50,3917.0,55.025641,1.9,1.0,0,0,0,0,0,1,0,1,0,0,0,0,0,2,10.5,50.0
17733,40.42146,-3.70085,2,1.0,1.0,43.0,0.0,2,0.0,241,50,4503.0,68.043894,0.8,1.0,0,0,0,0,0,1,0,1,0,0,0,0,0,5,18.0,50.0
17734,40.42152,-3.70234,2,2.0,2.0,35.0,0.0,2,0.0,226,50,4503.0,68.043894,0.8,1.0,0,0,0,0,0,1,0,1,0,0,0,0,0,5,18.0,50.0
17735,40.40999,-3.70244,4,0.0,2.0,32.0,80.0,6,0.6,348,200,4503.0,68.043894,0.8,1.0,1,0,0,0,0,1,0,1,0,0,1,0,0,2,33.0,50.0
17736,40.40979,-3.7042,6,2.0,3.0,41.0,87.0,6,0.45,306,200,4503.0,68.043894,0.8,1.0,1,0,0,0,0,1,0,1,0,0,0,0,0,2,48.0,50.0
17737,40.42355,-3.70226,1,1.0,2.0,200.0,0.0,1,0.0,258,50,4503.0,68.043894,0.8,1.0,1,0,0,0,0,1,0,1,0,0,1,0,0,2,10.5,200.0
17738,40.40548,-3.70254,4,1.0,2.0,44.0,100.0,6,0.74,303,200,4503.0,68.043894,0.8,1.0,1,0,0,0,0,1,0,0,1,0,0,0,0,2,33.0,50.0
17739,40.40835,-3.70515,6,0.0,3.0,76.0,85.0,6,0.59,289,200,4503.0,68.043894,0.8,1.0,1,0,0,0,0,1,0,0,0,0,0,0,0,2,48.0,100.0
17740,40.39547,-3.71471,1,1.0,1.0,60.0,0.0,1,0.0,378,50,2195.0,47.402837,6.6,1.0,0,1,1,1,1,1,0,1,0,0,0,0,0,4,10.5,100.0
17741,40.40382,-3.67491,1,2.0,1.0,29.0,100.0,2,0.41,155,50,4220.0,63.672727,3.2,1.5,0,1,1,1,1,1,0,0,0,0,0,0,0,3,12.0,50.0
17742,40.42634,-3.6762,2,1.0,1.0,12.0,80.0,1,0.36,171,50,5328.0,74.694253,2.2,1.0,0,1,1,1,1,1,0,0,0,0,0,0,0,6,18.0,50.0
17743,40.40175,-3.69058,1,1.0,1.0,60.0,0.0,1,0.0,310,50,3917.0,55.025641,1.9,1.0,1,0,0,0,0,1,0,1,1,0,0,0,0,3,10.5,100.0
17744,40.41845,-3.67923,1,1.0,1.0,25.0,90.0,8,1.3,492,50,4220.0,63.672727,3.2,1.5,1,0,0,0,0,1,0,0,1,0,1,0,0,7,12.0,50.0
17745,40.36634,-3.60026,2,1.0,1.0,28.0,1.0,2,1.0,533,50,2382.0,49.659794,11.0,1.0,1,1,1,1,1,1,1,1,1,1,1,1,1,5,18.0,50.0
17746,40.4045,-3.71596,2,1.0,1.0,60.0,60.0,2,1.0,361,200,3917.0,55.025641,1.9,1.0,1,0,0,0,0,1,0,0,0,0,0,0,0,3,18.0,100.0
17747,40.41364,-3.70426,5,1.0,2.0,83.0,0.0,18,0.0,182,200,4503.0,68.043894,0.8,1.0,1,0,0,0,0,1,0,1,1,0,0,0,0,4,40.5,100.0
17748,40.4329,-3.68659,2,0.0,1.0,68.0,0.0,2,0.0,226,200,5328.0,74.694253,2.2,1.0,1,0,0,0,0,1,0,1,0,0,1,0,0,10,18.0,100.0
17749,40.46575,-3.62998,2,1.0,1.0,40.0,0.0,1,0.0,472,50,3312.0,62.061453,9.2,1.5,0,0,0,0,0,1,0,1,0,0,0,0,0,2,19.5,50.0
17750,40.40869,-3.67104,2,1.0,1.0,20.0,1.0,1,1.0,397,50,4220.0,63.672727,3.2,1.5,1,1,1,1,1,1,1,1,1,1,1,1,1,6,19.5,50.0
17751,40.42101,-3.70257,4,1.0,2.0,95.0,100.0,12,0.41,475,200,4503.0,68.043894,0.8,1.0,1,0,0,0,0,1,0,1,0,0,0,1,0,2,33.0,100.0
17752,40.40573,-3.71953,2,0.0,1.0,20.0,0.0,1,0.0,175,50,3917.0,55.025641,1.9,1.0,0,1,1,1,1,1,0,0,0,0,1,0,0,2,18.0,50.0
17753,40.38884,-3.70067,2,1.0,1.0,25.0,0.0,1,0.0,182,50,2316.0,43.910072,4.6,1.0,0,1,1,1,1,1,0,0,1,0,0,0,0,2,18.0,50.0
17754,40.48106,-3.72128,2,1.0,1.0,19.0,100.0,1,1.67,521,50,3545.0,57.198083,16.4,1.0,0,0,0,0,0,1,0,0,0,0,1,0,0,6,18.0,50.0
17755,40.43636,-3.68332,1,1.0,1.0,20.0,0.0,1,0.0,140,50,5328.0,74.694253,2.2,1.0,0,1,1,1,1,1,0,0,1,0,1,0,0,7,10.5,50.0
17756,40.41357,-3.70239,4,1.0,2.0,76.0,0.0,18,0.0,149,200,4503.0,68.043894,0.8,1.0,1,0,0,0,0,1,0,1,0,0,0,0,0,4,33.0,100.0
17757,40.41221,-3.7024,5,2.0,3.0,95.0,100.0,18,0.29,153,200,4503.0,68.043894,0.8,1.0,1,0,0,0,0,1,0,0,1,0,0,0,0,4,40.5,100.0
17758,40.41206,-3.70225,5,2.0,3.0,95.0,0.0,18,0.0,159,200,4503.0,68.043894,0.8,1.0,1,0,0,0,0,1,0,1,0,0,0,0,0,4,40.5,100.0
17759,40.41384,-3.70234,4,1.0,2.0,76.0,0.0,18,0.0,162,200,4503.0,68.043894,0.8,1.0,1,0,0,0,0,0,0,1,0,0,0,0,0,4,33.0,100.0
17760,40.41257,-3.70395,4,1.0,2.0,76.0,0.0,18,0.0,170,200,4503.0,68.043894,0.8,1.0,1,0,0,0,0,1,0,1,0,0,0,0,0,4,33.0,100.0
17762,40.41196,-3.70226,4,1.0,2.0,74.0,0.0,18,0.0,197,200,4503.0,68.043894,0.8,1.0,1,0,0,0,0,0,0,1,1,0,1,0,0,4,33.0,100.0
17763,40.41205,-3.70223,4,1.0,2.0,74.0,0.0,18,0.0,205,200,4503.0,68.043894,0.8,1.0,1,0,0,0,0,1,0,1,1,0,1,0,0,4,33.0,100.0
17765,40.41215,-3.70357,5,2.0,3.0,96.0,0.0,18,0.0,175,200,4503.0,68.043894,0.8,1.0,1,0,0,0,0,1,0,1,1,0,1,0,0,4,40.5,100.0
17767,40.41212,-3.70236,2,1.0,1.0,40.0,90.0,18,1.54,182,200,4503.0,68.043894,0.8,1.0,1,0,0,0,0,1,0,1,1,0,0,0,0,4,18.0,50.0
17768,40.41273,-3.70417,2,1.0,1.0,65.0,0.0,18,0.0,182,200,4503.0,68.043894,0.8,1.0,1,0,0,0,0,1,0,1,1,0,0,0,0,4,18.0,100.0
17769,40.49368,-3.69197,2,0.0,2.0,21.0,100.0,1,0.15,435,50,3545.0,57.198083,16.4,1.0,0,0,0,0,0,1,0,0,0,0,0,1,0,2,18.0,50.0
17770,40.41206,-3.69941,2,1.0,1.0,28.0,0.0,2,0.0,696,50,4503.0,68.043894,0.8,1.0,0,1,1,1,1,1,0,1,0,0,1,0,0,5,18.0,50.0
17771,40.43394,-3.70112,4,0.0,2.0,46.0,0.0,38,0.0,73,200,4855.0,64.056634,2.4,1.0,1,0,0,0,0,1,0,0,0,0,0,0,0,2,33.0,50.0
17772,40.4125,-3.7184,1,1.0,1.0,20.0,0.0,1,0.0,192,50,3917.0,55.025641,1.9,1.0,0,0,0,0,0,1,0,1,1,0,0,0,0,6,10.5,50.0
17773,40.43916,-3.70974,4,0.0,2.0,45.0,0.0,38,0.0,73,200,4855.0,64.056634,2.4,1.0,1,0,0,0,0,1,0,0,0,0,0,0,0,2,33.0,50.0
17774,40.44756,-3.70117,2,1.0,2.0,40.0,0.0,1,0.0,441,200,3476.0,60.621287,5.9,1.0,1,0,0,0,0,1,0,1,1,0,1,0,1,2,18.0,50.0
17776,40.44035,-3.69632,4,0.0,2.0,33.0,0.0,35,0.0,154,200,4855.0,64.056634,2.4,1.0,1,0,0,0,0,1,0,1,0,0,0,0,0,2,33.0,50.0
17777,40.42242,-3.70602,4,1.0,1.0,59.0,95.0,13,5.49,266,200,4503.0,68.043894,0.8,1.0,1,0,0,0,0,1,0,1,0,0,0,0,0,4,33.0,100.0
17778,40.48599,-3.66524,6,1.0,3.0,76.0,0.0,10,0.0,261,200,3312.0,62.061453,9.2,1.5,1,0,0,0,0,1,0,1,0,0,1,0,0,2,49.5,100.0
17779,40.40801,-3.70492,1,1.0,2.0,200.0,100.0,3,0.32,198,50,4503.0,68.043894,0.8,1.0,0,0,0,0,0,1,0,1,0,0,1,0,0,3,10.5,200.0
17780,40.42224,-3.70525,2,0.0,1.0,55.0,98.0,13,4.14,255,200,4503.0,68.043894,0.8,1.0,1,0,0,0,0,1,0,1,0,0,0,0,0,4,18.0,100.0
17781,40.39552,-3.73509,2,1.0,1.0,26.0,100.0,2,0.49,248,50,2195.0,47.402837,6.6,1.0,0,0,0,0,0,1,0,0,0,1,1,0,0,4,18.0,50.0
17782,40.44294,-3.67682,8,3.0,7.0,90.0,100.0,1,0.91,343,200,4508.0,67.220486,5.8,2.0,1,0,0,0,0,1,0,0,1,0,0,0,0,2,66.0,100.0
17783,40.41772,-3.70464,2,0.0,1.0,87.0,93.0,13,0.46,233,200,4503.0,68.043894,0.8,1.0,1,0,0,0,0,1,0,1,0,0,0,0,0,4,18.0,100.0
17784,40.41798,-3.70616,6,3.0,4.0,121.0,100.0,13,0.62,239,200,4503.0,68.043894,0.8,1.0,1,0,0,0,0,1,0,1,0,0,0,0,0,4,48.0,150.0
17785,40.42592,-3.62118,3,1.0,1.0,102.0,0.0,1,0.0,253,200,2477.0,70.967532,7.3,1.5,1,0,0,0,0,1,0,0,0,0,1,0,0,3,27.0,150.0
17786,40.4071,-3.72016,6,0.0,3.0,80.0,95.0,1,0.66,225,200,3917.0,55.025641,1.9,1.0,1,0,0,0,0,1,0,1,0,0,1,0,0,5,48.0,100.0
17787,40.42916,-3.70227,4,3.0,3.0,39.0,0.0,38,0.0,73,200,4855.0,64.056634,2.4,1.0,1,0,0,0,0,1,0,0,0,0,0,0,0,2,33.0,50.0
17788,40.43028,-3.70273,5,3.0,3.0,50.0,100.0,35,0.88,73,200,4855.0,64.056634,2.4,1.0,1,0,0,0,0,1,0,0,0,0,0,0,0,2,40.5,50.0
17789,40.41482,-3.70266,2,1.0,3.0,32.0,0.0,12,0.0,475,200,4503.0,68.043894,0.8,1.0,1,0,0,0,0,1,0,1,1,0,1,0,0,9,18.0,50.0
17790,40.40763,-3.70775,2,0.0,1.0,47.0,100.0,12,0.32,210,200,4503.0,68.043894,0.8,1.0,1,0,0,0,0,1,0,0,1,0,1,0,0,2,18.0,50.0
17791,40.39229,-3.71015,4,3.0,3.0,150.0,0.0,1,0.0,507,200,2195.0,47.402837,6.6,2.5,1,0,0,0,0,1,0,0,1,0,1,0,0,2,37.5,150.0
17792,40.38502,-3.7293,1,1.0,1.0,14.0,0.0,4,0.0,187,50,2195.0,47.402837,6.6,1.0,0,0,0,0,0,1,0,1,0,0,1,0,0,10,10.5,50.0
17793,40.41533,-3.70383,1,1.0,1.0,40.0,0.0,15,0.0,520,50,4503.0,68.043894,0.8,1.0,1,0,0,0,0,1,0,1,0,1,1,0,0,3,10.5,50.0
17794,40.41866,-3.70463,4,1.0,2.0,87.0,100.0,12,0.63,456,200,4503.0,68.043894,0.8,1.0,1,0,0,0,0,1,0,1,0,0,0,1,0,2,33.0,100.0
17795,40.41986,-3.6991,2,1.0,1.0,124.0,80.0,113,0.94,195,200,4503.0,68.043894,0.8,1.0,1,0,0,0,0,1,0,1,1,0,0,0,0,7,18.0,150.0
17796,40.4337,-3.70274,6,3.0,3.0,70.0,0.0,35,0.0,73,200,4855.0,64.056634,2.4,1.0,1,0,0,0,0,1,0,0,0,0,0,0,0,2,48.0,100.0
17797,40.41018,-3.69856,1,1.0,1.0,15.0,97.0,2,0.94,468,50,4503.0,68.043894,0.8,1.0,0,0,0,0,0,1,0,0,0,1,1,0,0,8,10.5,50.0
17798,40.40778,-3.73457,1,0.0,1.0,25.0,0.0,1,0.0,125,50,2287.0,47.008319,4.7,1.0,0,0,0,0,0,1,0,0,0,0,0,0,0,3,10.5,50.0
17799,40.39586,-3.73598,2,1.0,1.0,26.0,84.0,2,0.77,548,50,2195.0,47.402837,6.6,1.0,0,0,0,0,0,1,0,0,0,0,1,0,1,4,18.0,50.0
17800,40.41585,-3.7048,1,1.0,1.0,48.0,0.0,15,0.0,295,50,4503.0,68.043894,0.8,1.0,1,0,0,0,0,1,0,1,0,0,1,0,0,3,10.5,50.0
17801,40.41557,-3.7037,2,1.0,1.0,48.0,100.0,15,0.29,296,50,4503.0,68.043894,0.8,1.0,1,1,1,1,1,1,0,1,0,0,1,0,0,3,18.0,50.0
17802,40.4088,-3.70741,6,3.0,5.0,86.0,0.0,14,0.0,309,200,4503.0,68.043894,0.8,1.0,1,0,0,0,0,1,0,1,1,0,0,0,0,6,48.0,100.0
17803,40.41483,-3.7053,1,1.0,1.0,40.0,0.0,15,0.0,505,50,4503.0,68.043894,0.8,1.0,1,1,1,1,1,1,0,1,0,1,1,0,0,3,10.5,50.0
17804,40.40584,-3.70171,2,0.0,1.0,66.0,0.0,1,0.0,214,200,4503.0,68.043894,0.8,1.0,1,0,0,0,0,1,0,0,0,0,1,0,0,2,18.0,100.0
17805,40.41112,-3.71016,2,1.0,1.0,159.0,0.0,1,0.0,226,200,4503.0,68.043894,0.8,1.0,1,0,0,0,0,1,0,1,0,0,1,0,0,2,18.0,200.0
17806,40.40945,-3.70954,2,1.0,1.0,124.0,0.0,1,0.0,242,200,4503.0,68.043894,0.8,1.0,1,0,0,0,0,1,0,0,0,0,0,0,0,2,18.0,150.0
17807,40.41107,-3.71095,2,1.0,1.0,117.0,0.0,1,0.0,242,200,4503.0,68.043894,0.8,1.0,1,0,0,0,0,1,0,0,0,0,0,0,0,2,18.0,150.0
17808,40.41702,-3.71054,2,1.0,1.0,163.0,0.0,1,0.0,262,200,4503.0,68.043894,0.8,1.0,1,0,0,0,0,1,0,0,0,1,0,0,0,2,18.0,200.0
17809,40.42892,-3.66489,1,1.0,1.0,34.0,0.0,1,0.0,167,50,5328.0,74.694253,2.2,1.0,0,1,1,1,1,1,0,0,0,0,1,0,0,7,10.5,50.0
17810,40.41607,-3.70658,2,1.0,2.0,45.0,97.0,4,5.44,478,200,4503.0,68.043894,0.8,1.0,1,0,0,0,0,1,0,1,0,1,0,1,0,2,18.0,50.0
17813,40.42372,-3.7066,4,2.0,2.0,52.0,0.0,8,0.0,254,200,4503.0,68.043894,0.8,2.0,1,0,0,0,0,1,0,1,0,0,1,0,0,2,36.0,100.0
17814,40.42546,-3.70561,2,1.0,2.0,40.0,0.0,8,0.0,275,200,4503.0,68.043894,0.8,1.0,1,0,0,0,0,1,0,1,0,0,1,0,0,2,18.0,50.0
17815,40.40113,-3.70443,2,1.0,1.0,48.0,100.0,1,0.32,204,200,3917.0,55.025641,1.9,1.0,1,0,0,0,0,1,0,0,0,0,0,0,0,3,18.0,50.0
17817,40.48056,-3.70161,1,0.0,1.0,25.0,90.0,1,0.35,159,50,3545.0,57.198083,16.4,1.0,0,0,0,0,0,1,0,0,1,0,0,0,0,2,10.5,50.0
17818,40.40888,-3.7045,1,1.0,1.0,14.0,80.0,11,1.1,242,50,4503.0,68.043894,0.8,1.0,0,0,0,0,0,1,0,0,0,0,0,0,0,6,10.5,50.0
17819,40.39922,-3.68678,2,1.0,1.0,15.0,73.0,3,0.48,204,50,3917.0,55.025641,1.9,1.0,0,0,0,0,0,1,0,0,0,0,1,0,0,6,18.0,50.0
17820,40.42499,-3.62308,1,1.0,1.0,20.0,0.0,1,0.0,391,50,2477.0,70.967532,7.3,1.0,0,1,1,1,1,1,0,0,0,0,0,0,0,4,10.5,50.0
17822,40.40763,-3.61289,1,1.0,1.0,18.0,100.0,1,0.16,568,50,2246.0,55.472222,11.2,1.0,0,0,0,0,0,1,0,0,0,0,0,1,0,3,10.5,50.0
17824,40.38683,-3.72958,1,1.0,1.0,16.0,100.0,4,0.57,187,50,2195.0,47.402837,6.6,1.0,0,0,0,0,0,1,0,1,0,0,1,0,0,10,10.5,50.0
17825,40.45715,-3.70463,1,1.0,1.0,20.0,0.0,1,0.0,149,50,3476.0,60.621287,5.9,1.0,0,0,0,0,0,1,0,1,0,0,1,0,0,3,10.5,50.0
17826,40.43885,-3.69842,1,1.0,1.0,20.0,1.0,1,1.0,175,50,4855.0,64.056634,2.4,1.0,1,1,1,1,1,1,1,1,1,1,1,1,1,8,10.5,50.0
17828,40.41268,-3.70724,4,1.0,1.0,47.0,93.0,18,1.03,407,200,4503.0,68.043894,0.8,1.0,1,0,0,0,0,1,0,1,1,0,1,0,0,6,33.0,50.0
17829,40.40716,-3.69259,6,3.0,4.0,135.0,0.0,7,0.0,275,200,3917.0,55.025641,1.9,2.0,1,0,0,0,0,1,0,1,0,0,1,0,0,7,51.0,150.0
17830,40.41682,-3.70502,3,1.0,3.0,35.0,0.0,15,0.0,229,50,4503.0,68.043894,0.8,1.0,1,0,0,0,0,1,0,1,0,0,1,0,0,3,25.5,50.0
17831,40.41475,-3.70447,4,1.0,3.0,84.0,100.0,15,0.51,294,50,4503.0,68.043894,0.8,1.0,1,1,1,1,1,1,0,1,0,1,1,0,0,3,33.0,100.0
17832,40.41872,-3.70784,2,0.0,1.0,57.0,90.0,13,1.28,226,200,4503.0,68.043894,0.8,1.0,1,0,0,0,0,1,0,1,0,0,0,0,0,4,18.0,100.0
17833,40.42008,-3.70564,2,0.0,1.0,59.0,93.0,13,1.08,198,200,4503.0,68.043894,0.8,1.0,1,0,0,0,0,1,0,1,0,0,0,0,0,4,18.0,100.0
17834,40.42612,-3.69622,2,1.0,2.0,16.0,0.0,1,0.0,193,50,4503.0,68.043894,0.8,1.0,0,0,0,0,0,1,0,1,0,0,1,0,0,6,18.0,50.0
17835,40.40553,-3.69334,1,1.0,1.0,16.0,100.0,1,1.08,334,50,3917.0,55.025641,1.9,1.5,1,0,0,0,0,1,0,1,0,0,1,0,0,2,12.0,50.0
17836,40.39861,-3.69954,1,1.0,1.0,36.0,0.0,1,0.0,542,50,3917.0,55.025641,1.9,1.0,0,0,0,0,0,1,0,0,0,0,1,0,0,2,10.5,50.0
17837,40.41221,-3.70855,7,2.0,3.0,89.0,98.0,18,2.73,313,200,4503.0,68.043894,0.8,2.0,1,0,0,0,0,1,0,1,0,0,1,0,0,6,58.5,100.0
17838,40.38798,-3.64256,5,1.0,2.0,70.0,0.0,5,0.0,162,200,1890.0,41.443535,5.0,1.0,1,0,0,0,0,1,0,1,0,0,0,0,0,3,40.5,100.0
17839,40.40998,-3.70511,6,2.0,2.0,60.0,0.0,2,0.0,204,200,4503.0,68.043894,0.8,1.5,1,0,0,0,0,1,0,1,0,0,0,0,0,3,49.5,100.0
17840,40.41585,-3.7048,1,1.0,1.0,40.0,1.0,15,1.0,541,50,4503.0,68.043894,0.8,1.0,1,1,1,1,1,1,1,1,1,1,1,1,1,3,10.5,50.0
17841,40.47097,-3.65417,4,2.0,10.0,30.0,0.0,1,0.0,551,50,3312.0,62.061453,9.2,1.5,1,0,0,0,0,1,0,1,0,1,1,0,0,3,34.5,50.0
17842,40.3914,-3.65866,1,1.0,2.0,25.0,0.0,1,0.0,106,50,1890.0,41.443535,5.0,1.5,1,0,0,0,0,1,0,0,0,0,0,0,0,5,12.0,50.0
17843,40.42991,-3.66988,4,2.0,4.0,50.0,0.0,1,0.0,365,50,5328.0,74.694253,2.2,1.0,1,1,1,1,1,1,0,0,1,1,1,0,0,2,33.0,50.0
17844,40.40211,-3.69337,4,1.0,2.0,54.0,90.0,20,1.46,526,200,3917.0,55.025641,1.9,1.0,1,0,0,0,0,1,0,1,1,1,1,1,0,8,33.0,100.0
17845,40.39797,-3.72012,2,1.0,2.0,43.0,0.0,2,0.0,431,200,2195.0,47.402837,6.6,1.0,1,0,0,0,0,1,0,1,0,0,1,0,1,7,18.0,50.0
17846,40.4087,-3.70955,2,1.0,1.0,40.0,0.0,3,0.0,234,50,4503.0,68.043894,0.8,1.0,1,0,0,0,0,1,0,1,0,0,1,0,0,5,18.0,50.0
17847,40.40803,-3.71064,2,0.0,1.0,30.0,0.0,40,0.0,369,200,4503.0,68.043894,0.8,1.0,1,0,0,0,0,1,0,1,0,0,0,0,0,3,18.0,50.0
17849,40.42968,-3.67768,6,3.0,4.0,343.0,0.0,25,0.0,279,200,5328.0,74.694253,2.2,3.0,1,0,0,0,0,1,0,1,0,0,1,0,0,3,54.0,200.0
17850,40.40759,-3.69175,4,2.0,2.0,115.0,0.0,7,0.0,262,200,3917.0,55.025641,1.9,2.0,1,0,0,0,0,1,0,1,0,0,1,0,0,7,36.0,150.0
17851,40.4286,-3.68695,4,2.0,2.0,212.0,0.0,69,0.0,155,200,5328.0,74.694253,2.2,2.0,1,0,0,0,0,1,0,1,0,0,0,0,0,3,36.0,200.0
17852,40.42716,-3.68701,4,2.0,3.0,130.0,0.0,69,0.0,164,200,5328.0,74.694253,2.2,2.0,1,0,0,0,0,1,0,1,0,0,0,0,0,3,36.0,150.0
17853,40.41585,-3.69849,4,1.0,2.0,76.0,0.0,1,0.0,212,200,4503.0,68.043894,0.8,1.0,1,0,0,0,0,1,0,1,0,0,0,0,0,2,33.0,100.0
17854,40.43683,-3.69555,2,1.0,1.0,55.0,20.0,1,0.22,304,50,4855.0,64.056634,2.4,1.0,1,0,0,0,0,1,0,0,0,0,1,0,0,2,18.0,100.0
17855,40.41261,-3.66077,1,1.0,1.0,10.0,0.0,1,0.0,306,50,2547.0,45.581197,5.0,1.0,0,0,0,0,0,1,0,0,1,0,1,0,0,7,10.5,50.0
17856,40.42237,-3.62101,2,1.0,1.0,14.0,0.0,2,0.0,438,50,2477.0,70.967532,7.3,1.0,0,1,1,1,1,1,0,0,0,0,1,0,0,5,18.0,50.0
17857,40.40714,-3.69169,4,2.0,3.0,115.0,0.0,7,0.0,242,200,3917.0,55.025641,1.9,1.0,1,0,0,0,0,1,0,1,0,0,1,0,0,7,33.0,150.0
17858,40.41057,-3.70047,5,2.0,3.0,109.0,0.0,1,0.0,217,200,4503.0,68.043894,0.8,1.0,1,0,0,0,0,1,0,0,0,0,1,0,0,2,40.5,150.0
17859,40.40741,-3.69191,2,1.0,1.0,67.0,0.0,7,0.0,242,200,3917.0,55.025641,1.9,1.0,1,0,0,0,0,1,0,1,0,0,1,0,0,7,18.0,100.0
17860,40.42892,-3.67359,4,2.0,2.0,89.0,0.0,2,0.0,106,200,5328.0,74.694253,2.2,1.0,1,0,0,0,0,1,0,0,0,0,0,0,0,5,33.0,100.0
17861,40.41488,-3.70434,2,2.0,2.0,75.0,0.0,15,0.0,388,200,4503.0,68.043894,0.8,1.0,1,1,1,1,1,1,0,1,1,0,1,0,0,3,18.0,100.0
17862,40.46246,-3.68108,4,1.0,2.0,101.0,0.0,33,0.0,636,200,4508.0,67.220486,5.8,1.0,1,0,0,0,0,1,1,0,0,1,0,0,0,1,33.0,150.0
17863,40.41084,-3.70858,14,5.0,7.0,243.0,100.0,8,0.29,248,200,4503.0,68.043894,0.8,2.0,1,0,0,0,0,1,0,1,0,0,0,0,0,6,111.0,200.0
17864,40.45904,-3.69189,4,1.0,2.0,90.0,0.0,1,0.0,555,200,3476.0,60.621287,5.9,1.0,1,1,1,1,1,1,0,1,1,0,1,1,0,9,33.0,100.0
17865,40.42151,-3.7095,2,1.0,1.0,25.0,1.0,4,1.0,116,50,4503.0,68.043894,0.8,1.0,1,1,1,1,1,1,1,1,1,1,1,1,1,5,18.0,50.0
17866,40.42368,-3.70233,1,0.0,1.0,40.0,0.0,1,0.0,137,50,4503.0,68.043894,0.8,1.0,0,1,1,1,1,1,0,0,0,0,0,0,0,7,10.5,50.0
17867,40.43296,-3.66967,2,1.0,1.0,25.0,100.0,1,0.17,378,50,5328.0,74.694253,2.2,1.0,1,0,0,0,0,1,0,0,1,0,1,0,0,6,18.0,50.0
17868,40.4216,-3.71067,2,1.0,1.0,24.0,1.0,4,1.0,116,50,4503.0,68.043894,0.8,1.0,1,1,1,1,1,1,1,1,1,1,1,1,1,5,18.0,50.0
17869,40.42075,-3.69968,2,1.0,2.0,30.0,0.0,15,0.0,165,50,4503.0,68.043894,0.8,1.0,0,0,0,0,0,1,0,1,0,0,1,0,0,3,18.0,50.0
17870,40.42109,-3.69958,2,1.0,1.0,25.0,0.0,15,0.0,165,50,4503.0,68.043894,0.8,1.0,1,0,0,0,0,1,0,1,0,0,1,0,0,3,18.0,50.0
17871,40.37533,-3.72624,1,0.0,1.0,21.0,0.0,2,0.0,242,50,2195.0,47.402837,6.6,1.0,1,1,1,1,1,1,1,0,1,0,1,0,0,2,10.5,50.0
17872,40.37524,-3.72641,1,0.0,1.0,30.0,0.0,2,0.0,346,50,2195.0,47.402837,6.6,1.0,0,1,1,1,1,1,1,0,1,0,1,0,0,2,10.5,50.0
17873,40.404,-3.60316,1,1.0,1.0,36.0,100.0,1,0.22,112,50,2246.0,55.472222,11.2,1.0,0,0,0,0,0,1,0,0,0,0,1,0,0,6,10.5,50.0
17875,40.40975,-3.70385,4,0.0,2.0,147.0,0.0,1,0.0,223,200,4503.0,68.043894,0.8,1.0,1,0,0,0,0,0,0,0,0,0,1,0,0,2,33.0,150.0
17876,40.40566,-3.70147,5,2.0,3.0,196.0,0.0,1,0.0,222,200,4503.0,68.043894,0.8,1.0,1,0,0,0,0,1,0,1,0,0,0,0,0,2,40.5,200.0
17877,40.41059,-3.70319,2,0.0,1.0,45.0,0.0,4,0.0,250,200,4503.0,68.043894,0.8,1.0,1,0,0,0,0,1,0,1,0,0,1,0,0,2,18.0,50.0
17878,40.43274,-3.67294,1,1.0,1.0,35.0,0.0,4,0.0,144,50,5328.0,74.694253,2.2,1.0,0,0,0,0,0,1,0,0,0,0,1,0,0,2,10.5,50.0
17879,40.41692,-3.70974,4,2.0,2.0,69.0,0.0,1,0.0,260,200,4503.0,68.043894,0.8,1.5,1,0,0,0,0,1,0,0,0,0,0,0,0,7,34.5,100.0
17880,40.40023,-3.68991,1,3.0,3.0,20.0,0.0,1,0.0,442,50,3917.0,55.025641,1.9,1.0,0,1,1,1,1,1,0,0,0,1,1,0,0,2,10.5,50.0
17881,40.41637,-3.70745,1,1.0,1.0,28.0,94.0,12,7.11,573,50,4503.0,68.043894,0.8,1.0,1,0,0,0,0,1,0,0,0,0,1,0,0,4,10.5,50.0
17882,40.40193,-3.69023,1,3.0,3.0,21.0,20.0,5,0.17,409,50,3917.0,55.025641,1.9,1.0,0,0,0,0,0,1,0,0,0,0,0,0,0,2,10.5,50.0
17883,40.43045,-3.69773,1,0.0,1.0,30.0,0.0,1,0.0,456,50,4855.0,64.056634,2.4,1.0,0,0,0,0,0,1,0,0,0,1,0,0,0,7,10.5,50.0
17884,40.39274,-3.67115,6,3.0,5.0,45.0,0.0,19,0.0,73,200,1890.0,41.443535,5.0,1.0,1,0,0,0,0,1,0,0,0,0,0,0,0,2,48.0,50.0
17885,40.41045,-3.69992,6,3.0,4.0,65.0,98.0,2,3.3,347,200,4503.0,68.043894,0.8,1.0,1,0,0,0,0,1,0,1,0,1,1,0,0,2,48.0,100.0
17886,40.41028,-3.70444,1,1.0,2.0,200.0,0.0,3,0.0,147,50,4503.0,68.043894,0.8,1.0,0,0,0,0,0,1,0,1,0,0,1,0,0,3,10.5,200.0
17887,40.38163,-3.76472,2,1.0,2.0,18.0,0.0,1,0.0,608,50,2287.0,47.008319,4.7,1.5,0,0,0,0,0,1,0,0,0,1,1,0,0,2,19.5,50.0
17888,40.41282,-3.69976,3,0.0,1.0,60.0,0.0,1,0.0,105,50,4503.0,68.043894,0.8,1.0,1,0,0,0,0,1,0,1,0,0,0,0,0,2,25.5,100.0
17889,40.40897,-3.69231,1,1.0,1.0,19.0,99.0,1,6.13,449,50,4503.0,68.043894,0.8,1.0,1,1,1,1,1,1,1,1,1,1,1,1,1,10,10.5,50.0
17890,40.40558,-3.69304,1,0.0,1.0,30.0,0.0,2,0.0,97,50,3917.0,55.025641,1.9,1.0,0,0,0,0,0,1,0,0,0,0,0,0,0,5,10.5,50.0
17891,40.37838,-3.74792,2,1.0,1.0,14.0,0.0,1,0.0,141,50,2195.0,47.402837,6.6,1.5,0,0,0,0,0,1,0,0,0,0,1,0,0,2,19.5,50.0
17892,40.43655,-3.67108,1,1.0,2.0,45.0,0.0,1,0.0,126,50,5328.0,74.694253,2.2,1.0,0,0,0,0,0,1,0,1,0,0,0,0,0,2,10.5,50.0
17893,40.411,-3.70618,2,1.0,1.0,20.0,80.0,11,0.83,150,50,4503.0,68.043894,0.8,1.0,0,0,0,0,0,1,0,0,0,0,0,0,0,6,18.0,50.0
17894,40.4195,-3.70543,2,1.0,1.0,13.0,67.0,3,1.13,187,50,4503.0,68.043894,0.8,2.0,0,0,0,0,0,1,0,0,0,0,0,0,0,7,21.0,50.0
17895,40.41822,-3.70567,2,1.0,1.0,11.0,83.0,3,2.31,171,50,4503.0,68.043894,0.8,2.0,0,0,0,0,0,1,0,0,0,0,0,0,0,7,21.0,50.0
17897,40.39127,-3.66808,6,2.0,4.0,45.0,0.0,38,0.0,93,200,1890.0,41.443535,5.0,1.0,1,0,0,0,0,1,0,0,0,0,0,0,0,2,48.0,50.0
17898,40.42262,-3.7046,2,1.0,2.0,25.0,0.0,4,0.0,189,50,4503.0,68.043894,0.8,4.0,0,0,0,0,0,1,0,0,0,0,1,0,0,4,27.0,50.0
17899,40.41024,-3.70581,2,1.0,2.0,37.0,100.0,18,0.43,275,200,4503.0,68.043894,0.8,1.5,1,0,0,0,0,1,0,0,0,0,1,0,0,8,19.5,50.0
17900,40.41067,-3.69605,2,0.0,1.0,49.0,100.0,1,0.41,154,200,4503.0,68.043894,0.8,1.0,1,0,0,0,0,1,0,0,1,1,1,0,0,11,18.0,50.0
17901,40.44212,-3.67397,3,1.0,2.0,70.0,80.0,1,0.26,178,200,4508.0,67.220486,5.8,1.0,1,0,0,0,0,1,0,1,1,0,1,0,0,4,25.5,100.0
17902,40.39094,-3.72872,2,1.0,1.0,60.0,0.0,1,0.0,185,200,2195.0,47.402837,6.6,1.0,1,0,0,0,0,1,0,1,0,0,1,0,0,7,18.0,100.0
17903,40.41664,-3.70759,1,1.0,1.0,32.0,40.0,12,0.17,560,50,4503.0,68.043894,0.8,1.0,1,1,1,1,1,1,1,1,1,1,1,1,1,4,10.5,50.0
17904,40.42788,-3.67617,4,2.0,2.0,300.0,0.0,15,0.0,332,200,5328.0,74.694253,2.2,2.0,1,0,0,0,0,1,1,1,0,1,1,0,0,6,36.0,200.0
17905,40.41035,-3.69491,1,1.0,1.0,19.0,0.0,12,0.0,204,50,4503.0,68.043894,0.8,1.0,1,0,0,0,0,1,0,1,0,0,1,0,0,2,10.5,50.0
17907,40.39275,-3.69454,2,1.0,2.0,30.0,80.0,3,0.55,458,200,3917.0,55.025641,1.9,1.0,1,0,0,0,0,1,0,0,0,0,1,0,1,6,18.0,50.0
17908,40.40252,-3.67444,1,1.0,1.0,21.0,80.0,1,0.18,155,50,4220.0,63.672727,3.2,1.0,0,1,1,1,1,1,0,0,0,0,1,0,0,0,10.5,50.0
17909,40.43769,-3.64146,1,1.0,1.0,34.0,1.0,1,1.0,27,50,2893.0,50.090625,6.5,1.5,1,1,1,1,1,1,1,1,1,1,1,1,1,4,12.0,50.0
17910,40.40967,-3.71176,4,1.0,1.0,60.0,86.0,38,1.19,360,200,4503.0,68.043894,0.8,1.0,1,0,0,0,0,1,0,1,0,0,1,0,0,9,33.0,100.0
17911,40.42921,-3.65865,2,1.0,1.0,24.0,0.0,1,0.0,202,50,2893.0,50.090625,6.5,1.0,1,0,0,0,0,1,0,1,0,0,1,0,0,2,18.0,50.0
17912,40.4207,-3.70261,4,1.0,2.0,91.0,100.0,12,2.14,472,200,4503.0,68.043894,0.8,1.0,1,0,0,0,0,1,0,1,0,0,0,1,0,2,33.0,100.0
17913,40.4022,-3.66817,6,2.0,3.0,121.0,0.0,33,0.0,534,200,4220.0,63.672727,3.2,2.0,1,0,0,0,0,1,0,1,0,0,0,0,0,1,51.0,150.0
17914,40.42042,-3.7026,4,1.0,2.0,82.0,100.0,12,0.98,472,200,4503.0,68.043894,0.8,1.0,1,0,0,0,0,1,0,1,0,0,0,1,0,2,33.0,100.0
17915,40.37537,-3.74919,1,1.0,1.0,29.0,0.0,1,0.0,80,50,2195.0,47.402837,6.6,1.0,0,0,0,0,0,1,0,0,0,0,0,0,0,4,10.5,50.0
17916,40.38994,-3.76446,1,1.0,1.0,40.0,100.0,1,0.17,533,50,2287.0,47.008319,4.7,1.0,0,0,0,0,0,1,0,1,0,0,1,0,0,4,10.5,50.0
17917,40.47631,-3.71435,2,1.0,1.0,48.0,0.0,1,0.0,206,200,3545.0,57.198083,16.4,1.0,1,0,0,0,0,1,0,1,1,0,1,0,0,5,18.0,50.0
17918,40.39348,-3.73948,4,1.0,2.0,53.0,0.0,7,0.0,240,200,2195.0,47.402837,6.6,1.5,1,0,0,0,0,1,0,1,0,0,1,0,0,6,34.5,100.0
17919,40.39184,-3.73906,4,1.0,1.0,53.0,0.0,7,0.0,198,200,2195.0,47.402837,6.6,1.0,1,0,0,0,0,1,0,1,0,0,1,0,0,6,33.0,100.0
17920,40.39316,-3.73919,6,2.0,3.0,85.0,0.0,7,0.0,192,200,2195.0,47.402837,6.6,1.0,1,0,0,0,0,1,0,1,0,0,1,0,0,6,48.0,100.0
17921,40.45616,-3.67751,6,2.0,3.0,83.0,96.0,1,2.53,674,200,4508.0,67.220486,5.8,2.0,1,0,0,0,0,1,0,1,0,0,1,0,0,2,51.0,100.0
17923,40.419,-3.70771,4,1.0,2.0,40.0,74.0,27,1.93,183,200,4503.0,68.043894,0.8,1.0,1,0,0,0,0,1,0,1,0,0,1,0,0,2,33.0,50.0
17924,40.47267,-3.58079,1,1.0,1.0,35.0,60.0,1,0.18,237,50,3047.0,56.183432,11.8,1.0,0,0,0,0,0,1,0,1,0,0,1,0,0,4,10.5,50.0
17925,40.42609,-3.7165,4,1.0,1.0,40.0,0.0,2,0.0,268,50,3555.0,63.451906,5.9,1.0,0,0,0,0,0,1,0,1,0,0,1,0,0,6,33.0,50.0
17926,40.45516,-3.64851,8,5.0,5.0,150.0,0.0,38,0.0,306,200,3312.0,62.061453,9.2,2.0,1,0,0,0,0,1,0,0,0,1,0,0,0,9,66.0,150.0
17927,40.4355,-3.67178,4,1.0,2.0,42.0,0.0,38,0.0,307,200,5328.0,74.694253,2.2,1.0,1,0,0,0,0,1,0,1,1,0,0,0,0,9,33.0,50.0
17928,40.40966,-3.70624,2,0.0,1.0,33.0,95.0,38,1.5,216,200,4503.0,68.043894,0.8,1.0,1,0,0,0,0,1,0,0,0,0,0,0,0,9,18.0,50.0
17929,40.4687,-3.68736,2,1.0,1.0,35.0,70.0,38,2.0,262,50,4508.0,67.220486,5.8,1.0,1,0,0,0,0,1,0,1,0,0,0,0,0,9,18.0,50.0
17930,40.43166,-3.69881,3,2.0,3.0,38.0,90.0,38,0.59,265,200,4855.0,64.056634,2.4,2.0,1,0,0,0,0,1,0,1,0,0,0,0,0,9,28.5,50.0
17931,40.38745,-3.73612,2,1.0,1.0,24.0,100.0,1,0.84,483,50,2195.0,47.402837,6.6,1.0,0,0,0,0,0,1,0,0,0,0,1,0,0,8,18.0,50.0
17932,40.40165,-3.68874,2,3.0,1.0,20.0,100.0,5,0.41,245,50,3917.0,55.025641,1.9,1.0,0,0,0,0,0,1,0,0,0,0,0,0,0,2,18.0,50.0
17933,40.46192,-3.66084,4,1.0,2.0,104.0,0.0,33,0.0,412,200,2893.0,50.090625,6.5,1.0,1,0,0,0,0,1,1,1,0,1,1,0,0,1,33.0,150.0
17934,40.37917,-3.74782,4,1.0,2.0,48.0,83.0,22,2.65,163,200,2195.0,47.402837,6.6,1.0,1,0,0,0,0,0,0,1,0,0,0,0,0,2,33.0,50.0
17935,40.41636,-3.70599,1,1.0,1.0,55.0,0.0,15,0.0,463,50,4503.0,68.043894,0.8,1.0,1,0,0,0,0,1,0,1,0,1,1,0,0,3,10.5,100.0
17936,40.39267,-3.66096,1,1.0,1.0,25.0,0.0,1,0.0,252,50,1890.0,41.443535,5.0,1.0,0,0,0,0,0,1,0,0,0,0,0,0,0,7,10.5,50.0
17937,40.49434,-3.68694,4,1.0,2.0,54.0,100.0,1,0.49,198,200,3545.0,57.198083,16.4,1.0,1,0,0,0,0,0,0,0,0,0,0,0,0,0,33.0,100.0
17938,40.40868,-3.71281,1,0.0,1.0,15.0,0.0,1,0.0,485,50,4503.0,68.043894,0.8,1.0,0,0,0,0,0,1,0,1,0,1,1,0,1,6,10.5,50.0
17939,40.41571,-3.70938,4,1.0,1.0,99.0,65.0,7,3.02,238,200,4503.0,68.043894,0.8,1.5,1,0,0,0,0,1,0,1,1,1,1,0,0,7,34.5,100.0
17940,40.42059,-3.70706,4,2.0,2.0,60.0,50.0,7,0.69,173,200,4503.0,68.043894,0.8,1.0,1,0,0,0,0,1,0,1,0,0,1,0,0,7,33.0,100.0
17942,40.42757,-3.69509,2,1.0,1.0,99.0,100.0,15,0.83,283,200,4855.0,64.056634,2.4,1.0,1,0,0,0,0,1,0,1,0,0,0,0,0,6,18.0,100.0
17943,40.42531,-3.63989,4,1.0,2.0,40.0,100.0,4,1.05,157,200,2893.0,50.090625,6.5,1.0,1,0,0,0,0,1,0,1,0,0,0,0,0,4,33.0,50.0
17944,40.4329,-3.66813,2,1.0,1.0,45.0,0.0,2,0.0,302,50,5328.0,74.694253,2.2,1.0,0,0,0,0,0,1,0,1,0,1,1,0,0,2,18.0,50.0
17945,40.42322,-3.70888,4,1.0,1.0,42.0,67.0,66,2.43,150,200,4503.0,68.043894,0.8,1.0,1,0,0,0,0,1,0,0,0,0,0,0,0,6,33.0,50.0
17946,40.42405,-3.70725,4,1.0,1.0,41.0,83.0,66,5.23,150,200,4503.0,68.043894,0.8,1.0,1,0,0,0,0,1,0,0,0,0,0,0,0,6,33.0,50.0
17947,40.41658,-3.72439,2,1.0,2.0,30.0,0.0,1,0.0,112,50,3555.0,63.451906,5.9,2.0,0,0,0,0,0,0,0,0,0,0,0,0,0,3,21.0,50.0
17948,40.40941,-3.71366,3,1.0,2.0,66.0,0.0,25,0.0,171,200,4503.0,68.043894,0.8,1.0,1,0,0,0,0,1,0,1,0,0,1,0,0,9,25.5,100.0
17949,40.41551,-3.67454,1,3.0,1.0,17.0,1.0,1,1.0,156,50,4220.0,63.672727,3.2,1.5,1,1,1,1,1,1,1,1,1,1,1,1,1,6,12.0,50.0
17950,40.40226,-3.68124,1,1.0,1.0,27.0,100.0,1,0.75,363,200,4220.0,63.672727,3.2,1.0,1,0,0,0,0,1,1,1,1,1,1,0,0,11,10.5,50.0
17951,40.43722,-3.68105,4,1.0,2.0,56.0,100.0,2,0.23,509,200,5328.0,74.694253,2.2,1.0,1,0,0,0,0,1,0,1,1,1,0,0,0,6,33.0,100.0
17952,40.43012,-3.6657,3,2.0,3.0,30.0,0.0,1,0.0,104,200,5328.0,74.694253,2.2,1.0,1,0,0,0,0,0,0,1,1,0,0,0,0,5,25.5,50.0
17953,40.39423,-3.66629,1,1.0,1.0,21.0,0.0,9,0.0,63,50,1890.0,41.443535,5.0,1.0,0,0,0,0,0,0,0,0,0,0,0,0,0,8,10.5,50.0
17954,40.45254,-3.66273,1,1.0,1.0,22.0,0.0,1,0.0,669,50,2893.0,50.090625,6.5,1.5,0,0,0,0,0,1,0,1,0,1,1,0,0,7,12.0,50.0
17955,40.39685,-3.66594,2,1.0,1.0,55.0,0.0,1,0.0,209,50,1890.0,41.443535,5.0,1.5,0,0,0,0,0,1,0,1,0,0,0,0,0,10,19.5,100.0
17956,40.42338,-3.62749,1,1.0,1.0,25.0,0.0,1,0.0,344,50,2893.0,50.090625,6.5,1.0,0,1,1,1,1,1,0,1,0,0,1,0,0,2,10.5,50.0
17957,40.53301,-3.69728,2,2.0,2.0,60.0,95.0,1,1.41,178,200,3545.0,57.198083,16.4,1.5,1,0,0,0,0,1,0,0,0,0,1,0,0,8,19.5,100.0
17958,40.45196,-3.71032,1,1.0,1.0,20.0,0.0,1,0.0,316,50,3476.0,60.621287,5.9,1.0,1,1,1,1,1,1,0,0,0,0,0,0,0,5,10.5,50.0
17959,40.42303,-3.61124,2,2.0,3.0,50.0,0.0,1,0.0,222,50,2477.0,70.967532,7.3,1.0,0,0,0,0,0,1,0,0,0,0,1,0,0,2,18.0,50.0
17960,40.41702,-3.70693,4,2.0,3.0,89.0,0.0,1,0.0,601,50,4503.0,68.043894,0.8,2.0,1,1,1,1,1,1,1,1,0,1,1,0,0,4,36.0,100.0
17961,40.42223,-3.70154,2,1.0,1.0,40.0,100.0,1,1.0,553,200,4503.0,68.043894,0.8,1.0,1,0,0,0,0,1,0,1,1,1,1,0,0,3,18.0,50.0
17962,40.43649,-3.64097,1,1.0,1.0,50.0,0.0,1,0.0,470,50,2893.0,50.090625,6.5,1.0,1,0,0,0,0,1,0,0,0,1,1,0,0,7,10.5,50.0
17963,40.4028,-3.69354,8,4.0,5.0,89.0,98.0,66,1.63,194,200,3917.0,55.025641,1.9,2.0,1,0,0,0,1,1,0,1,0,0,1,0,0,6,66.0,100.0
17964,40.4112,-3.70514,4,2.0,3.0,60.0,97.0,1,2.17,397,200,4503.0,68.043894,0.8,2.0,1,0,0,0,0,1,0,0,0,0,1,0,0,2,36.0,100.0
17965,40.42059,-3.68399,3,1.0,3.0,74.0,84.0,88,1.7,290,200,4220.0,63.672727,3.2,1.0,1,0,0,0,0,1,0,1,0,0,1,0,0,6,25.5,100.0
17966,40.45215,-3.70512,2,1.0,1.0,30.0,0.0,2,0.0,185,50,3476.0,60.621287,5.9,1.5,1,1,1,1,1,1,0,0,0,0,0,0,0,0,19.5,50.0
17967,40.41717,-3.70669,4,1.0,2.0,125.0,0.0,5,0.0,352,200,4503.0,68.043894,0.8,1.5,1,0,0,0,0,1,0,1,0,1,1,0,0,4,34.5,150.0
17968,40.42857,-3.70488,8,4.0,4.0,500.0,0.0,25,0.0,172,200,4503.0,68.043894,0.8,3.0,1,0,0,0,0,1,0,1,0,0,1,0,0,3,69.0,200.0
17969,40.4536,-3.6134,1,1.0,1.0,40.0,0.0,2,0.0,284,50,3312.0,62.061453,9.2,1.0,0,0,0,0,0,1,1,1,0,0,0,0,0,3,10.5,50.0
17970,40.44008,-3.69468,2,1.0,1.0,104.0,0.0,113,0.0,204,200,4855.0,64.056634,2.4,1.0,1,0,0,0,0,1,0,1,1,0,0,0,0,7,18.0,150.0
17971,40.45177,-3.70893,2,1.0,1.0,11.0,60.0,3,1.0,341,50,3476.0,60.621287,5.9,1.5,0,0,0,0,0,1,0,0,0,0,1,0,0,2,19.5,50.0
17972,40.42558,-3.67594,4,1.0,2.0,190.0,0.0,9,0.0,450,200,5328.0,74.694253,2.2,1.0,1,0,0,0,0,1,1,1,0,1,1,0,0,7,33.0,200.0
17973,40.42482,-3.67403,6,2.0,3.0,190.0,100.0,9,1.45,493,200,5328.0,74.694253,2.2,1.0,1,0,0,0,0,1,0,0,0,0,1,0,0,7,48.0,200.0
17974,40.42004,-3.67391,5,1.0,3.0,44.0,70.0,1,0.38,238,200,4220.0,63.672727,3.2,1.0,1,0,0,0,0,1,0,1,0,0,1,0,0,2,40.5,50.0
17975,40.42416,-3.68035,6,3.0,4.0,145.0,0.0,101,0.0,134,200,5328.0,74.694253,2.2,2.0,1,0,0,0,0,1,0,1,0,0,0,0,0,6,51.0,150.0
17978,40.42397,-3.68002,6,2.0,3.0,119.0,0.0,101,0.0,134,200,5328.0,74.694253,2.2,2.0,1,0,0,0,0,1,0,1,0,0,0,0,0,6,51.0,150.0
17982,40.42196,-3.67822,6,2.0,3.0,138.0,0.0,101,0.0,134,200,5328.0,74.694253,2.2,2.0,1,0,0,0,0,1,0,1,0,0,0,0,0,6,51.0,150.0
17983,40.4233,-3.6782,6,2.0,3.0,125.0,0.0,101,0.0,134,200,5328.0,74.694253,2.2,2.0,1,0,0,0,0,1,0,1,0,0,0,0,0,6,51.0,150.0
17986,40.42209,-3.67848,6,2.0,3.0,161.0,0.0,101,0.0,134,200,5328.0,74.694253,2.2,2.0,1,0,0,0,0,1,0,1,0,0,0,0,0,6,51.0,200.0
17987,40.43846,-3.69954,6,2.0,2.0,104.0,0.0,101,0.0,134,200,4855.0,64.056634,2.4,2.0,1,0,0,0,0,1,0,1,0,0,0,0,0,6,51.0,150.0
17988,40.40874,-3.69278,1,1.0,1.0,20.0,0.0,12,0.0,132,50,4503.0,68.043894,0.8,1.0,1,0,0,0,0,1,0,1,0,0,0,0,0,2,10.5,50.0
17989,40.41355,-3.70465,6,2.0,3.0,58.0,48.0,5,2.73,313,200,4503.0,68.043894,0.8,2.0,1,0,0,1,0,1,0,1,1,1,0,0,0,2,51.0,100.0
17990,40.42869,-3.64092,2,0.0,1.0,30.0,0.0,1,0.0,103,50,2893.0,50.090625,6.5,1.0,0,1,1,1,1,1,0,0,0,0,0,0,0,2,18.0,50.0
17991,40.43339,-3.66938,2,1.0,1.0,45.0,1.0,2,1.0,227,50,5328.0,74.694253,2.2,1.0,1,1,1,1,1,1,1,1,1,1,1,1,1,2,18.0,50.0
17992,40.41149,-3.69697,4,2.0,2.0,65.0,100.0,6,0.2,190,200,4503.0,68.043894,0.8,1.0,1,0,0,0,0,1,0,1,0,0,0,0,0,11,33.0,100.0
17993,40.38892,-3.67115,4,0.0,4.0,46.0,0.0,9,0.0,73,200,1890.0,41.443535,5.0,1.0,1,0,0,0,0,1,0,0,0,0,0,0,0,2,33.0,50.0
17994,40.42203,-3.71104,6,2.0,3.0,56.0,90.0,1,2.0,350,200,4503.0,68.043894,0.8,1.0,1,0,0,0,0,1,0,0,0,0,1,0,0,5,48.0,100.0
17995,40.44424,-3.68096,2,1.0,1.0,40.0,70.0,10,0.37,151,200,4508.0,67.220486,5.8,1.0,1,0,0,0,0,1,0,1,0,0,0,0,0,2,18.0,50.0
17996,40.4286,-3.67598,2,1.0,1.0,125.0,0.0,2,0.0,272,200,5328.0,74.694253,2.2,1.5,1,0,0,0,0,1,0,1,1,0,1,0,0,12,19.5,150.0
17997,40.39172,-3.67193,6,2.0,4.0,45.0,0.0,1,0.0,263,200,1890.0,41.443535,5.0,1.0,1,0,0,0,0,0,0,1,0,0,1,0,0,6,48.0,50.0
17998,40.4437,-3.68086,3,3.0,3.0,60.0,93.0,10,0.64,148,200,4508.0,67.220486,5.8,1.0,1,0,0,0,0,1,0,0,0,0,1,0,0,2,25.5,100.0
17999,40.40671,-3.70879,8,3.0,4.0,125.0,80.0,1,0.57,261,200,4503.0,68.043894,0.8,2.0,1,0,0,0,0,1,0,1,0,1,0,0,0,9,66.0,150.0
18000,40.446,-3.56585,2,3.0,3.0,33.0,93.0,5,0.57,142,50,2477.0,70.967532,7.3,1.0,0,0,0,0,0,1,0,0,0,0,0,0,0,2,18.0,50.0
18001,40.3899,-3.73326,2,0.0,1.0,66.0,0.0,4,0.0,637,200,2195.0,47.402837,6.6,1.0,1,0,0,0,0,1,0,1,0,0,1,1,0,2,18.0,100.0
18002,40.37193,-3.75665,3,1.0,2.0,425.0,0.0,1,0.0,244,50,2195.0,47.402837,6.6,1.0,0,0,0,0,0,1,1,0,0,0,1,0,0,2,25.5,200.0
18003,40.37558,-3.69053,1,1.0,1.0,18.0,80.0,1,0.4,304,50,2316.0,43.910072,4.6,1.0,0,0,0,0,0,1,0,0,0,0,0,0,0,4,10.5,50.0
18004,40.40872,-3.70339,4,1.0,2.0,54.0,97.0,1,2.9,794,200,4503.0,68.043894,0.8,1.0,1,0,0,0,0,0,0,0,0,1,0,1,0,2,33.0,100.0
18005,40.40794,-3.71103,2,1.0,1.0,148.0,100.0,18,0.18,134,200,4503.0,68.043894,0.8,1.0,1,0,0,0,0,1,0,1,0,0,0,0,0,2,18.0,150.0
18006,40.39795,-3.69116,2,1.0,2.0,50.0,0.0,2,0.0,229,50,3917.0,55.025641,1.9,2.0,0,0,0,0,0,1,0,1,0,0,1,0,0,3,21.0,50.0
18007,40.39025,-3.73319,2,0.0,1.0,66.0,100.0,4,1.1,566,200,2195.0,47.402837,6.6,1.0,1,0,0,0,0,1,0,1,0,1,1,1,0,2,18.0,100.0
18008,40.4333,-3.70048,5,2.0,3.0,60.0,80.0,3,3.24,312,200,4855.0,64.056634,2.4,1.0,1,0,0,0,0,1,0,1,1,0,0,0,0,2,40.5,100.0
18009,40.42306,-3.70049,3,1.0,1.0,47.0,60.0,1,0.51,260,200,4503.0,68.043894,0.8,1.0,1,0,0,0,0,1,0,0,0,0,1,0,0,2,25.5,50.0
18010,40.45439,-3.70487,4,1.0,2.0,47.0,0.0,1,0.0,192,200,3476.0,60.621287,5.9,1.5,1,0,0,0,0,1,0,0,0,0,1,0,0,3,34.5,50.0
18011,40.42693,-3.63148,3,1.0,3.0,35.0,20.0,2,0.19,251,50,2893.0,50.090625,6.5,1.0,0,1,1,1,1,1,0,1,0,0,1,0,0,5,25.5,50.0
18012,40.43517,-3.71435,4,1.0,1.0,25.0,0.0,9,0.0,233,50,4855.0,64.056634,2.4,2.0,0,0,0,0,0,1,0,1,0,0,1,0,0,2,36.0,50.0
18013,40.38964,-3.73293,3,1.0,1.0,66.0,0.0,4,0.0,572,200,2195.0,47.402837,6.6,1.0,1,0,0,0,0,1,0,1,0,0,1,0,0,2,25.5,100.0
18014,40.43436,-3.70321,4,2.0,3.0,47.0,0.0,11,0.0,93,200,4855.0,64.056634,2.4,1.0,1,0,0,0,0,1,0,1,0,0,0,0,0,2,33.0,50.0
18015,40.43471,-3.69873,5,1.0,5.0,40.0,20.0,11,0.23,73,200,4855.0,64.056634,2.4,1.0,1,0,0,0,0,1,0,0,0,0,0,0,0,2,40.5,50.0
18016,40.38546,-3.71013,2,1.0,1.0,21.0,96.0,2,1.63,355,50,2316.0,43.910072,4.6,1.0,0,0,0,0,0,1,0,0,0,1,0,0,0,3,18.0,50.0
18017,40.4204,-3.69845,2,1.0,1.0,44.0,0.0,10,0.0,384,50,4503.0,68.043894,0.8,1.0,1,0,0,0,0,1,0,1,0,1,1,0,0,1,18.0,50.0
18018,40.4204,-3.69845,2,1.0,1.0,45.0,100.0,10,0.28,352,50,4503.0,68.043894,0.8,1.0,1,0,0,0,0,1,0,1,0,1,1,0,0,1,18.0,50.0
18019,40.4259,-3.70116,1,0.0,1.0,85.0,0.0,1,0.0,170,200,4503.0,68.043894,0.8,1.0,1,1,1,1,1,1,0,1,0,0,0,0,0,6,10.5,100.0
18020,40.4204,-3.69845,2,1.0,1.0,35.0,60.0,10,0.2,332,50,4503.0,68.043894,0.8,1.0,1,0,0,0,0,1,0,1,0,0,1,0,0,1,18.0,50.0
18021,40.4204,-3.69845,2,1.0,1.0,77.0,0.0,10,0.0,371,50,4503.0,68.043894,0.8,1.0,1,0,0,0,0,1,0,1,0,1,1,0,0,1,18.0,100.0
18022,40.41267,-3.7045,1,1.0,1.0,30.0,0.0,1,0.0,136,50,4503.0,68.043894,0.8,1.0,0,0,0,0,0,1,0,0,0,0,1,0,0,7,10.5,50.0
18023,40.4204,-3.69845,2,1.0,1.0,79.0,87.0,10,5.45,371,50,4503.0,68.043894,0.8,1.0,1,0,0,0,0,1,0,1,0,1,1,0,0,1,18.0,100.0
18024,40.4204,-3.69845,2,1.0,1.0,38.0,70.0,10,0.48,384,50,4503.0,68.043894,0.8,1.0,1,0,0,0,0,1,0,1,0,1,1,0,0,1,18.0,50.0
18025,40.43621,-3.68446,1,2.0,1.0,20.0,1.0,1,1.0,104,50,5328.0,74.694253,2.2,1.0,1,1,1,1,1,1,1,1,1,1,1,1,1,4,10.5,50.0
18026,40.39797,-3.65828,1,1.0,1.0,14.0,0.0,1,0.0,55,50,1890.0,41.443535,5.0,1.0,0,0,0,0,0,1,0,0,0,0,0,0,0,7,10.5,50.0
18027,40.47468,-3.68712,4,0.0,2.0,49.0,100.0,28,0.58,333,200,3545.0,57.198083,16.4,1.0,1,0,0,0,0,1,0,1,1,0,1,0,0,7,33.0,50.0
18028,40.40668,-3.74002,1,1.0,1.0,15.0,0.0,1,0.0,69,50,2287.0,47.008319,4.7,1.0,0,0,0,0,0,1,0,0,0,0,1,0,0,3,10.5,50.0
18029,40.4228,-3.71098,4,2.0,3.0,46.0,0.0,1,0.0,187,200,4503.0,68.043894,0.8,1.0,1,0,0,0,0,1,0,0,0,0,1,0,0,2,33.0,50.0
18030,40.37791,-3.7491,1,1.0,2.0,9.0,0.0,1,0.0,273,50,2195.0,47.402837,6.6,1.0,0,1,1,1,1,1,0,0,0,0,0,0,0,2,10.5,50.0
18031,40.43487,-3.68178,6,2.0,2.0,90.0,100.0,1,0.36,271,200,5328.0,74.694253,2.2,2.0,1,0,0,0,0,1,0,1,0,0,1,0,1,2,51.0,100.0
18032,40.43289,-3.70048,5,1.0,2.0,50.0,100.0,9,0.26,73,200,4855.0,64.056634,2.4,1.0,1,0,0,0,0,1,0,0,0,0,0,0,0,2,40.5,50.0
18033,40.39724,-3.64073,2,1.0,1.0,13.0,88.0,1,0.91,309,50,2547.0,45.581197,5.0,1.0,0,0,0,0,0,1,0,0,0,0,1,0,0,4,18.0,50.0
18034,40.42347,-3.68935,2,1.0,2.0,45.0,0.0,9,0.0,275,200,5328.0,74.694253,2.2,1.0,1,0,0,0,0,1,1,1,0,0,0,0,0,2,18.0,50.0
18035,40.42253,-3.69734,4,2.0,3.0,73.0,100.0,5,0.36,217,200,4503.0,68.043894,0.8,2.0,1,0,0,0,0,1,0,1,0,0,1,0,0,0,36.0,100.0
18037,40.42379,-3.69556,4,1.0,2.0,65.0,100.0,5,1.67,280,200,4503.0,68.043894,0.8,1.5,1,0,0,0,0,1,0,1,1,1,0,0,0,0,34.5,100.0
18039,40.46375,-3.68034,2,1.0,1.0,25.0,100.0,1,0.21,205,50,4508.0,67.220486,5.8,1.5,0,0,0,0,0,1,0,1,0,0,1,0,0,2,19.5,50.0
18040,40.43726,-3.71212,1,1.0,2.0,22.0,0.0,8,0.0,173,50,4855.0,64.056634,2.4,1.0,1,0,0,0,0,1,0,1,0,0,1,0,0,7,10.5,50.0
18042,40.40815,-3.70889,3,1.0,2.0,41.0,96.0,1,1.28,582,200,4503.0,68.043894,0.8,1.0,1,0,0,0,0,1,0,0,0,0,1,1,0,4,25.5,50.0
18043,40.44253,-3.65042,2,1.0,1.0,45.0,0.0,9,0.0,287,200,2893.0,50.090625,6.5,1.0,1,0,0,0,0,1,1,1,0,0,1,0,0,2,18.0,50.0
18045,40.38149,-3.66264,1,1.0,1.0,15.0,100.0,1,0.36,284,50,1890.0,41.443535,5.0,1.0,0,0,0,0,0,1,0,0,0,0,1,0,0,2,10.5,50.0
18046,40.47077,-3.64952,1,1.0,1.0,23.0,100.0,3,0.2,482,50,3312.0,62.061453,9.2,1.0,0,0,0,0,0,1,0,0,0,1,1,0,0,3,10.5,50.0
18047,40.40824,-3.70943,2,0.0,1.0,43.0,92.0,12,2.24,197,200,4503.0,68.043894,0.8,1.0,1,0,0,0,0,1,0,0,1,0,1,0,0,2,18.0,50.0
18048,40.42287,-3.69075,2,0.0,1.0,95.0,0.0,3,0.0,290,200,5328.0,74.694253,2.2,1.0,1,0,0,0,0,1,0,1,0,0,1,0,0,2,18.0,100.0
18049,40.47119,-3.65105,2,2.0,2.0,30.0,90.0,3,2.0,479,50,3312.0,62.061453,9.2,1.0,0,0,0,0,0,1,0,0,1,0,1,0,0,3,18.0,50.0
18050,40.48757,-3.66667,2,1.0,1.0,67.0,80.0,10,0.64,273,200,3312.0,62.061453,9.2,1.0,1,0,0,0,0,1,0,1,0,0,1,0,0,2,18.0,100.0
18051,40.42446,-3.68269,4,2.0,2.0,49.0,57.0,2,1.41,140,200,5328.0,74.694253,2.2,3.0,1,0,0,0,0,1,0,1,0,0,0,0,0,2,39.0,50.0
18052,40.44196,-3.67103,6,3.0,3.0,46.0,100.0,2,1.79,149,200,4508.0,67.220486,5.8,2.5,1,0,0,0,0,1,0,1,0,0,0,0,0,2,52.5,50.0
18053,40.39036,-3.7349,4,1.0,1.0,76.0,0.0,4,0.0,653,200,2195.0,47.402837,6.6,1.0,1,0,0,0,0,1,0,1,0,0,1,1,0,2,33.0,100.0
18054,40.40948,-3.70903,6,3.0,5.0,85.0,100.0,20,0.29,513,200,4503.0,68.043894,0.8,1.0,1,0,0,0,0,1,0,1,0,0,0,0,0,9,48.0,100.0
18055,40.42125,-3.69499,3,2.0,2.0,93.0,100.0,2,1.86,149,200,4503.0,68.043894,0.8,1.0,1,0,0,0,0,1,0,1,0,0,0,0,0,2,25.5,100.0
18056,40.44212,-3.67218,6,3.0,3.0,205.0,0.0,2,0.0,227,200,4508.0,67.220486,5.8,2.5,1,0,0,0,0,0,0,1,0,0,0,0,0,2,52.5,200.0
18057,40.42291,-3.68229,4,2.0,3.0,205.0,0.0,2,0.0,246,200,5328.0,74.694253,2.2,2.0,1,0,0,0,0,1,0,0,0,0,0,0,0,2,36.0,200.0
18058,40.39069,-3.71024,6,2.0,3.0,64.0,0.0,1,0.0,175,200,2195.0,47.402837,6.6,1.0,1,0,0,0,0,1,0,1,0,0,0,0,0,3,48.0,100.0
18059,40.46804,-3.6627,1,1.0,1.0,550.0,0.0,1,0.0,483,50,3312.0,62.061453,9.2,1.0,1,0,0,0,0,1,0,1,0,1,1,0,0,10,10.5,200.0
18060,40.43493,-3.69228,3,1.0,2.0,70.0,0.0,22,0.0,572,200,4855.0,64.056634,2.4,1.0,1,0,0,0,0,1,0,1,1,0,1,0,0,6,25.5,100.0
18061,40.41669,-3.70772,2,1.0,1.0,38.0,100.0,10,0.19,299,50,4503.0,68.043894,0.8,1.0,1,0,0,0,0,1,0,1,0,0,1,0,0,6,18.0,50.0
18062,40.41868,-3.70867,2,1.0,1.0,38.0,100.0,10,0.38,267,50,4503.0,68.043894,0.8,1.0,1,0,0,0,0,1,0,1,0,0,1,0,0,6,18.0,50.0
18064,40.41725,-3.70889,2,1.0,1.0,39.0,100.0,10,0.4,300,50,4503.0,68.043894,0.8,1.0,1,0,0,0,0,1,0,1,0,1,1,0,0,6,18.0,50.0
18066,40.41696,-3.7079,4,1.0,2.0,39.0,94.0,10,1.31,300,50,4503.0,68.043894,0.8,1.0,1,0,0,0,0,1,0,1,0,1,1,0,0,6,33.0,50.0
18067,40.41752,-3.70911,2,1.0,2.0,39.0,0.0,10,0.0,267,50,4503.0,68.043894,0.8,1.0,1,0,0,0,0,1,0,1,0,0,1,0,0,6,18.0,50.0
18069,40.40909,-3.7091,2,1.0,1.0,45.0,94.0,12,2.69,213,200,4503.0,68.043894,0.8,1.0,1,0,0,0,0,1,0,0,1,0,1,0,0,2,18.0,50.0
18071,40.40876,-3.71074,4,1.0,2.0,88.0,0.0,1,0.0,191,200,4503.0,68.043894,0.8,1.0,1,0,0,0,0,0,0,1,0,0,1,0,0,3,33.0,100.0
18072,40.4039,-3.69509,2,1.0,1.0,19.0,0.0,2,0.0,129,50,3917.0,55.025641,1.9,1.0,0,0,0,0,0,1,0,0,0,0,1,0,0,8,18.0,50.0
18073,40.39577,-3.73349,5,1.0,3.0,33.0,0.0,9,0.0,73,200,2195.0,47.402837,6.6,1.0,1,0,0,0,0,1,0,0,0,0,0,0,0,2,40.5,50.0
18074,40.3965,-3.73422,5,1.0,3.0,39.0,0.0,35,0.0,73,200,2195.0,47.402837,6.6,1.0,1,0,0,0,0,1,0,0,0,0,0,0,0,2,40.5,50.0
18075,40.44433,-3.70414,5,4.0,4.0,90.0,0.0,2,0.0,175,200,4855.0,64.056634,2.4,2.0,1,0,0,0,0,1,0,0,0,0,0,0,0,2,43.5,100.0
18076,40.43298,-3.67342,4,0.0,2.0,66.0,90.0,28,0.54,291,200,5328.0,74.694253,2.2,1.5,1,0,0,0,0,1,1,1,1,0,0,0,0,7,34.5,100.0
18077,40.41678,-3.70903,2,0.0,1.0,85.0,0.0,8,0.0,525,50,4503.0,68.043894,0.8,1.0,1,0,0,0,0,1,0,1,0,0,0,1,1,3,18.0,100.0
18078,40.406,-3.74255,1,1.0,1.0,19.0,100.0,1,0.24,136,50,2287.0,47.008319,4.7,1.5,1,1,1,1,1,1,1,1,1,1,1,1,1,2,12.0,50.0
18079,40.43015,-3.71162,2,1.0,1.0,38.0,0.0,9,0.0,145,200,4503.0,68.043894,0.8,1.0,1,0,0,0,0,1,0,0,0,0,0,0,0,2,18.0,50.0
18080,40.4115,-3.71304,1,1.0,1.0,25.0,0.0,1,0.0,238,50,4503.0,68.043894,0.8,1.0,1,0,0,0,0,1,0,1,0,0,0,0,0,6,10.5,50.0
18082,40.42462,-3.69547,2,1.0,2.0,80.0,0.0,92,0.0,191,200,4503.0,68.043894,0.8,1.0,1,0,0,0,0,1,0,1,0,0,1,0,0,7,18.0,100.0
18083,40.37349,-3.73376,1,3.0,1.0,350.0,0.0,1,0.0,59,50,2195.0,47.402837,6.6,1.0,1,1,1,1,1,1,0,0,0,0,0,0,0,2,10.5,200.0
18084,40.40822,-3.70308,2,1.0,1.0,30.0,90.0,1,0.89,383,200,4503.0,68.043894,0.8,1.5,1,0,0,0,0,1,0,0,0,0,0,0,0,6,19.5,50.0
18085,40.46277,-3.74977,4,0.0,4.0,88.0,0.0,1,0.0,27,200,3555.0,63.451906,5.9,1.0,1,0,0,0,0,0,0,0,0,0,0,0,0,2,33.0,100.0
18086,40.40795,-3.68667,1,1.0,1.0,25.0,0.0,1,0.0,154,50,4220.0,63.672727,3.2,2.0,0,0,0,0,0,1,0,0,1,0,1,0,0,6,13.5,50.0
18087,40.41049,-3.73209,1,0.0,1.0,35.0,0.0,2,0.0,568,50,2287.0,47.008319,4.7,1.5,1,1,1,1,1,1,0,0,0,0,1,1,0,4,12.0,50.0
18088,40.41548,-3.70069,6,2.0,4.0,45.0,60.0,27,0.48,200,200,4503.0,68.043894,0.8,1.0,1,0,0,0,0,1,0,1,0,0,1,0,0,2,48.0,50.0
18089,40.40942,-3.71113,4,2.0,2.0,133.0,0.0,1,0.0,250,200,4503.0,68.043894,0.8,1.0,1,0,0,0,0,1,0,0,0,0,0,0,0,0,33.0,150.0
18090,40.43118,-3.70139,4,1.0,2.0,202.0,0.0,1,0.0,214,200,4855.0,64.056634,2.4,1.0,1,0,0,0,0,1,0,0,0,0,0,0,0,2,33.0,200.0
18091,40.47459,-3.68685,4,0.0,1.0,49.0,91.0,28,2.73,324,200,4508.0,67.220486,5.8,1.0,1,1,1,1,1,1,0,1,1,0,1,0,0,7,33.0,50.0
18092,40.42131,-3.70402,3,1.0,2.0,51.0,0.0,1,0.0,381,200,4503.0,68.043894,0.8,1.0,1,0,0,0,0,1,0,1,0,1,1,0,0,2,25.5,100.0
18093,40.44672,-3.67889,1,1.0,1.0,25.0,0.0,2,0.0,153,50,4508.0,67.220486,5.8,1.0,1,0,0,0,0,1,0,1,0,0,1,0,0,7,10.5,50.0
18094,40.43241,-3.7135,4,1.0,1.0,55.0,96.0,28,1.99,277,200,4855.0,64.056634,2.4,1.0,1,1,1,1,1,1,0,1,1,0,1,0,0,7,33.0,100.0
18096,40.44242,-3.69856,1,1.0,2.0,60.0,0.0,1,0.0,79,50,4855.0,64.056634,2.4,1.0,0,0,0,0,0,1,0,0,0,0,0,0,0,2,10.5,100.0
18097,40.4266,-3.70148,4,1.0,2.0,37.0,0.0,2,0.0,224,200,4503.0,68.043894,0.8,1.0,1,0,0,0,0,1,0,1,0,1,0,0,0,2,33.0,50.0
18098,40.42786,-3.69987,4,0.0,2.0,37.0,0.0,2,0.0,247,200,4503.0,68.043894,0.8,1.0,1,0,0,0,0,1,0,1,0,1,1,0,0,2,33.0,50.0
18099,40.42093,-3.70764,4,0.0,2.0,142.0,0.0,1,0.0,245,200,4503.0,68.043894,0.8,1.0,1,0,0,0,0,1,0,1,1,0,1,0,0,2,33.0,150.0
18100,40.39503,-3.69651,1,1.0,1.0,15.0,0.0,1,0.0,168,50,3917.0,55.025641,1.9,1.5,0,1,1,1,1,1,0,0,1,0,1,0,0,7,12.0,50.0
18101,40.42332,-3.68722,2,1.0,1.0,45.0,0.0,9,0.0,227,200,5328.0,74.694253,2.2,1.0,1,0,0,0,0,1,1,0,0,0,1,0,0,2,18.0,50.0
18102,40.40948,-3.72993,2,1.0,2.0,21.0,100.0,1,0.21,301,50,2287.0,47.008319,4.7,1.0,0,0,0,0,0,1,0,0,1,1,0,0,0,0,18.0,50.0
18103,40.41081,-3.70888,4,1.0,2.0,49.0,0.0,14,0.0,114,200,4503.0,68.043894,0.8,1.0,1,1,1,1,1,0,0,1,0,0,0,0,0,2,33.0,50.0
18104,40.49555,-3.67503,4,2.0,3.0,72.0,0.0,1,0.0,509,200,3545.0,57.198083,16.4,2.0,1,0,0,0,0,0,1,1,0,0,1,0,0,4,36.0,100.0
18105,40.39612,-3.73546,4,1.0,2.0,36.0,85.0,1,1.52,465,200,2195.0,47.402837,6.6,1.0,1,0,0,0,0,1,0,1,0,0,1,0,1,0,33.0,50.0
18106,40.42287,-3.69075,2,0.0,1.0,85.0,100.0,3,0.41,299,200,5328.0,74.694253,2.2,1.0,1,0,0,0,0,1,0,1,0,0,1,0,0,2,18.0,100.0
18107,40.4295,-3.67518,1,1.0,1.0,16.0,1.0,1,1.0,120,50,5328.0,74.694253,2.2,2.0,1,1,1,1,1,1,1,1,1,1,1,1,1,3,13.5,50.0
18109,40.43536,-3.71242,3,0.0,2.0,38.0,60.0,35,0.59,73,200,4855.0,64.056634,2.4,1.0,1,0,0,0,0,1,0,0,0,0,0,0,0,2,25.5,50.0
18111,40.4233,-3.65549,1,1.0,1.0,35.0,0.0,1,0.0,249,50,2893.0,50.090625,6.5,1.0,0,0,0,0,0,1,0,1,0,0,1,0,0,2,10.5,50.0
18112,40.43244,-3.66545,1,1.0,1.0,70.0,0.0,1,0.0,161,50,5328.0,74.694253,2.2,1.0,0,0,0,0,0,1,0,0,1,0,1,0,0,0,10.5,100.0
18113,40.4061,-3.65709,2,1.0,2.0,15.0,0.0,4,0.0,175,50,2547.0,45.581197,5.0,1.0,1,0,0,0,0,1,0,1,0,0,0,0,0,4,18.0,50.0
18114,40.44709,-3.70253,1,2.0,1.0,18.0,1.0,2,1.0,267,50,3476.0,60.621287,5.9,1.0,1,1,1,1,1,1,1,1,1,1,1,1,1,10,10.5,50.0
18115,40.40778,-3.70732,4,3.0,4.0,64.0,0.0,5,0.0,180,200,4503.0,68.043894,0.8,1.0,1,0,0,0,0,1,0,1,0,0,1,0,0,8,33.0,100.0
18116,40.41715,-3.70998,3,1.0,2.0,58.0,0.0,8,0.0,354,50,4503.0,68.043894,0.8,1.0,1,0,0,0,0,1,0,1,0,0,0,1,1,3,25.5,100.0
18117,40.38928,-3.74393,4,1.0,1.0,60.0,93.0,1,0.59,238,200,2195.0,47.402837,6.6,1.5,1,0,0,0,0,1,0,1,0,0,1,0,0,6,34.5,100.0
18118,40.42606,-3.6993,3,1.0,1.0,58.0,83.0,88,3.05,209,200,4503.0,68.043894,0.8,1.0,1,0,0,0,0,1,0,1,0,0,1,0,0,6,25.5,100.0
18119,40.40915,-3.6978,2,1.0,1.0,45.0,70.0,3,0.53,385,200,4503.0,68.043894,0.8,1.5,1,1,1,1,1,1,1,1,1,1,1,1,1,10,19.5,50.0
18120,40.4593,-3.6635,1,1.0,1.0,30.0,100.0,1,0.4,102,50,2893.0,50.090625,6.5,1.0,1,0,0,0,0,1,1,0,0,0,0,0,0,2,10.5,50.0
18121,40.40698,-3.6955,1,1.0,1.0,12.0,0.0,1,0.0,99,50,4503.0,68.043894,0.8,2.0,0,0,0,0,0,1,0,0,0,0,0,0,0,2,13.5,50.0
18122,40.42085,-3.70144,3,1.0,1.0,60.0,0.0,1,0.0,130,200,4503.0,68.043894,0.8,1.0,1,0,0,0,0,1,0,1,0,0,0,0,0,2,25.5,100.0
18123,40.38248,-3.73031,2,1.0,1.0,30.0,0.0,1,0.0,128,50,2195.0,47.402837,6.6,1.5,0,1,1,1,1,1,0,0,1,0,0,0,0,2,19.5,50.0
18124,40.41208,-3.7026,2,1.0,1.0,71.0,0.0,69,0.0,164,200,4503.0,68.043894,0.8,2.0,1,0,0,0,0,1,0,1,0,0,0,0,0,3,21.0,100.0
18125,40.43338,-3.70156,1,1.0,1.0,17.0,100.0,3,0.22,334,50,4855.0,64.056634,2.4,1.0,0,0,0,0,0,1,0,0,1,1,1,0,0,3,10.5,50.0
18126,40.4172,-3.70977,10,4.0,6.0,400.0,0.0,8,0.0,390,200,4503.0,68.043894,0.8,5.0,1,0,0,0,0,1,0,1,0,0,0,1,0,3,90.0,200.0
18127,40.42404,-3.68959,2,1.0,1.0,120.0,60.0,3,0.21,284,200,5328.0,74.694253,2.2,1.0,1,0,0,0,0,1,0,1,0,0,1,0,0,2,18.0,150.0
18128,40.42287,-3.70019,4,1.0,2.0,150.0,100.0,62,2.81,561,200,4503.0,68.043894,0.8,1.0,1,0,0,1,0,1,0,1,1,0,1,1,0,5,33.0,150.0
18129,40.41041,-3.70109,2,1.0,1.0,32.0,92.0,3,3.36,373,200,4503.0,68.043894,0.8,1.0,1,0,0,0,0,1,0,1,0,0,1,0,0,6,18.0,50.0
18130,40.39745,-3.72547,2,1.0,1.0,30.0,0.0,1,0.0,257,50,2195.0,47.402837,6.6,1.0,0,1,1,1,1,1,0,0,0,0,0,0,0,2,18.0,50.0
18131,40.38516,-3.63753,2,1.0,1.0,20.0,0.0,1,0.0,142,50,1890.0,41.443535,5.0,1.0,0,0,0,0,0,1,0,0,0,0,0,0,0,3,18.0,50.0
18132,40.42717,-3.71022,2,1.0,1.0,100.0,0.0,5,0.0,293,200,4503.0,68.043894,0.8,1.0,1,0,0,0,0,1,0,1,0,0,1,0,0,4,18.0,100.0
18133,40.42971,-3.71295,1,1.0,1.0,35.0,0.0,21,0.0,431,50,4503.0,68.043894,0.8,1.5,1,0,0,0,0,1,0,1,0,0,1,0,0,4,12.0,50.0
18134,40.4311,-3.71252,1,1.0,1.0,35.0,0.0,21,0.0,245,50,4855.0,64.056634,2.4,1.0,1,0,0,0,0,1,0,1,0,0,1,0,0,4,10.5,50.0
18135,40.42156,-3.70042,6,2.0,1.0,200.0,1.0,1,1.0,232,200,4503.0,68.043894,0.8,2.5,1,1,1,1,1,1,1,1,1,1,1,1,1,2,52.5,200.0
18136,40.42043,-3.69733,2,1.0,1.0,32.0,60.0,1,1.07,325,200,4503.0,68.043894,0.8,1.0,1,0,0,0,0,1,0,1,0,0,0,0,0,0,18.0,50.0
18137,40.4214,-3.69306,6,2.0,4.0,160.0,0.0,5,0.0,206,200,4503.0,68.043894,0.8,2.0,1,0,0,0,0,1,0,1,0,0,1,0,0,9,51.0,200.0
18138,40.40942,-3.72327,2,1.0,1.0,67.0,0.0,1,0.0,299,200,2287.0,47.008319,4.7,1.0,1,1,1,1,1,1,0,1,1,0,1,0,0,2,18.0,100.0
18139,40.39707,-3.72737,6,3.0,4.0,105.0,0.0,2,0.0,259,200,2195.0,47.402837,6.6,2.5,1,0,0,0,0,1,0,1,0,0,0,0,0,8,52.5,150.0
18140,40.45355,-3.71198,4,2.0,2.0,39.0,100.0,2,1.0,668,200,3476.0,60.621287,5.9,1.0,1,0,0,0,0,1,0,1,0,1,1,0,0,6,33.0,50.0
18142,40.432,-3.70517,2,1.0,1.0,47.0,0.0,1,0.0,424,200,4855.0,64.056634,2.4,1.0,1,0,0,0,0,1,0,0,1,0,1,0,0,9,18.0,50.0
18143,40.44697,-3.70535,6,2.0,5.0,89.0,0.0,1,0.0,454,200,3476.0,60.621287,5.9,2.0,1,0,0,0,0,0,0,0,0,0,1,0,0,6,51.0,100.0
18144,40.43102,-3.71006,2,1.0,1.0,35.0,88.0,21,2.98,215,200,4855.0,64.056634,2.4,1.0,1,0,0,0,0,1,0,1,0,0,1,0,0,4,18.0,50.0
18145,40.42782,-3.71028,1,1.0,1.0,39.0,0.0,2,0.0,429,200,4503.0,68.043894,0.8,1.5,1,0,0,0,0,1,0,1,0,0,1,0,0,2,12.0,50.0
18146,40.43934,-3.63085,1,1.0,1.0,30.0,0.0,1,0.0,474,50,2477.0,70.967532,7.3,1.0,0,1,1,1,1,1,0,1,0,0,1,0,0,2,10.5,50.0
18147,40.44778,-3.70536,6,2.0,5.0,106.0,0.0,3,0.0,359,200,3476.0,60.621287,5.9,2.0,1,0,0,0,0,0,0,0,0,0,1,0,0,6,51.0,150.0
18148,40.43723,-3.70235,5,2.0,3.0,55.0,40.0,9,0.22,96,200,4855.0,64.056634,2.4,1.0,1,0,0,0,0,1,0,0,0,0,1,0,0,2,40.5,100.0
18149,40.37527,-3.74064,6,3.0,5.0,43.0,0.0,11,0.0,73,200,2195.0,47.402837,6.6,1.0,1,0,0,0,0,1,0,0,0,0,0,0,0,2,48.0,50.0
18150,40.48559,-3.69169,1,1.0,1.0,39.0,0.0,4,0.0,92,50,3545.0,57.198083,16.4,1.0,1,0,0,0,0,0,0,1,0,0,0,0,0,2,10.5,50.0
18151,40.48498,-3.69029,2,1.0,1.0,49.0,0.0,4,0.0,78,50,3545.0,57.198083,16.4,1.0,1,0,0,0,0,0,0,0,0,0,0,0,0,2,18.0,50.0
18153,40.48561,-3.69162,2,1.0,1.0,49.0,0.0,4,0.0,112,50,3545.0,57.198083,16.4,1.0,1,0,0,0,0,0,0,1,0,0,0,0,0,2,18.0,50.0
18154,40.4716,-3.58656,4,2.0,2.0,49.0,84.0,1,2.7,254,200,3047.0,56.183432,11.8,1.0,1,0,0,0,0,1,0,1,0,0,1,0,0,10,33.0,50.0
18155,40.45569,-3.70423,2,1.0,1.0,19.0,100.0,1,1.38,763,50,3476.0,60.621287,5.9,1.5,0,0,0,0,0,1,0,0,0,0,1,1,0,4,19.5,50.0
18156,40.42041,-3.70818,2,1.0,1.0,37.0,98.0,1,8.68,577,200,4503.0,68.043894,0.8,1.0,1,0,0,0,0,1,0,0,0,0,0,0,0,2,18.0,50.0
18157,40.40997,-3.71192,2,0.0,1.0,28.0,100.0,18,0.45,362,200,4503.0,68.043894,0.8,1.0,1,0,0,0,0,1,0,1,0,0,0,0,0,2,18.0,50.0
18158,40.4086,-3.71054,2,0.0,1.0,28.0,0.0,18,0.0,383,200,4503.0,68.043894,0.8,1.0,1,0,0,0,0,1,0,1,0,0,0,1,0,2,18.0,50.0
18159,40.40992,-3.71197,2,0.0,1.0,33.0,60.0,18,0.78,397,200,4503.0,68.043894,0.8,1.0,1,0,0,0,0,1,0,1,0,0,0,1,0,2,18.0,50.0
18160,40.40801,-3.71076,2,0.0,1.0,30.0,60.0,18,1.0,397,200,4503.0,68.043894,0.8,1.0,1,0,0,0,0,1,0,1,0,0,0,1,0,2,18.0,50.0
18161,40.40949,-3.71072,2,0.0,1.0,33.0,0.0,18,0.0,383,200,4503.0,68.043894,0.8,1.0,1,0,0,0,0,1,0,1,0,0,0,1,0,2,18.0,50.0
18162,40.40778,-3.71059,2,0.0,1.0,29.0,0.0,18,0.0,397,200,4503.0,68.043894,0.8,1.0,1,0,0,0,0,1,0,1,0,0,0,1,0,2,18.0,50.0
18164,40.42262,-3.70967,1,1.0,1.0,33.0,0.0,2,0.0,183,200,4503.0,68.043894,0.8,1.0,1,0,0,0,0,1,0,1,0,0,1,0,0,2,10.5,50.0
18165,40.42766,-3.65356,2,1.0,1.0,60.0,0.0,1,0.0,157,200,2893.0,50.090625,6.5,1.5,1,0,0,0,0,1,0,0,0,0,0,0,0,2,19.5,100.0
18166,40.38775,-3.73564,4,1.0,2.0,40.0,89.0,3,2.86,496,200,2195.0,47.402837,6.6,1.0,1,0,0,0,0,1,0,1,0,0,1,1,0,2,33.0,50.0
18167,40.38769,-3.73796,4,1.0,2.0,36.0,93.0,3,2.64,396,200,2195.0,47.402837,6.6,1.0,1,0,0,0,0,1,0,1,0,0,1,0,1,2,33.0,50.0
18168,40.40822,-3.71086,2,1.0,1.0,33.0,100.0,18,0.32,362,200,4503.0,68.043894,0.8,1.0,1,0,0,0,0,1,0,1,0,0,0,0,0,2,18.0,50.0
18169,40.40863,-3.71286,2,1.0,1.0,33.0,0.0,18,0.0,318,200,4503.0,68.043894,0.8,1.0,1,0,0,0,0,1,0,1,0,0,0,0,0,2,18.0,50.0
18170,40.42337,-3.68966,4,1.0,2.0,71.0,100.0,2,0.81,630,200,5328.0,74.694253,2.2,1.0,1,0,0,0,0,1,0,1,0,0,1,1,0,4,33.0,100.0
18172,40.40925,-3.71285,2,1.0,1.0,32.0,0.0,18,0.0,376,200,4503.0,68.043894,0.8,1.0,1,0,0,0,0,1,0,1,0,0,0,0,0,2,18.0,50.0
18173,40.4078,-3.71237,2,1.0,1.0,32.0,0.0,18,0.0,362,200,4503.0,68.043894,0.8,1.0,1,0,0,0,0,1,0,1,0,0,0,0,0,2,18.0,50.0
18174,40.40938,-3.71072,2,1.0,1.0,33.0,0.0,18,0.0,412,200,4503.0,68.043894,0.8,1.0,1,0,0,0,0,1,0,1,0,0,0,0,0,2,18.0,50.0
18175,40.39214,-3.71249,4,0.0,2.0,33.0,93.0,4,2.62,459,200,2195.0,47.402837,6.6,1.0,1,0,0,0,0,1,0,1,0,0,1,1,0,2,33.0,50.0
18176,40.39276,-3.71096,4,1.0,2.0,40.0,87.0,4,1.38,407,200,2195.0,47.402837,6.6,1.0,1,0,0,0,0,1,0,1,0,1,1,0,0,2,33.0,50.0
18177,40.39258,-3.71057,4,0.0,2.0,33.0,96.0,4,2.31,426,200,2195.0,47.402837,6.6,1.0,1,0,0,0,0,1,0,1,0,0,1,1,0,2,33.0,50.0
18178,40.39276,-3.71167,4,1.0,2.0,40.0,98.0,4,2.29,435,200,2195.0,47.402837,6.6,1.0,1,0,0,0,0,1,0,1,0,0,1,1,0,2,33.0,50.0
18179,40.40769,-3.71102,2,1.0,1.0,35.0,0.0,18,0.0,365,200,4503.0,68.043894,0.8,1.0,1,0,0,0,0,1,0,1,0,0,0,0,0,2,18.0,50.0
18180,40.47524,-3.63691,4,2.0,1.0,65.0,60.0,9,0.36,363,200,3312.0,62.061453,9.2,1.0,1,1,1,1,1,1,1,1,1,1,1,1,1,6,33.0,100.0
18181,40.38509,-3.73932,1,1.0,1.0,30.0,1.0,3,1.0,109,50,2195.0,47.402837,6.6,1.0,1,1,1,1,1,1,1,1,1,1,1,1,1,6,10.5,50.0
18182,40.47156,-3.72749,4,1.0,1.0,37.0,84.0,3,1.86,333,200,3555.0,63.451906,5.9,1.0,1,0,0,0,0,1,0,1,0,0,1,0,0,2,33.0,50.0
18183,40.46996,-3.72933,4,1.0,1.0,37.0,0.0,3,0.0,129,200,3555.0,63.451906,5.9,1.0,1,0,0,0,0,1,0,1,0,0,0,0,0,2,33.0,50.0
18184,40.46955,-3.72922,4,1.0,1.0,43.0,0.0,3,0.0,140,200,3555.0,63.451906,5.9,1.0,1,0,0,0,0,1,0,1,0,0,0,0,0,2,33.0,50.0
18185,40.44091,-3.67839,4,2.0,4.0,80.0,0.0,9,0.0,169,200,4508.0,67.220486,5.8,1.0,1,0,0,0,0,0,0,1,0,0,1,0,0,2,33.0,100.0
18186,40.39361,-3.75853,1,1.0,2.0,25.0,0.0,1,0.0,275,50,2287.0,47.008319,4.7,1.5,0,0,0,0,0,1,0,0,0,0,1,0,0,2,12.0,50.0
18187,40.44149,-3.69802,5,2.0,4.0,81.0,0.0,1,0.0,207,200,4855.0,64.056634,2.4,2.0,1,0,0,0,0,1,0,1,0,0,1,0,0,6,43.5,100.0
18188,40.41879,-3.70915,2,1.0,1.0,45.0,0.0,8,0.0,405,50,4503.0,68.043894,0.8,1.0,1,0,0,0,0,1,0,1,0,0,0,1,1,3,18.0,50.0
18190,40.41853,-3.70987,2,1.0,2.0,50.0,0.0,8,0.0,397,50,4503.0,68.043894,0.8,1.0,1,0,0,0,0,1,0,1,0,0,0,1,1,3,18.0,50.0
18191,40.43744,-3.71065,1,1.0,1.0,15.0,0.0,1,0.0,115,50,4855.0,64.056634,2.4,1.0,0,0,0,0,0,1,0,0,0,0,1,0,0,7,10.5,50.0
18192,40.41809,-3.70969,2,1.0,1.0,50.0,0.0,8,0.0,386,50,4503.0,68.043894,0.8,1.0,1,0,0,0,0,1,0,1,0,0,0,1,1,3,18.0,50.0
18193,40.43635,-3.6886,2,1.0,1.0,109.0,100.0,1,1.0,424,200,5328.0,74.694253,2.2,1.0,1,0,0,0,0,1,0,1,0,0,1,0,0,2,18.0,150.0
18194,40.44528,-3.67438,4,4.0,4.0,89.0,0.0,10,0.0,131,200,4508.0,67.220486,5.8,2.0,1,0,0,0,0,1,0,0,0,0,1,0,0,2,36.0,100.0
18195,40.41924,-3.70158,1,1.0,2.0,49.0,100.0,3,0.57,221,200,4503.0,68.043894,0.8,1.0,1,0,0,0,0,1,0,1,0,0,1,0,0,9,10.5,50.0
18196,40.40859,-3.71073,2,1.0,1.0,37.0,100.0,18,0.28,397,200,4503.0,68.043894,0.8,1.0,1,0,0,0,0,1,0,1,0,0,0,1,0,2,18.0,50.0
18197,40.41114,-3.64456,2,1.0,1.0,37.0,100.0,1,0.23,70,50,2547.0,45.581197,5.0,1.0,0,1,1,1,1,0,0,0,0,0,0,0,0,2,18.0,50.0
18198,40.42199,-3.70238,4,1.0,2.0,43.0,60.0,53,0.22,610,200,4503.0,68.043894,0.8,1.0,1,0,0,0,0,1,0,0,0,1,1,0,0,9,33.0,50.0
18199,40.37891,-3.70016,4,2.0,3.0,56.0,100.0,25,0.65,434,200,2316.0,43.910072,4.6,2.0,1,0,0,0,0,1,0,1,0,1,1,0,0,9,36.0,100.0
18200,40.42821,-3.65642,1,1.0,1.0,40.0,0.0,2,0.0,114,50,2893.0,50.090625,6.5,1.0,0,1,1,1,1,1,0,0,1,0,0,0,0,3,10.5,50.0
18201,40.40306,-3.60914,1,1.0,1.0,12.0,0.0,1,0.0,129,50,2246.0,55.472222,11.2,1.0,0,0,0,0,0,1,0,0,0,0,1,0,0,0,10.5,50.0
18202,40.42745,-3.70981,1,1.0,1.0,30.0,100.0,1,0.26,152,50,4503.0,68.043894,0.8,1.0,0,0,0,0,0,1,0,0,0,0,0,0,0,5,10.5,50.0
18203,40.46788,-3.68742,1,1.0,1.0,20.0,83.0,1,1.57,334,50,4508.0,67.220486,5.8,1.0,1,0,0,0,0,1,0,0,0,0,1,0,0,4,10.5,50.0
18204,40.41311,-3.72792,1,1.0,1.0,20.0,0.0,1,0.0,126,50,2287.0,47.008319,4.7,1.5,0,0,0,0,0,1,0,0,0,0,1,0,0,2,12.0,50.0
18205,40.42155,-3.70863,2,1.0,2.0,65.0,97.0,5,8.66,1009,200,4503.0,68.043894,0.8,1.0,1,0,0,0,0,1,0,1,0,1,1,1,1,3,18.0,100.0
18207,40.42155,-3.70863,2,1.0,1.0,46.0,96.0,5,9.53,725,200,4503.0,68.043894,0.8,1.0,1,0,0,0,0,1,0,1,0,1,1,1,1,3,18.0,50.0
18208,40.42385,-3.70159,1,1.0,1.0,32.0,0.0,3,0.0,261,50,4503.0,68.043894,0.8,1.0,1,0,0,0,0,1,0,0,0,0,0,0,0,4,10.5,50.0
18209,40.4206,-3.7097,6,3.0,4.0,308.0,100.0,5,0.83,1023,200,4503.0,68.043894,0.8,3.5,1,0,0,0,0,1,1,1,1,1,1,1,1,3,55.5,200.0
18210,40.42357,-3.69998,2,1.0,1.0,47.0,84.0,3,1.35,261,50,4503.0,68.043894,0.8,1.0,1,0,0,0,0,1,0,0,0,0,0,0,0,4,18.0,50.0
18211,40.429,-3.66749,8,3.0,6.0,79.0,0.0,3,0.0,124,200,5328.0,74.694253,2.2,2.0,1,0,0,0,0,0,0,0,0,0,1,0,0,2,66.0,100.0
18212,40.42925,-3.70542,4,2.0,2.0,130.0,0.0,1,0.0,225,200,4503.0,68.043894,0.8,2.0,1,0,0,0,0,1,1,1,1,1,1,0,0,4,36.0,150.0
18213,40.37833,-3.69967,1,1.0,1.0,1200.0,0.0,1,0.0,218,50,2316.0,43.910072,4.6,1.0,1,0,0,0,0,1,0,1,0,0,0,0,0,2,10.5,200.0
18214,40.42262,-3.6224,1,1.0,1.0,18.0,0.0,3,0.0,210,50,2477.0,70.967532,7.3,1.0,0,0,0,0,0,1,0,1,0,0,1,0,0,3,10.5,50.0
18215,40.42321,-3.70192,1,1.0,1.0,37.0,0.0,3,0.0,229,50,4503.0,68.043894,0.8,1.0,1,0,0,0,0,1,0,0,0,0,0,0,0,4,10.5,50.0
18216,40.39942,-3.64506,1,1.0,1.0,10.0,0.0,1,0.0,506,50,2547.0,45.581197,5.0,1.0,0,0,0,0,0,0,0,0,0,0,0,0,0,2,10.5,50.0
18217,40.38713,-3.73857,4,1.0,1.0,35.0,87.0,3,3.26,362,200,2195.0,47.402837,6.6,1.0,1,0,0,0,0,1,0,1,0,0,1,0,0,2,33.0,50.0
18218,40.43845,-3.6433,1,1.0,1.0,22.0,0.0,1,0.0,87,50,2893.0,50.090625,6.5,1.0,0,0,0,0,0,1,0,0,0,0,0,0,0,8,10.5,50.0
18219,40.41728,-3.70313,7,4.0,6.0,100.0,0.0,3,0.0,185,200,4503.0,68.043894,0.8,3.0,1,0,0,0,0,1,0,1,0,0,0,0,0,2,61.5,100.0
18220,40.41921,-3.70387,5,3.0,8.0,50.0,0.0,3,0.0,212,50,4503.0,68.043894,0.8,2.0,1,0,0,0,0,1,0,0,0,0,1,0,0,2,43.5,50.0
18221,40.40764,-3.70804,2,1.0,1.0,35.0,77.0,18,1.93,154,200,4503.0,68.043894,0.8,1.5,1,0,0,0,0,1,0,0,0,0,1,0,0,8,19.5,50.0
18222,40.47343,-3.58194,4,2.0,3.0,123.0,0.0,25,0.0,236,200,3047.0,56.183432,11.8,1.0,1,0,0,0,0,1,0,1,0,0,1,0,0,3,33.0,150.0
18223,40.3843,-3.71617,1,1.0,1.0,14.0,100.0,1,0.24,130,50,2316.0,43.910072,4.6,1.5,0,0,0,0,0,1,0,0,1,0,0,0,0,4,12.0,50.0
18224,40.4119,-3.70304,2,0.0,1.0,29.0,0.0,1,0.0,190,200,4503.0,68.043894,0.8,1.0,1,0,0,0,0,1,0,1,0,0,0,0,0,0,18.0,50.0
18225,40.38226,-3.726,2,1.0,2.0,40.0,0.0,1,0.0,104,50,2195.0,47.402837,6.6,1.0,1,0,0,0,0,1,0,1,0,0,1,0,0,2,18.0,50.0
18226,40.42779,-3.66551,4,1.0,1.0,20.0,0.0,1,0.0,182,50,5328.0,74.694253,2.2,2.0,0,0,0,0,0,1,0,0,0,0,1,0,0,4,36.0,50.0
18227,40.44946,-3.60879,1,1.0,1.0,20.0,0.0,2,0.0,632,50,2477.0,70.967532,7.3,1.0,0,0,0,0,0,1,0,0,0,1,1,0,0,3,10.5,50.0
18228,40.4242,-3.69972,1,1.0,1.0,30.0,0.0,1,0.0,282,50,4503.0,68.043894,0.8,1.5,1,0,0,0,0,1,0,0,1,1,1,0,0,7,12.0,50.0
18229,40.46591,-3.71859,1,1.0,1.0,40.0,0.0,1,0.0,343,50,3555.0,63.451906,5.9,1.0,0,0,0,0,0,1,1,1,1,0,0,0,0,6,10.5,50.0
18230,40.42324,-3.69725,2,2.0,3.0,91.0,100.0,1,0.9,203,200,4503.0,68.043894,0.8,1.0,1,0,0,0,0,1,0,1,0,1,0,0,0,4,18.0,100.0
18231,40.42546,-3.68554,4,2.0,4.0,400.0,100.0,4,1.78,515,200,5328.0,74.694253,2.2,2.0,1,0,0,0,0,1,0,1,0,0,0,1,0,4,36.0,200.0
18232,40.43634,-3.69039,4,1.0,1.0,136.0,0.0,25,0.0,244,200,4855.0,64.056634,2.4,1.0,1,0,0,0,0,1,0,1,0,0,1,0,0,3,33.0,150.0
18233,40.4408,-3.67085,1,2.0,1.0,30.0,0.0,1,0.0,152,50,4508.0,67.220486,5.8,1.0,1,1,1,1,1,0,0,0,0,0,0,0,0,2,10.5,50.0
18234,40.40874,-3.69282,1,1.0,1.0,25.0,100.0,12,1.0,227,50,4503.0,68.043894,0.8,1.0,1,0,0,0,0,1,0,1,0,0,0,0,0,2,10.5,50.0
18235,40.39635,-3.6691,4,2.0,2.0,43.0,100.0,2,1.0,450,200,1890.0,41.443535,5.0,1.0,1,0,0,0,0,0,0,1,0,1,1,0,0,8,33.0,50.0
18236,40.42793,-3.68559,6,3.0,5.0,600.0,87.0,4,1.3,477,200,5328.0,74.694253,2.2,3.0,1,0,0,0,0,1,0,1,0,1,0,1,0,4,54.0,200.0
18237,40.42898,-3.65005,2,0.0,1.0,30.0,0.0,1,0.0,172,50,2893.0,50.090625,6.5,1.0,0,1,1,1,1,1,0,0,0,1,0,0,0,2,18.0,50.0
18238,40.49451,-3.71565,4,2.0,2.0,744.0,100.0,2,0.2,241,200,3545.0,57.198083,16.4,2.0,1,1,1,1,1,1,0,1,0,0,0,0,0,3,36.0,200.0
18239,40.41887,-3.70924,4,1.0,2.0,90.0,0.0,8,0.0,310,50,4503.0,68.043894,0.8,1.0,1,0,0,0,0,1,0,1,0,0,0,0,0,3,33.0,100.0
18241,40.41068,-3.70878,2,3.0,1.0,26.0,100.0,3,0.29,395,200,4503.0,68.043894,0.8,1.0,1,0,0,0,0,1,0,0,0,0,1,0,0,8,18.0,50.0
18242,40.42487,-3.68162,4,2.0,3.0,289.0,0.0,4,0.0,448,200,5328.0,74.694253,2.2,2.0,1,0,0,0,0,1,0,1,0,0,0,1,0,4,36.0,200.0
18243,40.47092,-3.58608,4,1.0,1.0,78.0,0.0,2,0.0,417,200,3047.0,56.183432,11.8,1.5,1,1,1,1,1,0,0,1,0,0,1,0,0,3,34.5,100.0
18244,40.42097,-3.71157,3,1.0,2.0,34.0,100.0,10,0.77,250,200,4503.0,68.043894,0.8,1.0,1,0,0,0,0,1,0,1,0,0,1,0,0,9,25.5,50.0
18245,40.42862,-3.68214,6,3.0,4.0,432.0,100.0,4,1.0,545,200,5328.0,74.694253,2.2,2.5,1,0,0,0,0,1,0,1,0,0,0,1,1,4,52.5,200.0
18246,40.41402,-3.70052,3,2.0,2.0,82.0,93.0,2,2.81,364,200,4503.0,68.043894,0.8,1.0,1,0,0,0,0,1,0,1,1,0,0,1,0,2,25.5,100.0
18247,40.41171,-3.70008,2,0.0,2.0,60.0,0.0,2,0.0,102,200,4503.0,68.043894,0.8,1.0,1,1,1,1,1,0,0,1,0,0,0,0,0,7,18.0,100.0
18248,40.41965,-3.7096,1,1.0,1.0,22.0,0.0,1,0.0,174,50,4503.0,68.043894,0.8,1.0,0,0,0,0,0,1,0,1,1,0,1,0,0,6,10.5,50.0
18249,40.42242,-3.70748,8,2.0,6.0,64.0,93.0,8,2.0,237,200,4503.0,68.043894,0.8,2.0,1,0,0,0,0,1,0,0,0,1,1,0,0,0,66.0,100.0
18250,40.42069,-3.7085,4,2.0,2.0,59.0,30.0,7,2.0,153,200,4503.0,68.043894,0.8,1.0,1,1,1,1,1,1,0,1,1,0,0,0,0,7,33.0,100.0
18251,40.42074,-3.70087,2,1.0,2.0,38.0,90.0,5,3.04,257,50,4503.0,68.043894,0.8,1.0,1,0,0,0,0,1,0,1,1,0,0,0,0,0,18.0,50.0
18252,40.41932,-3.69925,2,1.0,2.0,42.0,80.0,5,1.62,257,50,4503.0,68.043894,0.8,1.0,1,0,0,0,0,1,0,1,1,0,0,0,0,0,18.0,50.0
18253,40.42851,-3.67635,2,1.0,2.0,65.0,0.0,1,0.0,133,200,5328.0,74.694253,2.2,1.0,1,0,0,0,0,0,0,1,0,0,1,0,0,6,18.0,100.0
18254,40.41579,-3.71021,2,1.0,1.0,55.0,100.0,1,2.0,721,200,4503.0,68.043894,0.8,1.0,1,0,0,0,0,0,0,1,1,0,1,0,0,11,18.0,100.0
18255,40.45912,-3.69261,1,1.0,1.0,75.0,0.0,1,0.0,202,50,3476.0,60.621287,5.9,1.0,0,0,0,0,0,1,0,1,0,0,1,0,0,2,10.5,100.0
18259,40.48776,-3.69025,1,1.0,1.0,15.0,100.0,1,0.39,126,50,3545.0,57.198083,16.4,2.0,1,0,0,0,0,1,0,1,0,0,0,0,0,6,13.5,50.0
18264,40.38188,-3.78224,3,2.0,3.0,40.0,0.0,1,0.0,487,200,2287.0,47.008319,4.7,1.0,1,1,1,1,1,1,0,0,0,1,1,0,0,7,25.5,50.0
18265,40.42049,-3.71221,1,1.0,1.0,40.0,0.0,1,0.0,321,50,4503.0,68.043894,0.8,1.0,0,1,1,1,1,1,0,1,0,0,1,0,0,5,10.5,50.0
18266,40.45775,-3.77882,3,2.0,2.0,75.0,100.0,1,0.48,361,200,3555.0,63.451906,5.9,1.0,1,0,0,0,0,1,0,1,0,0,1,0,0,6,25.5,100.0
18267,40.41104,-3.69383,2,0.0,1.0,53.0,60.0,2,0.25,206,200,4503.0,68.043894,0.8,1.5,1,0,0,0,0,1,0,1,0,0,1,0,0,2,19.5,100.0
18269,40.4261,-3.70226,2,1.0,1.0,60.0,0.0,4,0.0,248,200,4503.0,68.043894,0.8,1.0,1,0,0,0,0,1,0,1,0,0,1,0,0,2,18.0,100.0
18270,40.42647,-3.7089,4,1.0,1.0,87.0,0.0,1,0.0,344,200,4503.0,68.043894,0.8,1.0,1,0,0,0,0,1,0,1,0,0,1,0,0,2,33.0,100.0
18271,40.3924,-3.7246,1,1.0,2.0,20.0,0.0,2,0.0,115,50,2195.0,47.402837,6.6,1.0,0,0,0,0,0,1,0,0,0,0,1,0,0,11,10.5,50.0
18272,40.38801,-3.69372,3,1.0,1.0,38.0,100.0,2,0.72,158,200,3917.0,55.025641,1.9,1.0,1,0,0,0,0,1,0,1,0,0,1,0,0,2,25.5,50.0
18273,40.41381,-3.69933,4,1.0,1.0,65.0,47.0,1,3.0,172,200,4503.0,68.043894,0.8,1.0,1,0,0,0,0,1,0,1,0,0,1,0,0,2,33.0,100.0
18274,40.42037,-3.67925,6,3.0,4.0,360.0,100.0,1,0.55,557,200,4220.0,63.672727,3.2,2.5,1,0,0,0,0,1,0,1,0,1,1,1,0,2,52.5,200.0
18275,40.41949,-3.69991,2,1.0,2.0,38.0,0.0,1,0.0,192,50,4503.0,68.043894,0.8,1.0,0,0,0,0,0,1,0,1,0,0,1,0,0,4,18.0,50.0
18276,40.43514,-3.61917,7,2.0,5.0,500.0,0.0,3,0.0,401,200,2477.0,70.967532,7.3,2.0,1,0,0,0,0,1,1,1,0,1,1,0,0,2,58.5,200.0
18277,40.41132,-3.70948,1,1.0,1.0,17.0,0.0,1,0.0,153,50,4503.0,68.043894,0.8,1.0,0,1,1,1,1,1,0,0,1,0,0,0,0,7,10.5,50.0
18278,40.44358,-3.7037,2,1.0,2.0,25.0,0.0,2,0.0,177,50,4855.0,64.056634,2.4,1.0,0,0,0,0,0,0,0,0,0,0,1,0,0,3,18.0,50.0
18279,40.43316,-3.61962,4,1.0,2.0,1000.0,100.0,3,1.0,715,200,2477.0,70.967532,7.3,1.0,1,0,0,0,0,1,0,1,0,1,0,1,0,2,33.0,200.0
18280,40.41886,-3.69918,2,1.0,2.0,28.0,100.0,10,0.43,224,50,4503.0,68.043894,0.8,1.0,0,1,1,1,1,1,0,1,1,0,0,0,0,10,18.0,50.0
18281,40.48583,-3.72057,1,1.0,1.0,20.0,1.0,2,1.0,449,50,3545.0,57.198083,16.4,1.0,1,1,1,1,1,1,1,1,1,1,1,1,1,12,10.5,50.0
18282,40.4223,-3.716,4,2.0,2.0,150.0,0.0,3,0.0,97,200,3555.0,63.451906,5.9,2.0,1,0,0,0,0,1,0,1,0,0,0,0,0,2,36.0,150.0
18283,40.43086,-3.71414,2,1.0,2.0,25.0,0.0,1,0.0,243,50,4855.0,64.056634,2.4,1.0,0,0,0,0,0,1,0,1,0,0,1,0,0,6,18.0,50.0
18284,40.39761,-3.7008,4,1.0,2.0,57.0,100.0,2,0.46,221,200,3917.0,55.025641,1.9,1.0,1,0,0,0,0,1,0,1,0,0,1,0,0,7,33.0,100.0
18285,40.44447,-3.67194,4,1.0,3.0,55.0,100.0,1,0.46,274,200,4508.0,67.220486,5.8,1.0,1,0,0,0,0,1,0,1,1,0,1,0,0,5,33.0,100.0
18286,40.4211,-3.70053,4,1.0,1.0,63.0,0.0,4,0.0,155,200,4503.0,68.043894,0.8,1.0,1,0,0,0,0,1,0,1,0,0,0,0,0,3,33.0,100.0
18287,40.39048,-3.66736,6,2.0,3.0,55.0,0.0,6,0.0,96,200,1890.0,41.443535,5.0,1.0,1,0,0,0,0,1,0,0,0,0,1,0,0,2,48.0,100.0
18288,40.36526,-3.61707,1,1.0,1.0,16.0,0.0,1,0.0,164,50,2382.0,49.659794,11.0,1.0,1,1,1,1,1,1,1,0,1,0,0,0,0,5,10.5,50.0
18289,40.41665,-3.71128,2,1.0,1.0,50.0,80.0,13,0.5,138,200,4503.0,68.043894,0.8,1.0,1,0,0,0,0,1,0,1,0,0,0,0,0,4,18.0,50.0
18290,40.44274,-3.68001,6,2.0,2.0,90.0,0.0,3,0.0,166,200,4508.0,67.220486,5.8,1.5,1,0,0,0,0,1,0,1,0,0,1,0,0,8,49.5,100.0
18291,40.39062,-3.65255,6,2.0,3.0,80.0,0.0,20,0.0,572,200,1890.0,41.443535,5.0,2.0,1,0,0,0,0,1,1,1,1,1,1,1,0,8,51.0,100.0
18292,40.39397,-3.7103,4,2.0,3.0,75.0,0.0,1,0.0,251,200,2195.0,47.402837,6.6,1.0,1,0,0,0,0,1,1,1,1,0,1,0,0,5,33.0,100.0
18293,40.40633,-3.69376,2,1.0,2.0,35.0,100.0,8,1.62,384,200,3917.0,55.025641,1.9,1.0,1,0,0,0,0,1,0,1,1,1,0,0,0,5,18.0,50.0
18294,40.40635,-3.6956,2,1.0,2.0,33.0,93.0,8,3.2,384,200,3917.0,55.025641,1.9,1.0,1,0,0,0,0,1,0,1,1,1,0,0,0,5,18.0,50.0
18295,40.406,-3.69369,2,1.0,2.0,35.0,99.0,8,3.23,376,200,3917.0,55.025641,1.9,1.0,1,0,0,0,0,1,0,1,1,1,0,0,0,5,18.0,50.0
18297,40.41412,-3.70304,2,1.0,1.0,200.0,0.0,3,0.0,97,200,4503.0,68.043894,0.8,1.0,1,0,0,0,0,1,0,1,0,0,0,0,0,2,18.0,200.0
18298,40.3911,-3.66803,6,2.0,5.0,45.0,0.0,38,0.0,73,200,1890.0,41.443535,5.0,1.0,1,0,0,0,0,1,0,0,0,0,0,0,0,2,48.0,50.0
18299,40.46137,-3.70375,6,2.0,2.0,69.0,76.0,4,1.24,219,200,3476.0,60.621287,5.9,1.0,1,0,0,0,0,1,0,1,0,0,1,0,0,4,48.0,100.0
18300,40.41102,-3.69934,4,1.0,2.0,38.0,84.0,27,2.95,200,200,4503.0,68.043894,0.8,1.0,1,0,0,0,0,1,0,1,0,0,1,0,0,2,33.0,50.0
18301,40.41263,-3.69814,4,1.0,3.0,40.0,83.0,27,1.96,183,200,4503.0,68.043894,0.8,1.0,1,0,0,0,0,1,0,1,0,0,1,0,0,2,33.0,50.0
18302,40.41006,-3.71097,4,1.0,3.0,62.0,100.0,24,2.22,228,200,4503.0,68.043894,0.8,1.0,1,0,0,0,0,1,0,0,0,0,0,0,0,7,33.0,100.0
18303,40.40945,-3.70107,4,1.0,2.0,116.0,0.0,72,0.0,226,200,4503.0,68.043894,0.8,1.0,1,0,0,0,0,1,0,1,0,0,0,0,0,6,33.0,150.0
18304,40.42769,-3.70476,6,2.0,3.0,83.0,0.0,43,0.0,471,200,4503.0,68.043894,0.8,2.0,1,0,0,1,0,1,0,1,1,1,0,0,0,6,51.0,100.0
18305,40.4009,-3.67597,4,1.0,1.0,57.0,0.0,2,0.0,132,200,4220.0,63.672727,3.2,1.0,1,0,0,0,0,0,0,1,0,0,0,0,0,2,33.0,100.0
18306,40.44458,-3.699,2,1.0,2.0,64.0,0.0,2,0.0,220,50,4855.0,64.056634,2.4,1.0,1,0,0,0,0,1,0,1,0,0,1,0,0,2,18.0,100.0
18307,40.43515,-3.6575,2,1.0,1.0,9.0,100.0,1,0.29,99,50,2893.0,50.090625,6.5,1.0,0,0,0,0,0,1,0,0,0,0,0,0,0,5,18.0,50.0
18308,40.41601,-3.69925,2,1.0,1.0,160.0,0.0,113,0.0,208,200,4503.0,68.043894,0.8,1.0,1,0,0,0,0,1,0,0,1,0,0,0,0,7,18.0,200.0
18309,40.43841,-3.68032,1,0.0,1.0,27.0,0.0,4,0.0,411,200,4508.0,67.220486,5.8,1.5,1,0,0,0,0,1,0,1,0,1,1,0,0,2,12.0,50.0
18310,40.46662,-3.63114,6,3.0,4.0,93.0,97.0,11,1.5,709,200,3312.0,62.061453,9.2,1.0,1,0,0,0,0,1,0,1,0,0,1,0,1,9,48.0,100.0
18311,40.41297,-3.70525,2,1.0,1.0,20.0,91.0,11,2.14,249,50,4503.0,68.043894,0.8,1.0,0,0,0,0,0,1,0,0,0,0,0,0,0,6,18.0,50.0
18312,40.41267,-3.7064,2,1.0,1.0,23.0,100.0,11,1.67,249,50,4503.0,68.043894,0.8,1.0,1,1,1,1,1,1,1,1,1,1,1,1,1,6,18.0,50.0
18313,40.41311,-3.70684,2,1.0,1.0,24.0,100.0,11,1.88,249,50,4503.0,68.043894,0.8,1.0,0,0,0,0,0,1,0,0,0,0,0,0,0,6,18.0,50.0
18314,40.43796,-3.67833,5,3.0,3.0,300.0,0.0,3,0.0,141,200,4508.0,67.220486,5.8,2.0,1,0,0,0,0,1,0,1,0,0,1,0,0,2,43.5,200.0
18315,40.39117,-3.72709,2,1.0,1.0,30.0,0.0,1,0.0,152,50,2195.0,47.402837,6.6,1.0,0,1,1,1,1,1,0,1,0,0,0,0,0,7,18.0,50.0
18316,40.4213,-3.71005,2,0.0,2.0,38.0,100.0,1,1.0,250,200,4503.0,68.043894,0.8,1.0,1,0,0,0,0,1,0,1,0,0,1,0,0,5,18.0,50.0
18317,40.42285,-3.69933,3,1.0,2.0,60.0,80.0,1,0.23,251,200,4503.0,68.043894,0.8,1.0,1,0,0,0,0,1,0,1,0,0,0,0,0,2,25.5,100.0
18318,40.47266,-3.6881,4,0.0,2.0,54.0,98.0,28,1.86,288,200,3476.0,60.621287,5.9,1.5,1,1,1,1,1,1,0,1,1,0,0,0,0,7,34.5,100.0
18319,40.43817,-3.6316,2,1.0,1.0,16.0,100.0,2,0.29,407,50,2477.0,70.967532,7.3,1.0,0,0,0,0,0,1,0,0,0,1,1,0,0,5,18.0,50.0
18320,40.44303,-3.67281,1,1.0,1.0,30.0,100.0,1,1.0,419,50,4508.0,67.220486,5.8,1.0,0,0,0,1,0,1,0,0,0,0,1,0,0,2,10.5,50.0
18321,40.40905,-3.70308,2,1.0,1.0,36.0,100.0,2,1.0,345,200,4503.0,68.043894,0.8,1.5,1,0,0,0,0,1,0,1,0,0,0,0,0,7,19.5,50.0
18322,40.43475,-3.66938,3,1.0,1.0,34.0,96.0,3,3.47,428,200,5328.0,74.694253,2.2,1.0,1,1,1,1,1,1,1,1,1,1,1,1,1,3,25.5,50.0
18323,40.48231,-3.66459,5,3.0,3.0,60.0,80.0,1,0.34,188,200,2893.0,50.090625,6.5,2.0,1,0,0,0,0,1,0,1,0,0,1,0,0,5,43.5,100.0
18324,40.42199,-3.69924,2,1.0,1.0,42.0,93.0,5,0.74,290,200,4503.0,68.043894,0.8,1.0,1,1,1,1,1,1,1,1,1,1,1,1,1,3,18.0,50.0
18325,40.40888,-3.71196,2,1.0,1.0,62.0,100.0,25,1.03,371,200,4503.0,68.043894,0.8,1.0,1,1,1,1,1,1,1,1,1,1,1,1,1,9,18.0,100.0
18326,40.41289,-3.71003,4,2.0,3.0,100.0,100.0,12,0.42,242,200,4503.0,68.043894,0.8,1.5,1,1,1,1,1,1,0,1,1,0,1,0,0,2,34.5,100.0
18327,40.44408,-3.6972,14,7.0,14.0,364.0,0.0,2,0.0,183,200,4855.0,64.056634,2.4,7.0,1,0,0,0,0,1,0,1,0,0,1,0,0,2,126.0,200.0
18328,40.39668,-3.69926,4,1.0,2.0,42.0,98.0,4,3.03,262,200,3917.0,55.025641,1.9,1.0,1,0,0,0,0,1,0,1,0,1,1,0,0,2,33.0,50.0
18329,40.39994,-3.6988,6,3.0,4.0,52.0,100.0,1,3.75,329,200,3917.0,55.025641,1.9,2.0,1,0,0,0,0,1,0,1,0,1,1,1,0,2,51.0,100.0
18330,40.41294,-3.70816,4,2.0,3.0,130.0,100.0,12,0.51,278,200,4503.0,68.043894,0.8,2.0,1,1,1,1,1,1,0,1,1,1,1,0,0,2,36.0,150.0
18331,40.4268,-3.67722,1,1.0,1.0,40.0,0.0,1,0.0,239,50,5328.0,74.694253,2.2,1.0,0,1,1,1,1,1,0,0,1,0,0,0,0,2,10.5,50.0
18332,40.4159,-3.6956,1,1.0,1.0,47.0,20.0,4,0.28,315,50,4503.0,68.043894,0.8,1.0,1,0,0,0,0,1,0,1,0,0,0,0,0,2,10.5,50.0
18333,40.37495,-3.62759,2,2.0,1.0,14.0,20.0,2,0.43,683,50,2382.0,49.659794,11.0,2.0,1,0,0,0,0,1,0,1,0,1,1,0,0,2,21.0,50.0
18334,40.36886,-3.76429,3,1.0,1.0,12.0,20.0,2,0.32,766,50,2287.0,47.008319,4.7,1.0,1,0,0,0,0,1,0,1,0,1,1,0,0,2,25.5,50.0
18335,40.46276,-3.74807,6,2.0,3.0,96.0,0.0,1,0.0,482,200,3555.0,63.451906,5.9,1.0,1,1,1,1,1,1,0,0,1,1,0,0,1,9,48.0,100.0
18336,40.39712,-3.69966,1,1.0,1.0,20.0,0.0,1,0.0,116,50,3917.0,55.025641,1.9,1.0,0,0,0,0,0,1,0,0,0,0,1,0,0,6,10.5,50.0
18337,40.4159,-3.6956,1,1.0,1.0,50.0,1.0,4,1.0,253,50,4503.0,68.043894,0.8,1.0,1,1,1,1,1,1,1,1,1,1,1,1,1,2,10.5,50.0
18338,40.41517,-3.70375,2,1.0,1.0,48.0,90.0,15,1.43,268,50,4503.0,68.043894,0.8,1.0,1,1,1,1,1,1,0,1,0,0,1,0,0,3,18.0,50.0
18339,40.4159,-3.6956,2,1.0,1.0,58.0,1.0,4,1.0,240,50,4503.0,68.043894,0.8,1.0,1,1,1,1,1,1,1,1,1,1,1,1,1,2,18.0,100.0
18340,40.44198,-3.67556,1,1.0,1.0,30.0,1.0,2,1.0,457,50,4508.0,67.220486,5.8,1.0,1,1,1,1,1,1,1,1,1,1,1,1,1,5,10.5,50.0
18341,40.4159,-3.6956,4,1.0,1.0,55.0,1.0,4,1.0,253,50,4503.0,68.043894,0.8,1.0,1,1,1,1,1,1,1,1,1,1,1,1,1,2,33.0,100.0
18342,40.44637,-3.7117,1,1.0,1.0,23.0,0.0,7,0.0,173,50,4855.0,64.056634,2.4,2.0,0,0,0,0,0,1,0,1,0,0,1,0,0,11,13.5,50.0
18343,40.43318,-3.67395,6,1.0,3.0,62.0,87.0,28,1.22,306,200,5328.0,74.694253,2.2,1.5,1,0,0,0,0,1,0,1,1,0,1,0,0,7,49.5,100.0
18344,40.41129,-3.70253,2,1.0,1.0,53.0,0.0,4,0.0,273,200,4503.0,68.043894,0.8,1.0,1,0,0,0,0,0,0,1,0,0,0,0,0,7,18.0,100.0
18345,40.42448,-3.70573,2,0.0,2.0,29.0,93.0,5,0.87,363,200,4503.0,68.043894,0.8,1.0,1,0,0,0,0,1,0,0,0,0,1,0,1,5,18.0,50.0
18346,40.42914,-3.70813,2,1.0,1.0,35.0,89.0,21,3.66,378,200,4503.0,68.043894,0.8,1.0,1,0,0,0,0,1,0,1,0,0,1,0,0,4,18.0,50.0
18347,40.42115,-3.67777,7,2.0,4.0,50.0,100.0,1,1.0,1098,200,4220.0,63.672727,3.2,1.0,1,0,0,0,0,0,0,0,1,0,0,0,1,2,55.5,50.0
18348,40.4058,-3.6669,2,1.0,2.0,24.0,93.0,4,1.05,160,50,4220.0,63.672727,3.2,1.0,1,0,0,0,0,1,0,1,0,0,0,0,0,5,18.0,50.0
18349,40.43328,-3.64808,1,0.0,1.0,25.0,0.0,1,0.0,334,50,2893.0,50.090625,6.5,1.0,0,1,1,1,1,1,0,0,0,0,0,0,0,10,10.5,50.0
18350,40.40262,-3.69782,4,1.0,1.0,50.0,0.0,2,0.0,129,200,3917.0,55.025641,1.9,1.0,1,0,0,0,0,0,1,1,0,0,0,0,0,2,33.0,50.0
18351,40.42005,-3.71068,4,1.0,1.0,96.0,40.0,7,0.28,174,200,4503.0,68.043894,0.8,1.0,1,0,0,0,0,1,0,1,0,0,1,0,0,8,33.0,100.0
18352,40.39901,-3.70272,2,1.0,1.0,19.0,70.0,22,0.48,140,50,3917.0,55.025641,1.9,1.0,0,0,0,0,0,1,0,0,0,0,0,0,0,2,18.0,50.0
18353,40.40518,-3.71026,3,1.0,1.0,39.0,100.0,1,0.28,328,200,3917.0,55.025641,1.9,1.0,1,0,0,0,0,1,0,1,0,0,1,0,0,2,25.5,50.0
18354,40.48588,-3.66665,2,1.0,1.0,55.0,100.0,4,1.82,510,200,3312.0,62.061453,9.2,1.5,1,1,1,1,1,1,1,1,1,1,1,1,1,7,19.5,100.0
18355,40.42714,-3.70518,3,2.0,2.0,107.0,100.0,2,1.33,233,200,4503.0,68.043894,0.8,2.0,1,0,0,0,0,1,0,1,0,1,1,0,0,2,28.5,150.0
18356,40.38816,-3.71708,3,2.0,3.0,165.0,0.0,24,0.0,214,200,2195.0,47.402837,6.6,2.0,1,0,0,0,0,1,1,1,0,0,1,0,0,6,28.5,200.0
18357,40.41393,-3.70155,2,1.0,1.0,18.0,55.0,27,1.62,201,50,4503.0,68.043894,0.8,1.0,0,0,0,0,0,1,0,1,0,0,0,0,0,2,18.0,50.0
18358,40.40856,-3.70883,2,1.0,1.0,32.0,67.0,18,0.82,189,200,4503.0,68.043894,0.8,1.5,1,0,0,0,0,1,0,0,0,0,1,0,0,8,19.5,50.0
18359,40.43361,-3.65369,8,3.0,5.0,89.0,97.0,11,1.98,751,200,2893.0,50.090625,6.5,3.0,1,0,0,0,0,1,0,1,0,0,1,0,1,9,69.0,100.0
18360,40.42335,-3.70967,6,2.0,2.0,126.0,100.0,7,0.6,151,200,4503.0,68.043894,0.8,1.5,1,0,0,0,0,1,0,1,0,0,0,0,0,8,49.5,150.0
18361,40.41393,-3.70082,2,1.0,1.0,92.0,0.0,3,0.0,109,200,4503.0,68.043894,0.8,1.0,1,0,0,0,0,1,0,1,0,0,0,0,0,2,18.0,100.0
18362,40.4226,-3.69743,2,0.0,1.0,42.0,50.0,5,0.52,257,200,4503.0,68.043894,0.8,1.0,1,0,0,0,0,1,0,1,0,0,0,0,0,3,18.0,50.0
18363,40.41393,-3.70082,2,1.0,1.0,101.0,0.0,3,0.0,332,200,4503.0,68.043894,0.8,1.0,1,0,0,0,0,1,0,1,0,0,0,0,1,2,18.0,150.0
18364,40.40154,-3.69049,2,1.0,1.0,21.0,0.0,5,0.0,350,50,3917.0,55.025641,1.9,1.0,0,0,0,0,0,1,0,0,0,0,0,0,0,2,18.0,50.0
18365,40.42708,-3.66083,4,1.0,2.0,90.0,0.0,3,0.0,212,200,5328.0,74.694253,2.2,1.0,1,0,0,0,0,1,0,1,0,0,0,0,0,8,33.0,100.0
18366,40.41393,-3.70082,4,2.0,2.0,111.0,0.0,3,0.0,109,200,4503.0,68.043894,0.8,2.0,1,0,0,0,0,1,0,1,0,0,0,0,0,2,36.0,150.0
18367,40.41136,-3.69693,2,1.0,2.0,22.0,100.0,1,1.57,82,50,4503.0,68.043894,0.8,1.0,0,0,0,0,0,1,0,0,0,0,0,0,0,2,18.0,50.0
18368,40.42216,-3.61511,4,3.0,3.0,59.0,0.0,1,0.0,276,200,2477.0,70.967532,7.3,1.5,1,0,0,0,0,1,0,1,0,0,1,0,0,5,34.5,100.0
18369,40.42335,-3.71013,5,2.0,3.0,125.0,100.0,6,1.03,557,200,4503.0,68.043894,0.8,2.0,1,0,0,0,0,1,1,1,0,0,1,0,0,6,43.5,150.0
18370,40.43793,-3.64547,1,1.0,1.0,22.0,100.0,2,0.25,220,50,2893.0,50.090625,6.5,1.0,1,1,1,1,1,1,1,1,1,1,1,1,1,2,10.5,50.0
18371,40.42385,-3.69986,2,1.0,2.0,59.0,0.0,1,0.0,139,200,4503.0,68.043894,0.8,1.0,1,0,0,0,0,0,0,0,0,0,1,0,0,2,18.0,100.0
18372,40.46834,-3.6651,2,0.0,1.0,50.0,100.0,1,1.1,359,200,2893.0,50.090625,6.5,1.0,1,0,0,0,0,1,0,1,0,0,1,0,0,2,18.0,50.0
18373,40.46343,-3.69118,4,1.0,2.0,120.0,0.0,1,0.0,167,200,3476.0,60.621287,5.9,1.0,1,0,0,0,0,1,0,0,0,0,1,0,0,6,33.0,150.0
18374,40.4443,-3.56595,2,1.0,1.0,33.0,0.0,5,0.0,142,50,2477.0,70.967532,7.3,1.0,0,1,1,1,1,1,0,0,0,0,0,0,0,2,18.0,50.0
18375,40.44611,-3.56659,2,1.0,1.0,33.0,100.0,5,1.0,142,50,2477.0,70.967532,7.3,0.0,0,1,1,1,1,1,0,0,0,0,0,0,0,2,15.0,50.0
18376,40.42811,-3.6274,2,1.0,1.0,20.0,1.0,1,1.0,69,50,2477.0,70.967532,7.3,1.0,1,1,1,1,1,1,1,1,1,1,1,1,1,4,18.0,50.0
18377,40.44445,-3.67946,3,3.0,3.0,60.0,100.0,10,0.63,135,200,4508.0,67.220486,5.8,1.0,1,0,0,0,0,1,0,0,0,0,1,0,0,2,25.5,100.0
18378,40.43508,-3.644,1,0.0,1.0,30.0,0.0,1,0.0,53,50,2893.0,50.090625,6.5,1.0,0,1,1,1,1,1,0,0,0,0,0,0,0,4,10.5,50.0
18379,40.416,-3.70831,2,1.0,1.0,66.0,100.0,67,1.62,460,200,4503.0,68.043894,0.8,1.0,1,0,0,0,0,1,0,1,0,0,1,0,0,7,18.0,100.0
18380,40.39422,-3.73478,2,1.0,1.0,20.0,1.0,1,1.0,219,50,2195.0,47.402837,6.6,1.0,1,1,1,1,1,1,1,1,1,1,1,1,1,2,18.0,50.0
18381,40.42159,-3.70868,3,0.0,2.0,68.0,95.0,1,1.2,290,200,4503.0,68.043894,0.8,1.0,1,0,0,0,0,1,0,1,1,0,1,0,0,7,25.5,100.0
18382,40.34621,-3.71597,1,1.0,1.0,28.0,0.0,1,0.0,243,50,1696.0,37.641618,9.0,2.0,0,0,0,0,0,1,0,1,1,0,0,0,0,2,13.5,50.0
18383,40.47552,-3.71505,4,1.0,1.0,52.0,96.0,1,1.27,465,200,3545.0,57.198083,16.4,1.0,1,1,1,1,1,1,1,1,1,1,1,1,1,5,33.0,100.0
18384,40.36913,-3.69727,1,1.0,2.0,13.0,0.0,9,0.0,125,50,2316.0,43.910072,4.6,1.0,0,0,0,0,0,1,0,0,0,0,1,0,0,4,10.5,50.0
18385,40.40812,-3.70014,2,1.0,1.0,26.0,0.0,1,0.0,148,50,4503.0,68.043894,0.8,1.0,0,0,0,0,0,1,0,1,1,0,1,0,0,3,18.0,50.0
18386,40.34126,-3.71206,1,1.0,1.0,20.0,0.0,1,0.0,98,50,1696.0,37.641618,9.0,1.0,0,1,1,1,1,1,0,1,0,0,0,0,0,2,10.5,50.0
18387,40.41272,-3.71057,3,2.0,2.0,60.0,0.0,20,0.0,545,200,4503.0,68.043894,0.8,1.0,1,0,0,0,0,1,0,1,0,0,1,0,0,9,25.5,100.0
18388,40.42988,-3.70096,12,5.0,7.0,859.0,0.0,113,0.0,284,200,4855.0,64.056634,2.4,5.0,1,0,0,0,0,1,0,1,1,0,0,0,1,7,105.0,200.0
18389,40.42429,-3.71582,1,1.0,1.0,34.0,0.0,1,0.0,285,200,3555.0,63.451906,5.9,1.0,1,0,0,0,0,1,0,1,0,0,1,0,0,2,10.5,50.0
18390,40.42798,-3.70475,4,2.0,2.0,85.0,0.0,1,0.0,283,200,4503.0,68.043894,0.8,2.0,1,0,0,0,0,0,0,0,0,0,0,0,0,3,36.0,100.0
18391,40.40899,-3.70258,4,1.0,2.0,60.0,100.0,2,0.34,371,200,4503.0,68.043894,0.8,1.0,1,0,0,0,0,1,0,0,0,0,0,0,0,3,33.0,100.0
18392,40.41117,-3.70112,4,1.0,2.0,60.0,0.0,2,0.0,476,200,4503.0,68.043894,0.8,1.0,1,1,1,1,1,1,0,0,0,0,1,0,1,3,33.0,100.0
18393,40.40801,-3.70364,2,1.0,1.0,45.0,0.0,2,0.0,435,200,4503.0,68.043894,0.8,1.0,1,0,0,0,0,1,0,0,0,0,0,0,1,8,18.0,50.0
18394,40.42675,-3.71024,1,1.0,1.0,18.0,0.0,1,0.0,174,50,4503.0,68.043894,0.8,1.0,0,0,0,0,0,1,0,1,0,0,1,0,0,9,10.5,50.0
18395,40.4293,-3.6641,1,0.0,1.0,30.0,0.0,4,0.0,365,200,5328.0,74.694253,2.2,1.5,1,0,0,0,0,0,0,1,0,0,1,0,0,2,12.0,50.0
18396,40.42259,-3.70026,5,1.0,3.0,60.0,0.0,4,0.0,211,200,4503.0,68.043894,0.8,1.0,1,0,0,0,0,1,0,1,0,0,1,0,0,2,40.5,100.0
18397,40.43271,-3.67163,2,1.0,2.0,62.0,0.0,8,0.0,351,200,5328.0,74.694253,2.2,1.0,1,0,0,0,0,1,0,1,0,0,0,0,0,2,18.0,100.0
18398,40.42215,-3.68426,2,1.0,2.0,68.0,87.0,88,1.68,377,200,5328.0,74.694253,2.2,1.0,1,0,0,0,0,1,0,1,0,0,1,1,0,6,18.0,100.0
18399,40.42659,-3.66929,4,2.0,2.0,48.0,0.0,1,0.0,537,200,5328.0,74.694253,2.2,1.0,1,0,0,0,0,0,0,1,0,0,1,1,0,2,33.0,50.0
18402,40.38525,-3.73389,2,0.0,2.0,59.0,100.0,7,1.25,261,200,2195.0,47.402837,6.6,1.0,1,0,0,0,0,1,0,1,0,1,1,0,0,7,18.0,100.0
18403,40.42755,-3.65063,2,1.0,1.0,18.0,0.0,1,0.0,141,50,2893.0,50.090625,6.5,1.0,0,1,1,1,1,1,0,0,1,0,0,0,0,2,18.0,50.0
18404,40.38557,-3.73213,2,0.0,2.0,46.0,100.0,7,2.0,241,200,2195.0,47.402837,6.6,1.0,1,0,0,0,0,1,0,1,0,0,1,0,0,7,18.0,50.0
18405,40.42216,-3.70178,4,1.0,2.0,40.0,97.0,2,2.47,309,200,4503.0,68.043894,0.8,1.0,1,0,0,0,0,1,0,1,0,0,0,0,0,2,33.0,50.0
18406,40.44255,-3.67904,2,1.0,1.0,30.0,100.0,10,0.55,115,200,4508.0,67.220486,5.8,1.0,1,0,0,0,0,1,0,0,0,0,1,0,0,2,18.0,50.0
18407,40.40795,-3.71381,3,1.0,2.0,64.0,100.0,1,1.0,424,200,4503.0,68.043894,0.8,1.0,1,0,0,0,0,0,0,0,0,1,1,0,0,8,25.5,100.0
18408,40.40992,-3.71011,2,1.0,1.0,34.0,60.0,18,0.39,175,200,4503.0,68.043894,0.8,1.5,1,1,1,1,1,1,0,0,0,0,1,0,0,8,19.5,50.0
18409,40.42723,-3.6202,1,1.0,1.0,20.0,100.0,1,0.74,307,50,2477.0,70.967532,7.3,1.0,0,0,0,0,0,1,0,0,0,0,0,0,1,2,10.5,50.0
18410,40.44166,-3.67872,2,1.0,1.0,70.0,0.0,1,0.0,164,200,4508.0,67.220486,5.8,1.0,1,0,0,0,0,0,0,1,0,0,1,0,0,2,18.0,100.0
18412,40.41485,-3.70042,2,1.0,3.0,25.0,80.0,29,0.44,240,50,4503.0,68.043894,0.8,0.0,0,1,1,1,1,1,0,0,0,0,0,0,0,4,15.0,50.0
18413,40.40987,-3.71307,2,1.0,1.0,38.0,67.0,18,0.78,215,200,4503.0,68.043894,0.8,1.5,1,1,1,1,1,1,0,0,0,0,1,0,0,8,19.5,50.0
18414,40.41915,-3.70722,2,1.0,1.0,18.0,85.0,29,3.19,103,50,4503.0,68.043894,0.8,2.0,0,0,0,0,0,0,0,0,0,0,0,0,0,3,21.0,50.0
18415,40.44081,-3.70665,4,0.0,3.0,30.0,70.0,11,1.3,62,200,4855.0,64.056634,2.4,1.0,1,0,0,0,0,1,0,0,0,0,0,0,0,2,33.0,50.0
18416,40.40388,-3.69224,3,1.0,2.0,60.0,0.0,1,0.0,634,200,3917.0,55.025641,1.9,1.5,1,0,0,0,0,1,0,1,0,0,1,0,1,8,27.0,100.0
18417,40.50708,-3.67199,4,2.0,3.0,98.0,90.0,1,0.56,464,200,3545.0,57.198083,16.4,2.0,1,0,0,0,0,0,1,1,0,0,1,0,0,5,36.0,100.0
18418,40.393,-3.65635,2,0.0,1.0,38.0,100.0,3,1.0,472,200,1890.0,41.443535,5.0,1.0,1,0,0,0,0,1,0,1,0,0,0,0,0,4,18.0,50.0
18419,40.39036,-3.67221,2,0.0,2.0,31.0,100.0,2,0.29,129,200,1890.0,41.443535,5.0,1.0,1,0,0,0,0,1,0,0,0,0,0,0,0,4,18.0,50.0
18420,40.47334,-3.63795,1,1.0,1.0,35.0,0.0,1,0.0,91,50,3312.0,62.061453,9.2,1.0,0,1,1,1,1,1,0,0,0,0,0,0,0,8,10.5,50.0
18421,40.48509,-3.69793,1,1.0,2.0,20.0,0.0,1,0.0,502,50,3545.0,57.198083,16.4,1.5,1,0,0,0,0,1,0,0,0,1,1,0,0,7,12.0,50.0
18422,40.42502,-3.66564,1,1.0,2.0,289.0,0.0,1,0.0,249,200,5328.0,74.694253,2.2,1.0,1,0,0,0,0,1,1,0,0,0,1,0,0,5,10.5,200.0
18423,40.40561,-3.7421,2,1.0,1.0,15.0,0.0,1,0.0,649,50,2287.0,47.008319,4.7,1.0,0,1,1,1,1,1,0,0,0,1,1,0,0,3,18.0,50.0
18424,40.41123,-3.7333,2,2.0,2.0,50.0,0.0,10,0.0,169,200,2287.0,47.008319,4.7,1.0,1,0,0,0,0,1,0,1,0,0,1,0,0,2,18.0,50.0
18425,40.41826,-3.7075,2,1.0,1.0,18.0,76.0,29,2.21,120,50,4503.0,68.043894,0.8,2.0,0,0,0,0,0,0,0,0,0,0,0,0,0,3,21.0,50.0
18427,40.41974,-3.70888,2,1.0,1.0,18.0,0.0,29,0.0,111,50,4503.0,68.043894,0.8,2.0,0,0,0,0,0,1,0,0,0,0,0,0,0,3,21.0,50.0
18428,40.4197,-3.70683,1,1.0,1.0,16.0,90.0,29,1.96,128,50,4503.0,68.043894,0.8,2.0,0,0,0,0,0,1,0,0,0,0,0,0,0,3,13.5,50.0
18429,40.4193,-3.70251,4,1.0,2.0,47.0,100.0,2,1.17,312,200,4503.0,68.043894,0.8,1.0,1,0,0,0,0,1,0,1,0,0,0,0,0,2,33.0,50.0
18430,40.39966,-3.66821,4,2.0,4.0,35.0,100.0,2,4.39,1114,200,4220.0,63.672727,3.2,1.5,1,0,0,0,0,0,0,1,0,1,0,0,1,6,34.5,50.0
18431,40.42982,-3.65631,1,1.0,1.0,35.0,0.0,2,0.0,170,50,2893.0,50.090625,6.5,0.0,0,1,1,1,1,1,0,0,1,0,0,0,0,3,7.5,50.0
18432,40.40709,-3.71144,1,1.0,1.0,20.0,100.0,1,0.33,459,50,4503.0,68.043894,0.8,1.5,0,0,0,0,0,1,0,1,0,1,1,0,0,8,12.0,50.0
18433,40.40715,-3.73818,6,3.0,3.0,120.0,0.0,9,0.0,168,200,2287.0,47.008319,4.7,3.0,1,0,0,0,0,1,0,0,0,0,0,0,0,2,54.0,150.0
18434,40.42883,-3.70186,6,3.0,3.0,159.0,100.0,59,1.15,381,200,4503.0,68.043894,0.8,2.0,1,0,0,0,0,1,0,0,0,1,1,0,0,7,51.0,200.0
18435,40.45376,-3.70029,8,3.0,3.0,125.0,0.0,8,0.0,180,200,3476.0,60.621287,5.9,3.0,1,0,0,0,0,1,0,1,0,0,1,0,0,4,69.0,150.0
18436,40.42053,-3.70366,4,1.0,2.0,95.0,100.0,12,1.01,456,200,4503.0,68.043894,0.8,1.0,1,0,0,0,0,1,0,1,0,0,0,1,0,2,33.0,100.0
18438,40.42235,-3.70596,7,2.0,3.0,81.0,0.0,4,0.0,223,200,4503.0,68.043894,0.8,2.0,1,0,0,0,0,1,0,1,0,0,1,0,0,2,58.5,100.0
18439,40.41538,-3.70646,2,0.0,1.0,45.0,100.0,15,2.0,360,200,4503.0,68.043894,0.8,1.0,1,0,0,0,0,1,0,0,0,0,1,0,0,3,18.0,50.0
18440,40.4211,-3.71166,4,1.0,2.0,33.0,100.0,1,1.25,662,50,4503.0,68.043894,0.8,1.0,1,0,0,0,0,1,0,0,0,0,0,0,0,10,33.0,50.0
18441,40.43144,-3.71276,1,1.0,2.0,35.0,0.0,21,0.0,203,200,4855.0,64.056634,2.4,1.0,1,0,0,0,0,1,0,1,0,0,1,0,0,4,10.5,50.0
18443,40.40083,-3.63879,1,1.0,1.0,50.0,0.0,1,0.0,140,50,2547.0,45.581197,5.0,1.5,0,1,1,1,1,1,0,1,0,0,0,0,0,2,12.0,50.0
18444,40.4209,-3.68818,2,1.0,2.0,50.0,0.0,12,0.0,528,200,5328.0,74.694253,2.2,1.0,1,0,0,0,0,1,0,1,1,0,1,1,0,9,18.0,50.0
18445,40.41193,-3.70677,8,4.0,4.0,445.0,0.0,1,0.0,48,200,4503.0,68.043894,0.8,4.0,1,0,0,0,1,0,0,0,0,0,0,0,0,7,72.0,200.0
18446,40.41738,-3.69488,2,1.0,3.0,33.0,0.0,5,0.0,308,200,4503.0,68.043894,0.8,1.0,1,1,1,1,1,1,0,1,1,0,1,0,0,6,18.0,50.0
18447,40.41855,-3.70897,2,1.0,1.0,80.0,0.0,8,0.0,479,50,4503.0,68.043894,0.8,1.0,1,0,0,0,0,1,0,1,0,0,0,1,1,3,18.0,100.0
18448,40.41835,-3.69957,2,1.0,2.0,25.0,0.0,3,0.0,65,50,4503.0,68.043894,0.8,1.0,0,0,0,0,0,1,0,0,0,0,0,0,0,3,18.0,50.0
18449,40.42523,-3.70405,4,1.0,2.0,46.0,97.0,4,1.67,247,200,4503.0,68.043894,0.8,1.0,1,0,0,0,0,1,0,1,0,0,1,0,0,2,33.0,50.0
18450,40.42576,-3.70383,3,1.0,2.0,93.0,0.0,1,0.0,188,200,4503.0,68.043894,0.8,1.0,1,0,0,0,0,1,0,1,0,0,1,0,0,7,25.5,100.0
18451,40.385,-3.60505,1,1.0,1.0,20.0,100.0,1,0.63,425,50,2382.0,49.659794,11.0,1.5,0,0,0,0,0,1,0,0,0,1,0,0,0,3,12.0,50.0
18452,40.42041,-3.70153,2,1.0,1.0,35.0,100.0,3,0.27,76,50,4503.0,68.043894,0.8,1.0,0,0,0,0,0,1,0,0,0,0,0,0,0,3,18.0,50.0
18453,40.41935,-3.70138,6,2.0,3.0,69.0,0.0,3,0.0,95,200,4503.0,68.043894,0.8,1.0,1,0,0,0,0,1,0,0,0,0,0,0,0,3,48.0,100.0
18454,40.41328,-3.69376,1,1.0,1.0,35.0,90.0,1,1.25,229,200,4503.0,68.043894,0.8,1.0,1,0,0,0,0,1,0,0,0,0,1,0,0,3,10.5,50.0
18455,40.43213,-3.71904,6,1.0,3.0,80.0,100.0,2,0.87,707,200,3555.0,63.451906,5.9,1.0,1,0,0,0,0,1,0,1,0,0,1,0,0,3,48.0,100.0
18456,40.40941,-3.71065,6,3.0,3.0,160.0,0.0,2,0.0,235,50,4503.0,68.043894,0.8,2.0,0,0,0,0,0,1,0,0,0,0,1,0,0,3,51.0,200.0
18457,40.46682,-3.63336,3,2.0,2.0,50.0,0.0,1,0.0,118,50,3312.0,62.061453,9.2,1.0,0,0,0,0,0,1,0,1,0,0,0,0,0,3,25.5,50.0
18458,40.40889,-3.69271,3,1.0,2.0,73.0,100.0,12,1.43,190,50,4503.0,68.043894,0.8,1.0,0,0,0,0,0,1,0,1,0,0,1,0,0,2,25.5,100.0
18459,40.4266,-3.70095,10,6.0,6.0,500.0,0.0,25,0.0,228,200,4503.0,68.043894,0.8,6.5,1,0,0,0,0,1,0,1,0,0,1,0,0,3,94.5,200.0
18460,40.41089,-3.675,6,3.0,4.0,320.0,0.0,1,0.0,378,200,4220.0,63.672727,3.2,2.5,1,0,0,0,0,1,0,1,0,0,0,0,0,2,52.5,200.0
18462,40.43233,-3.64255,4,2.0,4.0,51.0,85.0,32,2.26,184,200,2893.0,50.090625,6.5,1.0,1,0,0,0,0,1,0,1,0,0,0,0,0,9,33.0,100.0
18463,40.41123,-3.70966,2,1.0,1.0,36.0,69.0,18,2.33,215,200,4503.0,68.043894,0.8,1.5,1,1,1,1,1,1,0,0,0,0,1,0,0,8,19.5,50.0
18464,40.39336,-3.73499,3,2.0,2.0,20.0,0.0,1,0.0,134,50,2195.0,47.402837,6.6,1.0,1,0,0,0,0,1,0,0,0,0,1,0,0,2,25.5,50.0
18465,40.42238,-3.70664,2,1.0,1.0,22.0,97.0,2,1.73,573,50,4503.0,68.043894,0.8,1.0,0,0,0,0,0,0,0,0,0,0,0,0,0,2,18.0,50.0
18467,40.42334,-3.71002,4,2.0,3.0,90.0,100.0,1,0.58,260,200,4503.0,68.043894,0.8,2.0,1,0,0,0,0,1,1,1,0,0,1,0,0,4,36.0,100.0
18468,40.43132,-3.68563,4,2.0,2.0,550.0,0.0,2,0.0,278,200,5328.0,74.694253,2.2,2.0,1,0,0,0,0,1,0,1,0,0,0,0,0,6,36.0,200.0
18469,40.39964,-3.60553,1,1.0,1.0,15.0,0.0,1,0.0,123,50,2246.0,55.472222,11.2,1.0,0,0,0,0,0,1,0,0,0,0,1,0,0,3,10.5,50.0
18470,40.39284,-3.72682,2,1.0,2.0,42.0,0.0,21,0.0,466,200,2195.0,47.402837,6.6,1.0,1,0,0,0,0,1,0,1,1,0,1,0,0,7,18.0,50.0
18471,40.48362,-3.7246,1,1.0,1.0,24.0,0.0,1,0.0,373,50,3545.0,57.198083,16.4,1.0,0,1,1,1,1,1,0,0,0,1,0,0,0,7,10.5,50.0
18472,40.39464,-3.66496,2,1.0,1.0,57.0,100.0,5,1.44,270,200,1890.0,41.443535,5.0,1.0,1,0,0,0,0,1,0,1,0,0,1,0,0,3,18.0,100.0
18473,40.41312,-3.70871,2,1.0,1.0,66.0,100.0,3,1.0,162,50,4503.0,68.043894,0.8,1.0,1,0,0,0,0,1,0,1,0,0,1,0,0,2,18.0,100.0
18474,40.45831,-3.69891,6,2.0,3.0,51.0,0.0,7,0.0,655,200,3476.0,60.621287,5.9,1.0,1,0,0,0,0,1,0,1,0,1,1,1,0,9,48.0,100.0
18475,40.38812,-3.72002,2,1.0,1.0,23.0,1.0,1,1.0,82,50,2195.0,47.402837,6.6,1.5,1,1,1,1,1,1,1,1,1,1,1,1,1,2,19.5,50.0
18477,40.47147,-3.82238,2,1.0,1.0,50.0,80.0,1,0.33,181,50,3555.0,63.451906,5.9,1.0,0,0,0,0,0,1,1,1,0,0,0,0,0,8,18.0,50.0
18478,40.41504,-3.70988,2,1.0,2.0,43.0,98.0,9,10.19,336,200,4503.0,68.043894,0.8,1.0,1,0,0,0,0,1,0,1,0,1,0,0,0,7,18.0,50.0
18479,40.41455,-3.71026,3,0.0,3.0,37.0,93.0,9,5.31,338,200,4503.0,68.043894,0.8,1.0,1,0,0,0,0,1,0,1,0,1,0,0,0,7,25.5,50.0
18480,40.41456,-3.70863,3,0.0,3.0,42.0,98.0,9,6.99,324,200,4503.0,68.043894,0.8,1.0,1,0,0,0,0,1,0,1,0,0,0,0,0,5,25.5,50.0
18481,40.41594,-3.71035,3,0.0,3.0,36.0,91.0,11,5.45,313,200,4503.0,68.043894,0.8,1.0,1,0,0,0,0,1,0,1,0,0,0,0,0,5,25.5,50.0
18482,40.41544,-3.71033,3,0.0,3.0,41.0,98.0,11,5.09,368,200,4503.0,68.043894,0.8,1.0,1,0,0,0,0,1,0,1,0,0,0,0,0,5,25.5,50.0
18483,40.4096,-3.70297,2,1.0,1.0,55.0,93.0,1,1.17,296,200,4503.0,68.043894,0.8,1.0,1,0,0,0,0,1,0,1,0,1,1,0,0,2,18.0,100.0
18484,40.47707,-3.68338,2,1.0,1.0,39.0,20.0,1,0.29,341,50,4508.0,67.220486,5.8,1.5,0,1,1,1,1,1,0,0,0,0,0,0,0,2,19.5,50.0
18485,40.38502,-3.73668,1,1.0,1.0,30.0,0.0,1,0.0,166,50,2195.0,47.402837,6.6,1.5,0,1,1,1,1,1,0,0,1,0,0,0,0,6,12.0,50.0
18486,40.47207,-3.71221,3,2.0,2.0,26.0,0.0,2,0.0,277,50,3545.0,57.198083,16.4,0.0,0,1,1,1,1,1,0,1,1,0,1,0,0,9,22.5,50.0
18487,40.40654,-3.70495,4,0.0,2.0,63.0,100.0,3,1.91,260,200,4503.0,68.043894,0.8,1.0,1,0,0,0,0,0,0,1,1,0,0,0,0,2,33.0,100.0
18488,40.38512,-3.73438,1,1.0,1.0,30.0,0.0,1,0.0,425,50,2195.0,47.402837,6.6,1.5,0,1,1,1,1,1,0,0,1,0,0,0,0,2,12.0,50.0
18489,40.40935,-3.71404,4,2.0,2.0,219.0,0.0,1,0.0,279,200,4503.0,68.043894,0.8,1.0,1,0,0,0,0,1,0,1,0,0,1,0,0,5,33.0,200.0
18490,40.41011,-3.70673,2,0.0,1.0,51.0,100.0,1,1.15,381,200,4503.0,68.043894,0.8,1.0,1,0,0,0,0,1,0,1,1,0,0,0,0,4,18.0,100.0
18491,40.44444,-3.70048,3,1.0,2.0,16.0,0.0,1,0.0,142,50,4855.0,64.056634,2.4,1.0,0,0,0,0,0,1,0,0,0,0,1,0,0,3,25.5,50.0
18492,40.42696,-3.70378,2,0.0,1.0,76.0,100.0,5,0.64,405,200,4503.0,68.043894,0.8,1.0,1,0,0,0,0,1,0,1,1,0,0,0,0,2,18.0,100.0
18493,40.42669,-3.7017,3,1.0,2.0,110.0,100.0,5,0.36,425,200,4503.0,68.043894,0.8,1.0,1,0,0,0,0,1,0,1,1,1,0,0,0,2,25.5,150.0
18494,40.42797,-3.70156,3,1.0,2.0,110.0,96.0,5,1.79,405,200,4503.0,68.043894,0.8,1.0,1,0,0,0,0,1,0,1,1,0,0,0,0,2,25.5,150.0
18495,40.42648,-3.70248,5,1.0,3.0,118.0,96.0,5,1.7,425,200,4503.0,68.043894,0.8,2.0,1,0,0,0,0,1,0,1,1,1,0,0,0,2,43.5,150.0
18496,40.42826,-3.70244,5,2.0,4.0,111.0,98.0,5,3.53,384,200,4503.0,68.043894,0.8,2.0,1,0,0,0,0,1,0,1,1,0,0,0,0,2,43.5,150.0
18497,40.42334,-3.70009,2,1.0,2.0,30.0,80.0,3,1.0,177,50,4503.0,68.043894,0.8,1.5,0,0,0,0,0,1,0,1,0,0,0,0,0,2,19.5,50.0
18498,40.40968,-3.7116,2,1.0,1.0,30.0,80.0,1,0.36,122,200,4503.0,68.043894,0.8,1.0,1,0,0,0,0,0,0,0,0,0,0,0,0,7,18.0,50.0
18499,40.4092,-3.70101,3,1.0,2.0,130.0,0.0,2,0.0,233,200,4503.0,68.043894,0.8,1.0,1,0,0,0,0,1,0,0,0,0,1,0,0,0,25.5,150.0
18500,40.41122,-3.70544,3,1.0,2.0,65.0,0.0,1,0.0,327,200,4503.0,68.043894,0.8,1.0,1,0,0,0,0,1,0,0,0,0,0,0,1,2,25.5,100.0
18501,40.40899,-3.70944,2,1.0,1.0,37.0,60.0,18,1.88,190,200,4503.0,68.043894,0.8,1.5,1,0,0,0,0,1,0,0,0,0,1,0,0,8,19.5,50.0
18502,40.41933,-3.7014,2,0.0,1.0,39.0,100.0,1,1.0,292,200,4503.0,68.043894,0.8,1.0,1,1,1,1,1,1,0,1,1,0,0,1,0,7,18.0,50.0
18503,40.43197,-3.68088,4,2.0,3.0,74.0,60.0,14,0.55,443,200,5328.0,74.694253,2.2,2.0,1,0,0,0,0,1,0,1,0,0,0,1,0,3,36.0,100.0
18504,40.41977,-3.70578,5,2.0,3.0,316.0,0.0,2,0.0,329,200,4503.0,68.043894,0.8,2.0,1,0,0,0,0,1,0,1,0,0,1,0,0,5,43.5,200.0
18505,40.41487,-3.69725,2,1.0,1.0,32.0,90.0,5,1.25,122,200,4503.0,68.043894,0.8,1.0,1,0,0,0,0,1,0,0,0,0,0,0,0,3,18.0,50.0
18506,40.4407,-3.67359,4,2.0,2.0,120.0,0.0,45,0.0,572,200,4508.0,67.220486,5.8,2.0,1,0,0,0,0,0,0,1,0,0,1,0,1,4,36.0,150.0
18507,40.41024,-3.70814,3,0.0,2.0,130.0,0.0,2,0.0,259,200,4503.0,68.043894,0.8,1.0,1,0,0,0,0,1,0,1,0,0,1,0,0,0,25.5,150.0
18508,40.42158,-3.70428,1,1.0,1.0,35.0,0.0,1,0.0,103,50,4503.0,68.043894,0.8,1.0,0,1,1,1,1,1,0,0,0,0,0,0,0,4,10.5,50.0
18509,40.47212,-3.66024,2,2.0,1.0,46.0,0.0,8,0.0,173,200,3312.0,62.061453,9.2,1.0,1,0,0,0,0,1,0,1,0,0,1,0,0,0,18.0,50.0
18510,40.41664,-3.70397,3,1.0,2.0,111.0,0.0,1,0.0,314,200,4503.0,68.043894,0.8,1.0,1,0,0,0,0,1,0,1,0,0,1,0,0,5,25.5,150.0
18511,40.42191,-3.70201,10,8.0,10.0,247.0,100.0,12,0.87,558,200,4503.0,68.043894,0.8,4.0,1,0,0,0,0,1,0,1,0,0,1,0,0,7,87.0,200.0
18512,40.41317,-3.70053,5,2.0,3.0,161.0,0.0,2,0.0,604,200,4503.0,68.043894,0.8,2.0,1,0,0,0,0,1,0,1,0,0,1,1,0,4,43.5,200.0
18513,40.42546,-3.71086,2,1.0,1.0,20.0,0.0,1,0.0,152,50,4503.0,68.043894,0.8,1.0,0,1,1,1,1,1,0,1,0,0,0,0,0,4,18.0,50.0
18514,40.41196,-3.70735,1,0.0,1.0,20.0,0.0,1,0.0,140,50,4503.0,68.043894,0.8,1.0,0,1,1,1,1,1,0,0,0,0,0,0,0,7,10.5,50.0
18515,40.3767,-3.62799,1,1.0,1.0,10.0,0.0,1,0.0,229,50,2382.0,49.659794,11.0,1.0,0,1,1,1,1,1,0,0,0,1,1,0,0,2,10.5,50.0
18516,40.47961,-3.65945,1,1.0,1.0,30.0,0.0,1,0.0,245,50,3312.0,62.061453,9.2,1.0,1,1,1,1,1,1,0,0,0,1,0,0,0,2,10.5,50.0
18517,40.4095,-3.71461,2,1.0,1.0,66.0,100.0,25,0.45,181,200,4503.0,68.043894,0.8,1.0,1,0,0,0,0,1,0,1,0,0,1,0,0,9,18.0,100.0
18518,40.42119,-3.6161,2,1.0,1.0,15.0,0.0,1,0.0,139,50,2477.0,70.967532,7.3,1.0,0,0,0,0,0,1,0,0,0,0,0,0,0,7,18.0,50.0
18519,40.46175,-3.70325,2,1.0,1.0,40.0,0.0,1,0.0,205,50,3476.0,60.621287,5.9,2.0,1,0,0,0,0,1,1,0,0,0,1,0,0,2,21.0,50.0
18520,40.40978,-3.69362,4,2.0,2.0,65.0,0.0,1,0.0,453,200,4503.0,68.043894,0.8,2.0,1,0,0,0,0,1,0,0,0,0,0,0,0,8,36.0,100.0
18521,40.41552,-3.67111,6,3.0,3.0,200.0,0.0,1,0.0,237,200,4220.0,63.672727,3.2,2.0,1,0,0,0,0,1,0,1,0,0,1,0,0,9,51.0,200.0
18522,40.43608,-3.71254,1,1.0,1.0,50.0,0.0,1,0.0,208,200,4855.0,64.056634,2.4,1.0,1,1,1,1,1,1,0,1,1,0,1,0,0,8,10.5,50.0
18523,40.42317,-3.69953,3,0.0,1.0,44.0,100.0,1,1.0,507,200,4503.0,68.043894,0.8,1.0,1,0,0,0,0,1,0,1,0,0,0,0,0,7,25.5,50.0
18524,40.40007,-3.65235,1,1.0,1.0,12.0,0.0,1,0.0,188,50,1890.0,41.443535,5.0,1.0,0,0,0,0,0,1,0,1,1,0,0,0,0,7,10.5,50.0
18525,40.42008,-3.7017,2,1.0,1.0,40.0,100.0,3,3.4,462,200,4503.0,68.043894,0.8,1.0,1,0,0,0,0,1,0,1,0,1,1,1,0,6,18.0,50.0
18526,40.39952,-3.70038,2,0.0,1.0,37.0,93.0,3,3.46,289,200,3917.0,55.025641,1.9,1.0,1,0,0,0,0,1,0,1,0,0,1,1,0,4,18.0,50.0
18527,40.39944,-3.70219,2,1.0,1.0,34.0,90.0,3,3.0,458,200,3917.0,55.025641,1.9,1.0,1,0,0,0,0,1,0,1,0,0,1,1,1,4,18.0,50.0
18528,40.39083,-3.72606,6,2.0,3.0,60.0,0.0,2,0.0,176,200,2195.0,47.402837,6.6,1.5,1,1,1,1,1,1,0,1,0,0,1,0,0,8,49.5,100.0
18529,40.39041,-3.72335,6,2.0,3.0,50.0,0.0,2,0.0,183,200,2195.0,47.402837,6.6,1.0,1,1,1,1,1,1,0,1,0,0,1,0,0,8,48.0,50.0
18530,40.45974,-3.68332,1,0.0,1.0,25.0,0.0,1,0.0,305,50,4508.0,67.220486,5.8,1.0,0,1,1,1,1,0,1,1,0,0,0,0,0,2,10.5,50.0
18531,40.46971,-3.70051,5,1.0,1.0,90.0,0.0,1,0.0,316,200,3476.0,60.621287,5.9,1.0,1,0,0,0,0,1,1,1,0,0,1,0,0,2,40.5,100.0
18532,40.42242,-3.70748,4,1.0,2.0,36.0,95.0,8,2.5,340,200,4503.0,68.043894,0.8,1.0,1,0,0,0,0,1,0,0,0,1,1,0,0,0,33.0,50.0
18533,40.41118,-3.70832,6,3.0,5.0,119.0,0.0,20,0.0,211,200,4503.0,68.043894,0.8,2.0,1,0,0,0,0,1,0,1,0,0,0,0,0,9,51.0,150.0
18534,40.47776,-3.71576,2,1.0,1.0,59.0,100.0,5,0.63,390,200,3545.0,57.198083,16.4,1.0,1,0,0,0,0,1,0,1,0,0,0,0,1,5,18.0,100.0
18535,40.4098,-3.71093,2,1.0,1.0,38.0,100.0,18,0.81,289,200,4503.0,68.043894,0.8,1.5,1,1,1,1,1,1,0,0,0,0,1,0,0,8,19.5,50.0
18536,40.43508,-3.67217,2,1.0,2.0,62.0,100.0,8,1.0,364,200,5328.0,74.694253,2.2,1.0,1,0,0,0,0,1,0,1,0,0,0,0,0,2,18.0,100.0
18537,40.4092,-3.70852,6,3.0,5.0,129.0,0.0,20,0.0,201,200,4503.0,68.043894,0.8,2.0,1,0,0,0,0,1,0,1,0,0,0,0,0,9,51.0,150.0
18539,40.4321,-3.65447,2,1.0,1.0,20.0,90.0,1,2.02,135,50,2893.0,50.090625,6.5,1.0,0,0,0,0,0,0,0,1,0,0,0,0,0,1,18.0,50.0
18540,40.4254,-3.70736,6,2.0,2.0,173.0,0.0,7,0.0,191,200,4503.0,68.043894,0.8,2.0,1,0,0,0,0,0,0,1,0,0,1,0,0,11,51.0,200.0
18541,40.42663,-3.66575,1,1.0,2.0,22.0,80.0,1,0.46,164,50,5328.0,74.694253,2.2,1.5,0,0,0,0,0,1,0,0,0,0,1,0,0,3,12.0,50.0
18542,40.42339,-3.70396,3,1.0,2.0,52.0,60.0,1,0.31,557,200,4503.0,68.043894,0.8,1.0,1,0,0,0,0,1,0,1,0,1,1,0,1,6,25.5,100.0
18543,40.44695,-3.64646,2,0.0,1.0,40.0,100.0,15,1.14,329,200,2893.0,50.090625,6.5,1.0,1,0,0,0,0,1,0,0,1,0,1,0,0,3,18.0,50.0
18544,40.43069,-3.71394,1,1.0,1.0,20.0,76.0,2,1.7,619,50,4855.0,64.056634,2.4,1.5,1,1,1,1,1,1,1,1,1,1,1,1,1,7,12.0,50.0
18545,40.46036,-3.70411,2,1.0,1.0,50.0,0.0,1,0.0,236,200,3476.0,60.621287,5.9,1.0,1,0,0,0,0,1,0,1,0,0,1,0,0,9,18.0,50.0
18546,40.35319,-3.68541,2,1.0,1.0,30.0,100.0,2,0.57,114,50,1696.0,37.641618,9.0,0.0,0,1,1,1,1,1,0,1,0,0,0,0,0,5,15.0,50.0
18547,40.40918,-3.65322,4,1.0,1.0,40.0,0.0,3,0.0,196,200,2547.0,45.581197,5.0,1.0,1,0,0,0,0,1,0,1,0,0,1,0,0,7,33.0,50.0
18548,40.43398,-3.64916,1,1.0,1.0,14.0,0.0,2,0.0,113,50,2893.0,50.090625,6.5,1.0,1,1,1,1,1,1,0,0,0,0,1,0,0,2,10.5,50.0
18549,40.4079,-3.69981,2,1.0,1.0,60.0,0.0,1,0.0,154,50,4503.0,68.043894,0.8,1.0,0,1,1,1,1,1,0,0,0,0,0,0,0,4,18.0,100.0
18550,40.42242,-3.70748,6,2.0,6.0,50.0,87.0,8,2.57,252,200,4503.0,68.043894,0.8,1.0,1,0,0,0,0,1,0,0,0,0,1,0,0,0,48.0,50.0
18551,40.38258,-3.6705,6,2.0,5.0,82.0,100.0,3,1.0,207,200,1890.0,41.443535,5.0,1.0,1,0,0,0,0,1,0,1,0,0,1,0,0,3,48.0,100.0
18552,40.4249,-3.65099,1,1.0,2.0,19.0,0.0,1,0.0,127,50,2893.0,50.090625,6.5,1.0,0,0,0,0,0,1,0,0,0,0,1,0,0,4,10.5,50.0
18553,40.40802,-3.70451,4,2.0,2.0,40.0,60.0,27,2.78,200,200,4503.0,68.043894,0.8,1.0,1,0,0,0,0,1,0,1,0,0,1,0,0,2,33.0,50.0
18554,40.41218,-3.70706,1,1.0,2.0,600.0,0.0,1,0.0,150,50,4503.0,68.043894,0.8,1.0,0,0,0,0,0,1,0,1,0,0,1,0,0,5,10.5,200.0
18555,40.40566,-3.7356,2,1.0,1.0,60.0,1.0,1,1.0,397,50,2287.0,47.008319,4.7,1.0,1,1,1,1,1,1,1,1,1,1,1,1,1,1,18.0,100.0
18556,40.38732,-3.7435,5,1.0,1.0,36.0,40.0,1,0.33,158,200,2195.0,47.402837,6.6,1.0,1,1,1,1,1,1,0,0,0,0,0,0,0,3,40.5,50.0
18557,40.41631,-3.70193,4,1.0,3.0,36.0,100.0,29,0.78,393,200,4503.0,68.043894,0.8,1.0,1,0,0,0,0,1,0,1,0,0,0,0,0,4,33.0,50.0
18558,40.43345,-3.70809,2,0.0,1.0,35.0,89.0,21,3.55,324,200,4855.0,64.056634,2.4,1.0,1,0,0,0,0,1,0,1,0,0,1,0,0,4,18.0,50.0
18559,40.44878,-3.70523,4,2.0,3.0,130.0,0.0,1,0.0,225,200,3476.0,60.621287,5.9,1.5,1,0,0,0,0,1,0,1,0,0,1,0,0,9,34.5,150.0
18560,40.41965,-3.70599,1,1.0,1.0,13.0,100.0,1,0.33,127,50,4503.0,68.043894,0.8,1.0,0,0,0,0,0,1,0,0,0,0,1,0,0,6,10.5,50.0
18561,40.42308,-3.6997,4,1.0,1.0,70.0,100.0,1,0.81,584,200,4503.0,68.043894,0.8,1.0,1,1,1,1,1,1,0,1,0,1,1,0,0,3,33.0,100.0
18563,40.41136,-3.71082,1,1.0,1.0,12.0,60.0,5,1.67,169,50,4503.0,68.043894,0.8,1.0,1,1,1,1,1,1,1,1,1,1,1,1,1,2,10.5,50.0
18564,40.41349,-3.69574,1,1.0,1.0,22.0,0.0,1,0.0,154,50,4503.0,68.043894,0.8,2.0,0,1,1,1,1,1,0,1,1,0,0,0,0,2,13.5,50.0
18565,40.39975,-3.66288,2,1.0,1.0,20.0,0.0,1,0.0,127,200,1890.0,41.443535,5.0,1.0,1,0,0,0,0,1,0,0,0,0,0,0,0,9,18.0,50.0
18566,40.37577,-3.62203,2,1.0,2.0,60.0,0.0,2,0.0,58,50,2382.0,49.659794,11.0,1.0,0,0,0,0,0,0,0,0,0,0,0,0,0,1,18.0,100.0
18567,40.368,-3.59248,1,1.0,2.0,50.0,0.0,2,0.0,41,50,2382.0,49.659794,11.0,1.0,0,0,0,0,0,0,0,0,0,0,0,0,0,1,10.5,50.0
18568,40.40598,-3.71109,4,2.0,4.0,240.0,0.0,1,0.0,243,200,3917.0,55.025641,1.9,2.0,1,0,0,0,0,1,1,1,0,0,1,0,0,5,36.0,200.0
18569,40.42088,-3.70774,3,1.0,3.0,204.0,0.0,3,0.0,123,50,4503.0,68.043894,0.8,1.0,1,0,0,0,0,0,0,1,1,0,0,0,0,4,25.5,200.0
18570,40.41547,-3.71114,3,1.0,3.0,19.0,80.0,6,1.0,276,50,4503.0,68.043894,0.8,0.0,0,0,0,0,0,1,0,1,1,0,0,0,0,3,22.5,50.0
18571,40.4167,-3.71175,4,1.0,2.0,25.0,60.0,6,1.48,370,50,4503.0,68.043894,0.8,2.0,0,0,0,0,0,1,0,1,1,1,0,0,0,3,36.0,50.0
18572,40.4156,-3.70961,1,1.0,1.0,19.0,20.0,6,0.38,421,50,4503.0,68.043894,0.8,2.0,0,0,0,0,0,1,0,1,1,0,0,0,0,3,13.5,50.0
18573,40.4157,-3.7116,2,1.0,2.0,19.0,86.0,6,3.04,419,50,4503.0,68.043894,0.8,0.0,0,0,0,0,0,1,0,1,1,0,0,0,0,3,15.0,50.0
18574,40.38783,-3.71396,2,1.0,1.0,20.0,0.0,1,0.0,113,50,2316.0,43.910072,4.6,1.0,0,1,1,1,1,1,0,0,0,0,0,0,0,3,18.0,50.0
18575,40.40967,-3.70955,6,3.0,6.0,96.0,0.0,14,0.0,206,200,4503.0,68.043894,0.8,2.0,1,0,0,0,0,1,0,1,1,0,0,0,0,6,51.0,100.0
18578,40.4097,-3.70976,2,1.0,1.0,37.0,20.0,18,0.75,212,200,4503.0,68.043894,0.8,1.0,1,0,0,0,0,1,0,0,0,1,1,0,0,8,18.0,50.0
18580,40.41351,-3.70959,2,1.0,2.0,59.0,0.0,3,0.0,181,50,4503.0,68.043894,0.8,1.0,1,0,0,0,0,1,0,1,0,0,1,0,0,2,18.0,100.0
18582,40.47262,-3.71076,8,0.0,6.0,82.0,0.0,1,0.0,182,200,3545.0,57.198083,16.4,1.0,1,1,1,1,1,1,0,0,1,0,0,0,0,6,63.0,100.0
18583,40.41748,-3.70246,4,2.0,2.0,120.0,0.0,12,0.0,148,200,4503.0,68.043894,0.8,2.0,1,0,0,0,0,1,0,1,0,0,0,0,0,8,36.0,150.0
18584,40.43615,-3.70157,4,1.0,2.0,43.0,85.0,1,5.45,230,200,4855.0,64.056634,2.4,1.0,1,0,0,0,0,0,0,0,0,0,1,0,0,5,33.0,50.0
18585,40.3897,-3.74518,3,2.0,2.0,49.0,0.0,1,0.0,435,50,2287.0,47.008319,4.7,1.5,0,1,1,1,1,0,0,1,0,0,0,0,0,5,27.0,50.0
18586,40.42076,-3.70805,2,0.0,1.0,114.0,0.0,1,0.0,245,200,4503.0,68.043894,0.8,1.0,1,0,0,0,0,1,0,1,1,0,1,0,0,4,18.0,150.0
18587,40.41773,-3.69336,2,1.0,1.0,25.0,0.0,5,0.0,223,50,4503.0,68.043894,0.8,1.0,0,1,1,1,1,1,0,1,1,0,0,0,0,6,18.0,50.0
18589,40.41876,-3.69926,3,1.0,2.0,23.0,81.0,10,4.83,229,50,4503.0,68.043894,0.8,1.0,1,1,1,1,1,1,0,1,0,0,0,0,0,10,25.5,50.0
18590,40.45177,-3.70893,2,1.0,1.0,11.0,40.0,3,1.0,154,50,3476.0,60.621287,5.9,1.0,0,0,0,0,0,1,0,0,0,0,1,0,0,2,18.0,50.0
18591,40.37459,-3.72932,2,1.0,1.0,35.0,0.0,1,0.0,234,50,2195.0,47.402837,6.6,1.5,0,1,1,1,1,1,1,1,1,0,0,0,0,3,19.5,50.0
18592,40.41022,-3.7112,2,1.0,2.0,38.0,60.0,18,1.03,379,200,4503.0,68.043894,0.8,1.5,1,0,0,0,0,1,0,0,0,1,1,0,0,8,19.5,50.0
18593,40.42038,-3.70485,5,3.0,4.0,146.0,0.0,1,0.0,207,200,4503.0,68.043894,0.8,2.5,1,0,0,0,0,1,0,1,0,1,1,0,0,4,45.0,150.0
18595,40.4056,-3.73377,2,1.0,1.0,60.0,0.0,2,0.0,52,200,2287.0,47.008319,4.7,1.0,1,0,0,0,0,0,0,0,0,0,0,0,0,3,18.0,100.0
18596,40.43291,-3.7161,2,0.0,2.0,50.0,0.0,7,0.0,188,200,4855.0,64.056634,2.4,1.0,1,0,0,0,0,1,0,1,0,0,0,0,0,7,18.0,50.0
18597,40.39457,-3.66944,2,0.0,1.0,31.0,90.0,2,2.0,610,200,1890.0,41.443535,5.0,1.5,1,0,0,0,0,1,0,0,0,0,1,0,0,1,19.5,50.0
18598,40.4285,-3.67483,1,1.0,1.0,45.0,0.0,1,0.0,446,50,5328.0,74.694253,2.2,1.0,0,1,1,1,1,1,0,0,0,0,0,1,0,3,10.5,50.0
18599,40.42602,-3.66656,3,2.0,2.0,65.0,0.0,6,0.0,426,200,5328.0,74.694253,2.2,1.0,1,0,0,1,0,1,0,1,0,0,0,0,0,11,25.5,100.0
18600,40.41096,-3.71073,6,2.0,3.0,101.0,0.0,1,0.0,282,200,4503.0,68.043894,0.8,1.0,1,0,0,0,0,1,0,1,1,0,0,0,0,2,48.0,150.0
18601,40.40234,-3.69255,6,2.0,3.0,69.0,0.0,101,0.0,98,200,3917.0,55.025641,1.9,2.0,1,0,0,0,0,1,0,1,0,0,0,0,0,6,51.0,100.0
18602,40.42144,-3.71409,6,2.0,4.0,151.0,96.0,4,1.92,807,200,3555.0,63.451906,5.9,2.0,1,0,0,0,0,1,0,1,0,0,1,1,0,0,51.0,200.0
18603,40.40819,-3.7089,6,2.0,3.0,104.0,0.0,101,0.0,210,200,4503.0,68.043894,0.8,2.0,1,0,0,0,0,1,0,0,1,0,0,0,0,6,51.0,150.0
18604,40.40846,-3.71109,4,1.0,1.0,54.0,0.0,101,0.0,189,200,4503.0,68.043894,0.8,1.0,1,0,0,0,0,1,0,0,1,0,0,0,0,6,33.0,100.0
18605,40.40762,-3.70916,4,1.0,1.0,54.0,0.0,101,0.0,183,200,4503.0,68.043894,0.8,1.0,1,0,0,0,0,1,0,0,1,0,0,0,0,6,33.0,100.0
18606,40.40761,-3.71031,4,1.0,2.0,54.0,0.0,101,0.0,197,200,4503.0,68.043894,0.8,1.0,1,0,0,0,0,1,0,0,1,0,0,0,0,6,33.0,100.0
18607,40.40929,-3.70907,4,1.0,1.0,54.0,0.0,101,0.0,192,200,4503.0,68.043894,0.8,1.0,1,0,0,0,0,1,0,0,1,0,0,0,0,6,33.0,100.0
18608,40.40974,-3.71091,4,1.0,1.0,47.0,0.0,101,0.0,69,200,4503.0,68.043894,0.8,1.0,1,0,0,0,0,1,0,0,1,0,0,0,0,6,33.0,50.0
18612,40.43236,-3.69962,6,2.0,4.0,84.0,0.0,7,0.0,812,200,4855.0,64.056634,2.4,1.0,1,0,0,0,0,1,0,1,0,1,1,1,1,9,48.0,100.0
18615,40.40798,-3.71038,4,1.0,2.0,47.0,0.0,101,0.0,206,200,4503.0,68.043894,0.8,1.0,1,0,0,0,0,1,0,0,1,0,0,0,0,6,33.0,50.0
18616,40.4097,-3.70902,4,1.0,1.0,47.0,0.0,101,0.0,206,200,4503.0,68.043894,0.8,1.0,1,0,0,0,0,1,0,0,1,0,0,0,0,6,33.0,50.0
18617,40.43,-3.69446,2,1.0,1.0,50.0,0.0,1,0.0,135,50,4855.0,64.056634,2.4,1.0,1,0,0,0,0,1,0,0,0,0,0,0,0,10,18.0,50.0
18618,40.48515,-3.6883,1,1.0,1.0,12.0,0.0,1,0.0,215,50,3545.0,57.198083,16.4,1.0,0,0,0,0,0,1,0,0,0,0,0,0,0,4,10.5,50.0
18619,40.47354,-3.64145,3,1.0,2.0,74.0,0.0,4,0.0,238,50,3312.0,62.061453,9.2,1.0,1,0,0,0,0,1,0,1,0,0,1,0,0,2,25.5,100.0
18620,40.47485,-3.63987,4,1.0,2.0,96.0,0.0,4,0.0,249,50,3312.0,62.061453,9.2,1.0,1,0,0,0,0,1,0,1,0,0,1,0,0,2,33.0,100.0
18621,40.47531,-3.64044,4,1.0,1.0,110.0,0.0,4,0.0,249,50,3312.0,62.061453,9.2,1.0,1,0,0,0,0,1,0,1,0,0,1,0,0,2,33.0,150.0
18623,40.35627,-3.68376,1,1.0,1.0,23.0,0.0,1,0.0,100,50,1696.0,37.641618,9.0,2.0,1,0,0,0,0,1,0,0,0,0,1,0,0,1,13.5,50.0
18625,40.40062,-3.68885,3,1.0,1.0,21.0,0.0,5,0.0,507,50,3917.0,55.025641,1.9,1.0,1,0,0,0,0,1,0,0,0,0,1,0,0,2,25.5,50.0
18626,40.45971,-3.69453,2,1.0,2.0,125.0,0.0,3,0.0,176,200,3476.0,60.621287,5.9,1.0,1,1,1,1,1,1,0,1,1,0,0,0,0,5,18.0,150.0
18627,40.42333,-3.67395,6,3.0,4.0,220.0,0.0,1,0.0,237,200,5328.0,74.694253,2.2,2.0,1,0,0,0,0,1,0,1,0,0,1,0,0,1,51.0,200.0
18628,40.41515,-3.70761,1,1.0,1.0,18.0,0.0,1,0.0,188,50,4503.0,68.043894,0.8,1.0,0,0,0,0,0,1,0,0,0,0,1,0,0,5,10.5,50.0
18629,40.43617,-3.68167,5,3.0,3.0,84.0,0.0,1,0.0,127,200,5328.0,74.694253,2.2,2.0,1,0,0,0,0,0,0,1,0,0,0,0,0,1,43.5,100.0
18630,40.3906,-3.76137,1,1.0,1.0,25.0,0.0,1,0.0,274,50,2287.0,47.008319,4.7,1.0,0,1,1,1,1,1,0,0,0,0,1,0,0,3,10.5,50.0
18631,40.40901,-3.70767,2,1.0,1.0,59.0,0.0,101,0.0,237,200,4503.0,68.043894,0.8,1.0,1,0,0,0,0,1,0,1,1,1,0,0,0,6,18.0,100.0
18632,40.40924,-3.7074,2,1.0,1.0,59.0,0.0,101,0.0,223,200,4503.0,68.043894,0.8,1.0,1,0,0,0,0,1,0,1,1,1,0,0,0,6,18.0,100.0
18633,40.43336,-3.70309,2,1.0,1.0,54.0,40.0,1,1.09,201,200,4855.0,64.056634,2.4,1.5,1,0,0,0,0,1,0,1,0,0,1,0,0,1,19.5,100.0
18634,40.40762,-3.70829,2,1.0,1.0,59.0,85.0,101,2.22,203,200,4503.0,68.043894,0.8,1.0,1,0,0,0,0,1,0,0,1,1,0,0,0,6,18.0,100.0
18635,40.40881,-3.70789,2,1.0,1.0,59.0,92.0,101,2.94,211,200,4503.0,68.043894,0.8,1.0,1,0,0,0,0,1,0,1,1,1,0,0,0,6,18.0,100.0
18636,40.40936,-3.70688,2,1.0,1.0,67.0,0.0,101,0.0,223,200,4503.0,68.043894,0.8,1.0,1,0,0,0,0,1,0,1,1,1,0,0,0,6,18.0,100.0
18638,40.4086,-3.70597,2,1.0,1.0,67.0,93.0,101,1.91,262,200,4503.0,68.043894,0.8,1.0,1,0,0,0,0,1,0,1,1,1,0,0,0,6,18.0,100.0
18640,40.41472,-3.70223,3,1.0,3.0,23.0,0.0,29,0.0,215,50,4503.0,68.043894,0.8,1.0,0,0,0,0,0,1,0,0,0,0,0,0,0,4,25.5,50.0
18641,40.41472,-3.70006,3,1.0,3.0,24.0,40.0,29,0.39,215,50,4503.0,68.043894,0.8,0.0,0,0,0,0,0,1,0,0,0,0,0,0,0,4,22.5,50.0
18642,40.43745,-3.69276,4,1.0,2.0,50.0,80.0,1,0.88,239,200,4855.0,64.056634,2.4,1.0,1,0,0,0,0,1,0,1,0,0,1,0,0,1,33.0,50.0
18643,40.41618,-3.70016,3,1.0,3.0,25.0,0.0,29,0.0,215,50,4503.0,68.043894,0.8,1.0,0,1,1,1,1,1,0,0,0,0,0,0,0,4,25.5,50.0
18644,40.40008,-3.69064,4,0.0,1.0,26.0,0.0,5,0.0,473,50,3917.0,55.025641,1.9,1.0,0,0,0,0,0,1,0,0,0,0,1,0,0,2,33.0,50.0
18645,40.4125,-3.70097,2,1.0,2.0,90.0,80.0,1,0.4,408,200,4503.0,68.043894,0.8,1.0,1,0,0,0,0,1,0,1,0,0,0,0,0,1,18.0,100.0
18646,40.39831,-3.66852,4,1.0,2.0,84.0,50.0,40,1.09,459,200,1890.0,41.443535,5.0,1.0,1,0,0,0,0,1,0,1,1,0,0,1,0,5,33.0,100.0
18647,40.43963,-3.6973,1,1.0,1.0,12.0,0.0,1,0.0,207,50,4855.0,64.056634,2.4,1.0,0,0,0,0,0,1,0,1,1,0,1,0,0,5,10.5,50.0
18648,40.41541,-3.70148,2,1.0,2.0,29.0,0.0,12,0.0,441,50,4503.0,68.043894,0.8,1.0,1,0,0,0,0,1,0,1,1,0,1,0,0,9,18.0,50.0
18650,40.41931,-3.70793,2,1.0,1.0,102.0,100.0,5,1.0,242,200,4503.0,68.043894,0.8,1.0,1,0,0,0,0,1,0,1,0,0,1,0,0,1,18.0,150.0
18651,40.4346,-3.67113,2,1.0,2.0,62.0,0.0,8,0.0,353,200,5328.0,74.694253,2.2,1.0,1,0,0,0,0,1,0,1,0,0,0,0,0,2,18.0,100.0
18653,40.40418,-3.69272,4,1.0,1.0,52.0,0.0,101,0.0,98,200,3917.0,55.025641,1.9,1.0,1,0,0,0,0,1,0,1,0,0,0,0,0,6,33.0,100.0
18655,40.4022,-3.69314,4,1.0,1.0,46.0,0.0,101,0.0,98,200,3917.0,55.025641,1.9,1.0,1,0,0,0,0,1,0,1,0,0,0,0,0,6,33.0,50.0
18658,40.40236,-3.69122,4,1.0,1.0,55.0,80.0,101,1.0,98,200,3917.0,55.025641,1.9,1.0,1,0,0,0,0,1,0,1,0,0,0,0,0,6,33.0,100.0
18659,40.40422,-3.69161,4,1.0,1.0,55.0,0.0,101,0.0,220,200,3917.0,55.025641,1.9,1.0,1,0,0,0,0,1,0,1,0,0,0,0,0,6,33.0,100.0
18661,40.40369,-3.69125,4,1.0,1.0,55.0,0.0,101,0.0,213,200,3917.0,55.025641,1.9,1.0,1,0,0,0,0,1,0,1,1,0,0,0,0,6,33.0,100.0
18662,40.40212,-3.6929,4,1.0,1.0,55.0,0.0,101,0.0,228,200,3917.0,55.025641,1.9,1.0,1,0,0,0,0,1,0,0,1,0,0,0,0,6,33.0,100.0
18663,40.40236,-3.69333,6,2.0,3.0,61.0,0.0,101,0.0,98,200,3917.0,55.025641,1.9,2.0,1,0,0,0,0,1,0,1,0,0,0,0,0,6,51.0,100.0
18664,40.40238,-3.69306,4,1.0,1.0,62.0,0.0,101,0.0,232,200,3917.0,55.025641,1.9,1.0,1,0,0,0,0,1,0,1,1,0,0,0,0,6,33.0,100.0
18665,40.40289,-3.69131,4,1.0,1.0,62.0,0.0,101,0.0,98,200,3917.0,55.025641,1.9,1.0,1,0,0,0,0,1,0,1,0,0,0,0,0,6,33.0,100.0
18671,40.40233,-3.69321,6,2.0,3.0,68.0,0.0,101,0.0,248,200,3917.0,55.025641,1.9,2.0,1,0,0,0,0,1,0,1,1,0,0,0,0,6,51.0,100.0
18673,40.41039,-3.71255,2,1.0,1.0,50.0,73.0,101,2.37,103,200,4503.0,68.043894,0.8,1.0,1,0,0,0,0,1,0,0,1,0,0,0,0,6,18.0,50.0
18676,40.41031,-3.71114,2,1.0,1.0,57.0,80.0,101,2.0,103,200,4503.0,68.043894,0.8,1.0,1,0,0,0,0,1,0,0,1,0,0,0,0,6,18.0,100.0
18682,40.40896,-3.71079,6,2.0,3.0,122.0,0.0,101,0.0,92,200,4503.0,68.043894,0.8,2.0,1,0,0,0,0,1,0,0,1,0,0,0,0,6,51.0,150.0
18684,40.40813,-3.7122,6,2.0,1.0,122.0,100.0,101,1.5,183,200,4503.0,68.043894,0.8,2.0,1,1,1,1,1,1,1,1,1,1,1,1,1,6,51.0,150.0
18686,40.40821,-3.71154,6,2.0,3.0,140.0,0.0,101,0.0,92,200,4503.0,68.043894,0.8,2.0,1,0,0,0,0,1,0,0,1,0,0,0,0,6,51.0,150.0
18687,40.44869,-3.70581,3,3.0,5.0,170.0,0.0,31,0.0,689,200,3476.0,60.621287,5.9,1.0,1,0,0,0,0,1,0,1,0,1,1,0,0,8,25.5,200.0
18691,40.44917,-3.70859,3,3.0,4.0,150.0,0.0,31,0.0,909,200,3476.0,60.621287,5.9,2.0,1,0,0,0,0,1,0,1,0,1,1,0,0,8,28.5,150.0
18692,40.43087,-3.72236,11,6.0,8.0,250.0,0.0,1,0.0,309,200,3555.0,63.451906,5.9,3.5,1,0,0,0,0,1,1,1,0,0,1,0,0,1,93.0,200.0
18693,40.4088,-3.69227,14,9.0,9.0,36.0,0.0,2,0.0,363,50,4503.0,68.043894,0.8,1.5,0,0,0,0,0,1,0,1,0,0,0,0,0,2,109.5,50.0
18694,40.37703,-3.62551,1,1.0,1.0,19.0,0.0,1,0.0,118,50,2382.0,49.659794,11.0,1.0,0,1,1,1,1,1,0,0,0,0,0,0,0,1,10.5,50.0
18695,40.40359,-3.69165,1,0.0,1.0,20.0,0.0,2,0.0,154,50,3917.0,55.025641,1.9,1.0,0,1,1,1,1,1,0,1,1,0,0,0,0,5,10.5,50.0
18696,40.41433,-3.70344,2,1.0,1.0,29.0,80.0,12,0.71,441,50,4503.0,68.043894,0.8,1.5,1,1,1,1,1,1,1,1,1,1,1,1,1,9,19.5,50.0
18697,40.42571,-3.70696,2,0.0,1.0,70.0,0.0,1,0.0,566,200,4503.0,68.043894,0.8,1.0,1,1,1,1,1,1,0,1,1,0,1,0,0,6,18.0,100.0
18698,40.43299,-3.62069,11,3.0,7.0,1000.0,100.0,3,0.44,651,200,2477.0,70.967532,7.3,3.0,1,0,0,0,0,1,1,1,0,1,1,1,0,2,91.5,200.0
18699,40.38969,-3.65237,1,1.0,1.0,15.0,100.0,6,2.46,303,50,1890.0,41.443535,5.0,1.0,0,0,0,0,0,1,0,0,1,1,0,0,0,11,10.5,50.0
18700,40.42054,-3.71656,2,1.0,1.0,45.0,0.0,1,0.0,235,50,3555.0,63.451906,5.9,1.0,0,1,1,1,1,1,0,0,0,0,0,0,0,3,18.0,50.0
18701,40.37141,-3.69969,1,2.0,2.0,16.0,0.0,1,0.0,475,50,2316.0,43.910072,4.6,1.0,0,1,1,1,1,1,0,0,0,0,1,0,0,3,10.5,50.0
18702,40.40908,-3.70009,4,2.0,3.0,49.0,0.0,1,0.0,186,200,4503.0,68.043894,0.8,1.0,1,0,0,0,0,1,0,0,0,0,0,0,0,8,33.0,50.0
18703,40.41905,-3.70094,2,0.0,2.0,50.0,87.0,10,1.5,471,200,4503.0,68.043894,0.8,1.0,1,0,0,0,0,1,0,1,0,1,1,0,0,1,18.0,50.0
18704,40.38591,-3.65306,3,0.0,2.0,29.0,95.0,1,1.82,165,200,1890.0,41.443535,5.0,1.0,1,1,1,1,1,1,0,0,0,0,0,0,0,6,25.5,50.0
18705,40.43677,-3.66942,1,1.0,2.0,20.0,0.0,1,0.0,129,50,5328.0,74.694253,2.2,2.0,0,0,0,0,0,1,0,1,0,0,1,0,0,0,13.5,50.0
18706,40.44596,-3.6979,4,1.0,2.0,44.0,0.0,2,0.0,153,200,4855.0,64.056634,2.4,1.0,1,0,0,0,0,1,0,0,0,0,1,0,0,2,33.0,50.0
18707,40.47328,-3.6898,2,1.0,1.0,60.0,0.0,1,0.0,138,50,3476.0,60.621287,5.9,1.0,0,0,0,0,0,1,0,1,0,0,1,0,0,1,18.0,100.0
18708,40.43743,-3.64275,4,0.0,2.0,45.0,100.0,1,1.22,630,200,2893.0,50.090625,6.5,1.0,1,0,0,0,0,1,0,1,0,0,1,1,1,2,33.0,50.0
18709,40.45765,-3.61934,8,3.0,5.0,90.0,0.0,7,0.0,782,200,3312.0,62.061453,9.2,2.0,1,0,0,0,0,1,1,1,1,1,1,1,0,9,66.0,100.0
18710,40.44326,-3.66721,5,1.0,4.0,74.0,100.0,163,0.86,257,200,4508.0,67.220486,5.8,2.0,1,0,0,1,0,1,0,1,1,0,0,0,0,2,43.5,100.0
18711,40.40889,-3.7072,8,3.0,5.0,171.0,0.0,163,0.0,256,200,4503.0,68.043894,0.8,1.0,1,0,0,0,0,1,0,1,1,0,0,0,0,2,63.0,200.0
18712,40.41009,-3.7098,8,3.0,4.0,189.0,20.0,163,0.42,268,200,4503.0,68.043894,0.8,2.0,1,0,0,0,0,1,0,1,1,1,0,0,0,2,66.0,200.0
18713,40.4114,-3.70992,10,5.0,5.0,265.0,0.0,163,0.0,256,200,4503.0,68.043894,0.8,2.0,1,0,0,0,0,1,0,1,1,0,0,0,0,2,81.0,200.0
18714,40.44278,-3.66388,6,2.0,4.0,78.0,0.0,163,0.0,245,200,5328.0,74.694253,2.2,1.0,1,0,0,1,0,1,0,1,0,0,0,0,0,2,48.0,100.0
18715,40.44106,-3.66263,4,1.0,2.0,63.0,100.0,163,2.2,253,200,5328.0,74.694253,2.2,1.0,1,0,0,1,0,1,0,1,0,0,0,0,0,2,33.0,100.0
18716,40.44077,-3.66197,4,1.0,2.0,66.0,0.0,163,0.0,253,200,5328.0,74.694253,2.2,1.0,1,0,0,1,0,1,0,1,0,0,0,0,0,2,33.0,100.0
18717,40.42654,-3.70086,4,2.0,2.0,660.0,0.0,163,0.0,287,200,4503.0,68.043894,0.8,1.0,1,0,0,0,0,1,0,1,1,1,0,0,0,2,33.0,200.0
18718,40.42188,-3.69611,4,1.0,2.0,100.0,0.0,163,0.0,218,200,4503.0,68.043894,0.8,1.0,1,0,0,0,0,1,0,1,1,0,0,0,0,2,33.0,100.0
18719,40.41057,-3.70159,8,3.0,7.0,131.0,0.0,163,0.0,275,200,4503.0,68.043894,0.8,1.0,1,0,0,0,0,1,0,1,0,1,0,0,0,2,63.0,150.0
18720,40.41519,-3.70042,6,2.0,4.0,200.0,0.0,163,0.0,276,200,4503.0,68.043894,0.8,1.0,1,0,0,0,0,1,0,1,1,1,0,0,0,2,48.0,200.0
18721,40.44295,-3.66392,6,2.0,4.0,81.0,0.0,163,0.0,245,200,5328.0,74.694253,2.2,1.0,1,0,0,1,0,1,0,1,0,0,0,0,0,2,48.0,100.0
18722,40.4425,-3.66181,6,2.0,4.0,80.0,80.0,163,1.0,253,200,5328.0,74.694253,2.2,1.0,1,0,0,1,0,1,0,1,0,0,0,0,0,2,48.0,100.0
18723,40.44174,-3.66226,4,1.0,2.0,97.0,0.0,163,0.0,253,200,5328.0,74.694253,2.2,1.0,1,0,0,1,0,1,0,1,0,0,0,0,0,2,33.0,100.0
18724,40.44257,-3.66429,6,2.0,4.0,81.0,0.0,163,0.0,253,200,5328.0,74.694253,2.2,1.0,1,0,0,1,0,1,0,1,0,0,0,0,0,2,48.0,100.0
18725,40.44097,-3.66402,6,2.0,4.0,65.0,0.0,163,0.0,253,200,5328.0,74.694253,2.2,1.0,1,0,0,1,0,1,0,1,0,0,0,0,0,2,48.0,100.0
18726,40.43646,-3.71062,5,3.0,3.0,150.0,0.0,163,0.0,265,200,4855.0,64.056634,2.4,2.0,1,0,0,0,0,1,0,1,1,1,0,0,0,2,43.5,150.0
18727,40.41037,-3.71038,7,3.0,5.0,130.0,0.0,163,0.0,256,200,4503.0,68.043894,0.8,2.0,1,0,0,0,0,1,0,1,1,0,0,0,0,2,58.5,150.0
18728,40.41134,-3.69408,10,10.0,10.0,36.0,0.0,4,0.0,466,50,4503.0,68.043894,0.8,10.0,1,0,0,0,0,1,0,1,0,0,1,0,0,1,105.0,50.0
18729,40.42284,-3.69887,4,1.0,2.0,89.0,0.0,163,0.0,254,200,4503.0,68.043894,0.8,1.0,1,0,0,0,0,1,0,1,1,1,0,0,0,2,33.0,100.0
18730,40.41263,-3.7052,8,3.0,6.0,163.0,0.0,163,0.0,256,200,4503.0,68.043894,0.8,2.0,1,0,0,0,0,1,0,1,1,0,0,0,0,2,66.0,200.0
18731,40.41269,-3.70368,9,4.0,7.0,189.0,0.0,163,0.0,256,200,4503.0,68.043894,0.8,2.0,1,0,0,0,0,1,0,1,1,0,0,0,0,2,73.5,200.0
18732,40.40981,-3.71018,6,2.0,4.0,146.0,0.0,163,0.0,276,200,4503.0,68.043894,0.8,2.0,1,0,0,0,0,1,0,1,1,1,0,0,0,2,51.0,150.0
18733,40.43644,-3.70247,6,2.0,4.0,104.0,0.0,163,0.0,265,200,4855.0,64.056634,2.4,2.0,1,0,0,0,0,1,0,1,1,0,0,0,0,2,51.0,150.0
18734,40.43064,-3.6754,8,2.0,6.0,112.0,73.0,163,2.05,265,200,5328.0,74.694253,2.2,2.0,1,0,0,0,0,1,0,1,1,0,0,0,0,2,66.0,150.0
18735,40.42324,-3.6986,6,3.0,4.0,157.0,100.0,163,1.0,275,200,4503.0,68.043894,0.8,1.5,1,0,0,0,0,1,0,1,0,1,0,0,0,2,49.5,200.0
18736,40.40847,-3.70196,6,2.0,4.0,84.0,93.0,163,3.0,276,200,4503.0,68.043894,0.8,2.0,1,0,0,0,0,1,0,1,1,1,0,0,0,2,51.0,100.0
18737,40.40847,-3.70203,8,3.0,6.0,150.0,80.0,163,0.58,276,200,4503.0,68.043894,0.8,2.0,1,0,0,0,0,1,0,1,1,1,0,0,0,2,66.0,150.0
18738,40.42104,-3.69793,6,2.0,3.0,91.0,0.0,163,0.0,244,200,4503.0,68.043894,0.8,1.0,1,0,0,0,0,1,0,1,0,0,0,0,0,2,48.0,100.0
18739,40.42208,-3.6985,4,1.0,2.0,86.0,80.0,163,0.94,275,200,4503.0,68.043894,0.8,1.0,1,0,0,0,0,1,0,1,0,1,0,0,0,2,33.0,100.0
18740,40.4158,-3.7004,5,2.0,3.0,91.0,93.0,163,1.2,256,200,4503.0,68.043894,0.8,1.0,1,0,0,0,0,1,0,1,1,0,0,0,0,2,40.5,100.0
18741,40.41615,-3.7007,8,3.0,5.0,177.0,70.0,163,0.82,267,200,4503.0,68.043894,0.8,2.0,1,0,0,0,0,1,0,1,1,0,0,0,0,2,66.0,200.0
18742,40.41501,-3.69852,6,2.0,4.0,91.0,100.0,163,2.57,256,200,4503.0,68.043894,0.8,2.0,1,0,0,0,0,1,0,1,1,0,0,0,0,2,51.0,100.0
18743,40.4162,-3.69926,8,3.0,5.0,143.0,100.0,163,1.0,267,200,4503.0,68.043894,0.8,2.0,1,0,0,0,0,1,0,1,1,0,0,0,0,2,66.0,150.0
18744,40.40647,-3.70455,5,2.0,4.0,73.0,80.0,163,0.94,277,200,4503.0,68.043894,0.8,1.0,1,0,0,0,0,1,0,1,1,1,0,0,0,2,40.5,100.0
18745,40.43088,-3.7115,5,2.0,3.0,88.0,90.0,163,1.62,276,200,4855.0,64.056634,2.4,1.0,1,0,0,0,0,1,0,1,1,0,0,0,0,2,40.5,100.0
18746,40.42511,-3.69603,4,1.0,2.0,83.0,0.0,163,0.0,277,200,4503.0,68.043894,0.8,1.0,1,0,0,0,0,1,0,1,1,1,0,0,0,2,33.0,100.0
18747,40.42105,-3.6981,4,1.0,2.0,101.0,0.0,163,0.0,256,200,4503.0,68.043894,0.8,1.0,1,0,0,0,0,1,0,1,1,0,0,0,0,2,33.0,150.0
18748,40.42134,-3.7016,11,5.0,8.0,332.0,0.0,163,0.0,287,200,4503.0,68.043894,0.8,3.5,1,0,0,0,0,1,0,1,1,1,0,0,0,2,93.0,200.0
18749,40.41432,-3.69714,3,1.0,2.0,81.0,0.0,163,0.0,253,200,4503.0,68.043894,0.8,1.0,1,0,0,0,0,1,0,1,1,0,0,0,0,2,25.5,100.0
18750,40.41523,-3.70018,6,3.0,3.0,170.0,0.0,163,0.0,276,200,4503.0,68.043894,0.8,2.0,1,0,0,0,0,1,0,1,1,1,0,0,0,2,51.0,200.0
18751,40.40954,-3.709,10,4.0,5.0,180.0,0.0,163,0.0,268,200,4503.0,68.043894,0.8,2.0,1,0,0,0,0,1,0,1,1,1,0,0,0,2,81.0,200.0
18752,40.41096,-3.70857,10,4.0,6.0,232.0,0.0,163,0.0,276,200,4503.0,68.043894,0.8,1.0,1,0,0,0,0,1,0,1,1,1,0,0,0,2,78.0,200.0
18753,40.41113,-3.70774,8,3.0,5.0,183.0,0.0,163,0.0,248,200,4503.0,68.043894,0.8,1.0,1,0,0,0,0,1,0,1,1,0,0,0,0,2,63.0,200.0
18754,40.41159,-3.6965,10,4.0,7.0,242.0,0.0,163,0.0,256,200,4503.0,68.043894,0.8,3.0,1,0,0,0,0,1,0,1,0,1,0,0,0,2,84.0,200.0
18755,40.41349,-3.69755,4,1.0,2.0,94.0,0.0,163,0.0,222,200,4503.0,68.043894,0.8,1.0,1,0,0,0,0,1,0,1,0,0,0,0,0,2,33.0,100.0
18756,40.41328,-3.6981,6,2.0,4.0,69.0,0.0,163,0.0,222,200,4503.0,68.043894,0.8,2.0,1,0,0,0,0,1,0,1,0,0,0,0,0,2,51.0,100.0
18758,40.41232,-3.69838,6,2.0,4.0,84.0,0.0,163,0.0,222,200,4503.0,68.043894,0.8,2.0,1,0,0,0,0,1,0,1,0,0,0,0,0,2,51.0,100.0
18759,40.41267,-3.7052,6,2.0,4.0,119.0,90.0,163,3.64,276,200,4503.0,68.043894,0.8,2.0,1,0,0,0,0,1,0,1,1,1,0,0,0,2,51.0,150.0
18760,40.41272,-3.7033,6,2.0,4.0,127.0,90.0,163,4.0,268,200,4503.0,68.043894,0.8,1.0,1,0,0,0,0,1,0,1,1,1,0,0,0,2,48.0,150.0
18761,40.41275,-3.70547,6,2.0,4.0,119.0,0.0,163,0.0,276,200,4503.0,68.043894,0.8,1.0,1,0,0,0,0,1,0,1,1,1,0,0,0,2,48.0,150.0
18762,40.41284,-3.7033,10,4.0,7.0,163.0,0.0,163,0.0,256,200,4503.0,68.043894,0.8,2.0,1,0,0,0,0,1,0,1,1,0,0,0,0,2,81.0,200.0
18763,40.4121,-3.70317,9,4.0,7.0,207.0,0.0,163,0.0,256,200,4503.0,68.043894,0.8,2.0,1,0,0,0,0,1,0,1,1,0,0,0,0,2,73.5,200.0
18764,40.41296,-3.70399,10,4.0,7.0,209.0,0.0,163,0.0,256,200,4503.0,68.043894,0.8,2.0,1,0,0,0,0,1,0,1,1,0,0,0,0,2,81.0,200.0
18766,40.41127,-3.70309,7,3.0,5.0,156.0,0.0,163,0.0,256,200,4503.0,68.043894,0.8,2.0,1,0,0,0,0,1,0,1,1,0,0,0,0,2,58.5,200.0
18769,40.4248,-3.70593,6,2.0,4.0,79.0,0.0,163,0.0,265,200,4503.0,68.043894,0.8,1.0,1,0,0,0,0,1,0,1,1,1,0,0,0,2,48.0,100.0
18770,40.49631,-3.70341,6,3.0,6.0,255.0,0.0,163,0.0,264,200,3545.0,57.198083,16.4,2.0,1,0,0,0,0,1,1,1,1,0,0,0,0,2,51.0,200.0
18771,40.42753,-3.69342,4,2.0,2.0,89.0,0.0,163,0.0,256,200,4855.0,64.056634,2.4,1.0,1,0,0,0,0,1,0,1,1,0,0,0,0,2,33.0,100.0
18772,40.4124,-3.69573,6,2.0,3.0,122.0,0.0,163,0.0,243,200,4503.0,68.043894,0.8,2.0,1,0,0,0,0,1,0,1,1,0,0,0,0,2,51.0,150.0
18773,40.40838,-3.70991,7,3.0,5.0,118.0,0.0,163,0.0,276,200,4503.0,68.043894,0.8,2.0,1,0,0,0,0,1,0,1,1,1,0,0,0,2,58.5,150.0
18774,40.41039,-3.70898,6,2.0,4.0,147.0,0.0,163,0.0,276,200,4503.0,68.043894,0.8,1.0,1,0,0,0,0,1,0,1,1,1,0,0,0,2,48.0,150.0
18775,40.40995,-3.7105,6,2.0,4.0,148.0,0.0,163,0.0,276,200,4503.0,68.043894,0.8,1.0,1,0,0,0,0,1,0,1,1,1,0,0,0,2,48.0,150.0
18776,40.41029,-3.70815,7,3.0,5.0,173.0,0.0,163,0.0,256,200,4503.0,68.043894,0.8,2.0,1,0,0,0,0,1,0,1,1,0,0,0,0,2,58.5,200.0
18777,40.41402,-3.70774,6,2.0,4.0,107.0,80.0,163,2.2,276,200,4503.0,68.043894,0.8,2.0,1,0,0,0,0,1,0,0,1,1,0,0,0,2,51.0,150.0
18778,40.41292,-3.70457,10,5.0,7.0,261.0,0.0,163,0.0,287,200,4503.0,68.043894,0.8,2.0,1,0,0,0,0,1,0,1,1,1,0,0,0,2,81.0,200.0
18779,40.41369,-3.69847,6,2.0,3.0,97.0,100.0,163,1.2,267,200,4503.0,68.043894,0.8,1.5,1,0,0,0,0,1,0,1,1,0,0,0,0,2,49.5,100.0
18780,40.43151,-3.70964,4,2.0,3.0,93.0,0.0,163,0.0,296,200,4855.0,64.056634,2.4,2.0,1,0,0,0,0,1,0,1,1,1,0,0,0,2,36.0,100.0
18781,40.41461,-3.70111,6,2.0,4.0,82.0,90.0,163,3.64,296,200,4503.0,68.043894,0.8,2.0,1,0,0,0,0,1,0,1,1,1,0,0,0,2,51.0,100.0
18782,40.41558,-3.70032,4,1.0,2.0,76.0,87.0,163,1.27,276,200,4503.0,68.043894,0.8,1.0,1,0,0,0,0,1,0,1,1,1,0,0,0,2,33.0,100.0
18783,40.40928,-3.69215,7,3.0,5.0,141.0,0.0,163,0.0,273,200,4503.0,68.043894,0.8,1.0,1,0,0,0,0,1,0,1,1,1,0,0,0,2,55.5,150.0
18784,40.42292,-3.67795,6,2.0,4.0,102.0,0.0,163,0.0,247,200,5328.0,74.694253,2.2,2.0,1,0,0,0,0,1,0,0,1,0,0,0,0,2,51.0,150.0
18785,40.42285,-3.67979,8,3.0,5.0,175.0,0.0,163,0.0,247,200,5328.0,74.694253,2.2,2.0,1,0,0,0,0,1,0,0,1,0,0,0,0,2,66.0,200.0
18786,40.41954,-3.67744,6,2.0,4.0,80.0,60.0,163,1.0,287,200,4220.0,63.672727,3.2,1.0,1,0,0,0,0,1,0,1,1,1,0,0,0,2,48.0,100.0
18787,40.43216,-3.66831,5,2.0,4.0,82.0,100.0,163,1.5,265,200,5328.0,74.694253,2.2,2.0,1,0,0,0,0,1,0,1,1,0,0,0,0,2,43.5,100.0
18788,40.42604,-3.66881,4,1.0,3.0,67.0,100.0,163,1.33,257,200,5328.0,74.694253,2.2,1.0,1,0,0,0,0,1,0,1,1,0,0,0,0,2,33.0,100.0
18789,40.42686,-3.67057,2,0.0,1.0,61.0,93.0,163,2.31,257,200,5328.0,74.694253,2.2,1.0,1,0,0,0,0,1,0,1,1,0,0,0,0,2,18.0,100.0
18790,40.43088,-3.67595,2,0.0,1.0,54.0,67.0,163,1.2,245,200,5328.0,74.694253,2.2,1.0,1,0,0,0,0,1,0,1,0,0,0,0,0,2,18.0,100.0
18791,40.43142,-3.67561,2,0.0,1.0,59.0,88.0,163,2.08,245,200,5328.0,74.694253,2.2,1.0,1,0,0,0,0,1,0,1,0,0,0,0,0,2,18.0,100.0
18792,40.43764,-3.67042,4,0.0,3.0,67.0,80.0,163,0.75,277,200,5328.0,74.694253,2.2,1.0,1,0,0,0,0,1,0,1,1,1,0,0,0,2,33.0,100.0
18793,40.43543,-3.66983,4,0.0,3.0,51.0,0.0,163,0.0,277,200,5328.0,74.694253,2.2,1.0,1,0,0,0,0,1,0,1,1,1,0,0,0,2,33.0,100.0
18794,40.41526,-3.70147,2,0.0,1.0,70.0,73.0,163,3.0,232,200,4503.0,68.043894,0.8,1.0,1,0,0,0,0,1,0,1,0,1,0,0,0,2,18.0,100.0
18796,40.41326,-3.70022,2,0.0,1.0,57.0,0.0,163,0.0,212,200,4503.0,68.043894,0.8,1.0,1,0,0,0,0,1,0,1,0,0,0,0,0,2,18.0,100.0
18798,40.41301,-3.70011,2,0.0,1.0,56.0,0.0,163,0.0,212,200,4503.0,68.043894,0.8,1.0,1,0,0,0,0,1,0,1,0,0,0,0,0,2,18.0,100.0
18802,40.42947,-3.66463,5,2.0,4.0,78.0,67.0,163,1.61,277,200,5328.0,74.694253,2.2,2.0,1,0,0,0,0,1,0,1,1,1,0,0,0,2,43.5,100.0
18803,40.43587,-3.67841,7,2.0,6.0,87.0,0.0,163,0.0,266,200,5328.0,74.694253,2.2,2.0,1,0,0,0,0,1,0,1,1,1,0,0,0,2,58.5,100.0
18804,40.42536,-3.66736,8,2.0,6.0,88.0,60.0,163,0.5,265,200,5328.0,74.694253,2.2,2.0,1,0,0,0,0,1,0,1,1,0,0,0,0,2,66.0,100.0
18805,40.42971,-3.66239,10,2.0,8.0,118.0,0.0,163,0.0,265,200,5328.0,74.694253,2.2,2.0,1,0,0,0,0,1,0,1,1,0,0,0,0,2,81.0,150.0
18806,40.43096,-3.66452,9,2.0,7.0,111.0,0.0,163,0.0,265,200,5328.0,74.694253,2.2,2.0,1,0,0,0,0,1,0,1,1,0,0,0,0,2,73.5,150.0
18807,40.43693,-3.68081,6,2.0,4.0,79.0,80.0,163,3.0,265,200,5328.0,74.694253,2.2,1.0,1,0,0,0,0,1,0,1,1,0,0,0,0,2,48.0,100.0
18808,40.42603,-3.67617,3,1.0,3.0,77.0,90.0,163,0.86,249,200,5328.0,74.694253,2.2,1.0,1,0,0,0,0,1,0,1,1,1,0,0,0,2,25.5,100.0
18809,40.41572,-3.70937,6,3.0,4.0,134.0,0.0,163,0.0,222,200,4503.0,68.043894,0.8,1.0,1,0,0,0,0,1,0,0,1,0,0,0,0,2,48.0,150.0
18810,40.41579,-3.70924,6,2.0,4.0,97.0,0.0,163,0.0,267,200,4503.0,68.043894,0.8,2.0,1,0,0,0,0,1,0,1,1,0,0,0,0,2,51.0,100.0
18811,40.41263,-3.70577,10,4.0,7.0,205.0,0.0,163,0.0,267,200,4503.0,68.043894,0.8,2.0,1,0,0,0,0,1,0,0,1,1,0,0,0,2,81.0,200.0
18812,40.4108,-3.70404,6,2.0,4.0,80.0,90.0,163,1.76,225,200,4503.0,68.043894,0.8,1.5,1,0,0,0,0,1,0,1,0,0,0,0,0,2,49.5,100.0
18813,40.41072,-3.70411,6,2.0,4.0,93.0,100.0,163,0.4,234,200,4503.0,68.043894,0.8,1.0,1,0,0,0,0,1,0,1,1,0,0,0,0,2,48.0,100.0
18814,40.4248,-3.70608,6,2.0,4.0,91.0,80.0,163,2.54,296,200,4503.0,68.043894,0.8,1.0,1,0,0,0,0,1,0,1,1,1,0,0,0,2,48.0,100.0
18815,40.41086,-3.7035,6,2.0,4.0,102.0,0.0,163,0.0,245,200,4503.0,68.043894,0.8,2.0,1,0,0,0,0,1,0,1,0,1,0,0,0,2,51.0,150.0
18816,40.43083,-3.66354,4,1.0,2.0,87.0,87.0,163,1.91,254,200,5328.0,74.694253,2.2,1.0,1,0,0,0,0,1,0,1,1,0,0,0,0,2,33.0,100.0
18817,40.42837,-3.66262,2,0.0,1.0,62.0,90.0,163,1.54,256,200,5328.0,74.694253,2.2,1.0,1,0,0,0,0,1,0,1,1,0,0,0,0,2,18.0,100.0
18818,40.41011,-3.70682,10,5.0,7.0,286.0,0.0,163,0.0,275,200,4503.0,68.043894,0.8,3.0,1,0,0,0,0,1,0,1,0,1,0,0,0,2,84.0,200.0
18819,40.40782,-3.70631,10,5.0,7.0,284.0,0.0,163,0.0,275,200,4503.0,68.043894,0.8,3.0,1,0,0,0,0,1,0,1,0,1,0,0,0,2,84.0,200.0
18820,40.40843,-3.70199,6,2.0,3.0,102.0,94.0,163,2.84,276,200,4503.0,68.043894,0.8,2.0,1,0,0,0,0,1,0,1,1,1,0,0,0,2,51.0,150.0
18821,40.40688,-3.70134,2,0.0,1.0,60.0,67.0,163,1.27,276,200,4503.0,68.043894,0.8,1.0,1,0,0,0,0,1,0,1,1,1,0,0,0,2,18.0,100.0
18822,40.40642,-3.70125,6,2.0,3.0,100.0,0.0,163,0.0,268,200,4503.0,68.043894,0.8,2.0,1,0,0,0,0,1,0,1,1,1,0,0,0,2,51.0,100.0
18823,40.40701,-3.70136,6,2.0,3.0,100.0,96.0,163,3.6,276,200,4503.0,68.043894,0.8,2.0,1,0,0,0,0,1,0,1,1,1,0,0,0,2,51.0,100.0
18824,40.40853,-3.70196,6,2.0,4.0,92.0,60.0,163,1.0,276,200,4503.0,68.043894,0.8,2.0,1,0,0,0,0,1,0,1,1,1,0,0,0,2,51.0,100.0
18825,40.40648,-3.70352,6,2.0,4.0,87.0,100.0,163,1.0,276,200,4503.0,68.043894,0.8,2.0,1,0,0,0,0,1,0,1,1,1,0,0,0,2,51.0,100.0
18827,40.41516,-3.70038,6,2.0,4.0,98.0,0.0,163,0.0,276,200,4503.0,68.043894,0.8,1.0,1,0,0,0,0,1,0,1,1,1,0,0,0,2,48.0,100.0
18828,40.41593,-3.70018,4,1.0,2.0,91.0,100.0,163,0.44,228,200,4503.0,68.043894,0.8,1.0,1,0,0,0,0,1,0,1,1,0,0,0,0,2,33.0,100.0
18829,40.42162,-3.69874,4,1.0,2.0,76.0,90.0,163,1.64,256,200,4503.0,68.043894,0.8,1.0,1,0,0,0,0,1,0,1,1,0,0,0,0,2,33.0,100.0
18830,40.41021,-3.70854,6,2.0,4.0,118.0,0.0,163,0.0,276,200,4503.0,68.043894,0.8,2.0,1,0,0,0,0,1,0,1,1,1,0,0,0,2,51.0,150.0
18831,40.40986,-3.71025,7,3.0,5.0,125.0,0.0,163,0.0,256,200,4503.0,68.043894,0.8,2.0,1,0,0,0,0,1,0,1,1,0,0,0,0,2,58.5,150.0
18832,40.41048,-3.70879,7,3.0,5.0,155.0,0.0,163,0.0,256,200,4503.0,68.043894,0.8,2.0,1,0,0,0,0,1,0,1,1,0,0,0,0,2,58.5,200.0
18833,40.4088,-3.70858,7,3.0,5.0,174.0,0.0,163,0.0,276,200,4503.0,68.043894,0.8,2.0,1,0,0,0,0,1,0,1,1,1,0,0,0,2,58.5,200.0
18834,40.45185,-3.69552,2,1.0,1.0,79.0,100.0,163,0.81,276,200,3476.0,60.621287,5.9,1.0,1,0,0,1,0,1,0,1,1,1,0,0,0,2,18.0,100.0
18835,40.43616,-3.701,4,1.0,2.0,91.0,85.0,163,1.97,285,200,4855.0,64.056634,2.4,1.0,1,0,0,0,0,1,0,1,1,1,0,0,0,2,33.0,100.0
18836,40.43432,-3.70231,4,1.0,2.0,76.0,100.0,163,1.0,285,200,4855.0,64.056634,2.4,1.0,1,0,0,0,0,1,0,1,1,1,0,0,0,2,33.0,100.0
18838,40.43643,-3.70083,2,1.0,1.0,97.0,80.0,163,2.0,285,200,4855.0,64.056634,2.4,1.0,1,0,0,0,0,1,0,1,1,1,0,0,0,2,18.0,100.0
18839,40.43421,-3.7017,2,1.0,1.0,87.0,90.0,163,1.67,285,200,4855.0,64.056634,2.4,1.0,1,0,0,0,0,1,0,1,1,1,0,0,0,2,18.0,100.0
18840,40.43591,-3.70092,4,1.0,2.0,85.0,90.0,163,2.0,285,200,4855.0,64.056634,2.4,1.0,1,0,0,0,0,1,0,1,1,1,0,0,0,2,33.0,100.0
18841,40.43468,-3.70267,4,1.0,2.0,101.0,90.0,163,1.11,285,200,4855.0,64.056634,2.4,1.0,1,0,0,0,0,1,0,1,1,1,0,0,0,2,33.0,150.0
18842,40.43432,-3.70101,6,2.0,4.0,112.0,0.0,163,0.0,285,200,4855.0,64.056634,2.4,1.0,1,0,0,0,0,1,0,1,1,1,0,0,0,2,48.0,150.0
18843,40.43558,-3.701,6,2.0,4.0,90.0,0.0,163,0.0,265,200,4855.0,64.056634,2.4,2.0,1,0,0,0,0,1,0,1,1,0,0,0,0,2,51.0,100.0
18844,40.4362,-3.7012,6,2.0,4.0,110.0,0.0,163,0.0,265,200,4855.0,64.056634,2.4,2.0,1,0,0,0,0,1,0,1,1,0,0,0,0,2,51.0,150.0
18845,40.43415,-3.70117,6,2.0,4.0,111.0,0.0,163,0.0,265,200,4855.0,64.056634,2.4,2.0,1,0,0,0,0,1,0,1,1,0,0,0,0,2,51.0,150.0
18847,40.43619,-3.70252,6,2.0,4.0,112.0,0.0,163,0.0,265,200,4855.0,64.056634,2.4,2.0,1,0,0,0,0,1,0,1,1,0,0,0,0,2,51.0,150.0
18848,40.43633,-3.70079,8,3.0,6.0,177.0,0.0,163,0.0,265,200,4855.0,64.056634,2.4,2.0,1,0,0,0,0,1,0,1,1,0,0,0,0,2,66.0,200.0
18849,40.43554,-3.70283,8,3.0,6.0,174.0,0.0,163,0.0,265,200,4855.0,64.056634,2.4,2.0,1,0,0,0,0,1,0,1,1,0,0,0,0,2,66.0,200.0
18850,40.41304,-3.69597,8,4.0,6.0,234.0,0.0,163,0.0,287,200,4503.0,68.043894,0.8,2.0,1,0,0,0,0,1,0,1,1,1,0,0,0,2,66.0,200.0
18851,40.41545,-3.70785,6,3.0,4.0,185.0,0.0,163,0.0,268,200,4503.0,68.043894,0.8,2.0,1,0,0,0,0,1,0,1,1,1,0,0,0,2,51.0,200.0
18852,40.41591,-3.70769,6,3.0,4.0,187.0,0.0,163,0.0,268,200,4503.0,68.043894,0.8,2.0,1,0,0,0,0,1,0,1,1,1,0,0,0,2,51.0,200.0
18853,40.41386,-3.70762,4,1.0,2.0,76.0,0.0,163,0.0,248,200,4503.0,68.043894,0.8,1.0,1,0,0,0,0,1,0,1,1,0,0,0,0,2,33.0,100.0
18854,40.41594,-3.70642,5,2.0,3.0,81.0,90.0,163,1.4,248,200,4503.0,68.043894,0.8,1.0,1,0,0,0,0,1,0,1,1,0,0,0,0,2,40.5,100.0
18855,40.41395,-3.70746,4,0.0,3.0,70.0,93.0,163,3.0,248,200,4503.0,68.043894,0.8,1.0,1,0,0,0,0,1,0,1,1,0,0,0,0,2,33.0,100.0
18858,40.40635,-3.70316,4,1.0,2.0,74.0,80.0,163,1.0,256,200,4503.0,68.043894,0.8,1.0,1,0,0,0,0,1,0,1,1,0,0,0,0,2,33.0,100.0
18860,40.41087,-3.70074,4,1.0,2.0,179.0,100.0,62,1.71,800,200,4503.0,68.043894,0.8,1.0,1,0,0,0,0,0,0,0,1,1,0,1,0,5,33.0,200.0
18861,40.41461,-3.70038,3,1.0,2.0,27.0,0.0,29,0.0,231,50,4503.0,68.043894,0.8,0.0,0,0,0,0,0,1,0,0,0,0,0,0,0,4,22.5,50.0
18862,40.37671,-3.74656,2,1.0,2.0,35.0,80.0,7,1.0,298,50,2195.0,47.402837,6.6,1.0,1,0,0,0,0,1,0,0,0,0,1,0,0,4,18.0,50.0
18863,40.42101,-3.6887,3,2.0,3.0,55.0,0.0,12,0.0,279,200,5328.0,74.694253,2.2,1.0,1,0,0,0,0,1,0,1,0,0,1,0,0,9,25.5,100.0
18864,40.38004,-3.63311,1,1.0,1.0,18.0,100.0,2,0.71,413,50,2382.0,49.659794,11.0,1.0,1,1,1,1,1,1,1,1,0,1,1,0,0,1,10.5,50.0
18865,40.38217,-3.63412,1,2.0,4.0,16.0,0.0,2,0.0,673,50,1890.0,41.443535,5.0,1.5,0,1,1,1,1,1,0,1,0,1,1,1,0,1,12.0,50.0
18866,40.43285,-3.70918,2,0.0,1.0,33.0,100.0,2,4.0,407,200,4855.0,64.056634,2.4,1.0,1,1,1,1,1,1,0,1,0,0,1,0,0,0,18.0,50.0
18867,40.42836,-3.66221,1,1.0,1.0,29.0,0.0,1,0.0,196,50,5328.0,74.694253,2.2,1.0,0,0,0,0,0,1,0,1,0,0,1,0,0,6,10.5,50.0
18868,40.37637,-3.74448,1,1.0,2.0,20.0,100.0,7,1.0,289,50,2195.0,47.402837,6.6,1.0,1,0,0,0,0,1,0,0,0,0,1,0,0,4,10.5,50.0
18869,40.42021,-3.70126,2,1.0,2.0,24.0,92.0,10,4.23,229,50,4503.0,68.043894,0.8,1.0,1,1,1,1,1,1,0,1,0,0,0,0,0,10,18.0,50.0
18870,40.38745,-3.70138,4,2.0,3.0,46.0,97.0,6,2.73,524,200,2316.0,43.910072,4.6,1.0,1,0,0,0,0,1,0,1,0,0,1,1,0,1,33.0,50.0
18871,40.45485,-3.69462,5,2.0,6.0,80.0,0.0,1,0.0,668,200,3476.0,60.621287,5.9,1.5,1,0,0,0,0,1,0,1,0,0,1,0,0,1,42.0,100.0
18872,40.41743,-3.70806,2,1.0,1.0,122.0,100.0,5,1.0,242,200,4503.0,68.043894,0.8,1.0,1,0,0,0,0,1,0,1,0,0,1,0,0,1,18.0,150.0
18873,40.41962,-3.70874,2,1.0,1.0,142.0,0.0,5,0.0,242,200,4503.0,68.043894,0.8,1.0,1,0,0,0,0,1,0,1,0,0,1,0,0,1,18.0,150.0
18874,40.41761,-3.70712,2,1.0,1.0,167.0,0.0,5,0.0,242,200,4503.0,68.043894,0.8,1.0,1,0,0,0,0,1,0,1,0,0,1,0,0,1,18.0,200.0
18875,40.41755,-3.70883,2,1.0,3.0,187.0,0.0,5,0.0,242,200,4503.0,68.043894,0.8,1.0,1,0,0,0,0,1,0,1,0,0,1,0,0,1,18.0,200.0
18876,40.40871,-3.74195,5,2.0,3.0,190.0,0.0,2,0.0,215,50,2287.0,47.008319,4.7,2.0,1,0,0,0,0,1,0,1,0,0,1,0,0,9,43.5,200.0
18877,40.40904,-3.69499,1,1.0,1.0,19.0,0.0,12,0.0,216,50,4503.0,68.043894,0.8,1.0,1,0,0,0,0,1,0,1,0,0,1,0,0,2,10.5,50.0
18878,40.40854,-3.69452,1,1.0,1.0,21.0,0.0,12,0.0,229,50,4503.0,68.043894,0.8,1.0,1,0,0,0,0,1,0,1,0,0,1,0,0,2,10.5,50.0
18879,40.40785,-3.69825,6,2.0,3.0,188.0,0.0,62,0.0,771,200,4503.0,68.043894,0.8,2.0,1,0,0,0,0,0,0,1,1,1,0,1,0,5,51.0,200.0
18880,40.43391,-3.68309,4,2.0,3.0,61.0,0.0,14,0.0,437,200,5328.0,74.694253,2.2,2.0,1,0,0,0,0,1,0,1,0,0,0,0,0,3,36.0,100.0
18881,40.4196,-3.70931,2,1.0,2.0,80.0,0.0,1,0.0,294,50,4503.0,68.043894,0.8,1.0,0,0,0,0,0,1,0,1,0,0,1,0,0,2,18.0,100.0
18882,40.41078,-3.6936,10,4.0,8.0,49.0,60.0,4,0.56,415,50,4503.0,68.043894,0.8,4.0,0,0,0,0,0,1,0,1,0,0,1,0,0,1,87.0,50.0
18883,40.43358,-3.68096,4,2.0,3.0,70.0,0.0,14,0.0,458,200,5328.0,74.694253,2.2,2.0,1,0,0,0,0,1,0,1,0,0,0,1,0,3,36.0,100.0
18884,40.43257,-3.68103,4,2.0,3.0,65.0,0.0,14,0.0,458,200,5328.0,74.694253,2.2,2.0,1,0,0,0,0,1,0,1,0,0,0,1,0,3,36.0,100.0
18885,40.4341,-3.6811,4,2.0,3.0,74.0,0.0,14,0.0,458,200,5328.0,74.694253,2.2,2.0,1,0,0,0,0,1,0,1,0,0,0,1,0,3,36.0,100.0
18886,40.43207,-3.68258,4,2.0,3.0,60.0,0.0,14,0.0,458,200,5328.0,74.694253,2.2,2.0,1,0,0,0,0,1,0,1,0,0,0,1,0,3,36.0,100.0
18888,40.43739,-3.68103,4,1.0,1.0,70.0,100.0,1,0.88,241,200,5328.0,74.694253,2.2,1.5,1,0,0,0,0,1,0,1,0,0,1,0,0,7,34.5,100.0
18891,40.47201,-3.57926,5,2.0,2.0,75.0,90.0,5,2.18,514,200,3047.0,56.183432,11.8,1.0,1,0,0,0,0,1,0,0,0,0,0,0,1,10,40.5,100.0
18892,40.39597,-3.6687,4,1.0,2.0,83.0,100.0,40,0.44,358,200,1890.0,41.443535,5.0,1.0,1,0,0,0,0,1,0,1,1,0,0,0,0,5,33.0,100.0
18893,40.41227,-3.7001,3,0.0,1.0,39.0,0.0,1,0.0,154,200,4503.0,68.043894,0.8,1.0,1,0,0,0,0,1,0,1,0,0,0,0,0,3,25.5,50.0
18894,40.38924,-3.70125,4,1.0,2.0,40.0,93.0,6,1.43,489,200,2316.0,43.910072,4.6,1.0,1,0,0,0,0,1,0,1,0,1,1,1,0,1,33.0,50.0
18895,40.38922,-3.69994,4,2.0,3.0,46.0,100.0,6,2.25,463,200,2316.0,43.910072,4.6,1.0,1,0,0,0,0,1,0,1,0,0,1,1,0,1,33.0,50.0
18896,40.40787,-3.70581,5,1.0,3.0,77.0,0.0,3,0.0,281,200,4503.0,68.043894,0.8,1.0,1,0,0,0,0,0,0,1,0,0,0,0,0,2,40.5,100.0
18897,40.41905,-3.70094,2,0.0,2.0,50.0,0.0,10,0.0,460,200,4503.0,68.043894,0.8,1.0,1,0,0,0,0,1,0,1,0,1,1,0,0,1,18.0,50.0
18898,40.38878,-3.70121,4,1.0,2.0,38.0,96.0,6,2.21,444,200,2316.0,43.910072,4.6,1.0,1,0,0,0,0,1,0,1,0,1,1,1,0,1,33.0,50.0
18899,40.387,-3.70146,4,2.0,3.0,41.0,85.0,6,1.76,423,200,2316.0,43.910072,4.6,1.0,1,0,0,0,0,1,0,1,0,0,1,1,0,1,33.0,50.0
18900,40.4242,-3.67468,6,3.0,4.0,196.0,0.0,25,0.0,274,200,5328.0,74.694253,2.2,2.5,1,0,0,0,0,1,0,1,0,0,1,0,0,11,52.5,200.0
18901,40.42097,-3.70038,1,1.0,2.0,25.0,0.0,3,0.0,212,50,4503.0,68.043894,0.8,1.0,0,0,0,0,0,1,0,1,0,0,0,0,0,2,10.5,50.0
18902,40.41714,-3.70729,2,0.0,1.0,135.0,0.0,2,0.0,201,200,4503.0,68.043894,0.8,1.0,1,0,0,0,0,1,0,1,0,0,0,0,0,5,18.0,150.0
18903,40.4114,-3.69552,1,1.0,1.0,29.0,0.0,4,0.0,265,50,4503.0,68.043894,0.8,1.0,1,0,0,0,0,1,0,1,0,0,1,0,0,1,10.5,50.0
18904,40.43874,-3.65184,2,1.0,1.0,350.0,0.0,1,0.0,212,200,2893.0,50.090625,6.5,1.0,1,0,0,0,0,1,0,0,0,0,1,0,0,1,18.0,200.0
18905,40.42007,-3.70693,4,1.0,3.0,43.0,80.0,2,0.71,637,50,4503.0,68.043894,0.8,1.0,1,0,0,1,0,1,0,0,0,1,0,0,0,1,33.0,50.0
18906,40.41215,-3.71857,2,1.0,1.0,36.0,0.0,40,0.0,360,200,3917.0,55.025641,1.9,1.0,1,0,0,0,0,1,1,1,0,0,0,1,0,3,18.0,50.0
18907,40.44197,-3.67316,2,1.0,1.0,40.0,0.0,1,0.0,128,200,4508.0,67.220486,5.8,1.0,1,0,0,0,0,0,0,1,0,0,0,0,0,1,18.0,50.0
18908,40.43442,-3.65822,6,2.0,4.0,76.0,100.0,1,0.57,619,200,2893.0,50.090625,6.5,1.0,1,0,0,0,0,1,0,1,1,0,0,1,1,1,48.0,100.0
18909,40.43345,-3.68093,4,2.0,3.0,61.0,0.0,14,0.0,458,200,5328.0,74.694253,2.2,2.0,1,0,0,0,0,1,0,1,0,0,0,1,0,3,36.0,100.0
18911,40.44873,-3.70359,5,2.0,3.0,75.0,0.0,1,0.0,200,200,3476.0,60.621287,5.9,1.5,1,0,0,0,0,1,0,1,0,0,1,0,0,5,42.0,100.0
18912,40.43417,-3.68136,4,2.0,2.0,63.0,0.0,14,0.0,522,200,5328.0,74.694253,2.2,2.0,1,0,0,0,0,1,0,1,0,0,0,1,0,3,36.0,100.0
18913,40.43419,-3.68117,4,2.0,2.0,70.0,0.0,14,0.0,506,200,5328.0,74.694253,2.2,2.0,1,0,0,0,0,1,0,1,0,0,0,1,0,3,36.0,100.0
18915,40.43615,-3.70143,3,0.0,2.0,44.0,0.0,6,0.0,93,200,4855.0,64.056634,2.4,1.0,1,0,0,0,0,1,0,0,0,0,0,0,0,2,25.5,50.0
18916,40.43266,-3.6811,6,3.0,5.0,91.0,0.0,14,0.0,466,200,5328.0,74.694253,2.2,3.0,1,0,0,0,0,1,0,1,0,0,0,1,0,3,54.0,100.0
18917,40.45661,-3.68066,2,1.0,1.0,27.0,100.0,1,0.8,277,50,4508.0,67.220486,5.8,1.0,0,0,0,0,0,0,0,1,1,0,1,0,0,2,18.0,50.0
18918,40.42567,-3.70614,6,2.0,4.0,134.0,90.0,5,1.82,731,200,4503.0,68.043894,0.8,2.0,1,0,0,0,0,0,0,1,0,0,1,0,0,4,51.0,150.0
18919,40.42091,-3.71185,6,3.0,3.0,307.0,0.0,28,0.0,180,200,4503.0,68.043894,0.8,3.0,1,0,0,0,0,1,0,1,1,0,0,0,0,10,54.0,200.0
18920,40.37775,-3.75317,1,1.0,2.0,10.0,0.0,1,0.0,139,50,2195.0,47.402837,6.6,1.0,0,0,0,0,0,1,0,0,0,0,1,0,0,4,10.5,50.0
18921,40.40964,-3.71208,2,1.0,1.0,32.0,47.0,18,1.91,154,200,4503.0,68.043894,0.8,1.0,1,1,1,1,1,1,0,0,0,0,1,0,0,8,18.0,50.0
18922,40.41058,-3.70487,2,1.0,2.0,32.0,85.0,18,2.4,190,200,4503.0,68.043894,0.8,1.0,1,1,1,1,1,1,0,0,0,0,1,0,0,8,18.0,50.0
18923,40.39266,-3.66762,6,2.0,4.0,47.0,0.0,11,0.0,127,200,1890.0,41.443535,5.0,1.0,1,0,0,0,0,1,0,0,0,0,1,0,0,2,48.0,50.0
18924,40.4161,-3.70046,4,1.0,1.0,58.0,96.0,3,7.39,555,200,4503.0,68.043894,0.8,1.0,1,0,0,0,0,1,0,1,0,1,1,1,0,8,33.0,100.0
18925,40.41284,-3.71866,4,1.0,1.0,70.0,100.0,10,1.71,290,200,3917.0,55.025641,1.9,1.0,1,0,0,0,0,1,0,1,0,0,1,0,0,4,33.0,100.0
18926,40.44175,-3.66404,4,1.0,2.0,71.0,0.0,163,0.0,253,200,5328.0,74.694253,2.2,1.0,1,0,0,1,0,1,0,1,0,0,0,0,0,2,33.0,100.0
18927,40.43091,-3.65291,3,1.0,1.0,30.0,0.0,1,0.0,106,200,2893.0,50.090625,6.5,1.0,1,0,0,0,0,1,0,0,0,0,0,0,0,2,25.5,50.0
18928,40.46431,-3.75021,3,2.0,3.0,40.0,0.0,1,0.0,233,50,3555.0,63.451906,5.9,2.0,1,0,0,0,0,1,1,1,0,0,1,0,0,8,28.5,50.0
18929,40.43292,-3.63716,2,1.0,2.0,45.0,100.0,1,1.0,376,200,2893.0,50.090625,6.5,1.0,1,0,0,0,0,1,0,1,0,0,1,0,0,7,18.0,50.0
18930,40.42107,-3.70058,1,1.0,1.0,30.0,0.0,3,0.0,235,50,4503.0,68.043894,0.8,2.0,0,0,0,0,0,1,0,1,0,0,1,0,0,2,13.5,50.0
18931,40.39945,-3.64169,1,1.0,1.0,20.0,0.0,1,0.0,120,50,2547.0,45.581197,5.0,1.5,0,1,1,1,1,1,0,1,0,0,0,0,0,3,12.0,50.0
18933,40.42502,-3.66993,1,1.0,2.0,25.0,0.0,1,0.0,120,50,5328.0,74.694253,2.2,1.0,1,0,0,0,0,1,0,0,0,0,1,0,0,8,10.5,50.0
18934,40.46481,-3.70091,4,1.0,2.0,45.0,0.0,1,0.0,478,200,3476.0,60.621287,5.9,1.0,1,0,0,0,0,1,0,1,0,0,0,0,0,9,33.0,50.0
18935,40.46078,-3.68577,1,1.0,1.0,50.0,0.0,1,0.0,80,50,4508.0,67.220486,5.8,1.5,1,0,0,0,0,1,0,0,0,0,1,0,0,8,12.0,50.0
18936,40.43659,-3.67457,6,3.0,3.0,190.0,0.0,1,0.0,155,200,5328.0,74.694253,2.2,2.0,1,0,0,0,0,1,0,1,0,0,1,0,0,3,51.0,200.0
18937,40.42756,-3.70106,2,1.0,1.0,42.0,100.0,1,2.43,440,200,4503.0,68.043894,0.8,1.0,1,0,0,0,0,1,0,0,0,0,1,0,0,6,18.0,50.0
18938,40.42682,-3.67646,2,1.0,1.0,60.0,0.0,1,0.0,198,200,5328.0,74.694253,2.2,1.0,1,0,0,0,0,1,0,1,0,0,1,0,0,9,18.0,100.0
18939,40.44499,-3.66275,2,1.0,1.0,60.0,0.0,1,0.0,247,200,4508.0,67.220486,5.8,1.0,1,0,0,0,0,1,0,1,0,0,0,0,0,1,18.0,100.0
18940,40.42141,-3.63003,1,1.0,1.0,20.0,0.0,1,0.0,184,50,2893.0,50.090625,6.5,1.0,0,1,1,1,1,0,0,1,0,0,0,0,0,1,10.5,50.0
18941,40.4176,-3.70491,5,3.0,3.0,125.0,0.0,20,0.0,155,200,4503.0,68.043894,0.8,2.0,1,0,0,0,0,1,0,1,0,0,0,0,0,7,43.5,150.0
18942,40.41969,-3.70329,7,4.0,4.0,89.0,0.0,20,0.0,155,200,4503.0,68.043894,0.8,2.5,1,0,0,0,0,1,0,1,0,0,0,0,0,7,60.0,100.0
18943,40.40984,-3.71001,2,1.0,1.0,35.0,0.0,18,0.0,184,200,4503.0,68.043894,0.8,1.5,1,1,1,1,1,1,0,0,0,1,1,0,0,8,19.5,50.0
18944,40.40793,-3.70306,4,1.0,2.0,42.0,0.0,1,0.0,174,200,4503.0,68.043894,0.8,1.0,1,0,0,0,0,1,0,1,0,0,1,0,0,9,33.0,50.0
18945,40.41967,-3.70518,5,3.0,3.0,76.0,0.0,20,0.0,155,200,4503.0,68.043894,0.8,2.0,1,0,0,0,0,1,0,1,0,0,0,0,0,7,43.5,100.0
18946,40.43288,-3.70092,4,2.0,3.0,144.0,100.0,113,0.75,192,200,4855.0,64.056634,2.4,1.0,1,0,0,0,0,1,0,1,0,0,0,0,0,7,33.0,150.0
18947,40.41141,-3.71647,1,1.0,1.0,20.0,1.0,1,1.0,219,50,4503.0,68.043894,0.8,1.0,1,1,1,1,1,1,1,1,1,1,1,1,1,6,10.5,50.0
18948,40.41617,-3.70926,3,1.0,2.0,67.0,80.0,1,0.71,562,200,4503.0,68.043894,0.8,1.0,1,0,0,0,0,1,0,1,0,0,1,0,0,1,25.5,100.0
18949,40.41697,-3.67764,5,2.0,3.0,197.0,100.0,25,1.0,274,200,4220.0,63.672727,3.2,2.0,1,0,0,0,0,1,0,1,0,0,1,0,0,11,43.5,200.0
18950,40.41332,-3.70791,2,1.0,1.0,65.0,0.0,1,0.0,149,200,4503.0,68.043894,0.8,1.0,1,0,0,0,0,1,0,1,0,0,1,0,0,1,18.0,100.0
18951,40.42237,-3.68007,5,3.0,4.0,195.0,100.0,1,4.58,268,200,5328.0,74.694253,2.2,3.0,1,0,0,0,0,1,1,1,1,0,0,0,0,1,46.5,200.0
18952,40.41751,-3.70228,2,1.0,1.0,43.0,80.0,1,1.28,525,200,4503.0,68.043894,0.8,1.0,1,0,0,0,0,1,0,1,0,0,0,0,0,1,18.0,50.0
18953,40.41001,-3.73727,1,1.0,1.0,19.0,100.0,1,1.96,187,50,2287.0,47.008319,4.7,1.5,0,0,0,0,0,1,0,0,0,0,1,0,0,5,12.0,50.0
18954,40.4254,-3.70005,3,1.0,2.0,40.0,20.0,1,0.64,345,200,4503.0,68.043894,0.8,1.5,1,0,0,0,0,1,0,1,0,0,0,1,0,1,27.0,50.0
18955,40.41755,-3.70501,5,3.0,3.0,70.0,0.0,20,0.0,155,200,4503.0,68.043894,0.8,1.5,1,0,0,0,0,1,0,1,0,0,0,0,0,7,42.0,100.0
18956,40.40953,-3.71101,2,1.0,1.0,37.0,57.0,18,2.65,193,200,4503.0,68.043894,0.8,1.5,1,1,1,1,1,1,0,0,0,0,1,0,0,8,19.5,50.0
18957,40.40961,-3.70917,3,1.0,2.0,35.0,0.0,4,0.0,250,200,4503.0,68.043894,0.8,1.0,1,1,1,1,1,1,0,0,1,0,1,0,0,2,25.5,50.0
18958,40.43974,-3.69755,2,1.0,1.0,194.0,100.0,3,1.0,559,200,4855.0,64.056634,2.4,1.0,1,0,0,0,0,1,0,1,0,1,1,1,0,5,18.0,200.0
18959,40.41871,-3.70252,4,3.0,3.0,310.0,0.0,1,0.0,352,50,4503.0,68.043894,0.8,2.0,1,0,0,0,0,1,0,1,0,0,1,0,0,1,36.0,200.0
18961,40.41671,-3.70594,10,2.0,5.0,210.0,0.0,7,0.0,388,200,4503.0,68.043894,0.8,2.5,1,0,0,0,0,1,0,1,0,0,0,0,0,10,82.5,200.0
18962,40.41439,-3.7034,4,1.0,3.0,167.0,100.0,2,2.0,495,200,4503.0,68.043894,0.8,1.0,1,0,0,0,0,1,0,1,0,1,1,0,0,2,33.0,200.0
18963,40.42113,-3.67836,3,2.0,2.0,110.0,0.0,7,0.0,398,200,4220.0,63.672727,3.2,1.0,1,0,0,0,0,1,0,1,0,0,1,0,0,10,25.5,150.0
18964,40.40974,-3.70112,4,2.0,2.0,70.0,0.0,1,0.0,377,200,4503.0,68.043894,0.8,2.0,1,0,0,0,0,1,0,0,0,0,1,0,0,1,36.0,100.0
18965,40.4252,-3.70872,4,1.0,1.0,52.0,60.0,28,0.86,349,200,4503.0,68.043894,0.8,1.0,1,0,0,0,0,1,0,0,0,0,1,0,0,7,33.0,100.0
18966,40.40968,-3.70954,8,3.0,5.0,189.0,0.0,163,0.0,276,200,4503.0,68.043894,0.8,1.0,1,0,0,0,0,1,0,1,1,1,0,0,0,2,63.0,200.0
18967,40.44188,-3.69472,7,3.0,5.0,149.0,0.0,163,0.0,264,200,4855.0,64.056634,2.4,2.0,1,0,0,0,1,1,0,1,1,0,0,0,0,2,58.5,150.0
18969,40.40871,-3.70499,2,0.0,2.0,59.0,87.0,9,4.35,472,200,4503.0,68.043894,0.8,1.0,1,0,0,0,0,1,0,1,0,0,1,0,0,7,18.0,100.0
18970,40.40833,-3.70322,2,0.0,2.0,55.0,97.0,9,3.89,426,200,4503.0,68.043894,0.8,1.0,1,0,0,0,0,1,0,1,0,0,0,0,0,7,18.0,100.0
18971,40.40724,-3.70465,2,0.0,2.0,56.0,98.0,9,3.87,426,200,4503.0,68.043894,0.8,1.0,1,0,0,0,0,1,0,1,0,1,0,0,0,5,18.0,100.0
18972,40.40728,-3.70529,2,0.0,2.0,38.0,92.0,9,4.92,370,200,4503.0,68.043894,0.8,1.0,1,0,0,0,0,1,0,1,0,0,1,0,0,5,18.0,50.0
18973,40.40692,-3.70325,2,1.0,1.0,38.0,90.0,11,4.92,370,200,4503.0,68.043894,0.8,1.5,1,1,1,1,1,1,1,1,1,1,1,1,1,5,19.5,50.0
18974,40.40866,-3.70512,2,0.0,2.0,35.0,90.0,11,4.21,401,200,4503.0,68.043894,0.8,1.0,1,0,0,0,0,1,0,1,0,1,0,0,0,5,18.0,50.0
18975,40.41483,-3.70129,4,1.0,2.0,76.0,73.0,2,2.73,672,200,4503.0,68.043894,0.8,1.0,1,0,0,0,0,0,0,0,0,0,0,1,0,2,33.0,100.0
18976,40.40863,-3.73778,5,2.0,3.0,52.0,0.0,3,0.0,149,200,2287.0,47.008319,4.7,1.0,1,0,0,0,0,1,0,1,0,0,1,0,0,8,40.5,100.0
18977,40.42866,-3.69441,3,1.0,2.0,55.0,0.0,1,0.0,1080,200,4855.0,64.056634,2.4,1.0,1,0,0,0,0,1,0,0,1,0,0,1,1,5,25.5,100.0
18978,40.4102,-3.73834,2,1.0,1.0,20.0,100.0,3,1.0,261,50,2287.0,47.008319,4.7,1.0,1,0,0,0,0,1,0,1,0,0,1,0,0,8,18.0,50.0
18979,40.40891,-3.73667,2,1.0,1.0,19.0,100.0,3,0.79,191,50,2287.0,47.008319,4.7,1.0,0,0,0,0,0,1,0,1,0,0,1,0,0,8,18.0,50.0
18980,40.40666,-3.68206,1,0.0,1.0,40.0,0.0,1,0.0,165,200,4220.0,63.672727,3.2,1.0,1,0,0,0,0,1,0,0,0,0,1,0,0,9,10.5,50.0
18981,40.41053,-3.70104,2,1.0,1.0,60.0,0.0,2,0.0,205,200,4503.0,68.043894,0.8,1.0,1,0,0,0,0,1,0,1,0,0,1,0,0,9,18.0,100.0
18982,40.47006,-3.58459,4,2.0,2.0,120.0,0.0,1,0.0,187,200,3047.0,56.183432,11.8,1.0,1,1,1,1,1,1,1,1,1,0,0,0,0,7,33.0,150.0
18984,40.41932,-3.6971,2,1.0,2.0,58.0,0.0,2,0.0,145,200,4503.0,68.043894,0.8,1.0,1,0,0,0,0,1,0,1,0,0,0,0,0,1,18.0,100.0
18985,40.44704,-3.67156,2,0.0,1.0,34.0,90.0,38,2.0,434,200,4508.0,67.220486,5.8,1.0,1,0,0,0,0,1,0,0,0,0,0,0,0,9,18.0,50.0
18986,40.43273,-3.67308,2,1.0,2.0,62.0,0.0,8,0.0,321,200,5328.0,74.694253,2.2,1.0,1,0,0,0,0,1,0,1,0,0,0,0,0,2,18.0,100.0
18987,40.41672,-3.69822,6,3.0,5.0,267.0,100.0,28,1.07,228,200,4503.0,68.043894,0.8,3.0,1,0,0,0,0,1,0,1,1,0,0,0,0,10,54.0,200.0
18988,40.41651,-3.69837,6,3.0,5.0,256.0,100.0,28,0.61,241,200,4503.0,68.043894,0.8,3.0,1,0,0,0,0,1,0,1,1,0,0,0,0,10,54.0,200.0
18989,40.41658,-3.6967,6,3.0,5.0,324.0,0.0,28,0.0,241,200,4503.0,68.043894,0.8,2.0,1,0,0,0,0,1,0,1,1,0,0,0,0,10,51.0,200.0
18990,40.4212,-3.68826,3,2.0,3.0,58.0,0.0,12,0.0,314,200,5328.0,74.694253,2.2,1.0,1,0,0,0,0,1,0,1,0,1,1,0,0,9,25.5,100.0
18991,40.42513,-3.69835,6,2.0,4.0,143.0,100.0,163,2.03,253,200,4503.0,68.043894,0.8,2.0,1,0,0,0,0,1,0,1,1,0,0,0,0,2,51.0,150.0
18992,40.42013,-3.70116,2,1.0,2.0,25.0,80.0,10,2.77,229,50,4503.0,68.043894,0.8,1.0,0,1,1,1,1,1,0,1,0,0,0,0,0,10,18.0,50.0
18993,40.43367,-3.70312,3,3.0,3.0,13.0,0.0,8,0.0,344,50,4855.0,64.056634,2.4,1.0,0,1,1,1,1,1,0,0,0,0,1,0,0,5,25.5,50.0
18994,40.42849,-3.70855,2,1.0,1.0,15.0,0.0,3,0.0,163,50,4503.0,68.043894,0.8,1.5,0,1,1,1,1,1,0,0,0,0,1,0,0,1,19.5,50.0
18995,40.42045,-3.70214,4,0.0,1.0,64.0,83.0,5,2.95,442,200,4503.0,68.043894,0.8,1.0,1,0,0,0,0,1,0,1,0,0,1,0,0,2,33.0,100.0
18996,40.41498,-3.71063,4,1.0,2.0,60.0,0.0,1,0.0,730,200,4503.0,68.043894,0.8,1.0,1,0,0,0,0,0,0,1,0,0,1,1,0,3,33.0,100.0
18997,40.41905,-3.70094,2,0.0,1.0,50.0,100.0,10,0.79,407,200,4503.0,68.043894,0.8,1.0,1,0,0,0,0,1,0,1,0,0,1,0,0,1,18.0,50.0
18998,40.41905,-3.70094,2,0.0,1.0,50.0,90.0,2,1.02,348,200,4503.0,68.043894,0.8,1.0,1,0,0,0,0,1,0,1,0,1,1,0,0,8,18.0,50.0
18999,40.41905,-3.70094,2,0.0,2.0,50.0,0.0,2,0.0,440,200,4503.0,68.043894,0.8,1.0,1,0,0,0,0,1,0,1,0,0,1,0,0,8,18.0,50.0
19000,40.40669,-3.70591,4,3.0,3.0,135.0,0.0,1,0.0,583,200,4503.0,68.043894,0.8,1.5,1,0,0,0,0,1,0,1,0,0,0,0,0,4,34.5,150.0
19001,40.43363,-3.70303,4,0.0,3.0,45.0,80.0,6,1.0,85,200,4855.0,64.056634,2.4,1.0,1,0,0,0,0,1,0,0,0,0,1,0,0,2,33.0,50.0
19002,40.39687,-3.77302,2,1.0,2.0,30.0,0.0,1,0.0,57,50,2287.0,47.008319,4.7,1.5,1,0,0,0,0,0,0,0,0,0,0,0,0,10,19.5,50.0
19003,40.41372,-3.69803,1,1.0,1.0,25.0,0.0,1,0.0,174,50,4503.0,68.043894,0.8,1.0,0,0,0,0,0,1,0,1,0,0,1,0,0,1,10.5,50.0
19004,40.43016,-3.71425,1,1.0,1.0,12.0,0.0,1,0.0,490,50,4503.0,68.043894,0.8,2.0,0,0,0,0,0,1,0,0,1,0,1,0,0,6,13.5,50.0
19005,40.46349,-3.66654,1,1.0,1.0,39.0,0.0,1,0.0,107,50,2893.0,50.090625,6.5,1.5,0,0,0,0,0,1,0,0,0,0,0,0,0,1,12.0,50.0
19006,40.38538,-3.70532,2,1.0,1.0,25.0,90.0,1,1.07,456,50,2316.0,43.910072,4.6,1.5,0,0,0,0,0,1,0,1,0,1,1,0,0,7,19.5,50.0
19007,40.42481,-3.70294,2,1.0,1.0,79.0,87.0,59,3.0,401,200,4503.0,68.043894,0.8,1.0,1,0,0,0,0,1,0,1,0,0,1,0,0,7,18.0,100.0
19008,40.40666,-3.73615,1,1.0,1.0,40.0,0.0,1,0.0,660,50,2287.0,47.008319,4.7,1.5,1,0,0,0,0,1,0,0,0,1,0,1,0,5,12.0,50.0
19009,40.42897,-3.67334,4,1.0,2.0,60.0,0.0,2,0.0,157,200,5328.0,74.694253,2.2,1.5,1,1,1,1,1,1,0,0,0,0,1,0,0,7,34.5,100.0
19010,40.41777,-3.67304,2,1.0,1.0,95.0,0.0,1,0.0,245,200,4220.0,63.672727,3.2,1.5,1,0,0,0,0,1,0,0,0,0,1,0,0,6,19.5,100.0
19011,40.42776,-3.68425,2,1.0,1.0,45.0,0.0,6,0.0,211,200,5328.0,74.694253,2.2,1.0,1,0,0,0,0,1,0,1,0,0,1,0,0,2,18.0,50.0
19012,40.4099,-3.70802,6,3.0,6.0,83.0,0.0,20,0.0,179,200,4503.0,68.043894,0.8,1.0,1,0,0,0,0,1,0,1,0,0,0,0,0,9,48.0,100.0
19013,40.3954,-3.75901,3,0.0,3.0,30.0,0.0,1,0.0,131,200,2287.0,47.008319,4.7,1.0,1,0,0,0,0,0,0,0,0,0,1,0,0,3,25.5,50.0
19014,40.44475,-3.66916,1,1.0,1.0,55.0,1.0,1,1.0,111,50,4508.0,67.220486,5.8,1.0,1,1,1,1,1,1,1,1,1,1,1,1,1,1,10.5,100.0
19015,40.42113,-3.71054,2,1.0,2.0,38.0,100.0,7,1.5,513,50,4503.0,68.043894,0.8,1.0,1,0,0,0,0,1,0,1,0,0,1,0,0,4,18.0,50.0
19016,40.41259,-3.70135,2,1.0,2.0,60.0,0.0,1,0.0,380,200,4503.0,68.043894,0.8,1.0,1,1,1,1,1,1,0,1,0,0,0,0,0,8,18.0,100.0
19017,40.42322,-3.71077,2,1.0,2.0,40.0,100.0,7,0.55,568,50,4503.0,68.043894,0.8,1.0,1,0,0,0,0,1,0,1,0,0,1,0,0,4,18.0,50.0
19018,40.42633,-3.70165,2,1.0,1.0,26.0,100.0,5,1.03,203,50,4503.0,68.043894,0.8,1.5,0,0,0,0,0,1,0,0,0,0,0,0,0,1,19.5,50.0
19020,40.4273,-3.70213,2,1.0,2.0,26.0,100.0,5,1.58,120,50,4503.0,68.043894,0.8,1.0,0,0,0,0,0,1,0,0,0,0,0,0,0,1,18.0,50.0
19022,40.42647,-3.70189,2,1.0,2.0,28.0,100.0,5,1.18,106,50,4503.0,68.043894,0.8,1.0,1,0,0,0,0,1,0,0,0,0,0,0,0,1,18.0,50.0
19023,40.41474,-3.7115,10,4.0,6.0,187.0,100.0,1,2.0,736,200,4503.0,68.043894,0.8,2.0,1,0,0,0,0,1,0,1,0,1,0,0,0,1,81.0,200.0
19024,40.40208,-3.69184,1,1.0,1.0,45.0,0.0,1,0.0,208,50,3917.0,55.025641,1.9,1.0,0,1,1,1,1,0,0,0,0,1,0,0,0,3,10.5,50.0
19025,40.40821,-3.69999,2,1.0,1.0,76.0,100.0,67,3.33,496,200,4503.0,68.043894,0.8,1.0,1,0,0,0,0,1,0,1,0,0,1,1,0,7,18.0,100.0
19026,40.42285,-3.71061,2,1.0,1.0,38.0,20.0,7,1.0,505,50,4503.0,68.043894,0.8,1.0,0,0,0,0,0,1,0,1,0,0,1,0,0,4,18.0,50.0
19027,40.42305,-3.71065,2,1.0,2.0,33.0,0.0,7,0.0,470,50,4503.0,68.043894,0.8,1.0,0,0,0,0,0,1,0,1,0,0,1,0,0,4,18.0,50.0
19028,40.42155,-3.70908,2,1.0,1.0,37.0,0.0,7,0.0,494,50,4503.0,68.043894,0.8,1.0,0,0,0,0,0,1,0,1,0,0,1,0,0,4,18.0,50.0
19029,40.42491,-3.67346,4,2.0,4.0,201.0,0.0,17,0.0,194,200,5328.0,74.694253,2.2,2.0,1,0,0,0,0,1,0,1,0,0,1,0,0,8,36.0,200.0
19030,40.40603,-3.73987,7,3.0,5.0,51.0,100.0,8,1.76,209,200,2287.0,47.008319,4.7,1.0,1,0,0,0,0,1,0,0,0,0,1,0,0,8,55.5,100.0
19031,40.38738,-3.7013,4,1.0,1.0,36.0,85.0,6,4.0,490,200,2316.0,43.910072,4.6,1.0,1,0,0,0,0,1,0,1,0,1,1,1,0,1,33.0,50.0
19032,40.418,-3.67617,1,1.0,1.0,23.0,0.0,3,0.0,642,50,4220.0,63.672727,3.2,2.0,0,0,0,0,0,1,0,0,0,0,0,0,0,3,13.5,50.0
19033,40.43461,-3.67269,2,1.0,2.0,62.0,100.0,8,1.0,636,200,5328.0,74.694253,2.2,1.0,1,0,0,0,0,1,0,0,0,0,0,0,0,2,18.0,100.0
19034,40.41164,-3.7188,6,2.0,3.0,106.0,100.0,1,1.0,430,200,3917.0,55.025641,1.9,2.0,1,0,0,0,0,1,1,1,0,1,0,0,0,10,51.0,150.0
19035,40.42256,-3.70674,2,1.0,2.0,28.0,90.0,18,1.62,226,50,4503.0,68.043894,0.8,1.0,1,0,0,0,0,1,0,1,0,0,1,0,0,10,18.0,50.0
19036,40.42058,-3.70802,7,3.0,5.0,227.0,100.0,1,3.96,881,200,4503.0,68.043894,0.8,2.0,1,0,0,0,0,1,0,1,0,1,1,1,1,2,58.5,200.0
19037,40.44887,-3.6896,6,3.0,3.0,290.0,0.0,92,0.0,173,200,4508.0,67.220486,5.8,3.5,1,0,0,0,0,1,0,1,0,0,0,0,0,7,55.5,200.0
19038,40.43294,-3.64508,1,1.0,1.0,40.0,0.0,1,0.0,126,50,2893.0,50.090625,6.5,1.0,0,0,0,0,0,1,0,0,0,0,1,0,0,4,10.5,50.0
19039,40.41856,-3.69834,6,3.0,5.0,245.0,100.0,28,0.61,241,200,4503.0,68.043894,0.8,3.0,1,0,0,0,0,1,0,1,1,0,0,0,0,10,54.0,200.0
19040,40.41641,-3.69791,6,3.0,5.0,347.0,100.0,28,1.54,241,200,4503.0,68.043894,0.8,3.0,1,0,0,0,0,1,0,1,1,0,0,0,0,10,54.0,200.0
19041,40.45023,-3.71097,2,0.0,1.0,40.0,0.0,1,0.0,176,50,3555.0,63.451906,5.9,1.0,0,1,1,1,1,1,0,1,1,0,0,0,0,1,18.0,50.0
19042,40.44958,-3.70645,4,2.0,2.0,64.0,0.0,2,0.0,234,200,3476.0,60.621287,5.9,1.0,1,0,0,0,0,1,0,1,0,0,1,0,0,7,33.0,100.0
19043,40.47331,-3.594,2,2.0,1.0,30.0,0.0,3,0.0,570,50,3047.0,56.183432,11.8,1.0,1,1,1,1,1,1,0,1,0,0,0,1,0,2,18.0,50.0
19044,40.40514,-3.7514,3,1.0,1.0,23.0,0.0,3,0.0,171,50,2287.0,47.008319,4.7,1.0,0,0,0,0,0,1,0,0,0,0,1,0,0,3,25.5,50.0
19045,40.40786,-3.61238,2,2.0,2.0,12.0,0.0,2,0.0,100,50,2246.0,55.472222,11.2,1.0,1,1,1,1,1,1,0,1,0,0,0,0,0,0,18.0,50.0
19047,40.41652,-3.67496,1,1.0,1.0,20.0,0.0,3,0.0,546,50,4220.0,63.672727,3.2,2.0,0,0,0,0,0,1,0,0,0,0,0,0,0,3,13.5,50.0
19048,40.4018,-3.70295,4,2.0,2.0,60.0,0.0,2,0.0,393,200,3917.0,55.025641,1.9,2.0,1,1,1,1,1,1,0,1,0,0,0,0,0,6,36.0,100.0
19049,40.42242,-3.70748,6,2.0,3.0,61.0,100.0,8,1.64,211,200,4503.0,68.043894,0.8,2.0,1,0,0,0,0,1,0,0,0,0,1,0,0,0,51.0,100.0
19050,40.41482,-3.70266,3,1.0,1.0,129.0,1.0,12,1.0,466,50,4503.0,68.043894,0.8,1.0,1,1,1,1,1,1,1,1,1,1,1,1,1,9,25.5,150.0
19051,40.42065,-3.69768,2,1.0,1.0,89.0,100.0,1,1.0,160,200,4503.0,68.043894,0.8,1.0,1,0,0,0,0,1,0,1,0,0,0,0,0,6,18.0,100.0
19052,40.4263,-3.70017,1,1.0,1.0,22.0,100.0,3,1.0,161,50,4503.0,68.043894,0.8,1.0,0,0,0,1,0,1,0,0,0,0,0,0,0,2,10.5,50.0
19053,40.4237,-3.62022,2,1.0,1.0,24.0,0.0,3,0.0,206,50,2477.0,70.967532,7.3,1.0,0,0,0,0,0,1,0,1,0,0,1,0,0,3,18.0,50.0
19054,40.43029,-3.72062,1,1.0,1.0,27.0,100.0,1,4.5,157,50,3555.0,63.451906,5.9,1.0,0,0,0,0,0,1,0,0,0,0,1,0,0,6,10.5,50.0
19055,40.42844,-3.70114,1,1.0,1.0,25.0,73.0,3,2.65,96,50,4503.0,68.043894,0.8,1.0,1,1,1,1,1,1,1,1,1,1,1,1,1,2,10.5,50.0
19056,40.42346,-3.63893,5,3.0,5.0,70.0,100.0,3,0.5,612,200,2893.0,50.090625,6.5,1.0,1,0,0,0,0,1,0,0,0,0,1,0,0,10,40.5,100.0
19057,40.42063,-3.70272,1,1.0,1.0,21.0,0.0,4,0.0,902,50,4503.0,68.043894,0.8,2.0,0,0,0,0,0,1,0,0,1,0,1,1,0,1,13.5,50.0
19058,40.41882,-3.70079,1,1.0,1.0,20.0,0.0,4,0.0,850,50,4503.0,68.043894,0.8,2.0,0,0,0,0,0,1,0,0,1,0,1,1,0,1,13.5,50.0
19059,40.4191,-3.7006,1,1.0,1.0,20.0,0.0,4,0.0,839,50,4503.0,68.043894,0.8,2.0,0,0,0,0,0,1,0,0,1,0,1,1,0,1,13.5,50.0
19060,40.4187,-3.70059,1,1.0,1.0,21.0,0.0,4,0.0,876,50,4503.0,68.043894,0.8,2.0,0,0,0,0,0,1,0,0,1,0,1,1,0,1,13.5,50.0
19061,40.4075,-3.69862,2,1.0,2.0,30.0,100.0,1,1.76,182,200,4503.0,68.043894,0.8,1.0,1,0,0,0,0,1,0,1,0,0,1,0,0,9,18.0,50.0
19062,40.44098,-3.57049,2,0.0,1.0,160.0,0.0,1,0.0,254,200,2477.0,70.967532,7.3,2.0,1,0,0,0,0,1,0,1,0,0,1,0,0,4,21.0,200.0
19063,40.42267,-3.71686,4,1.0,1.0,62.0,0.0,1,0.0,601,200,3555.0,63.451906,5.9,1.0,1,0,0,0,0,1,0,0,0,1,1,0,0,5,33.0,100.0
19065,40.41889,-3.70919,2,1.0,1.0,42.0,0.0,1,0.0,510,200,4503.0,68.043894,0.8,1.0,1,0,0,0,0,1,0,1,0,0,1,0,0,8,18.0,50.0
19067,40.42871,-3.69994,1,1.0,1.0,20.0,0.0,3,0.0,85,50,4855.0,64.056634,2.4,1.0,0,1,1,1,1,1,0,0,1,0,0,0,0,2,10.5,50.0
19068,40.41524,-3.7071,2,1.0,1.0,55.0,0.0,20,0.0,286,200,4503.0,68.043894,0.8,1.0,1,0,0,0,0,1,0,1,0,0,1,0,0,7,18.0,100.0
19069,40.42782,-3.66723,2,1.0,1.0,60.0,80.0,1,1.0,423,200,5328.0,74.694253,2.2,1.0,1,1,1,1,1,1,1,1,1,1,1,1,1,6,18.0,100.0
19070,40.39019,-3.64047,1,1.0,1.0,30.0,0.0,1,0.0,453,50,1890.0,41.443535,5.0,1.0,1,0,0,0,0,1,0,1,1,1,1,0,0,0,10.5,50.0
19071,40.41781,-3.70943,4,1.0,2.0,54.0,75.0,1,2.86,413,200,4503.0,68.043894,0.8,1.5,1,0,0,0,0,1,0,1,0,0,1,0,0,1,34.5,100.0
19072,40.41086,-3.73549,3,2.0,3.0,45.0,0.0,2,0.0,1101,200,2287.0,47.008319,4.7,1.5,1,0,0,0,0,1,0,0,0,1,1,0,1,0,27.0,50.0
19073,40.38275,-3.62056,1,1.0,1.0,30.0,0.0,1,0.0,69,50,2382.0,49.659794,11.0,1.0,0,0,0,0,0,1,0,0,0,0,0,0,0,2,10.5,50.0
19074,40.42449,-3.67729,1,2.0,1.0,30.0,0.0,1,0.0,489,50,5328.0,74.694253,2.2,1.0,0,1,1,1,1,1,0,1,0,0,1,0,0,6,10.5,50.0
19075,40.41993,-3.70915,1,1.0,2.0,16.0,80.0,29,0.61,41,50,4503.0,68.043894,0.8,2.0,0,0,0,0,0,0,0,0,0,0,0,0,0,3,13.5,50.0
19076,40.42299,-3.71045,2,1.0,1.0,42.0,85.0,7,2.55,410,50,4503.0,68.043894,0.8,1.0,1,0,0,0,0,1,0,1,0,0,1,0,0,4,18.0,50.0
19077,40.42651,-3.70859,2,1.0,1.0,80.0,0.0,1,0.0,179,50,4503.0,68.043894,0.8,1.0,0,1,1,1,1,0,0,0,0,0,0,0,0,1,18.0,100.0
19078,40.42184,-3.71068,2,1.0,2.0,36.0,0.0,7,0.0,521,50,4503.0,68.043894,0.8,1.0,1,0,0,0,0,1,0,1,0,0,1,0,0,4,18.0,50.0
19079,40.41442,-3.7095,6,2.0,4.0,49.0,94.0,38,3.89,187,200,4503.0,68.043894,0.8,3.0,1,0,0,0,0,1,0,1,0,0,1,0,0,9,54.0,50.0
19080,40.42626,-3.67965,2,0.0,1.0,77.0,0.0,2,0.0,595,200,5328.0,74.694253,2.2,1.0,1,0,0,0,1,1,0,1,0,0,0,0,1,7,18.0,100.0
19081,40.42213,-3.69741,4,2.0,2.0,70.0,0.0,10,0.0,139,200,4503.0,68.043894,0.8,2.0,1,0,0,0,0,0,0,1,0,0,0,0,0,4,36.0,100.0
19082,40.40478,-3.67825,4,2.0,2.0,85.0,0.0,1,0.0,147,200,4220.0,63.672727,3.2,2.0,1,0,0,0,0,1,0,0,0,0,1,0,0,9,36.0,100.0
19083,40.4203,-3.70023,4,1.0,1.0,44.0,90.0,2,3.83,382,200,4503.0,68.043894,0.8,1.0,1,0,0,0,0,1,0,1,1,0,0,0,0,3,33.0,50.0
19084,40.42205,-3.70609,2,1.0,2.0,25.0,100.0,18,0.91,258,50,4503.0,68.043894,0.8,1.0,0,0,0,0,0,1,0,1,0,1,1,0,0,10,18.0,50.0
19085,40.43238,-3.70123,4,3.0,3.0,13.0,0.0,3,0.0,265,50,4855.0,64.056634,2.4,1.0,1,1,1,1,1,1,0,0,0,0,1,0,0,1,33.0,50.0
19086,40.43254,-3.70103,3,3.0,3.0,13.0,0.0,3,0.0,137,50,4855.0,64.056634,2.4,1.0,0,1,1,1,1,0,0,0,0,0,0,0,0,1,25.5,50.0
19088,40.42167,-3.70929,2,1.0,1.0,24.0,100.0,4,1.46,178,50,4503.0,68.043894,0.8,1.0,1,1,1,1,1,1,1,1,1,1,1,1,1,5,18.0,50.0
19089,40.46165,-3.68668,2,1.0,1.0,40.0,100.0,1,1.0,153,200,4508.0,67.220486,5.8,1.0,1,0,0,0,0,1,0,1,0,0,0,0,0,1,18.0,50.0
19090,40.41113,-3.71249,2,1.0,1.0,54.0,100.0,2,1.0,206,200,4503.0,68.043894,0.8,1.0,1,0,0,0,0,1,0,1,0,0,1,0,0,1,18.0,100.0
19091,40.42024,-3.70992,4,1.0,1.0,71.0,0.0,2,0.0,192,200,4503.0,68.043894,0.8,1.0,1,0,0,0,0,1,0,1,0,0,1,0,0,2,33.0,100.0
19092,40.4223,-3.70687,2,1.0,1.0,27.0,100.0,18,0.77,241,50,4503.0,68.043894,0.8,1.5,1,1,1,1,1,1,1,1,1,1,1,1,1,10,19.5,50.0
19093,40.42095,-3.70298,1,1.0,1.0,15.0,0.0,38,0.0,202,50,4503.0,68.043894,0.8,4.0,0,0,0,0,0,1,0,0,0,0,1,0,0,3,19.5,50.0
19094,40.42779,-3.70433,8,4.0,6.0,150.0,0.0,7,0.0,358,200,4503.0,68.043894,0.8,2.0,1,0,0,0,0,1,0,0,0,0,1,0,0,8,66.0,150.0
19095,40.43568,-3.68436,2,0.0,2.0,60.0,100.0,2,0.75,234,200,5328.0,74.694253,2.2,1.0,1,0,0,0,0,1,0,1,0,0,0,0,0,1,18.0,100.0
19096,40.42764,-3.69544,2,1.0,2.0,54.0,100.0,2,0.64,312,50,4855.0,64.056634,2.4,1.0,1,0,0,0,0,1,0,1,0,0,0,0,0,1,18.0,100.0
19097,40.40775,-3.68613,2,1.0,2.0,24.0,0.0,4,0.0,126,50,4220.0,63.672727,3.2,1.0,1,0,0,1,0,1,0,1,0,0,0,0,0,3,18.0,50.0
19098,40.41711,-3.69991,5,2.0,3.0,68.0,0.0,8,0.0,524,200,4503.0,68.043894,0.8,1.0,1,0,0,0,0,1,0,1,0,0,1,0,0,9,40.5,100.0
19099,40.43405,-3.70299,4,0.0,3.0,40.0,0.0,35,0.0,85,200,4855.0,64.056634,2.4,1.0,1,0,0,0,0,1,0,0,0,0,1,0,0,2,33.0,50.0
19100,40.40424,-3.69807,6,1.0,3.0,111.0,0.0,1,0.0,328,200,3917.0,55.025641,1.9,1.0,1,0,0,0,0,1,1,1,0,0,1,0,0,5,48.0,150.0
19101,40.4204,-3.69845,2,1.0,1.0,35.0,0.0,10,0.0,352,50,4503.0,68.043894,0.8,1.0,1,0,0,0,0,1,0,1,0,1,1,0,0,1,18.0,50.0
19102,40.49312,-3.65941,5,3.0,3.0,96.0,0.0,2,0.0,661,200,3312.0,62.061453,9.2,2.0,1,0,0,0,0,1,1,1,1,0,1,0,0,3,43.5,100.0
19103,40.46981,-3.69314,1,1.0,1.0,25.0,100.0,1,2.0,171,50,3476.0,60.621287,5.9,1.0,0,0,0,0,0,1,0,0,0,0,1,0,0,3,10.5,50.0
19104,40.40987,-3.70475,8,2.0,5.0,65.0,0.0,5,0.0,118,200,4503.0,68.043894,0.8,1.0,1,0,0,0,0,1,0,1,0,0,0,0,0,3,63.0,100.0
19105,40.43451,-3.67271,2,1.0,2.0,62.0,80.0,8,1.0,576,200,5328.0,74.694253,2.2,1.0,1,0,0,0,0,1,0,1,0,0,0,0,0,2,18.0,100.0
19106,40.41309,-3.70493,7,3.0,4.0,120.0,68.0,5,3.57,380,200,4503.0,68.043894,0.8,2.5,1,0,0,0,0,1,0,0,0,0,0,0,0,1,60.0,150.0
19107,40.38305,-3.6718,1,1.0,1.0,30.0,0.0,1,0.0,735,50,1890.0,41.443535,5.0,1.0,0,1,1,1,1,1,0,1,0,1,1,0,0,6,10.5,50.0
19108,40.45927,-3.70936,4,2.0,2.0,92.0,100.0,8,0.64,895,200,3476.0,60.621287,5.9,2.0,1,0,0,0,0,0,0,1,0,1,1,1,1,6,36.0,100.0
19109,40.40041,-3.70485,1,1.0,1.0,20.0,95.0,2,2.26,305,50,3917.0,55.025641,1.9,1.0,0,0,0,0,0,1,0,0,1,0,1,0,0,8,10.5,50.0
19111,40.42424,-3.6969,1,1.0,1.0,20.0,0.0,2,0.0,205,50,4503.0,68.043894,0.8,1.0,0,0,0,0,0,1,0,0,1,0,1,0,0,9,10.5,50.0
19112,40.43307,-3.70364,5,2.0,3.0,79.0,0.0,1,0.0,178,200,4855.0,64.056634,2.4,2.0,1,0,0,0,0,1,0,1,0,0,1,0,0,8,43.5,100.0
19113,40.411,-3.70796,6,3.0,6.0,120.0,0.0,20,0.0,463,200,4503.0,68.043894,0.8,1.0,1,0,0,0,0,1,0,1,0,0,0,0,0,9,48.0,150.0
19114,40.36823,-3.62127,1,1.0,1.0,39.0,0.0,1,0.0,228,50,2382.0,49.659794,11.0,1.0,1,1,1,1,1,1,1,1,1,0,0,0,0,0,10.5,50.0
19115,40.42131,-3.71054,1,1.0,1.0,35.0,100.0,1,0.57,401,50,4503.0,68.043894,0.8,1.0,0,0,0,0,0,1,0,0,0,0,0,0,0,1,10.5,50.0
19116,40.41123,-3.70758,4,1.0,2.0,43.0,100.0,1,2.67,222,200,4503.0,68.043894,0.8,1.0,1,0,0,0,0,1,0,0,0,0,0,0,0,1,33.0,50.0
19117,40.45614,-3.70246,1,1.0,1.0,14.0,0.0,1,0.0,645,50,3476.0,60.621287,5.9,1.0,0,0,0,0,0,1,0,0,0,0,1,0,0,0,10.5,50.0
19118,40.42177,-3.70549,2,1.0,1.0,57.0,100.0,1,2.25,408,200,4503.0,68.043894,0.8,1.0,1,0,0,0,0,1,0,1,0,0,1,1,0,1,18.0,100.0
19119,40.39427,-3.70134,2,1.0,2.0,35.0,0.0,1,0.0,211,50,3917.0,55.025641,1.9,1.0,1,1,1,1,1,1,0,1,1,0,1,0,0,8,18.0,50.0
19120,40.41477,-3.71132,3,2.0,2.0,79.0,100.0,20,1.0,199,200,4503.0,68.043894,0.8,2.0,1,0,0,0,0,1,0,1,0,0,1,0,0,9,28.5,100.0
19121,40.40569,-3.69614,6,2.0,3.0,94.0,0.0,72,0.0,292,200,3917.0,55.025641,1.9,1.0,1,0,0,0,0,1,0,1,1,0,0,0,0,6,48.0,100.0
19122,40.39366,-3.73871,1,1.0,1.0,30.0,0.0,1,0.0,111,50,2195.0,47.402837,6.6,1.0,0,1,1,1,1,1,0,0,0,0,0,0,0,2,10.5,50.0
19123,40.41081,-3.70976,3,1.0,2.0,58.0,100.0,1,1.0,189,200,4503.0,68.043894,0.8,1.0,1,0,0,0,0,1,0,1,0,0,0,0,0,8,25.5,100.0
19124,40.42974,-3.70849,4,1.0,1.0,39.0,56.0,21,3.66,154,200,4503.0,68.043894,0.8,1.0,1,0,0,0,0,1,0,1,0,0,1,0,0,4,33.0,50.0
19125,40.42986,-3.66687,1,1.0,1.0,21.0,0.0,8,0.0,298,50,5328.0,74.694253,2.2,3.0,0,1,0,0,0,1,0,1,0,0,1,0,0,4,16.5,50.0
19126,40.40625,-3.71391,1,1.0,1.0,17.0,0.0,2,0.0,361,50,3917.0,55.025641,1.9,1.0,0,0,0,0,0,1,0,1,0,0,0,0,0,6,10.5,50.0
19127,40.42312,-3.62157,3,1.0,2.0,45.0,0.0,3,0.0,198,200,2477.0,70.967532,7.3,1.0,1,0,0,0,0,1,0,0,0,0,1,0,0,3,25.5,50.0
19128,40.40771,-3.6881,6,2.0,3.0,80.0,100.0,12,1.5,174,200,4220.0,63.672727,3.2,1.0,1,0,0,0,0,1,0,1,0,0,1,0,0,7,48.0,100.0
19129,40.42013,-3.69885,3,1.0,2.0,58.0,60.0,33,1.0,621,200,4503.0,68.043894,0.8,1.0,1,0,0,0,0,1,0,0,0,0,0,0,1,1,25.5,100.0
19130,40.41992,-3.71088,3,1.0,2.0,66.0,0.0,33,0.0,331,200,4503.0,68.043894,0.8,1.0,1,0,0,1,0,1,0,1,0,1,1,0,0,1,25.5,100.0
19131,40.42225,-3.70903,3,1.0,2.0,58.0,0.0,33,0.0,331,200,4503.0,68.043894,0.8,1.0,1,0,0,1,0,1,0,1,0,1,1,0,0,1,25.5,100.0
19132,40.40947,-3.70888,3,1.0,1.0,57.0,60.0,33,1.0,618,200,4503.0,68.043894,0.8,1.0,1,1,1,1,1,1,1,1,1,1,1,1,1,1,25.5,100.0
19133,40.42374,-3.70624,3,1.0,2.0,59.0,60.0,33,0.68,299,200,4503.0,68.043894,0.8,1.0,1,0,0,0,0,1,0,1,0,0,1,0,0,1,25.5,100.0
19134,40.42433,-3.70362,4,1.0,2.0,66.0,0.0,33,0.0,279,200,4503.0,68.043894,0.8,1.0,1,0,0,0,0,1,0,0,0,0,1,0,0,1,33.0,100.0
19135,40.41884,-3.70007,4,1.0,2.0,65.0,60.0,33,1.87,333,200,4503.0,68.043894,0.8,1.0,1,0,0,0,0,1,0,1,0,1,1,0,0,1,33.0,100.0
19136,40.42112,-3.69876,4,1.0,2.0,58.0,20.0,33,1.0,276,200,4503.0,68.043894,0.8,1.0,1,0,0,0,0,1,0,1,0,0,1,0,0,1,33.0,100.0
19137,40.42434,-3.70537,4,1.0,2.0,66.0,0.0,33,0.0,307,200,4503.0,68.043894,0.8,1.0,1,0,0,0,0,1,0,1,0,0,1,0,0,1,33.0,100.0
19138,40.41176,-3.70251,4,1.0,3.0,65.0,73.0,33,2.2,298,200,4503.0,68.043894,0.8,1.0,1,0,0,0,0,1,0,1,0,0,1,0,0,1,33.0,100.0
19139,40.41434,-3.69815,3,1.0,2.0,57.0,40.0,33,1.0,308,200,4503.0,68.043894,0.8,1.0,1,0,0,0,0,1,0,1,0,0,1,0,0,1,25.5,100.0
19140,40.44138,-3.697,4,1.0,2.0,59.0,0.0,33,0.0,307,200,4855.0,64.056634,2.4,1.0,1,0,0,0,0,1,0,1,0,0,1,0,0,1,33.0,100.0
19141,40.44321,-3.69854,3,1.0,2.0,57.0,0.0,33,0.0,287,200,4855.0,64.056634,2.4,1.0,1,0,0,0,0,1,0,0,0,0,1,0,0,1,25.5,100.0
19142,40.4271,-3.70776,4,2.0,3.0,58.0,100.0,33,0.88,299,200,4503.0,68.043894,0.8,1.0,1,0,0,0,0,1,0,0,0,1,1,0,0,1,33.0,100.0
19143,40.42689,-3.70762,5,2.0,4.0,61.0,0.0,33,0.0,279,200,4503.0,68.043894,0.8,1.0,1,0,0,0,0,1,0,0,0,0,1,0,0,1,40.5,100.0
19144,40.44866,-3.7092,5,2.0,3.0,75.0,60.0,33,1.0,304,200,3476.0,60.621287,5.9,1.0,1,0,0,0,0,1,0,1,0,0,1,0,0,1,40.5,100.0
19145,40.40869,-3.69879,5,2.0,3.0,59.0,40.0,33,1.0,698,200,4503.0,68.043894,0.8,1.0,1,0,0,0,0,1,0,0,0,0,1,0,1,1,40.5,100.0
19146,40.42501,-3.7018,5,2.0,3.0,67.0,80.0,33,0.86,307,200,4503.0,68.043894,0.8,1.0,1,0,0,0,0,1,0,1,0,0,1,0,0,1,40.5,100.0
19147,40.44509,-3.69881,6,2.0,3.0,64.0,60.0,33,1.0,266,200,4855.0,64.056634,2.4,1.0,1,0,0,0,0,1,0,0,0,1,1,0,0,1,48.0,100.0
19148,40.41243,-3.69599,5,2.0,3.0,72.0,53.0,33,2.14,662,200,4503.0,68.043894,0.8,1.0,1,0,0,0,0,1,0,0,0,1,0,0,1,1,40.5,100.0
19149,40.39343,-3.72317,6,2.0,4.0,73.0,0.0,33,0.0,341,200,2195.0,47.402837,6.6,1.0,1,0,0,0,1,1,0,1,0,1,1,0,0,1,48.0,100.0
19150,40.42801,-3.67211,3,2.0,2.0,66.0,0.0,33,0.0,330,200,5328.0,74.694253,2.2,1.0,1,0,0,0,0,1,0,1,0,0,1,0,0,1,25.5,100.0
19151,40.43837,-3.65381,6,2.0,4.0,68.0,0.0,33,0.0,318,200,2893.0,50.090625,6.5,2.0,1,0,0,0,0,1,0,1,0,1,1,0,0,1,51.0,100.0
19152,40.41025,-3.70468,5,2.0,3.0,67.0,0.0,33,0.0,327,200,4503.0,68.043894,0.8,1.0,1,0,0,0,0,1,0,1,0,1,1,0,0,1,40.5,100.0
19153,40.4102,-3.70474,5,2.0,3.0,72.0,0.0,33,0.0,282,200,4503.0,68.043894,0.8,1.0,1,0,0,0,0,1,0,0,0,1,1,0,0,1,40.5,100.0
19154,40.4074,-3.69982,5,2.0,4.0,61.0,0.0,33,0.0,299,200,4503.0,68.043894,0.8,2.0,1,0,0,0,0,1,0,1,0,0,1,0,0,1,43.5,100.0
19155,40.42399,-3.69849,8,3.0,1.0,108.0,1.0,33,1.0,307,200,4503.0,68.043894,0.8,1.0,1,1,1,1,1,1,1,1,1,1,1,1,1,1,63.0,150.0
19156,40.39717,-3.71474,6,3.0,4.0,72.0,100.0,33,1.5,341,200,2195.0,47.402837,6.6,1.0,1,0,0,0,0,1,0,1,0,1,1,0,0,1,48.0,100.0
19157,40.41381,-3.72435,8,3.0,5.0,113.0,0.0,33,0.0,341,200,2287.0,47.008319,4.7,2.0,1,0,0,0,0,1,0,1,0,1,1,0,0,1,66.0,150.0
19158,40.38968,-3.72534,7,4.0,4.0,120.0,100.0,33,1.0,321,200,2195.0,47.402837,6.6,2.0,1,0,0,0,0,1,0,1,0,0,1,0,0,1,58.5,150.0
19159,40.42001,-3.67824,7,4.0,1.0,119.0,1.0,33,1.0,668,200,4220.0,63.672727,3.2,1.5,1,1,1,1,1,1,1,1,1,1,1,1,1,1,57.0,150.0
19160,40.3975,-3.6698,4,1.0,2.0,83.0,0.0,40,0.0,417,200,1890.0,41.443535,5.0,1.0,1,0,0,0,0,1,0,1,1,0,0,1,0,5,33.0,100.0
19161,40.41513,-3.69914,2,1.0,3.0,69.0,0.0,1,0.0,591,200,4503.0,68.043894,0.8,1.0,1,0,0,0,0,1,0,1,0,0,0,0,1,1,18.0,100.0
19162,40.40853,-3.70502,6,2.0,3.0,65.0,90.0,33,1.58,307,200,4503.0,68.043894,0.8,1.0,1,0,0,0,0,1,0,1,0,0,1,0,0,1,48.0,100.0
19163,40.41751,-3.67253,1,0.0,1.0,35.0,0.0,2,0.0,162,50,4220.0,63.672727,3.2,2.0,1,0,0,0,0,1,0,0,1,0,0,0,0,9,13.5,50.0
19164,40.41147,-3.7069,1,1.0,2.0,18.0,100.0,1,3.85,748,50,4503.0,68.043894,0.8,1.5,0,0,0,0,0,1,0,1,0,1,1,0,0,10,12.0,50.0
19165,40.41427,-3.70542,8,4.0,5.0,176.0,90.0,1,2.93,500,200,4503.0,68.043894,0.8,3.5,1,0,0,0,0,1,0,1,0,0,1,0,0,1,70.5,200.0
19166,40.41071,-3.69447,2,1.0,2.0,80.0,0.0,1,0.0,181,200,4503.0,68.043894,0.8,1.0,1,0,0,0,0,1,0,1,0,0,0,0,0,6,18.0,100.0
19167,40.46118,-3.70589,4,3.0,3.0,100.0,0.0,1,0.0,422,50,3476.0,60.621287,5.9,1.5,0,0,0,0,0,1,0,1,0,0,0,0,0,4,34.5,100.0
19168,40.41386,-3.70892,2,1.0,2.0,65.0,100.0,13,1.0,207,200,4503.0,68.043894,0.8,1.0,1,0,0,0,0,1,0,1,0,0,0,0,0,7,18.0,100.0
19169,40.42878,-3.66602,2,1.0,1.0,50.0,70.0,1,1.28,156,200,5328.0,74.694253,2.2,1.5,1,0,0,0,0,0,0,0,0,0,0,0,0,7,19.5,50.0
19170,40.42639,-3.67852,2,0.0,1.0,94.0,100.0,2,0.65,578,200,5328.0,74.694253,2.2,1.0,1,0,0,0,1,1,0,1,1,0,0,0,1,7,18.0,100.0
19171,40.41314,-3.69727,2,1.0,1.0,70.0,100.0,67,1.5,439,200,4503.0,68.043894,0.8,1.0,1,0,0,0,0,1,0,1,0,0,1,1,0,7,18.0,100.0
19172,40.43919,-3.69826,6,2.0,4.0,55.0,0.0,11,0.0,91,200,4855.0,64.056634,2.4,1.0,1,0,0,0,0,1,0,0,0,0,0,0,0,2,48.0,100.0
19173,40.3974,-3.69897,4,1.0,1.0,50.0,0.0,2,0.0,517,200,3917.0,55.025641,1.9,1.0,1,0,0,0,0,1,0,1,0,0,1,0,0,6,33.0,50.0
19174,40.41663,-3.70296,13,3.0,10.0,207.0,0.0,3,0.0,246,200,4503.0,68.043894,0.8,2.0,1,0,0,0,0,1,0,1,0,0,1,0,0,4,103.5,200.0
19175,40.42471,-3.70431,4,1.0,2.0,73.0,0.0,12,0.0,355,200,4503.0,68.043894,0.8,1.0,1,0,0,0,0,1,0,1,0,0,1,0,0,1,33.0,100.0
19176,40.41574,-3.70638,2,1.0,1.0,80.0,80.0,1,1.58,327,200,4503.0,68.043894,0.8,1.0,1,0,0,0,0,1,0,1,0,0,0,0,0,1,18.0,100.0
19177,40.41838,-3.70107,4,1.0,2.0,121.0,0.0,4,0.0,499,200,4503.0,68.043894,0.8,1.0,1,0,0,0,0,1,0,0,0,1,0,1,0,2,33.0,150.0
19178,40.42293,-3.70276,2,1.0,1.0,21.0,0.0,38,0.0,202,50,4503.0,68.043894,0.8,4.0,0,0,0,0,0,1,0,0,0,0,1,0,0,3,27.0,50.0
19179,40.42252,-3.70369,4,1.0,2.0,114.0,0.0,12,0.0,335,200,4503.0,68.043894,0.8,1.0,1,0,0,0,0,1,0,1,0,0,1,0,0,1,33.0,150.0
19180,40.41647,-3.71045,2,1.0,1.0,51.0,100.0,1,1.82,269,200,4503.0,68.043894,0.8,1.0,1,0,0,0,1,1,0,1,0,0,1,0,0,0,18.0,100.0
19181,40.42262,-3.70345,2,1.0,1.0,48.0,0.0,12,0.0,339,200,4503.0,68.043894,0.8,1.0,1,0,0,0,0,1,0,1,0,0,1,0,0,1,18.0,50.0
19182,40.42476,-3.70522,4,1.0,2.0,96.0,0.0,12,0.0,371,200,4503.0,68.043894,0.8,1.0,1,0,0,0,0,1,0,1,0,0,1,0,0,1,33.0,100.0
19183,40.42475,-3.70307,4,1.0,2.0,55.0,0.0,12,0.0,355,200,4503.0,68.043894,0.8,1.0,1,0,0,0,0,1,0,1,0,0,1,0,0,1,33.0,100.0
19184,40.42461,-3.7047,2,1.0,1.0,60.0,0.0,12,0.0,337,200,4503.0,68.043894,0.8,1.0,1,0,0,0,0,1,0,1,0,0,1,0,0,1,18.0,100.0
19185,40.42432,-3.70341,4,1.0,2.0,86.0,0.0,12,0.0,370,200,4503.0,68.043894,0.8,1.0,1,0,0,0,0,1,0,1,0,0,1,0,0,1,33.0,100.0
19186,40.42456,-3.70484,2,1.0,1.0,63.0,93.0,12,3.0,355,200,4503.0,68.043894,0.8,1.0,1,0,0,0,0,1,0,1,0,0,1,0,0,1,18.0,100.0
19187,40.42419,-3.70531,4,1.0,2.0,80.0,0.0,12,0.0,371,200,4503.0,68.043894,0.8,1.0,1,0,0,0,0,1,0,1,0,0,1,0,0,1,33.0,100.0
19188,40.423,-3.70491,4,1.0,2.0,101.0,0.0,12,0.0,339,200,4503.0,68.043894,0.8,1.0,1,0,0,0,0,1,0,1,0,0,1,0,0,1,33.0,150.0
19189,40.42438,-3.70512,2,1.0,1.0,56.0,0.0,12,0.0,397,200,4503.0,68.043894,0.8,1.0,1,0,0,0,0,1,0,1,0,0,1,0,0,1,18.0,100.0
19191,40.41865,-3.70113,2,1.0,2.0,26.0,97.0,10,4.0,229,50,4503.0,68.043894,0.8,1.0,1,1,1,1,1,1,0,1,0,0,0,0,0,10,18.0,50.0
19192,40.43715,-3.67721,1,1.0,1.0,45.0,0.0,1,0.0,247,50,5328.0,74.694253,2.2,1.0,0,0,0,0,0,1,0,1,1,0,1,0,0,6,10.5,50.0
19193,40.39078,-3.68879,1,1.0,1.0,13.0,0.0,1,0.0,230,50,3917.0,55.025641,1.9,1.0,0,0,0,0,0,1,1,0,1,0,1,0,0,6,10.5,50.0
19194,40.43683,-3.67344,7,3.0,3.0,120.0,0.0,3,0.0,202,200,5328.0,74.694253,2.2,1.5,1,0,0,0,0,1,0,0,1,0,1,0,0,8,57.0,150.0
19195,40.42627,-3.70739,1,1.0,1.0,20.0,0.0,24,0.0,298,50,4503.0,68.043894,0.8,0.0,0,1,1,1,1,1,0,0,0,0,1,0,0,5,7.5,50.0
19196,40.39426,-3.69416,1,1.0,1.0,15.0,0.0,1,0.0,612,50,3917.0,55.025641,1.9,1.0,0,1,1,1,1,1,0,1,0,0,1,0,0,8,10.5,50.0
19197,40.42093,-3.69856,6,1.0,3.0,105.0,60.0,1,1.0,187,200,4503.0,68.043894,0.8,1.0,1,0,0,0,0,1,0,1,0,0,0,0,0,7,48.0,150.0
19198,40.45416,-3.70103,3,2.0,2.0,79.0,0.0,1,0.0,119,200,3476.0,60.621287,5.9,1.0,1,0,0,0,0,1,0,0,0,0,0,0,0,8,25.5,100.0
19199,40.43222,-3.71414,4,2.0,2.0,89.0,0.0,1,0.0,163,200,4855.0,64.056634,2.4,1.0,1,0,0,0,0,1,0,1,0,0,1,0,0,6,33.0,100.0
19200,40.42227,-3.69162,5,1.0,3.0,66.0,100.0,8,2.5,392,200,4503.0,68.043894,0.8,1.0,1,0,0,0,0,1,0,1,0,0,1,0,0,4,40.5,100.0
19201,40.42656,-3.70867,1,1.0,1.0,18.0,0.0,4,0.0,201,50,4503.0,68.043894,0.8,2.0,0,1,1,1,1,1,0,0,0,0,0,0,0,4,13.5,50.0
19202,40.43124,-3.69751,5,2.0,2.0,77.0,84.0,1,6.82,268,200,4855.0,64.056634,2.4,2.5,1,0,0,0,0,1,0,1,1,0,1,0,0,1,45.0,100.0
19203,40.42438,-3.70485,4,1.0,2.0,125.0,0.0,12,0.0,364,200,4503.0,68.043894,0.8,1.0,1,0,0,0,0,1,0,1,0,0,1,0,0,1,33.0,150.0
19204,40.41943,-3.7034,4,3.0,3.0,70.0,0.0,20,0.0,225,200,4503.0,68.043894,0.8,1.0,1,0,0,0,0,1,0,1,0,0,0,0,0,7,33.0,100.0
19205,40.38369,-3.77869,1,1.0,1.0,10.0,0.0,1,0.0,616,50,2287.0,47.008319,4.7,1.5,0,0,0,0,0,1,0,0,0,1,1,0,0,6,12.0,50.0
19206,40.442,-3.63826,4,3.0,3.0,220.0,0.0,1,0.0,426,200,2893.0,50.090625,6.5,3.0,1,0,0,0,0,1,1,1,0,0,0,1,0,6,39.0,200.0
19207,40.38538,-3.71209,1,1.0,1.0,18.0,90.0,2,2.0,433,50,2316.0,43.910072,4.6,1.5,1,1,1,1,1,1,1,1,1,1,1,1,1,3,12.0,50.0
19208,40.42291,-3.70263,1,0.0,1.0,13.0,0.0,15,0.0,219,50,4503.0,68.043894,0.8,2.0,0,1,1,1,1,1,0,1,0,0,0,0,0,4,13.5,50.0
19209,40.43637,-3.67958,2,1.0,2.0,53.0,0.0,1,0.0,263,200,5328.0,74.694253,2.2,1.0,1,0,0,0,0,1,0,1,0,0,1,0,0,5,18.0,100.0
19210,40.42709,-3.70267,2,1.0,1.0,29.0,100.0,1,1.46,149,50,4503.0,68.043894,0.8,1.0,1,0,0,0,0,1,0,0,0,0,1,0,0,10,18.0,50.0
19211,40.42058,-3.69792,1,1.0,2.0,143.0,0.0,3,0.0,182,50,4503.0,68.043894,0.8,1.0,1,0,0,0,0,1,0,1,1,1,0,0,0,4,10.5,150.0
19212,40.42004,-3.6985,7,1.0,5.0,129.0,0.0,3,0.0,207,200,4503.0,68.043894,0.8,1.0,1,0,0,0,0,0,0,0,0,0,1,0,0,4,55.5,150.0
19213,40.4263,-3.67878,3,2.0,2.0,180.0,0.0,1,0.0,479,200,5328.0,74.694253,2.2,2.0,1,0,0,0,0,0,0,0,0,1,0,1,0,1,28.5,200.0
19214,40.40074,-3.69166,4,1.0,2.0,50.0,0.0,20,0.0,519,200,3917.0,55.025641,1.9,1.0,1,0,0,0,0,1,0,1,1,1,1,1,0,8,33.0,50.0
19215,40.39166,-3.6547,1,1.0,2.0,35.0,0.0,1,0.0,241,50,1890.0,41.443535,5.0,2.0,1,0,0,0,0,1,0,0,1,0,1,0,0,8,13.5,50.0
19217,40.40986,-3.70334,5,2.0,4.0,54.0,100.0,2,3.75,294,200,4503.0,68.043894,0.8,1.0,1,0,0,0,0,1,0,1,0,0,1,0,0,3,40.5,100.0
19218,40.42224,-3.69861,4,2.0,1.0,136.0,0.0,67,0.0,499,200,4503.0,68.043894,0.8,1.0,1,0,0,0,0,1,0,1,0,0,1,1,0,7,33.0,150.0
19219,40.42188,-3.70001,4,1.0,1.0,72.0,100.0,67,3.0,545,200,4503.0,68.043894,0.8,1.0,1,0,0,0,0,1,0,1,0,1,1,1,0,7,33.0,100.0
19220,40.43543,-3.6431,1,1.0,1.0,30.0,1.0,1,1.0,166,50,2893.0,50.090625,6.5,1.0,1,1,1,1,1,1,1,1,1,1,1,1,1,3,10.5,50.0
19221,40.42492,-3.69913,6,3.0,4.0,72.0,80.0,38,5.0,440,200,4503.0,68.043894,0.8,2.0,1,0,0,0,0,1,0,1,0,0,1,0,0,9,51.0,100.0
19222,40.41968,-3.62436,2,1.0,2.0,35.0,100.0,3,1.0,205,50,2477.0,70.967532,7.3,1.0,1,0,0,0,0,1,0,1,0,0,1,0,0,5,18.0,50.0
19223,40.40803,-3.70399,1,1.0,1.0,30.0,0.0,1,0.0,422,50,4503.0,68.043894,0.8,1.0,0,1,1,1,1,1,0,0,0,0,0,0,1,9,10.5,50.0
19224,40.4263,-3.73059,6,3.0,5.0,76.0,0.0,1,0.0,210,200,3555.0,63.451906,5.9,1.0,1,0,0,0,0,0,0,1,0,0,1,0,0,5,48.0,100.0
19225,40.36634,-3.71793,3,1.0,2.0,18.0,0.0,1,0.0,364,50,2316.0,43.910072,4.6,1.0,0,0,0,0,0,1,0,0,0,0,0,0,1,2,25.5,50.0
19226,40.40793,-3.71212,4,1.0,1.0,100.0,0.0,1,0.0,557,200,4503.0,68.043894,0.8,1.0,1,0,0,0,0,1,0,1,0,0,1,1,0,5,33.0,100.0
19227,40.40786,-3.68904,12,4.0,9.0,193.0,0.0,3,0.0,232,200,4220.0,63.672727,3.2,2.0,1,0,0,0,0,1,0,0,0,0,1,0,0,4,96.0,200.0
19228,40.42042,-3.70697,4,2.0,2.0,136.0,100.0,2,4.39,261,200,4503.0,68.043894,0.8,2.0,1,0,0,0,0,1,0,1,0,0,1,0,0,2,36.0,150.0
19229,40.43346,-3.70365,3,1.0,1.0,36.0,0.0,9,0.0,93,200,4855.0,64.056634,2.4,1.0,1,0,0,0,0,1,0,0,0,0,0,0,0,2,25.5,50.0
19230,40.4436,-3.67528,3,2.0,2.0,34.0,0.0,1,0.0,284,200,4508.0,67.220486,5.8,1.5,1,1,1,1,1,0,0,0,0,1,0,0,0,6,27.0,50.0
19231,40.41977,-3.69859,4,2.0,4.0,96.0,0.0,5,0.0,504,200,4503.0,68.043894,0.8,1.5,1,0,0,0,0,1,0,1,1,0,1,0,0,1,34.5,100.0
19232,40.43177,-3.70167,6,2.0,2.0,106.0,0.0,3,0.0,177,200,4855.0,64.056634,2.4,2.0,1,0,0,0,0,1,0,1,0,0,1,0,0,1,51.0,150.0
19233,40.40003,-3.74348,1,1.0,1.0,18.0,0.0,1,0.0,596,50,2287.0,47.008319,4.7,1.5,1,0,0,0,0,1,0,0,0,0,0,0,0,5,12.0,50.0
19234,40.38124,-3.6976,2,0.0,1.0,50.0,0.0,1,0.0,177,200,2316.0,43.910072,4.6,1.0,1,0,0,0,0,1,0,1,0,0,0,0,0,2,18.0,50.0
19235,40.40992,-3.71282,2,1.0,1.0,33.0,0.0,18,0.0,142,200,4503.0,68.043894,0.8,1.5,1,1,1,1,1,1,0,0,0,0,1,0,0,8,19.5,50.0
19236,40.37939,-3.65639,1,1.0,2.0,30.0,0.0,1,0.0,699,50,1890.0,41.443535,5.0,1.0,1,1,1,1,1,1,0,1,0,0,1,1,0,5,10.5,50.0
19237,40.3923,-3.65644,2,1.0,1.0,11.0,0.0,1,0.0,174,50,1890.0,41.443535,5.0,1.5,0,0,0,0,0,1,0,1,1,0,0,0,0,1,19.5,50.0
19238,40.39599,-3.62136,1,0.0,1.0,12.0,100.0,2,1.0,212,50,2246.0,55.472222,11.2,1.0,0,1,1,1,1,1,0,0,0,0,0,0,0,2,10.5,50.0
19239,40.41159,-3.71718,4,1.0,2.0,30.0,100.0,3,6.0,318,200,4503.0,68.043894,0.8,1.0,1,0,0,0,0,1,0,0,0,0,0,0,0,6,33.0,50.0
19240,40.40803,-3.7094,2,1.0,1.0,35.0,0.0,1,0.0,556,50,4503.0,68.043894,0.8,1.0,0,1,1,1,1,1,0,1,0,0,1,0,1,4,18.0,50.0
19241,40.42566,-3.70541,1,1.0,1.0,28.0,0.0,1,0.0,180,50,4503.0,68.043894,0.8,1.0,0,0,0,0,0,1,0,0,0,0,1,0,0,10,10.5,50.0
19243,40.39295,-3.6643,4,3.0,3.0,80.0,0.0,4,0.0,234,200,1890.0,41.443535,5.0,1.0,1,0,0,0,0,1,0,0,0,0,1,0,0,2,33.0,100.0
19244,40.45882,-3.65991,1,0.0,1.0,25.0,0.0,1,0.0,393,50,2893.0,50.090625,6.5,1.0,0,0,0,0,0,1,1,1,0,1,1,0,0,6,10.5,50.0
19245,40.44999,-3.698,4,1.0,2.0,65.0,100.0,4,2.0,548,200,3476.0,60.621287,5.9,1.0,1,0,0,0,0,1,0,1,0,1,1,1,1,1,33.0,100.0
19246,40.40782,-3.70769,2,1.0,1.0,32.0,40.0,18,1.0,206,200,4503.0,68.043894,0.8,1.5,1,1,1,1,1,1,0,0,0,0,1,0,0,8,19.5,50.0
19247,40.44813,-3.59877,4,2.0,3.0,100.0,0.0,2,0.0,213,200,2477.0,70.967532,7.3,2.0,1,1,1,1,1,0,1,1,1,0,0,0,0,7,36.0,100.0
19248,40.42857,-3.65644,5,3.0,3.0,115.0,0.0,1,0.0,165,200,2893.0,50.090625,6.5,1.5,1,0,0,0,0,0,0,1,0,0,1,0,0,6,42.0,150.0
19249,40.40306,-3.67538,4,2.0,3.0,59.0,0.0,5,0.0,471,200,4220.0,63.672727,3.2,1.0,1,0,0,0,0,1,0,1,0,0,0,1,0,1,33.0,100.0
19250,40.4094,-3.70009,4,2.0,2.0,109.0,100.0,1,2.0,398,200,4503.0,68.043894,0.8,1.0,1,0,0,0,0,1,0,1,0,0,1,0,0,1,33.0,150.0
19251,40.46338,-3.75033,2,1.0,1.0,37.0,100.0,18,1.0,152,200,3555.0,63.451906,5.9,1.5,1,1,1,1,1,1,0,0,0,0,1,0,0,8,19.5,50.0
19252,40.4228,-3.70276,2,0.0,1.0,52.0,100.0,2,2.0,433,200,4503.0,68.043894,0.8,1.0,1,0,0,0,0,1,0,1,0,0,1,0,0,1,18.0,100.0
19253,40.41496,-3.70553,2,1.0,2.0,60.0,100.0,1,1.0,188,200,4503.0,68.043894,0.8,1.0,1,0,0,0,0,1,0,1,0,0,1,0,0,6,18.0,100.0
19254,40.43193,-3.72307,6,2.0,5.0,185.0,0.0,28,0.0,241,200,3555.0,63.451906,5.9,2.0,1,0,0,0,0,1,0,1,1,0,0,0,0,10,51.0,200.0
19255,40.38532,-3.68654,2,1.0,1.0,22.0,80.0,1,3.0,555,50,3917.0,55.025641,1.9,1.0,1,1,1,1,1,1,1,0,0,0,0,0,0,1,18.0,50.0
19256,40.40229,-3.69124,4,1.0,1.0,62.0,0.0,101,0.0,221,200,3917.0,55.025641,1.9,1.0,1,0,0,0,0,1,0,1,1,0,0,0,0,6,33.0,100.0
19257,40.41348,-3.71279,4,4.0,4.0,75.0,0.0,1,0.0,139,200,4503.0,68.043894,0.8,1.0,1,0,0,0,0,1,0,0,0,0,1,0,0,6,33.0,100.0
19258,40.3871,-3.76174,2,1.0,1.0,43.0,100.0,1,1.0,530,200,2287.0,47.008319,4.7,1.0,1,0,0,0,0,1,0,1,0,0,1,0,1,5,18.0,50.0
19259,40.42038,-3.709,1,1.0,1.0,16.0,100.0,29,1.0,65,50,4503.0,68.043894,0.8,2.0,0,0,0,0,0,0,0,0,0,0,0,0,0,3,13.5,50.0
19260,40.41585,-3.7048,1,1.0,1.0,38.0,60.0,15,1.0,565,50,4503.0,68.043894,0.8,1.0,1,1,1,1,1,1,0,1,0,1,1,0,0,3,10.5,50.0
19261,40.42571,-3.69725,4,1.0,2.0,45.0,93.0,6,3.0,410,200,4503.0,68.043894,0.8,1.0,1,0,0,0,0,1,0,1,0,0,1,0,0,1,33.0,50.0
19262,40.43283,-3.719,4,2.0,2.0,60.0,0.0,1,0.0,533,200,3555.0,63.451906,5.9,1.5,1,0,0,0,0,1,0,0,0,0,1,0,0,10,34.5,100.0
19263,40.44617,-3.59952,4,2.0,3.0,100.0,0.0,2,0.0,236,200,2477.0,70.967532,7.3,2.0,1,1,1,1,1,0,1,1,1,0,1,0,0,7,36.0,100.0
19264,40.42449,-3.71344,2,2.0,2.0,40.0,0.0,2,0.0,160,200,3555.0,63.451906,5.9,1.0,1,0,0,0,0,1,0,1,0,0,0,0,0,6,18.0,50.0
19265,40.42428,-3.6912,4,2.0,2.0,76.0,0.0,5,0.0,530,200,4503.0,68.043894,0.8,1.0,1,0,0,0,0,1,0,1,0,0,0,1,0,1,33.0,100.0
19266,40.43321,-3.70537,1,1.0,1.0,20.0,0.0,5,0.0,129,50,4855.0,64.056634,2.4,1.0,0,1,1,1,1,1,0,0,0,0,0,0,0,2,10.5,50.0
19267,40.42665,-3.66125,1,1.0,1.0,20.0,0.0,5,0.0,147,50,5328.0,74.694253,2.2,0.0,0,1,1,1,1,1,0,0,1,0,0,0,0,2,7.5,50.0
19268,40.42937,-3.69345,2,1.0,1.0,110.0,0.0,15,0.0,220,200,4855.0,64.056634,2.4,1.0,1,0,0,0,0,1,0,1,0,0,0,0,0,6,18.0,150.0
19269,40.41064,-3.67523,6,3.0,4.0,92.0,0.0,5,0.0,144,200,4220.0,63.672727,3.2,2.0,1,0,0,0,0,1,0,1,0,0,0,0,0,1,51.0,100.0
19271,40.41253,-3.70551,2,1.0,1.0,46.0,100.0,3,1.0,480,50,4503.0,68.043894,0.8,1.0,1,0,0,0,0,1,0,1,0,0,0,0,0,2,18.0,50.0
19272,40.39583,-3.71497,1,1.0,1.0,12.0,80.0,1,1.0,132,50,2195.0,47.402837,6.6,1.0,0,1,1,1,1,0,0,1,1,0,0,0,0,5,10.5,50.0
19273,40.41105,-3.70528,2,1.0,1.0,30.0,0.0,1,0.0,145,50,4503.0,68.043894,0.8,1.0,1,0,0,0,0,1,0,1,1,0,0,0,0,8,18.0,50.0
19274,40.41496,-3.7264,1,1.0,2.0,25.0,100.0,1,1.0,77,50,2287.0,47.008319,4.7,1.0,1,0,0,0,0,1,0,0,0,0,0,0,0,1,10.5,50.0
19275,40.46598,-3.7212,4,1.0,1.0,63.0,60.0,33,1.0,478,200,3555.0,63.451906,5.9,1.0,1,0,0,0,0,1,0,0,0,0,1,0,0,1,33.0,100.0
19276,40.41385,-3.72569,2,1.0,1.0,40.0,100.0,2,5.0,132,200,2287.0,47.008319,4.7,1.0,1,0,0,0,0,1,0,1,0,0,0,0,0,1,18.0,50.0
19277,40.42013,-3.7073,4,1.0,2.0,113.0,0.0,4,0.0,229,200,4503.0,68.043894,0.8,1.0,1,0,0,0,0,1,1,1,0,0,0,0,0,1,33.0,150.0
19278,40.41538,-3.69831,4,2.0,2.0,150.0,0.0,92,0.0,130,200,4503.0,68.043894,0.8,2.0,1,0,0,0,0,1,0,1,0,0,0,0,0,7,36.0,150.0
19279,40.43545,-3.67219,4,1.0,1.0,91.0,0.0,33,0.0,593,200,5328.0,74.694253,2.2,1.0,1,0,0,0,0,1,0,1,0,1,1,0,0,1,33.0,100.0
19280,40.41652,-3.70903,2,1.0,1.0,67.0,0.0,3,0.0,136,50,4503.0,68.043894,0.8,1.0,1,0,0,0,0,1,0,1,1,0,0,0,0,4,18.0,100.0
19281,40.40628,-3.71208,1,1.0,1.0,17.0,1.0,2,1.0,384,50,3917.0,55.025641,1.9,1.0,1,1,1,1,1,1,1,1,1,1,1,1,1,6,10.5,50.0
19282,40.43901,-3.69219,4,2.0,2.0,140.0,0.0,92,0.0,176,200,4855.0,64.056634,2.4,2.0,1,0,0,0,0,1,0,1,0,0,0,0,0,7,36.0,150.0
19283,40.43307,-3.70329,4,2.0,3.0,53.0,84.0,6,5.0,497,200,4855.0,64.056634,2.4,1.0,1,0,0,0,0,1,0,1,1,0,1,0,0,1,33.0,100.0
19284,40.43265,-3.71633,4,1.0,2.0,38.0,75.0,6,4.0,522,200,4855.0,64.056634,2.4,1.0,1,0,0,0,0,1,0,1,0,0,1,0,0,1,33.0,50.0
19285,40.41493,-3.70916,5,3.0,3.0,79.0,84.0,1,5.0,738,200,4503.0,68.043894,0.8,2.0,1,0,0,0,0,1,0,1,0,0,1,0,0,3,43.5,100.0
19286,40.43844,-3.69313,2,1.0,1.0,80.0,0.0,92,0.0,142,200,4855.0,64.056634,2.4,1.0,1,0,0,0,0,1,0,1,0,0,0,0,0,7,18.0,100.0
19287,40.41428,-3.72374,2,2.0,2.0,19.0,0.0,3,0.0,240,50,2287.0,47.008319,4.7,1.0,1,0,0,0,0,1,0,1,0,0,1,0,0,4,18.0,50.0
19288,40.41515,-3.72577,1,1.0,2.0,25.0,0.0,3,0.0,605,50,2287.0,47.008319,4.7,1.0,1,1,1,1,1,1,0,1,1,0,1,0,0,4,10.5,50.0
19289,40.38159,-3.74224,4,1.0,1.0,75.0,0.0,33,0.0,605,200,2195.0,47.402837,6.6,1.0,1,0,0,0,0,1,0,0,0,1,1,0,0,1,33.0,100.0
19290,40.46393,-3.69499,4,1.0,1.0,96.0,60.0,33,1.0,214,200,3476.0,60.621287,5.9,1.0,1,0,0,0,0,1,0,1,0,0,1,0,0,1,33.0,100.0
19291,40.41216,-3.70679,2,1.0,1.0,72.0,100.0,7,1.0,623,200,4503.0,68.043894,0.8,1.0,1,0,0,0,0,1,0,1,0,0,1,1,1,8,18.0,100.0
19292,40.41147,-3.6989,2,1.0,1.0,65.0,100.0,5,3.0,256,200,4503.0,68.043894,0.8,1.0,1,0,0,0,0,1,0,1,0,0,0,0,0,3,18.0,100.0
19293,40.43287,-3.64803,1,1.0,1.0,18.0,0.0,15,0.0,226,50,2893.0,50.090625,6.5,0.0,0,1,1,1,1,1,0,1,0,0,1,0,0,4,7.5,50.0
19294,40.42016,-3.70177,3,1.0,2.0,57.0,0.0,1,0.0,189,200,4503.0,68.043894,0.8,1.5,1,0,0,0,0,1,0,0,1,0,1,0,0,2,27.0,100.0
19295,40.42199,-3.70151,1,1.0,1.0,29.0,100.0,5,1.0,145,50,4503.0,68.043894,0.8,1.0,0,0,0,0,0,1,0,1,0,0,1,0,0,0,10.5,50.0
19296,40.43646,-3.64013,2,1.0,2.0,49.0,100.0,2,5.0,126,200,2893.0,50.090625,6.5,1.0,1,0,0,0,0,1,0,1,0,0,0,0,0,1,18.0,50.0
19297,40.46094,-3.68652,5,3.0,3.0,250.0,0.0,92,0.0,176,200,4508.0,67.220486,5.8,3.0,1,0,0,0,0,1,0,1,0,0,0,0,0,7,46.5,200.0
19298,40.4605,-3.69476,2,1.0,1.0,60.0,0.0,1,0.0,277,200,3476.0,60.621287,5.9,1.0,1,0,0,0,0,1,0,1,0,0,0,0,0,3,18.0,100.0
19299,40.46259,-3.68788,7,4.0,4.0,250.0,0.0,92,0.0,199,200,4508.0,67.220486,5.8,3.0,1,0,0,0,0,1,0,1,0,0,1,0,0,7,61.5,200.0
19301,40.41824,-3.70893,2,1.0,2.0,18.0,0.0,29,0.0,65,50,4503.0,68.043894,0.8,2.0,0,0,0,0,0,0,0,0,0,0,0,0,0,3,21.0,50.0
19302,40.41515,-3.70735,4,3.0,3.0,27.0,0.0,1,0.0,149,50,4503.0,68.043894,0.8,1.5,0,0,0,0,0,1,0,1,0,0,0,0,0,3,34.5,50.0
19304,40.42022,-3.7085,1,1.0,2.0,16.0,80.0,29,2.0,65,50,4503.0,68.043894,0.8,2.0,0,0,0,0,0,0,0,0,0,0,0,0,0,3,13.5,50.0
19305,40.43206,-3.72308,4,2.0,3.0,100.0,0.0,92,0.0,162,200,3555.0,63.451906,5.9,2.0,1,0,0,0,0,1,0,1,0,0,0,0,0,7,36.0,100.0
19306,40.43666,-3.68097,4,2.0,2.0,130.0,0.0,92,0.0,153,200,5328.0,74.694253,2.2,2.0,1,0,0,0,0,1,0,1,0,0,0,0,0,7,36.0,150.0
19307,40.42969,-3.68313,6,3.0,3.0,350.0,0.0,92,0.0,204,200,5328.0,74.694253,2.2,3.0,1,0,0,0,0,1,0,1,0,0,0,0,0,7,54.0,200.0
19308,40.43761,-3.68243,4,2.0,2.0,200.0,0.0,92,0.0,176,200,5328.0,74.694253,2.2,3.0,1,0,0,0,0,1,0,1,0,0,0,0,0,7,39.0,200.0
19309,40.41653,-3.70703,2,1.0,1.0,80.0,0.0,92,0.0,176,200,4503.0,68.043894,0.8,1.0,1,0,0,0,0,1,0,1,0,0,0,0,0,7,18.0,100.0
19310,40.39293,-3.75987,1,1.0,2.0,15.0,0.0,1,0.0,97,50,2287.0,47.008319,4.7,1.0,0,0,0,0,0,1,0,0,0,0,1,0,0,4,10.5,50.0
19311,40.35288,-3.69454,1,1.0,1.0,13.0,100.0,3,2.0,288,50,1696.0,37.641618,9.0,1.0,0,1,1,1,1,1,0,0,0,0,1,0,0,0,10.5,50.0
19312,40.39525,-3.66983,2,1.0,2.0,20.0,100.0,1,2.0,167,50,1890.0,41.443535,5.0,1.5,0,0,0,0,0,1,0,0,0,0,0,0,0,3,19.5,50.0
19313,40.46398,-3.70482,2,1.0,2.0,16.0,100.0,1,1.0,70,50,3476.0,60.621287,5.9,1.5,0,0,0,0,0,1,0,0,0,0,0,0,0,3,19.5,50.0
19314,40.43415,-3.70443,1,1.0,1.0,17.0,0.0,5,0.0,184,50,4855.0,64.056634,2.4,1.0,0,0,0,0,0,1,0,0,0,0,1,0,0,7,10.5,50.0
19315,40.45847,-3.7114,2,1.0,1.0,80.0,0.0,1,0.0,667,200,3555.0,63.451906,5.9,1.0,1,0,0,0,0,0,0,1,0,0,0,1,0,3,18.0,100.0
19316,40.43834,-3.68243,2,1.0,1.0,50.0,0.0,1,0.0,465,200,4508.0,67.220486,5.8,1.0,1,0,0,0,0,1,0,1,0,0,0,0,1,5,18.0,50.0
19317,40.3968,-3.71344,5,3.0,4.0,76.0,0.0,18,0.0,507,200,2195.0,47.402837,6.6,2.0,1,0,0,0,0,1,0,0,0,0,1,0,0,9,43.5,100.0
19318,40.40414,-3.71324,1,1.0,1.0,17.0,0.0,1,0.0,122,50,3917.0,55.025641,1.9,1.0,0,0,0,0,0,1,0,0,0,0,1,0,0,4,10.5,50.0
19319,40.42706,-3.68605,2,1.0,1.0,150.0,0.0,3,0.0,169,50,5328.0,74.694253,2.2,1.0,1,0,0,0,1,1,0,0,1,1,0,0,0,4,18.0,150.0
19320,40.45312,-3.70538,4,2.0,4.0,65.0,0.0,1,0.0,104,200,3476.0,60.621287,5.9,1.0,1,0,0,0,0,0,0,1,0,0,0,0,0,1,33.0,100.0
19321,40.37107,-3.65946,2,1.0,1.0,29.0,100.0,1,2.0,237,50,1890.0,41.443535,5.0,1.0,0,0,0,0,0,1,0,0,0,0,0,0,0,7,18.0,50.0
19322,40.41276,-3.70782,2,0.0,1.0,44.0,0.0,88,0.0,181,200,4503.0,68.043894,0.8,1.0,1,0,0,0,0,1,0,1,0,0,0,0,0,6,18.0,50.0
19323,40.41855,-3.70383,6,3.0,3.0,213.0,100.0,1,8.0,970,200,4503.0,68.043894,0.8,3.0,1,0,0,0,0,1,0,0,1,1,1,1,0,1,54.0,200.0
19324,40.44999,-3.66736,3,1.0,3.0,36.0,100.0,1,3.0,949,50,4508.0,67.220486,5.8,1.0,1,0,0,0,0,1,0,1,0,1,1,0,0,2,25.5,50.0
19325,40.41365,-3.707,2,0.0,1.0,46.0,0.0,88,0.0,181,200,4503.0,68.043894,0.8,1.0,1,0,0,0,0,1,0,1,0,0,0,0,0,6,18.0,50.0
19326,40.41365,-3.707,3,0.0,1.0,44.0,0.0,88,0.0,342,200,4503.0,68.043894,0.8,1.0,1,0,0,0,0,1,0,1,0,0,0,1,0,6,25.5,50.0
19327,40.41365,-3.707,2,0.0,1.0,47.0,0.0,88,0.0,181,200,4503.0,68.043894,0.8,1.0,1,0,0,0,0,1,0,1,0,0,0,0,0,6,18.0,50.0
19328,40.41253,-3.70609,2,0.0,1.0,45.0,0.0,88,0.0,181,200,4503.0,68.043894,0.8,1.0,1,0,0,0,0,1,0,1,0,0,0,0,0,6,18.0,50.0
19329,40.41365,-3.707,2,0.0,1.0,44.0,0.0,88,0.0,162,200,4503.0,68.043894,0.8,1.0,1,0,0,0,0,1,0,1,0,0,0,0,0,6,18.0,50.0
19330,40.41321,-3.70604,3,0.0,1.0,42.0,0.0,88,0.0,286,200,4503.0,68.043894,0.8,1.0,1,0,0,0,0,1,0,1,0,0,0,1,0,6,25.5,50.0
19331,40.42456,-3.71006,4,1.0,2.0,61.0,0.0,1,0.0,519,200,4503.0,68.043894,0.8,1.5,1,0,0,0,0,1,0,1,0,0,1,1,0,1,34.5,100.0
19332,40.4294,-3.70817,3,1.0,2.0,92.0,100.0,33,1.0,549,200,4503.0,68.043894,0.8,1.0,1,0,0,0,0,1,0,1,0,0,1,0,0,1,25.5,100.0
19333,40.41959,-3.70396,2,1.0,1.0,16.0,0.0,3,0.0,171,50,4503.0,68.043894,0.8,2.0,0,0,0,0,0,1,0,0,0,1,0,0,0,7,21.0,50.0
19334,40.42914,-3.69538,3,2.0,2.0,58.0,0.0,1,0.0,149,200,4855.0,64.056634,2.4,1.0,1,0,0,0,0,1,0,1,0,0,1,0,0,1,25.5,100.0
19335,40.44951,-3.68987,2,1.0,1.0,80.0,1.0,2,1.0,135,200,4508.0,67.220486,5.8,1.0,1,1,1,1,1,1,1,1,1,1,1,1,1,5,18.0,100.0
19336,40.40863,-3.69457,2,1.0,1.0,43.0,0.0,12,0.0,141,200,4503.0,68.043894,0.8,1.0,1,0,0,0,0,1,0,1,0,0,1,0,0,2,18.0,50.0
19340,40.38615,-3.72729,1,1.0,2.0,30.0,0.0,1,0.0,11,50,2195.0,47.402837,6.6,1.0,0,0,0,0,0,0,0,0,0,0,0,0,0,1,10.5,50.0
19341,40.40945,-3.64193,1,1.0,1.0,21.0,60.0,1,1.0,246,50,2547.0,45.581197,5.0,1.0,1,1,1,1,1,1,0,1,1,0,0,0,0,4,10.5,50.0
19342,40.42651,-3.70585,4,1.0,2.0,66.0,0.0,2,0.0,409,200,4503.0,68.043894,0.8,1.0,1,0,0,0,0,1,0,1,0,0,0,0,1,1,33.0,100.0
19343,40.40095,-3.69122,1,1.0,1.0,26.0,100.0,3,1.0,555,50,3917.0,55.025641,1.9,1.0,1,0,0,0,0,1,0,0,1,0,1,1,0,3,10.5,50.0
19344,40.45152,-3.59408,2,1.0,1.0,52.0,0.0,3,0.0,276,200,3047.0,56.183432,11.8,1.0,1,0,0,0,0,0,1,1,0,1,0,0,0,6,18.0,100.0
19345,40.42617,-3.70608,3,1.0,2.0,55.0,0.0,2,0.0,329,200,4503.0,68.043894,0.8,1.0,1,0,0,0,0,1,0,1,0,0,0,0,1,1,25.5,100.0
19346,40.42562,-3.69961,3,1.0,2.0,57.0,0.0,33,0.0,266,200,4503.0,68.043894,0.8,1.0,1,0,0,0,0,1,0,1,0,0,0,0,0,1,25.5,100.0
19347,40.39862,-3.66835,4,1.0,2.0,36.0,0.0,1,0.0,154,200,1890.0,41.443535,5.0,1.0,1,0,0,0,0,1,0,1,0,0,0,0,0,9,33.0,50.0
19348,40.40539,-3.67426,1,0.0,1.0,23.0,0.0,2,0.0,260,50,4220.0,63.672727,3.2,1.0,0,0,0,0,0,1,0,1,1,0,1,0,0,10,10.5,50.0
19349,40.42233,-3.70678,2,1.0,2.0,31.0,0.0,18,0.0,269,50,4503.0,68.043894,0.8,1.0,1,0,0,0,0,1,0,1,0,1,1,0,0,10,18.0,50.0
19350,40.41405,-3.7058,6,3.0,4.0,58.0,0.0,5,0.0,293,200,4503.0,68.043894,0.8,1.0,1,0,0,1,0,1,0,1,1,0,0,0,0,2,48.0,100.0
19351,40.38479,-3.6644,3,1.0,1.0,60.0,0.0,1,0.0,399,200,1890.0,41.443535,5.0,1.5,1,0,0,0,0,0,0,1,0,0,0,0,0,1,27.0,100.0
19352,40.43123,-3.64175,2,1.0,2.0,20.0,0.0,1,0.0,174,50,2893.0,50.090625,6.5,1.0,1,1,1,1,1,1,0,1,0,0,1,0,0,4,18.0,50.0
19353,40.42842,-3.711,4,2.0,3.0,59.0,0.0,3,0.0,200,200,4503.0,68.043894,0.8,1.0,1,0,0,0,0,1,0,1,0,0,1,0,0,8,33.0,100.0
19354,40.42023,-3.70702,2,1.0,2.0,40.0,0.0,2,0.0,458,50,4503.0,68.043894,0.8,1.0,1,0,0,1,0,1,0,1,0,0,0,0,0,1,18.0,50.0
19355,40.4414,-3.71525,2,1.0,2.0,26.0,0.0,5,0.0,147,50,4855.0,64.056634,2.4,1.0,0,0,0,0,0,1,0,1,0,0,0,0,0,1,18.0,50.0
19356,40.44157,-3.71333,2,1.0,1.0,26.0,0.0,5,0.0,147,50,4855.0,64.056634,2.4,1.0,0,0,0,0,0,1,0,1,0,0,0,0,0,1,18.0,50.0
19357,40.4416,-3.71519,2,1.0,2.0,26.0,0.0,5,0.0,170,50,4855.0,64.056634,2.4,1.0,0,0,0,0,0,1,0,1,0,0,1,0,0,1,18.0,50.0
19358,40.4418,-3.71357,1,1.0,2.0,23.0,0.0,5,0.0,170,50,4855.0,64.056634,2.4,1.0,0,0,0,0,0,1,0,1,0,0,1,0,0,1,10.5,50.0
19360,40.43601,-3.71068,6,4.0,4.0,100.0,0.0,1,0.0,161,200,4855.0,64.056634,2.4,1.0,1,0,0,0,0,0,0,1,0,0,1,0,0,4,48.0,100.0
19361,40.41116,-3.69744,1,0.0,1.0,400.0,0.0,1,0.0,124,50,4503.0,68.043894,0.8,1.0,0,0,0,0,0,1,0,0,0,0,1,0,0,8,10.5,200.0
19362,40.44569,-3.67036,4,2.0,3.0,64.0,0.0,1,0.0,283,200,4508.0,67.220486,5.8,2.0,1,0,0,0,0,0,0,1,0,0,0,0,0,1,36.0,100.0
19363,40.4493,-3.7001,4,2.0,2.0,50.0,0.0,4,0.0,415,200,3476.0,60.621287,5.9,1.0,1,0,0,0,0,1,0,1,0,0,1,1,0,1,33.0,50.0
19364,40.40892,-3.71066,4,2.0,2.0,78.0,100.0,1,2.0,686,200,4503.0,68.043894,0.8,1.0,1,0,0,0,0,1,0,1,0,1,1,1,0,7,33.0,100.0
19365,40.39565,-3.67095,2,1.0,1.0,29.0,87.0,2,3.0,275,200,1890.0,41.443535,5.0,1.0,1,0,0,0,0,1,0,1,0,0,0,0,0,1,18.0,50.0
19366,40.38095,-3.73367,1,1.0,2.0,20.0,0.0,1,0.0,95,50,2195.0,47.402837,6.6,1.0,0,0,0,0,0,1,0,0,0,0,0,0,0,1,10.5,50.0
19367,40.41281,-3.69469,2,2.0,2.0,52.0,0.0,15,0.0,517,200,4503.0,68.043894,0.8,1.0,1,0,0,0,0,1,0,1,0,0,1,0,0,9,18.0,100.0
19368,40.43585,-3.70105,2,1.0,1.0,23.0,0.0,1,0.0,851,50,4855.0,64.056634,2.4,1.0,0,0,0,0,0,1,0,0,0,0,1,0,0,3,18.0,50.0
19369,40.38781,-3.64002,2,1.0,1.0,31.0,1.0,7,1.0,343,200,1890.0,41.443535,5.0,1.5,1,1,1,1,1,1,1,1,1,1,1,1,1,8,19.5,50.0
19370,40.48726,-3.66424,4,1.0,3.0,84.0,0.0,10,0.0,281,200,3312.0,62.061453,9.2,1.5,1,0,0,0,0,1,0,1,0,0,1,0,0,2,34.5,100.0
19371,40.40782,-3.70452,2,1.0,1.0,30.0,0.0,1,0.0,576,50,4503.0,68.043894,0.8,1.5,1,0,0,0,0,1,0,0,0,1,1,0,0,3,19.5,50.0
19372,40.42306,-3.70519,2,0.0,1.0,29.0,0.0,14,0.0,218,50,4503.0,68.043894,0.8,1.0,0,1,1,1,1,0,0,1,0,0,0,0,0,2,18.0,50.0
19373,40.39389,-3.73767,1,0.0,1.0,24.0,0.0,1,0.0,65,50,2195.0,47.402837,6.6,1.0,0,1,1,1,1,1,0,0,0,0,0,0,0,2,10.5,50.0
19374,40.44203,-3.68331,2,0.0,1.0,70.0,0.0,1,0.0,183,200,4508.0,67.220486,5.8,1.0,1,1,1,1,1,1,0,1,1,0,1,0,0,4,18.0,100.0
19375,40.45919,-3.67665,1,1.0,1.0,19.0,100.0,3,1.0,495,50,4508.0,67.220486,5.8,1.0,0,0,0,0,0,1,0,1,1,0,1,0,0,11,10.5,50.0
19376,40.43061,-3.7114,4,1.0,2.0,65.0,0.0,2,0.0,179,200,4855.0,64.056634,2.4,1.0,1,0,0,0,0,1,0,0,0,0,0,0,0,6,33.0,100.0
19377,40.4266,-3.6764,2,1.0,1.0,185.0,0.0,15,0.0,312,200,5328.0,74.694253,2.2,1.0,1,0,0,0,0,1,1,1,0,0,1,0,0,6,18.0,200.0
19378,40.39456,-3.69594,3,2.0,2.0,80.0,0.0,15,0.0,648,200,3917.0,55.025641,1.9,1.0,1,0,0,0,0,1,0,1,0,1,1,0,0,9,25.5,100.0
19379,40.42305,-3.70518,2,1.0,1.0,90.0,0.0,92,0.0,131,200,4503.0,68.043894,0.8,1.0,1,0,0,0,0,1,0,1,0,0,0,0,0,7,18.0,100.0
19380,40.41116,-3.70914,1,1.0,1.0,14.0,0.0,5,0.0,163,50,4503.0,68.043894,0.8,1.5,0,1,1,1,1,1,0,0,0,0,1,0,0,2,12.0,50.0
19381,40.42916,-3.70839,4,1.0,3.0,104.0,0.0,33,0.0,554,200,4503.0,68.043894,0.8,1.0,1,0,0,0,0,1,0,1,0,0,1,0,0,1,33.0,150.0
19382,40.43005,-3.699,1,1.0,2.0,80.0,0.0,1,0.0,105,50,4855.0,64.056634,2.4,1.5,0,0,0,0,0,1,0,0,0,0,1,0,0,1,12.0,100.0
19383,40.42386,-3.68834,4,0.0,2.0,55.0,100.0,8,1.0,316,200,5328.0,74.694253,2.2,1.0,1,0,0,0,0,1,0,1,0,0,1,0,0,4,33.0,100.0
19384,40.40856,-3.70186,4,1.0,1.0,43.0,0.0,6,0.0,421,200,4503.0,68.043894,0.8,1.5,1,0,0,0,0,1,0,1,0,0,1,0,0,1,34.5,50.0
19385,40.41514,-3.68907,2,0.0,2.0,68.0,0.0,163,0.0,254,200,4220.0,63.672727,3.2,1.0,1,0,0,0,0,1,0,0,1,0,0,0,0,2,18.0,100.0
19386,40.42682,-3.60165,1,1.0,1.0,18.0,0.0,1,0.0,197,50,2477.0,70.967532,7.3,1.0,1,1,1,1,1,1,1,0,0,0,0,0,0,3,10.5,50.0
19387,40.42233,-3.70534,2,1.0,2.0,32.0,0.0,18,0.0,258,50,4503.0,68.043894,0.8,1.0,1,0,0,0,0,1,0,1,0,1,1,0,0,10,18.0,50.0
19388,40.46835,-3.69948,1,1.0,2.0,19.0,0.0,1,0.0,151,50,3476.0,60.621287,5.9,1.0,0,0,0,0,0,1,0,1,0,0,0,0,0,7,10.5,50.0
19389,40.43757,-3.67379,5,2.0,3.0,92.0,0.0,3,0.0,191,50,5328.0,74.694253,2.2,1.0,1,0,0,0,0,1,0,0,1,0,1,0,0,8,40.5,100.0
19390,40.43471,-3.6475,2,1.0,1.0,15.0,1.0,15,1.0,241,50,2893.0,50.090625,6.5,3.0,1,1,1,1,1,1,1,1,1,1,1,1,1,4,24.0,50.0
19391,40.40725,-3.69363,5,3.0,3.0,78.0,0.0,4,0.0,168,200,4503.0,68.043894,0.8,2.0,1,0,0,0,0,1,0,1,0,0,1,0,0,9,43.5,100.0
19392,40.42647,-3.67641,2,1.0,1.0,205.0,0.0,15,0.0,312,200,5328.0,74.694253,2.2,1.0,1,0,0,0,0,1,1,1,0,0,1,0,0,6,18.0,200.0
19393,40.41495,-3.70286,2,0.0,1.0,64.0,20.0,16,1.0,207,200,4503.0,68.043894,0.8,1.0,1,0,0,0,0,1,0,1,0,0,1,0,0,2,18.0,100.0
19394,40.42456,-3.71524,2,0.0,1.0,62.0,60.0,16,1.0,207,200,3555.0,63.451906,5.9,1.0,1,0,0,0,0,1,0,1,0,0,1,0,0,2,18.0,100.0
19395,40.41599,-3.7035,4,1.0,1.0,64.0,0.0,16,0.0,193,200,4503.0,68.043894,0.8,1.0,1,0,0,0,0,1,0,1,0,0,1,0,0,2,33.0,100.0
19396,40.42032,-3.70836,4,1.0,1.0,68.0,0.0,16,0.0,193,200,4503.0,68.043894,0.8,1.0,1,0,0,0,0,1,0,1,0,0,1,0,0,2,33.0,100.0
19397,40.41273,-3.71844,7,2.0,3.0,83.0,0.0,16,0.0,149,200,3917.0,55.025641,1.9,1.0,1,0,0,0,0,1,0,0,0,0,1,0,0,2,55.5,100.0
19398,40.41636,-3.70282,2,0.0,1.0,64.0,0.0,16,0.0,193,200,4503.0,68.043894,0.8,1.0,1,0,0,0,0,1,0,1,0,0,1,0,0,2,18.0,100.0
19399,40.42598,-3.7036,5,2.0,3.0,92.0,100.0,16,1.0,236,200,4503.0,68.043894,0.8,1.0,1,0,0,0,0,1,0,1,0,0,1,0,0,2,40.5,100.0
19401,40.4347,-3.68304,3,1.0,2.0,80.0,0.0,1,0.0,186,200,5328.0,74.694253,2.2,1.0,1,0,0,0,0,0,0,1,0,0,1,0,0,9,25.5,100.0
19402,40.41339,-3.70794,5,2.0,2.0,75.0,0.0,16,0.0,193,200,4503.0,68.043894,0.8,1.0,1,0,0,0,0,1,0,1,0,0,1,0,0,2,40.5,100.0
19403,40.42365,-3.70384,3,1.0,1.0,68.0,0.0,16,0.0,183,200,4503.0,68.043894,0.8,1.0,1,0,0,0,0,1,0,1,0,0,1,0,0,2,25.5,100.0
19404,40.42364,-3.70519,3,1.0,1.0,60.0,0.0,16,0.0,169,200,4503.0,68.043894,0.8,1.0,1,0,0,0,0,1,0,1,0,0,1,0,0,2,25.5,100.0
19405,40.40901,-3.74302,3,1.0,1.0,37.0,0.0,1,0.0,454,200,2287.0,47.008319,4.7,1.0,1,0,0,0,0,1,0,1,1,0,1,0,0,8,25.5,50.0
19407,40.44825,-3.70489,4,2.0,3.0,105.0,0.0,1,0.0,225,200,3476.0,60.621287,5.9,1.5,1,0,0,0,0,1,0,1,0,0,1,0,0,2,34.5,150.0
19408,40.41585,-3.7048,1,1.0,1.0,40.0,100.0,15,1.0,525,50,4503.0,68.043894,0.8,1.0,1,0,0,0,0,1,0,1,0,1,1,0,0,3,10.5,50.0
19409,40.42604,-3.66373,5,1.0,2.0,46.0,0.0,1,0.0,204,50,5328.0,74.694253,2.2,3.0,0,0,0,0,0,1,0,1,0,0,1,0,0,4,46.5,50.0
19410,40.41201,-3.73571,2,1.0,1.0,22.0,0.0,2,0.0,242,50,2287.0,47.008319,4.7,2.5,0,0,0,0,0,1,0,0,0,0,1,0,0,0,22.5,50.0
19411,40.43864,-3.67558,3,4.0,3.0,104.0,0.0,92,0.0,131,200,4508.0,67.220486,5.8,3.0,1,0,0,0,0,1,0,1,0,0,0,0,0,7,31.5,150.0
19412,40.46673,-3.68541,1,1.0,1.0,16.0,0.0,10,0.0,115,50,4508.0,67.220486,5.8,1.0,0,0,0,0,0,1,0,0,0,0,1,0,0,2,10.5,50.0
19413,40.44874,-3.65795,4,3.0,4.0,80.0,0.0,1,0.0,818,200,2893.0,50.090625,6.5,2.0,1,0,0,0,0,1,0,1,0,0,1,0,1,10,36.0,100.0
19414,40.43672,-3.67012,2,1.0,1.0,66.0,0.0,1,0.0,248,200,5328.0,74.694253,2.2,1.0,1,0,0,0,0,1,0,1,1,0,1,0,0,10,18.0,100.0
19415,40.46687,-3.68625,1,1.0,2.0,17.0,0.0,10,0.0,115,50,4508.0,67.220486,5.8,1.0,0,0,0,0,0,1,0,0,0,0,1,0,0,2,10.5,50.0
19416,40.37837,-3.74624,1,1.0,1.0,20.0,0.0,7,0.0,284,50,2195.0,47.402837,6.6,1.0,1,0,0,0,0,1,0,0,0,0,1,0,0,4,10.5,50.0
19417,40.39597,-3.73367,4,1.0,3.0,40.0,0.0,3,0.0,233,200,2195.0,47.402837,6.6,1.5,1,0,0,0,0,1,0,0,0,0,1,0,0,1,34.5,50.0
19418,40.4127,-3.70598,3,0.0,1.0,42.0,0.0,88,0.0,181,200,4503.0,68.043894,0.8,1.0,1,0,0,0,0,1,0,1,0,0,0,0,0,6,25.5,50.0
19419,40.4113,-3.69306,2,1.0,2.0,44.0,0.0,3,0.0,227,50,4503.0,68.043894,0.8,1.0,1,0,0,1,0,1,0,1,0,0,1,0,0,1,18.0,50.0
19420,40.49319,-3.68982,5,3.0,3.0,78.0,100.0,1,1.0,710,200,3545.0,57.198083,16.4,2.0,1,0,0,0,0,1,0,1,0,0,1,0,0,8,43.5,100.0
19421,40.36191,-3.5896,2,1.0,1.0,50.0,0.0,1,0.0,425,200,2382.0,49.659794,11.0,1.0,1,0,0,0,0,0,1,1,0,0,0,0,0,5,18.0,50.0
19422,40.41963,-3.70937,8,4.0,6.0,150.0,0.0,17,0.0,848,200,4503.0,68.043894,0.8,3.0,1,0,0,0,0,1,0,1,0,1,1,1,0,8,69.0,150.0
19423,40.42221,-3.70415,6,2.0,2.0,107.0,0.0,17,0.0,174,200,4503.0,68.043894,0.8,2.0,1,0,0,0,0,1,0,1,0,0,1,0,0,8,51.0,150.0
19424,40.34981,-3.70779,1,1.0,1.0,25.0,0.0,1,0.0,247,50,1696.0,37.641618,9.0,1.0,1,0,0,0,0,1,0,1,0,0,0,0,0,2,10.5,50.0
19425,40.42124,-3.70723,4,1.0,2.0,131.0,0.0,4,0.0,61,200,4503.0,68.043894,0.8,1.0,1,0,0,0,0,0,0,1,0,0,0,0,0,1,33.0,150.0
19426,40.41787,-3.70889,4,2.0,2.0,96.0,0.0,4,0.0,583,200,4503.0,68.043894,0.8,2.5,1,0,0,0,0,1,0,1,0,0,1,0,0,5,37.5,100.0
19427,40.44987,-3.69983,2,1.0,1.0,40.0,0.0,4,0.0,528,200,3476.0,60.621287,5.9,1.0,1,0,0,0,0,1,0,1,0,0,1,1,0,1,18.0,50.0
19428,40.45128,-3.69984,4,1.0,1.0,47.0,0.0,4,0.0,501,200,3476.0,60.621287,5.9,1.0,1,0,0,0,0,1,0,1,0,0,1,0,0,1,33.0,50.0
19429,40.40111,-3.67653,4,1.0,2.0,37.0,0.0,1,0.0,157,200,4220.0,63.672727,3.2,1.0,1,0,0,0,0,0,0,1,0,0,0,0,0,1,33.0,50.0
19430,40.38246,-3.69971,2,1.0,1.0,30.0,0.0,1,0.0,63,50,2316.0,43.910072,4.6,1.0,0,1,1,1,1,1,0,0,0,0,0,0,0,3,18.0,50.0
19431,40.42745,-3.709,4,1.0,3.0,111.0,0.0,33,0.0,561,200,4503.0,68.043894,0.8,1.0,1,0,0,0,0,1,0,1,0,0,1,0,0,1,33.0,150.0
19432,40.40608,-3.661,2,4.0,3.0,35.0,0.0,1,0.0,684,50,2547.0,45.581197,5.0,1.0,0,1,1,1,1,0,0,0,0,1,1,0,0,3,18.0,50.0
19433,40.41053,-3.71205,3,1.0,2.0,54.0,100.0,1,2.0,469,200,4503.0,68.043894,0.8,1.0,1,0,0,0,0,1,0,1,0,0,0,1,0,9,25.5,100.0
19434,40.43435,-3.64779,1,1.0,1.0,14.0,0.0,15,0.0,226,50,2893.0,50.090625,6.5,2.5,0,1,1,1,1,1,0,1,0,0,1,0,0,4,15.0,50.0
19435,40.42764,-3.70888,6,2.0,5.0,172.0,0.0,33,0.0,540,200,4503.0,68.043894,0.8,2.0,1,0,0,0,0,1,0,1,0,0,1,0,0,1,51.0,200.0
19436,40.4175,-3.67862,2,1.0,2.0,65.0,0.0,1,0.0,186,50,4220.0,63.672727,3.2,1.0,0,0,0,0,0,1,0,0,0,0,1,0,0,2,18.0,100.0
19437,40.42191,-3.70604,6,1.0,3.0,211.0,0.0,4,0.0,135,200,4503.0,68.043894,0.8,2.0,1,0,0,0,0,0,1,1,0,0,0,0,0,1,51.0,200.0
19438,40.42193,-3.70693,8,1.0,4.0,361.0,0.0,4,0.0,138,200,4503.0,68.043894,0.8,2.0,1,0,0,0,0,0,0,1,0,0,1,0,0,1,66.0,200.0
19439,40.39289,-3.67095,6,3.0,5.0,39.0,0.0,9,0.0,103,200,1890.0,41.443535,5.0,1.0,1,0,0,0,0,1,0,0,0,0,1,0,0,2,48.0,50.0
19440,40.42941,-3.70764,3,0.0,2.0,92.0,0.0,33,0.0,568,200,4503.0,68.043894,0.8,1.0,1,0,0,0,0,1,0,1,0,0,1,0,0,1,25.5,100.0
19441,40.39499,-3.67203,6,3.0,5.0,41.0,0.0,11,0.0,130,200,1890.0,41.443535,5.0,1.0,1,0,0,0,0,1,0,0,0,0,1,0,0,2,48.0,50.0
19442,40.42019,-3.6973,2,1.0,1.0,59.0,0.0,10,0.0,102,200,4503.0,68.043894,0.8,1.5,1,0,0,0,0,0,0,1,1,0,0,0,0,4,19.5,100.0
19443,40.41137,-3.7119,7,4.0,5.0,340.0,0.0,113,0.0,208,200,4503.0,68.043894,0.8,3.0,1,0,0,0,0,0,0,1,0,0,0,0,0,7,61.5,200.0
19444,40.42681,-3.66816,6,3.0,3.0,198.0,0.0,1,0.0,515,200,5328.0,74.694253,2.2,2.0,1,0,0,0,0,1,0,1,0,0,1,0,0,1,51.0,200.0
19446,40.34798,-3.68676,2,3.0,2.0,30.0,0.0,1,0.0,149,50,1696.0,37.641618,9.0,0.0,0,1,1,1,1,1,0,0,1,0,1,0,0,3,15.0,50.0
19447,40.41818,-3.70161,4,0.0,2.0,65.0,0.0,6,0.0,494,50,4503.0,68.043894,0.8,1.0,1,0,0,0,0,1,0,0,0,0,1,0,0,1,33.0,100.0
19448,40.40569,-3.59877,1,1.0,1.0,16.0,100.0,1,4.0,335,50,2246.0,55.472222,11.2,1.0,0,0,0,0,0,0,0,0,0,0,0,0,0,5,10.5,50.0
19452,40.42975,-3.68512,4,2.0,3.0,140.0,0.0,16,0.0,257,200,5328.0,74.694253,2.2,1.0,1,0,0,0,0,1,0,1,0,0,0,0,0,10,33.0,150.0
19453,40.43595,-3.64937,1,1.0,1.0,20.0,0.0,1,0.0,154,50,2893.0,50.090625,6.5,1.5,0,0,0,0,0,1,0,0,0,0,1,0,0,0,12.0,50.0
19454,40.41311,-3.70796,2,0.0,2.0,42.0,0.0,88,0.0,181,200,4503.0,68.043894,0.8,1.0,1,0,0,0,0,1,0,1,0,0,0,0,0,6,18.0,50.0
19455,40.35172,-3.6914,2,1.0,2.0,12.0,100.0,3,1.0,432,50,1696.0,37.641618,9.0,1.5,0,0,0,0,0,1,0,0,0,0,1,0,0,7,19.5,50.0
19456,40.42085,-3.7091,2,1.0,2.0,53.0,80.0,5,1.0,188,200,4503.0,68.043894,0.8,1.0,1,0,0,0,0,1,0,0,0,0,1,0,0,1,18.0,100.0
19457,40.41573,-3.70879,8,4.0,6.0,350.0,0.0,3,0.0,284,200,4503.0,68.043894,0.8,2.0,1,0,0,0,0,1,0,1,0,0,1,0,0,8,66.0,200.0
19458,40.35184,-3.69163,4,1.0,2.0,18.0,0.0,3,0.0,429,50,1696.0,37.641618,9.0,1.5,0,0,0,0,0,1,0,0,0,0,0,0,0,7,34.5,50.0
19459,40.43252,-3.67489,4,2.0,2.0,80.0,0.0,1,0.0,554,200,5328.0,74.694253,2.2,2.0,1,0,0,0,0,1,0,1,0,0,1,0,0,1,36.0,100.0
19460,40.42881,-3.70703,3,0.0,2.0,92.0,0.0,33,0.0,535,200,4503.0,68.043894,0.8,1.0,1,0,0,0,0,1,0,1,0,0,1,0,0,1,25.5,100.0
19461,40.35372,-3.69175,3,1.0,3.0,18.0,0.0,3,0.0,455,50,1696.0,37.641618,9.0,1.5,0,1,1,1,1,1,0,0,0,0,0,0,0,7,27.0,50.0
19462,40.42864,-3.70912,4,1.0,3.0,104.0,0.0,33,0.0,527,200,4503.0,68.043894,0.8,1.0,1,0,0,0,0,1,0,1,0,0,1,0,0,1,33.0,150.0
19463,40.42926,-3.70899,4,1.0,3.0,104.0,0.0,33,0.0,532,200,4503.0,68.043894,0.8,1.0,1,0,0,0,0,1,0,1,0,0,1,0,0,1,33.0,150.0
19464,40.43052,-3.68578,4,2.0,2.0,267.0,0.0,113,0.0,261,200,5328.0,74.694253,2.2,3.0,1,0,0,0,0,1,0,1,1,0,0,0,0,7,39.0,200.0
19465,40.43647,-3.68552,6,3.0,4.0,575.0,0.0,113,0.0,217,200,5328.0,74.694253,2.2,5.0,1,0,0,0,0,1,0,0,0,0,0,0,1,7,60.0,200.0
19466,40.41585,-3.7048,1,1.0,1.0,32.0,0.0,15,0.0,601,50,4503.0,68.043894,0.8,1.0,1,0,0,0,0,1,0,1,0,1,0,0,0,3,10.5,50.0
19467,40.46234,-3.69516,8,3.0,4.0,62.0,100.0,38,1.0,351,200,3476.0,60.621287,5.9,1.5,1,0,0,0,0,0,0,1,0,0,0,0,0,9,64.5,100.0
19468,40.42752,-3.70854,4,1.0,2.0,111.0,0.0,33,0.0,492,200,4503.0,68.043894,0.8,1.0,1,0,0,0,0,1,0,1,0,0,1,0,0,1,33.0,150.0
19469,40.39564,-3.66209,6,2.0,2.0,67.0,0.0,1,0.0,109,200,1890.0,41.443535,5.0,1.0,1,0,0,0,0,1,0,0,0,0,0,0,0,1,48.0,100.0
19470,40.41887,-3.70219,4,0.0,2.0,74.0,0.0,6,0.0,451,50,4503.0,68.043894,0.8,1.0,1,0,0,0,0,1,0,0,0,0,1,0,0,1,33.0,100.0
19472,40.42155,-3.70262,2,0.0,1.0,29.0,0.0,1,0.0,109,200,4503.0,68.043894,0.8,1.0,1,1,1,1,1,0,0,0,0,0,0,0,0,5,18.0,50.0
19473,40.43087,-3.67345,2,1.0,1.0,24.0,0.0,1,0.0,203,50,5328.0,74.694253,2.2,1.0,1,1,1,1,1,1,0,0,1,0,0,0,0,6,18.0,50.0
19474,40.41531,-3.69932,4,2.0,3.0,89.0,0.0,67,0.0,468,200,4503.0,68.043894,0.8,2.0,1,0,0,0,0,1,0,1,0,0,1,1,0,7,36.0,100.0
19475,40.42749,-3.70278,8,2.0,4.0,99.0,0.0,1,0.0,673,200,4503.0,68.043894,0.8,2.0,1,0,0,0,0,1,0,1,0,0,1,0,0,3,66.0,100.0
19476,40.42748,-3.70741,4,1.0,2.0,111.0,0.0,33,0.0,525,200,4503.0,68.043894,0.8,1.0,1,0,0,0,0,1,0,1,0,0,1,0,0,1,33.0,150.0
19477,40.42051,-3.71105,2,1.0,2.0,53.0,0.0,5,0.0,151,200,4503.0,68.043894,0.8,1.0,1,0,0,0,0,1,0,0,0,0,0,0,0,1,18.0,100.0
19478,40.42062,-3.71118,2,1.0,2.0,50.0,0.0,5,0.0,151,200,4503.0,68.043894,0.8,1.0,1,0,0,0,0,1,0,0,0,0,0,0,0,1,18.0,50.0
19480,40.4134,-3.70814,2,1.0,1.0,44.0,0.0,88,0.0,181,200,4503.0,68.043894,0.8,1.0,1,0,0,0,0,1,0,1,0,0,0,0,0,6,18.0,50.0
19481,40.4127,-3.70675,2,0.0,1.0,43.0,0.0,88,0.0,206,200,4503.0,68.043894,0.8,1.0,1,0,0,0,0,1,0,1,0,0,0,0,0,6,18.0,50.0
19482,40.41248,-3.7068,3,1.0,1.0,62.0,0.0,88,0.0,181,200,4503.0,68.043894,0.8,1.0,1,0,0,0,0,1,0,1,0,0,0,0,0,6,25.5,100.0
19483,40.39304,-3.67144,5,3.0,4.0,20.0,0.0,1,0.0,383,50,1890.0,41.443535,5.0,2.0,0,0,0,0,0,1,0,0,0,0,1,0,0,3,43.5,50.0
19485,40.42164,-3.7123,2,0.0,1.0,49.0,0.0,17,0.0,194,200,4503.0,68.043894,0.8,1.0,1,0,0,0,0,1,0,1,0,0,1,0,0,8,18.0,50.0
19486,40.41572,-3.67174,1,1.0,2.0,30.0,0.0,2,0.0,268,50,4220.0,63.672727,3.2,1.0,1,0,0,0,0,1,0,1,0,0,1,0,0,8,10.5,50.0
19487,40.39981,-3.68605,1,1.0,2.0,90.0,0.0,1,0.0,318,200,3917.0,55.025641,1.9,1.0,1,1,1,1,1,1,1,1,0,0,1,0,0,1,10.5,100.0
19488,40.41837,-3.70386,4,0.0,2.0,68.0,0.0,6,0.0,451,50,4503.0,68.043894,0.8,1.0,1,0,0,0,0,1,0,0,0,0,1,0,0,1,33.0,100.0
19490,40.41692,-3.70316,4,1.0,2.0,54.0,0.0,6,0.0,451,50,4503.0,68.043894,0.8,1.0,1,0,0,0,0,1,0,0,0,0,1,0,0,1,33.0,100.0
19491,40.41913,-3.70173,4,1.0,2.0,60.0,90.0,6,2.0,451,50,4503.0,68.043894,0.8,1.0,1,0,0,0,0,1,0,0,0,0,1,0,0,1,33.0,100.0
19492,40.4139,-3.70163,1,1.0,1.0,21.0,0.0,13,0.0,192,50,4503.0,68.043894,0.8,1.0,0,0,0,0,0,1,0,0,0,0,1,0,0,2,10.5,50.0
19493,40.46816,-3.68873,2,1.0,1.0,25.0,100.0,1,1.0,222,50,3476.0,60.621287,5.9,1.0,0,0,0,0,0,1,0,0,1,0,0,0,0,7,18.0,50.0
19494,40.42207,-3.6993,4,1.0,1.0,44.0,100.0,2,1.0,453,200,4503.0,68.043894,0.8,1.0,1,0,0,0,0,1,0,1,0,0,0,0,0,10,33.0,50.0
19495,40.42121,-3.70502,2,1.0,2.0,14.0,0.0,38,0.0,202,50,4503.0,68.043894,0.8,4.0,0,0,0,0,0,1,0,0,0,0,1,0,0,3,27.0,50.0
19496,40.45385,-3.70882,2,1.0,1.0,45.0,0.0,1,0.0,412,200,3476.0,60.621287,5.9,1.0,1,0,0,0,0,1,0,1,0,0,1,1,0,3,18.0,50.0
19497,40.38931,-3.70128,2,1.0,1.0,120.0,0.0,3,0.0,869,200,2316.0,43.910072,4.6,1.0,1,0,0,0,0,0,0,0,0,0,0,1,1,1,18.0,150.0
19498,40.41294,-3.70554,6,3.0,1.0,174.0,0.0,67,0.0,586,200,4503.0,68.043894,0.8,2.5,1,0,0,0,0,1,0,0,0,0,1,1,0,7,52.5,200.0
19499,40.42059,-3.70338,2,0.0,1.0,37.0,100.0,1,1.0,212,200,4503.0,68.043894,0.8,1.0,1,0,0,0,0,1,0,1,1,0,0,0,0,8,18.0,50.0
19500,40.4308,-3.65934,3,2.0,2.0,70.0,100.0,1,1.0,322,200,2893.0,50.090625,6.5,2.0,1,1,1,1,1,1,0,1,0,0,1,0,0,3,28.5,100.0
19501,40.42035,-3.70963,2,1.0,2.0,47.0,90.0,5,2.0,180,200,4503.0,68.043894,0.8,1.0,1,0,0,0,0,1,0,0,0,0,0,0,0,1,18.0,50.0
19502,40.42875,-3.7062,1,1.0,1.0,12.0,0.0,3,0.0,129,50,4503.0,68.043894,0.8,1.5,0,1,1,1,1,1,0,0,0,0,0,0,0,1,12.0,50.0
19503,40.41573,-3.67228,1,1.0,2.0,28.0,0.0,2,0.0,270,50,4220.0,63.672727,3.2,1.0,0,0,0,0,0,1,0,1,0,0,1,0,0,8,10.5,50.0
19504,40.41406,-3.7025,6,2.0,4.0,45.0,0.0,27,0.0,258,200,4503.0,68.043894,0.8,1.0,1,0,0,0,0,1,0,1,0,0,1,0,0,2,48.0,50.0
19505,40.39699,-3.73214,1,1.0,1.0,25.0,0.0,1,0.0,502,50,2195.0,47.402837,6.6,1.0,0,0,0,0,0,1,0,1,0,0,1,0,0,2,10.5,50.0
19506,40.37909,-3.70499,2,2.0,2.0,14.0,0.0,1,0.0,64,50,2316.0,43.910072,4.6,1.0,0,1,1,1,1,1,0,0,0,0,0,0,0,4,18.0,50.0
19507,40.42853,-3.70826,2,1.0,1.0,20.0,0.0,3,0.0,174,50,4503.0,68.043894,0.8,0.0,0,1,1,1,1,1,0,0,0,0,1,0,0,1,15.0,50.0
19508,40.42937,-3.70454,1,1.0,1.0,15.0,0.0,5,0.0,181,50,4503.0,68.043894,0.8,1.5,0,1,1,1,1,1,0,0,1,0,1,0,0,2,12.0,50.0
19509,40.42214,-3.70454,4,1.0,3.0,75.0,0.0,1,0.0,297,50,4503.0,68.043894,0.8,1.0,0,0,0,0,0,1,0,1,0,0,0,0,0,1,33.0,100.0
19510,40.4521,-3.69965,2,1.0,1.0,41.0,0.0,3,0.0,234,200,3476.0,60.621287,5.9,1.0,1,0,0,0,0,1,0,1,0,0,1,0,0,7,18.0,50.0
19511,40.3689,-3.71698,2,1.0,1.0,20.0,0.0,1,0.0,102,50,2316.0,43.910072,4.6,1.5,0,1,1,1,1,1,0,0,1,0,0,0,0,5,19.5,50.0
19512,40.39264,-3.70619,2,1.0,2.0,24.0,0.0,1,0.0,67,50,2316.0,43.910072,4.6,1.0,0,0,0,0,0,1,0,0,0,0,0,0,0,6,18.0,50.0
19513,40.40682,-3.69936,1,3.0,1.0,18.0,0.0,3,0.0,203,50,4503.0,68.043894,0.8,1.0,0,1,1,1,1,1,0,1,0,0,0,0,0,11,10.5,50.0
19514,40.37166,-3.74824,4,2.0,3.0,57.0,0.0,1,0.0,247,200,2195.0,47.402837,6.6,2.0,1,0,0,0,0,1,0,1,0,0,1,0,0,4,36.0,100.0
19515,40.38628,-3.66877,2,1.0,1.0,44.0,0.0,1,0.0,145,50,1890.0,41.443535,5.0,1.0,1,1,1,1,1,1,0,0,0,0,0,0,0,1,18.0,50.0
19516,40.46536,-3.62961,1,1.0,2.0,20.0,0.0,1,0.0,216,50,3312.0,62.061453,9.2,1.0,0,0,0,0,0,1,0,1,0,0,1,0,0,1,10.5,50.0
19517,40.40871,-3.7486,2,1.0,3.0,16.0,0.0,4,0.0,447,50,3555.0,63.451906,5.9,1.0,1,0,0,0,0,1,0,0,1,1,1,0,0,4,18.0,50.0
19518,40.45264,-3.70506,1,1.0,1.0,30.0,0.0,1,0.0,203,50,3476.0,60.621287,5.9,1.0,0,1,1,1,1,1,0,1,0,0,1,0,0,3,10.5,50.0
19519,40.45955,-3.6957,2,1.0,1.0,60.0,0.0,69,0.0,133,200,3476.0,60.621287,5.9,1.0,1,0,0,0,0,1,0,1,0,0,0,0,0,3,18.0,100.0
19520,40.42145,-3.70827,8,4.0,4.0,217.0,0.0,17,0.0,234,200,4503.0,68.043894,0.8,4.0,1,0,0,0,0,1,0,1,0,0,1,0,0,8,72.0,200.0
19521,40.42534,-3.69773,2,1.0,1.0,48.0,0.0,17,0.0,264,50,4503.0,68.043894,0.8,1.0,1,0,0,0,0,1,0,1,0,0,1,0,0,8,18.0,50.0
19522,40.425,-3.69774,2,1.0,2.0,40.0,0.0,17,0.0,232,50,4503.0,68.043894,0.8,1.0,1,0,0,0,0,1,0,1,0,0,1,0,0,8,18.0,50.0
19523,40.50538,-3.65752,2,1.0,1.0,100.0,0.0,1,0.0,226,200,3312.0,62.061453,9.2,1.0,1,0,0,0,0,0,0,1,0,0,1,0,0,1,18.0,100.0
19524,40.40268,-3.68898,2,1.0,1.0,60.0,0.0,10,0.0,211,200,3917.0,55.025641,1.9,1.0,1,0,0,0,0,1,0,1,0,0,0,0,0,9,18.0,100.0
19525,40.41255,-3.70731,3,1.0,1.0,58.0,0.0,88,0.0,199,200,4503.0,68.043894,0.8,1.0,1,0,0,0,0,1,0,1,0,0,0,0,0,6,25.5,100.0
19526,40.34301,-3.71599,1,1.0,2.0,10.0,0.0,1,0.0,402,50,1696.0,37.641618,9.0,1.0,0,0,0,0,0,1,0,1,0,1,1,0,0,1,10.5,50.0
19527,40.43041,-3.66513,1,1.0,1.0,14.0,0.0,2,0.0,145,50,5328.0,74.694253,2.2,1.5,0,1,1,1,1,1,0,0,0,0,0,0,0,1,12.0,50.0
19528,40.40794,-3.70866,4,1.0,2.0,29.0,0.0,9,0.0,512,200,4503.0,68.043894,0.8,1.0,1,0,0,0,0,1,0,1,0,0,1,0,0,8,33.0,50.0
19529,40.40974,-3.69781,5,2.0,4.0,59.0,0.0,27,0.0,168,200,4503.0,68.043894,0.8,1.0,1,0,0,0,0,1,0,0,0,0,1,0,0,2,40.5,100.0
19530,40.40902,-3.70932,6,3.0,5.0,108.0,0.0,20,0.0,165,200,4503.0,68.043894,0.8,2.0,1,0,0,0,0,1,0,1,0,0,0,0,0,9,51.0,150.0
19531,40.39792,-3.73236,4,1.0,1.0,35.0,1.0,3,1.0,233,200,2195.0,47.402837,6.6,1.0,1,1,1,1,1,1,1,1,1,1,1,1,1,1,33.0,50.0
19532,40.42252,-3.68986,4,0.0,2.0,70.0,100.0,8,1.0,329,200,5328.0,74.694253,2.2,1.0,1,0,0,0,0,1,0,1,0,0,1,0,0,4,33.0,100.0
19533,40.43777,-3.70951,1,1.0,1.0,18.0,0.0,8,0.0,339,50,4855.0,64.056634,2.4,2.0,0,1,0,0,0,1,0,0,0,0,1,0,0,4,13.5,50.0
19534,40.42516,-3.70341,2,1.0,1.0,40.0,0.0,1,0.0,117,200,4503.0,68.043894,0.8,1.0,1,0,0,0,0,1,0,1,0,0,0,0,0,1,18.0,50.0
19535,40.43896,-3.70513,1,1.0,1.0,20.0,0.0,8,0.0,335,50,4855.0,64.056634,2.4,3.0,0,1,0,0,0,1,0,0,0,0,1,0,0,4,16.5,50.0
19536,40.38753,-3.70084,2,1.0,1.0,105.0,0.0,3,0.0,660,200,2316.0,43.910072,4.6,1.0,1,0,0,0,0,1,0,1,0,0,0,1,1,1,18.0,150.0
19537,40.41537,-3.70409,6,3.0,3.0,183.0,0.0,2,0.0,217,200,4503.0,68.043894,0.8,4.0,1,0,0,0,0,1,0,1,0,0,1,0,0,2,57.0,200.0
19538,40.41944,-3.68014,6,3.0,4.0,306.0,0.0,15,0.0,207,200,4220.0,63.672727,3.2,2.5,1,0,0,0,0,1,0,1,1,0,1,0,0,6,52.5,200.0
19540,40.42675,-3.6992,1,1.0,2.0,13.0,0.0,1,0.0,238,50,4503.0,68.043894,0.8,2.0,0,0,0,0,0,1,0,0,1,0,1,0,0,5,13.5,50.0
19541,40.41176,-3.72789,2,1.0,1.0,20.0,0.0,1,0.0,343,50,2287.0,47.008319,4.7,1.0,0,0,0,0,0,1,0,1,0,0,0,0,0,6,18.0,50.0
19542,40.419,-3.67567,1,1.0,1.0,23.0,0.0,1,0.0,151,50,4220.0,63.672727,3.2,1.0,0,0,0,0,0,1,0,0,0,0,0,0,0,1,10.5,50.0
19543,40.40722,-3.74191,2,1.0,2.0,11.0,0.0,2,0.0,170,50,2287.0,47.008319,4.7,1.0,0,0,0,0,0,1,0,0,0,0,1,0,0,0,18.0,50.0
19544,40.40889,-3.69862,4,1.0,2.0,58.0,0.0,25,0.0,213,200,4503.0,68.043894,0.8,1.0,1,0,0,0,0,1,0,1,1,0,1,0,0,3,33.0,100.0
19545,40.44774,-3.68824,5,3.0,3.0,250.0,0.0,23,0.0,218,200,4508.0,67.220486,5.8,3.0,1,0,0,0,0,0,0,1,0,0,0,0,0,10,46.5,200.0
19546,40.42301,-3.65196,2,1.0,1.0,19.0,0.0,1,0.0,564,50,2893.0,50.090625,6.5,1.0,0,0,0,0,0,1,0,1,1,0,0,0,0,5,18.0,50.0
19547,40.4125,-3.7077,1,0.0,1.0,40.0,0.0,88,0.0,252,200,4503.0,68.043894,0.8,1.0,1,0,0,0,0,1,0,1,0,1,0,0,0,6,10.5,50.0
19548,40.41209,-3.69341,4,2.0,3.0,76.0,0.0,16,0.0,141,200,4503.0,68.043894,0.8,1.0,1,0,0,0,0,1,0,1,0,0,0,0,0,2,33.0,100.0
19549,40.41295,-3.70813,2,0.0,1.0,40.0,0.0,88,0.0,180,200,4503.0,68.043894,0.8,1.0,1,0,0,0,0,1,0,1,0,0,0,0,0,6,18.0,50.0
19551,40.40443,-3.67471,4,2.0,3.0,99.0,0.0,67,0.0,525,200,4220.0,63.672727,3.2,1.0,1,0,0,0,0,1,0,1,0,0,1,1,0,7,33.0,100.0
19552,40.45236,-3.71009,2,1.0,1.0,11.0,1.0,3,1.0,165,50,3476.0,60.621287,5.9,1.0,1,1,1,1,1,1,1,1,1,1,1,1,1,2,18.0,50.0
19553,40.42365,-3.70461,2,1.0,2.0,35.0,0.0,18,0.0,226,50,4503.0,68.043894,0.8,1.0,1,0,0,0,0,1,0,1,0,0,1,0,0,10,18.0,50.0
19554,40.41042,-3.71065,2,1.0,1.0,68.0,0.0,7,0.0,212,200,4503.0,68.043894,0.8,1.0,1,0,0,0,0,1,0,1,0,0,1,0,0,7,18.0,100.0
19555,40.45739,-3.66996,1,1.0,2.0,15.0,0.0,1,0.0,135,50,4508.0,67.220486,5.8,1.5,0,0,0,0,0,1,0,0,1,0,1,0,0,6,12.0,50.0
19556,40.40774,-3.69941,3,1.0,2.0,39.0,0.0,9,0.0,439,200,4503.0,68.043894,0.8,1.0,1,0,0,0,0,1,0,1,0,1,1,0,0,8,25.5,50.0
19557,40.42559,-3.69625,2,1.0,1.0,42.0,0.0,13,0.0,185,200,4503.0,68.043894,0.8,1.0,1,0,0,0,0,1,0,1,0,0,1,0,0,7,18.0,50.0
19558,40.43562,-3.70427,4,1.0,3.0,30.0,0.0,1,0.0,192,200,4855.0,64.056634,2.4,1.0,1,0,0,0,0,1,0,0,0,0,0,0,0,1,33.0,50.0
19559,40.4092,-3.71005,5,2.0,2.0,49.0,0.0,1,0.0,151,200,4503.0,68.043894,0.8,1.0,1,0,0,0,0,1,0,1,0,0,0,0,0,1,40.5,50.0
19560,40.35071,-3.68101,6,2.0,4.0,80.0,0.0,1,0.0,465,200,1696.0,37.641618,9.0,1.0,1,0,0,0,0,1,0,1,0,0,1,0,0,4,48.0,100.0
19561,40.42278,-3.68864,2,1.0,2.0,50.0,0.0,12,0.0,630,200,5328.0,74.694253,2.2,1.0,1,0,0,0,0,1,0,1,1,0,1,1,0,9,18.0,50.0
19562,40.41619,-3.6991,4,1.0,2.0,89.0,0.0,163,0.0,276,200,4503.0,68.043894,0.8,1.0,1,0,0,0,0,1,0,1,1,1,0,0,0,2,33.0,100.0
19563,40.41424,-3.69869,8,2.0,5.0,115.0,0.0,163,0.0,274,200,4503.0,68.043894,0.8,2.0,1,0,0,0,0,1,0,1,1,1,0,0,0,2,66.0,150.0
19564,40.41634,-3.70007,5,1.0,3.0,102.0,0.0,163,0.0,287,200,4503.0,68.043894,0.8,1.0,1,0,0,0,0,1,0,1,1,1,0,0,0,2,40.5,150.0
19565,40.40794,-3.708,1,0.0,1.0,32.0,0.0,7,0.0,489,200,4503.0,68.043894,0.8,1.0,1,0,0,0,0,1,0,1,0,0,0,0,0,9,10.5,50.0
19566,40.42329,-3.68287,6,3.0,3.0,86.0,0.0,1,0.0,672,200,5328.0,74.694253,2.2,2.0,1,0,0,0,0,1,0,1,0,0,1,1,0,1,51.0,100.0
19567,40.41997,-3.70215,2,1.0,1.0,95.0,0.0,1,0.0,188,200,4503.0,68.043894,0.8,1.0,1,0,0,0,0,1,0,1,0,0,1,0,0,7,18.0,100.0
19568,40.43019,-3.69913,2,0.0,1.0,50.0,0.0,2,0.0,404,200,4855.0,64.056634,2.4,1.0,1,0,0,0,0,1,0,0,1,1,0,0,0,7,18.0,50.0
19569,40.41672,-3.70222,4,2.0,3.0,45.0,0.0,3,0.0,649,200,4503.0,68.043894,0.8,1.0,1,0,0,0,0,1,0,0,0,0,1,0,0,2,33.0,50.0
19570,40.39651,-3.7342,4,1.0,3.0,33.0,0.0,3,0.0,233,200,2195.0,47.402837,6.6,1.5,1,0,0,0,0,1,0,0,0,0,1,0,0,1,34.5,50.0
19571,40.41147,-3.6942,2,1.0,1.0,90.0,0.0,1,0.0,178,200,4503.0,68.043894,0.8,1.0,1,0,0,0,0,1,0,1,0,0,1,0,0,4,18.0,100.0
19572,40.43665,-3.70294,1,1.0,1.0,23.0,0.0,1,0.0,188,200,4855.0,64.056634,2.4,1.0,1,0,0,0,0,0,1,1,0,0,1,0,0,4,10.5,50.0
19573,40.41353,-3.70615,9,5.0,6.0,230.0,0.0,163,0.0,256,200,4503.0,68.043894,0.8,2.0,1,0,0,0,0,1,0,1,1,0,0,0,0,2,73.5,200.0
19574,40.42086,-3.71215,4,2.0,2.0,91.0,0.0,163,0.0,264,200,4503.0,68.043894,0.8,1.0,1,0,0,0,0,1,0,0,0,1,0,0,0,2,33.0,100.0
19575,40.40843,-3.70178,8,3.0,6.0,120.0,0.0,163,0.0,248,200,4503.0,68.043894,0.8,2.0,1,0,0,0,0,1,0,1,1,0,0,0,0,2,66.0,150.0
19576,40.42979,-3.71024,2,0.0,1.0,26.0,0.0,6,0.0,418,200,4503.0,68.043894,0.8,1.0,1,0,0,0,0,1,0,1,0,0,1,0,0,6,18.0,50.0
19577,40.43085,-3.71017,2,0.0,1.0,26.0,0.0,6,0.0,361,200,4855.0,64.056634,2.4,1.0,1,0,0,0,0,1,0,1,0,0,1,0,0,6,18.0,50.0
19578,40.40997,-3.70779,6,3.0,3.0,150.0,0.0,163,0.0,256,200,4503.0,68.043894,0.8,2.0,1,0,0,0,0,1,0,1,1,0,0,0,0,2,51.0,150.0
19579,40.41007,-3.70781,10,4.0,6.0,187.0,0.0,163,0.0,236,200,4503.0,68.043894,0.8,2.0,1,0,0,0,0,1,0,0,1,0,0,0,0,2,81.0,200.0
19580,40.41116,-3.70905,8,3.0,5.0,171.0,0.0,163,0.0,140,200,4503.0,68.043894,0.8,1.0,1,0,0,0,0,1,0,1,1,0,0,0,0,2,63.0,200.0
19581,40.42585,-3.69924,2,1.0,2.0,29.0,0.0,1,0.0,259,50,4503.0,68.043894,0.8,1.0,1,0,0,0,0,1,0,1,0,0,1,0,0,3,18.0,50.0
19582,40.41992,-3.70914,6,2.0,4.0,47.0,0.0,6,0.0,399,200,4503.0,68.043894,0.8,1.0,1,0,0,0,0,0,0,1,1,0,0,0,0,1,48.0,50.0
19583,40.40568,-3.73914,2,1.0,1.0,22.0,0.0,1,0.0,584,50,2287.0,47.008319,4.7,1.0,0,0,0,0,0,1,0,0,1,1,0,0,0,5,18.0,50.0
19584,40.41965,-3.70811,6,2.0,2.0,76.0,0.0,3,0.0,232,200,4503.0,68.043894,0.8,1.5,1,0,0,0,0,1,0,1,0,0,1,0,0,5,49.5,100.0
19585,40.43026,-3.66659,1,1.0,1.0,18.0,1.0,2,1.0,109,50,5328.0,74.694253,2.2,2.0,1,1,1,1,1,1,1,1,1,1,1,1,1,1,13.5,50.0
19586,40.4225,-3.6643,1,1.0,1.0,19.0,0.0,4,0.0,222,50,5328.0,74.694253,2.2,2.5,0,0,0,0,0,1,0,1,0,0,1,0,0,9,15.0,50.0
19587,40.44004,-3.69903,6,2.0,3.0,60.0,0.0,2,0.0,284,200,4855.0,64.056634,2.4,2.5,1,0,0,0,0,1,0,1,0,0,1,0,0,6,52.5,100.0
19588,40.39503,-3.66625,6,3.0,3.0,51.0,0.0,9,0.0,162,200,1890.0,41.443535,5.0,1.0,1,0,0,0,0,1,0,0,0,0,1,0,0,8,48.0,100.0
19589,40.41569,-3.7055,10,4.0,4.0,128.0,0.0,2,0.0,183,200,4503.0,68.043894,0.8,1.0,1,1,1,1,1,1,0,1,0,0,0,0,0,1,78.0,150.0
19590,40.44046,-3.70867,3,1.0,2.0,35.0,0.0,9,0.0,103,200,4855.0,64.056634,2.4,1.0,1,0,0,0,0,1,0,0,0,0,1,0,0,2,25.5,50.0
19591,40.40878,-3.69667,2,1.0,1.0,70.0,0.0,1,0.0,128,200,4503.0,68.043894,0.8,1.0,1,1,1,1,1,1,0,0,0,0,0,0,0,8,18.0,100.0
19592,40.43187,-3.70067,3,2.0,2.0,70.0,0.0,1,0.0,751,200,4855.0,64.056634,2.4,2.5,1,0,0,0,0,1,0,1,1,1,1,1,0,7,30.0,100.0
19593,40.45424,-3.70463,4,1.0,4.0,40.0,0.0,1,0.0,142,200,3476.0,60.621287,5.9,1.0,1,0,0,0,0,0,0,0,0,0,1,0,0,1,33.0,50.0
19594,40.41509,-3.70593,4,3.0,4.0,26.0,0.0,2,0.0,183,50,4503.0,68.043894,0.8,1.0,0,1,1,1,1,1,0,1,0,0,0,0,0,1,33.0,50.0
19595,40.458,-3.69937,2,0.0,2.0,20.0,0.0,1,0.0,142,50,3476.0,60.621287,5.9,1.0,0,1,1,1,1,1,0,1,0,0,0,0,0,6,18.0,50.0
19596,40.4407,-3.70861,4,1.0,3.0,40.0,0.0,35,0.0,146,200,4855.0,64.056634,2.4,1.0,1,0,0,0,0,1,0,0,0,0,1,0,0,2,33.0,50.0
19597,40.39587,-3.77312,1,1.0,1.0,25.0,0.0,2,0.0,84,50,2287.0,47.008319,4.7,1.0,0,0,0,0,0,1,0,0,0,0,0,0,0,4,10.5,50.0
19598,40.42273,-3.70247,2,1.0,2.0,15.0,0.0,38,0.0,218,50,4503.0,68.043894,0.8,4.0,0,0,0,0,0,1,0,0,1,0,1,0,0,3,27.0,50.0
19599,40.40445,-3.68747,4,2.0,2.0,49.0,0.0,1,0.0,381,200,3917.0,55.025641,1.9,1.0,1,0,0,0,0,1,0,0,1,0,0,0,0,5,33.0,50.0
19600,40.45264,-3.698,1,1.0,1.0,25.0,0.0,3,0.0,183,200,3476.0,60.621287,5.9,1.0,1,0,0,0,0,1,0,0,0,0,1,0,0,7,10.5,50.0
19601,40.42829,-3.73383,2,1.0,2.0,16.0,0.0,1,0.0,154,50,3555.0,63.451906,5.9,1.0,0,0,0,0,0,1,0,0,0,0,0,0,0,7,18.0,50.0
19602,40.42979,-3.67755,2,1.0,1.0,100.0,0.0,92,0.0,117,200,5328.0,74.694253,2.2,1.0,1,0,0,0,0,1,0,1,0,0,0,0,0,7,18.0,100.0
19603,40.4189,-3.70626,4,1.0,1.0,47.0,0.0,6,0.0,333,200,4503.0,68.043894,0.8,1.0,1,0,0,0,0,1,0,1,1,0,1,0,0,1,33.0,50.0
19604,40.46203,-3.70034,4,2.0,2.0,96.0,0.0,33,0.0,467,200,3476.0,60.621287,5.9,1.0,1,0,0,0,0,1,0,1,0,0,1,0,0,1,33.0,100.0
19605,40.42185,-3.70836,1,1.0,2.0,29.0,0.0,1,0.0,272,50,4503.0,68.043894,0.8,1.0,0,0,0,0,0,1,0,0,0,1,0,0,0,3,10.5,50.0
19606,40.37898,-3.75496,1,1.0,2.0,18.0,0.0,2,0.0,173,50,2195.0,47.402837,6.6,1.5,0,0,0,0,0,1,0,0,0,0,0,0,0,7,12.0,50.0
19607,40.42049,-3.70261,2,1.0,1.0,18.0,0.0,38,0.0,218,50,4503.0,68.043894,0.8,4.0,0,0,0,0,0,1,0,0,1,0,1,0,0,3,27.0,50.0
19608,40.42108,-3.70179,2,1.0,1.0,38.0,0.0,4,0.0,141,50,4503.0,68.043894,0.8,1.5,0,0,0,0,0,1,0,1,0,0,0,0,0,3,19.5,50.0
19609,40.46359,-3.70091,4,2.0,3.0,96.0,0.0,33,0.0,507,200,3476.0,60.621287,5.9,1.0,1,0,0,0,0,1,0,1,0,0,1,0,0,1,33.0,100.0
19610,40.41265,-3.72888,2,1.0,1.0,14.0,0.0,2,0.0,384,50,2287.0,47.008319,4.7,1.5,1,0,0,0,0,1,0,1,0,1,1,0,0,8,19.5,50.0
19611,40.41965,-3.70811,5,2.0,3.0,85.0,0.0,3,0.0,233,200,4503.0,68.043894,0.8,1.0,1,0,0,0,0,1,0,1,0,0,1,0,0,5,40.5,100.0
19612,40.41271,-3.73336,2,2.0,2.0,40.0,0.0,10,0.0,152,200,2287.0,47.008319,4.7,1.0,1,0,0,0,0,1,0,1,0,0,1,0,0,2,18.0,50.0
19613,40.40756,-3.69937,1,1.0,1.0,23.0,0.0,8,0.0,229,50,4503.0,68.043894,0.8,2.0,0,1,0,0,0,1,0,0,0,0,1,0,0,4,13.5,50.0
19614,40.43706,-3.71364,1,1.0,1.0,21.0,0.0,8,0.0,136,50,4855.0,64.056634,2.4,3.5,0,1,0,0,0,1,0,1,0,0,1,0,0,4,18.0,50.0
19615,40.43857,-3.70715,1,1.0,1.0,22.0,0.0,8,0.0,327,50,4855.0,64.056634,2.4,3.0,1,1,0,0,0,1,0,0,0,0,1,0,0,4,16.5,50.0
19616,40.43027,-3.66759,1,1.0,1.0,19.0,0.0,8,0.0,306,50,5328.0,74.694253,2.2,3.0,0,1,0,0,0,1,0,0,0,0,1,0,0,4,16.5,50.0
19617,40.43484,-3.70667,1,1.0,2.0,20.0,0.0,8,0.0,116,50,4855.0,64.056634,2.4,3.0,0,1,0,0,0,1,0,0,0,0,1,0,0,4,16.5,50.0
